,location_id,product_id,year,export_value,import_value,hs_eci,hs_coi,location_code,hs_product_code
4920,189,5000,2001,0.0,4.195577231405354e-08,0.45280200000000004,2.469852,SCG,010111
11446,189,5001,2001,1.6648076109125704e-06,6.015972995926276e-08,0.45280200000000004,2.469852,SCG,010119
17972,189,5002,2001,0.0,0.0,0.45280200000000004,2.469852,SCG,010120
24498,189,5003,2001,9.80052087338695e-09,7.976538405732804e-07,0.45280200000000004,2.469852,SCG,010210
31024,189,5004,2001,3.382408516511027e-08,4.636369866996113e-07,0.45280200000000004,2.469852,SCG,010290
37550,189,5005,2001,1.3933643046236418e-09,1.3544009634437415e-08,0.45280200000000004,2.469852,SCG,010310
44076,189,5006,2001,0.0,0.0,0.45280200000000004,2.469852,SCG,010391
50602,189,5007,2001,0.0,0.0,0.45280200000000004,2.469852,SCG,010392
57128,189,5008,2001,9.078989683889583e-10,1.168699052317465e-08,0.45280200000000004,2.469852,SCG,010410
63654,189,5009,2001,0.0,8.19302381410236e-09,0.45280200000000004,2.469852,SCG,010420
70180,189,5010,2001,7.354314984693295e-08,4.4458886919782773e-07,0.45280200000000004,2.469852,SCG,010511
76706,189,5011,2001,1.1072973399510194e-09,1.8672603910303917e-08,0.45280200000000004,2.469852,SCG,010519
83232,189,5012,2001,1.4676659561788115e-07,1.3040231471110733e-07,0.45280200000000004,2.469852,SCG,010591
89758,189,5013,2001,0.0,0.0,0.45280200000000004,2.469852,SCG,010599
96284,189,5014,2001,7.562774163716915e-08,1.1479811753506553e-07,0.45280200000000004,2.469852,SCG,010600
102810,189,5015,2001,1.9808016044307164e-07,0.0,0.45280200000000004,2.469852,SCG,020110
109336,189,5016,2001,4.0858241518260526e-07,1.5555208063988295e-06,0.45280200000000004,2.469852,SCG,020120
115862,189,5017,2001,1.652279150615473e-08,3.158125647954577e-08,0.45280200000000004,2.469852,SCG,020130
122388,189,5018,2001,0.0,7.62892484437735e-09,0.45280200000000004,2.469852,SCG,020210
128914,189,5019,2001,1.7509480104644198e-09,1.6970993733767388e-07,0.45280200000000004,2.469852,SCG,020220
135440,189,5020,2001,2.7219998977493257e-08,4.0412355109461634e-07,0.45280200000000004,2.469852,SCG,020230
141966,189,5021,2001,2.477964170364937e-08,5.953620505224533e-07,0.45280200000000004,2.469852,SCG,020311
148492,189,5022,2001,0.0,7.106960952220579e-07,0.45280200000000004,2.469852,SCG,020312
155018,189,5023,2001,1.1529650217054306e-08,1.5844724734390108e-06,0.45280200000000004,2.469852,SCG,020319
161544,189,5024,2001,2.189230479750451e-08,5.8813449104372643e-08,0.45280200000000004,2.469852,SCG,020321
168070,189,5025,2001,3.1882526857210383e-09,8.078579998446632e-08,0.45280200000000004,2.469852,SCG,020322
174596,189,5026,2001,1.221011988778775e-07,7.644654654661222e-07,0.45280200000000004,2.469852,SCG,020329
181122,189,5027,2001,0.0,5.009278395078602e-09,0.45280200000000004,2.469852,SCG,020410
187648,189,5028,2001,0.0,0.0,0.45280200000000004,2.469852,SCG,020421
194174,189,5029,2001,0.0,1.3509209169207611e-09,0.45280200000000004,2.469852,SCG,020422
200700,189,5030,2001,4.226457580814687e-09,0.0,0.45280200000000004,2.469852,SCG,020423
207226,189,5031,2001,0.0,4.564495306141492e-09,0.45280200000000004,2.469852,SCG,020430
213752,189,5032,2001,0.0,0.0,0.45280200000000004,2.469852,SCG,020441
220278,189,5033,2001,0.0,1.8182414500066966e-09,0.45280200000000004,2.469852,SCG,020442
226804,189,5034,2001,0.0,1.1358208985003552e-09,0.45280200000000004,2.469852,SCG,020443
233330,189,5035,2001,0.0,1.0566084109772782e-09,0.45280200000000004,2.469852,SCG,020450
239856,189,5036,2001,0.0,0.0,0.45280200000000004,2.469852,SCG,020500
246382,189,5037,2001,4.535858397478614e-09,1.398779842436796e-08,0.45280200000000004,2.469852,SCG,020610
252908,189,5038,2001,0.0,0.0,0.45280200000000004,2.469852,SCG,020621
259434,189,5039,2001,0.0,5.431855472869076e-09,0.45280200000000004,2.469852,SCG,020622
265960,189,5040,2001,8.584736273528305e-09,9.385254609575215e-08,0.45280200000000004,2.469852,SCG,020629
272486,189,5041,2001,0.0,8.175126431984174e-09,0.45280200000000004,2.469852,SCG,020630
279012,189,5042,2001,0.0,1.0720498745492454e-07,0.45280200000000004,2.469852,SCG,020641
285538,189,5043,2001,1.3824549712251094e-09,2.899488590366676e-07,0.45280200000000004,2.469852,SCG,020649
292064,189,5044,2001,0.0,0.0,0.45280200000000004,2.469852,SCG,020680
298590,189,5045,2001,0.0,7.63472492191565e-08,0.45280200000000004,2.469852,SCG,020690
305116,189,5046,2001,3.112493426009009e-09,9.47003517153506e-09,0.45280200000000004,2.469852,SCG,020710
311642,189,5047,2001,1.767493832785527e-08,7.046597059531968e-07,0.45280200000000004,2.469852,SCG,020721
318168,189,5048,2001,0.0,1.5696666983652415e-09,0.45280200000000004,2.469852,SCG,020722
324694,189,5049,2001,0.0,1.5063629949472176e-09,0.45280200000000004,2.469852,SCG,020723
331220,189,5050,2001,0.0,0.0,0.45280200000000004,2.469852,SCG,020731
337746,189,5051,2001,4.430098470920622e-09,4.411439545730794e-08,0.45280200000000004,2.469852,SCG,020739
344272,189,5052,2001,1.3467208436041397e-07,2.156442976965999e-06,0.45280200000000004,2.469852,SCG,020741
350798,189,5053,2001,0.0,1.0683146246145798e-07,0.45280200000000004,2.469852,SCG,020742
357324,189,5054,2001,0.0,8.09027958342389e-10,0.45280200000000004,2.469852,SCG,020743
363850,189,5055,2001,0.0,0.0,0.45280200000000004,2.469852,SCG,020750
370376,189,5056,2001,3.860994911963858e-09,5.372528965477315e-10,0.45280200000000004,2.469852,SCG,020810
376902,189,5057,2001,3.6500811329255684e-09,0.0,0.45280200000000004,2.469852,SCG,020820
383428,189,5058,2001,4.371763840942359e-08,2.5593256429004212e-09,0.45280200000000004,2.469852,SCG,020890
389954,189,5059,2001,1.3911824379439353e-08,1.8283335849233396e-07,0.45280200000000004,2.469852,SCG,020900
396480,189,5060,2001,4.928291362786926e-09,4.45545384842144e-08,0.45280200000000004,2.469852,SCG,021011
403006,189,5061,2001,1.0678116137891096e-08,1.0164089021418222e-07,0.45280200000000004,2.469852,SCG,021012
409532,189,5062,2001,8.175575663675577e-08,2.3522562461230453e-07,0.45280200000000004,2.469852,SCG,021019
416058,189,5063,2001,0.0,1.2668363642655115e-08,0.45280200000000004,2.469852,SCG,021020
422584,189,5064,2001,3.075825944308387e-10,1.629324638759191e-08,0.45280200000000004,2.469852,SCG,021090
429110,189,5065,2001,4.075848172507173e-10,8.426684080645327e-09,0.45280200000000004,2.469852,SCG,030110
435636,189,5066,2001,0.0,6.709728556107467e-08,0.45280200000000004,2.469852,SCG,030191
442162,189,5067,2001,0.0,0.0,0.45280200000000004,2.469852,SCG,030192
448688,189,5068,2001,2.882912565377676e-08,4.567080483558563e-07,0.45280200000000004,2.469852,SCG,030193
455214,189,5069,2001,2.5172983780074226e-08,1.1864771185548619e-07,0.45280200000000004,2.469852,SCG,030199
461740,189,5070,2001,0.0,2.4890618464364367e-09,0.45280200000000004,2.469852,SCG,030211
468266,189,5071,2001,0.0,4.28907448132276e-09,0.45280200000000004,2.469852,SCG,030212
474792,189,5072,2001,0.0,7.178838827405222e-10,0.45280200000000004,2.469852,SCG,030219
481318,189,5073,2001,0.0,0.0,0.45280200000000004,2.469852,SCG,030221
487844,189,5074,2001,0.0,0.0,0.45280200000000004,2.469852,SCG,030222
494370,189,5075,2001,0.0,7.911305762242043e-10,0.45280200000000004,2.469852,SCG,030223
500896,189,5076,2001,0.0,5.368220336448863e-09,0.45280200000000004,2.469852,SCG,030229
507422,189,5077,2001,0.0,0.0,0.45280200000000004,2.469852,SCG,030231
513948,189,5078,2001,0.0,0.0,0.45280200000000004,2.469852,SCG,030232
520474,189,5079,2001,0.0,0.0,0.45280200000000004,2.469852,SCG,030233
527000,189,5080,2001,0.0,0.0,0.45280200000000004,2.469852,SCG,030239
533526,189,5081,2001,0.0,1.940871660816481e-09,0.45280200000000004,2.469852,SCG,030240
540052,189,5082,2001,0.0,0.0,0.45280200000000004,2.469852,SCG,030250
546578,189,5083,2001,0.0,2.4778262676622428e-08,0.45280200000000004,2.469852,SCG,030261
553104,189,5084,2001,0.0,0.0,0.45280200000000004,2.469852,SCG,030262
559630,189,5085,2001,2.9761267585273565e-08,0.0,0.45280200000000004,2.469852,SCG,030263
566156,189,5086,2001,0.0,1.7171543843391714e-09,0.45280200000000004,2.469852,SCG,030264
572682,189,5087,2001,0.0,0.0,0.45280200000000004,2.469852,SCG,030265
579208,189,5088,2001,0.0,0.0,0.45280200000000004,2.469852,SCG,030266
585734,189,5089,2001,6.266805963379058e-10,6.488762173548324e-08,0.45280200000000004,2.469852,SCG,030269
592260,189,5090,2001,0.0,3.733592769654655e-09,0.45280200000000004,2.469852,SCG,030270
598786,189,5091,2001,0.0,8.419061121594988e-09,0.45280200000000004,2.469852,SCG,030310
605312,189,5092,2001,0.0,2.0135217748962236e-08,0.45280200000000004,2.469852,SCG,030321
611838,189,5093,2001,0.0,1.4892610520342856e-08,0.45280200000000004,2.469852,SCG,030322
618364,189,5094,2001,0.0,1.7029292798852366e-07,0.45280200000000004,2.469852,SCG,030329
624890,189,5095,2001,0.0,0.0,0.45280200000000004,2.469852,SCG,030331
631416,189,5096,2001,0.0,0.0,0.45280200000000004,2.469852,SCG,030332
637942,189,5097,2001,0.0,2.6358866664059895e-09,0.45280200000000004,2.469852,SCG,030333
644468,189,5098,2001,0.0,6.75361028559724e-09,0.45280200000000004,2.469852,SCG,030339
650994,189,5099,2001,0.0,7.55998677992212e-10,0.45280200000000004,2.469852,SCG,030341
657520,189,5100,2001,0.0,0.0,0.45280200000000004,2.469852,SCG,030342
664046,189,5101,2001,0.0,0.0,0.45280200000000004,2.469852,SCG,030343
670572,189,5102,2001,0.0,0.0,0.45280200000000004,2.469852,SCG,030349
677098,189,5103,2001,0.0,3.140029406035079e-08,0.45280200000000004,2.469852,SCG,030350
683624,189,5104,2001,0.0,1.125877908434697e-09,0.45280200000000004,2.469852,SCG,030360
690150,189,5105,2001,5.291026698288121e-10,1.955093450940394e-07,0.45280200000000004,2.469852,SCG,030371
696676,189,5106,2001,0.0,0.0,0.45280200000000004,2.469852,SCG,030372
703202,189,5107,2001,0.0,2.3770739493269283e-07,0.45280200000000004,2.469852,SCG,030373
709728,189,5108,2001,0.0,5.450316291090981e-07,0.45280200000000004,2.469852,SCG,030374
716254,189,5109,2001,0.0,2.1390685961252677e-09,0.45280200000000004,2.469852,SCG,030375
722780,189,5110,2001,0.0,0.0,0.45280200000000004,2.469852,SCG,030376
729306,189,5111,2001,0.0,2.0211115906463428e-08,0.45280200000000004,2.469852,SCG,030377
735832,189,5112,2001,5.769825219668147e-10,1.1652137028664497e-06,0.45280200000000004,2.469852,SCG,030378
742358,189,5113,2001,0.0,2.154457030416885e-07,0.45280200000000004,2.469852,SCG,030379
748884,189,5114,2001,0.0,0.0,0.45280200000000004,2.469852,SCG,030380
755410,189,5115,2001,0.0,1.574505620197195e-08,0.45280200000000004,2.469852,SCG,030410
761936,189,5116,2001,1.1682077847594908e-09,1.9206641906730416e-07,0.45280200000000004,2.469852,SCG,030420
768462,189,5117,2001,0.0,6.46589329639731e-08,0.45280200000000004,2.469852,SCG,030490
774988,189,5118,2001,0.0,0.0,0.45280200000000004,2.469852,SCG,030510
781514,189,5119,2001,0.0,0.0,0.45280200000000004,2.469852,SCG,030520
788040,189,5120,2001,0.0,7.533472139747031e-10,0.45280200000000004,2.469852,SCG,030530
794566,189,5121,2001,0.0,9.18433992364848e-09,0.45280200000000004,2.469852,SCG,030541
801092,189,5122,2001,0.0,0.0,0.45280200000000004,2.469852,SCG,030542
807618,189,5123,2001,0.0,3.900303569755524e-09,0.45280200000000004,2.469852,SCG,030549
814144,189,5124,2001,0.0,1.7014776033356503e-08,0.45280200000000004,2.469852,SCG,030551
820670,189,5125,2001,0.0,0.0,0.45280200000000004,2.469852,SCG,030559
827196,189,5126,2001,0.0,0.0,0.45280200000000004,2.469852,SCG,030561
833722,189,5127,2001,0.0,0.0,0.45280200000000004,2.469852,SCG,030562
840248,189,5128,2001,0.0,0.0,0.45280200000000004,2.469852,SCG,030563
846774,189,5129,2001,0.0,0.0,0.45280200000000004,2.469852,SCG,030569
853300,189,5130,2001,0.0,2.4721587633248175e-09,0.45280200000000004,2.469852,SCG,030611
859826,189,5131,2001,0.0,9.525384482900558e-10,0.45280200000000004,2.469852,SCG,030612
866352,189,5132,2001,0.0,2.4951933569769258e-08,0.45280200000000004,2.469852,SCG,030613
872878,189,5133,2001,0.0,1.4054416457807868e-08,0.45280200000000004,2.469852,SCG,030614
879404,189,5134,2001,0.0,8.652655101537519e-08,0.45280200000000004,2.469852,SCG,030619
885930,189,5135,2001,0.0,0.0,0.45280200000000004,2.469852,SCG,030621
892456,189,5136,2001,0.0,0.0,0.45280200000000004,2.469852,SCG,030622
898982,189,5137,2001,0.0,0.0,0.45280200000000004,2.469852,SCG,030623
905508,189,5138,2001,1.740947788182432e-08,0.0,0.45280200000000004,2.469852,SCG,030624
912034,189,5139,2001,1.0547204137108711e-08,0.0,0.45280200000000004,2.469852,SCG,030629
918560,189,5140,2001,4.6364666943761893e-10,1.6203759477000984e-09,0.45280200000000004,2.469852,SCG,030710
925086,189,5141,2001,8.348670420265622e-10,0.0,0.45280200000000004,2.469852,SCG,030721
931612,189,5142,2001,0.0,0.0,0.45280200000000004,2.469852,SCG,030729
938138,189,5143,2001,0.0,0.0,0.45280200000000004,2.469852,SCG,030731
944664,189,5144,2001,0.0,1.5802394111350582e-08,0.45280200000000004,2.469852,SCG,030739
951190,189,5145,2001,0.0,1.074505793095463e-09,0.45280200000000004,2.469852,SCG,030741
957716,189,5146,2001,0.0,1.4749796039699783e-07,0.45280200000000004,2.469852,SCG,030749
964242,189,5147,2001,0.0,0.0,0.45280200000000004,2.469852,SCG,030751
970768,189,5148,2001,0.0,1.641653946440607e-08,0.45280200000000004,2.469852,SCG,030759
977294,189,5149,2001,3.454719214720965e-07,1.1227226662538616e-07,0.45280200000000004,2.469852,SCG,030760
983820,189,5150,2001,1.5793987427725008e-08,8.772037268925855e-09,0.45280200000000004,2.469852,SCG,030791
990346,189,5151,2001,2.6867869938351745e-08,1.3979181166311055e-08,0.45280200000000004,2.469852,SCG,030799
996872,189,5152,2001,0.0,3.0969431157505604e-08,0.45280200000000004,2.469852,SCG,040110
1003398,189,5153,2001,1.8359226265278203e-07,1.6832958517015878e-06,0.45280200000000004,2.469852,SCG,040120
1009924,189,5154,2001,0.0,6.243700611730068e-08,0.45280200000000004,2.469852,SCG,040130
1016450,189,5155,2001,2.7939408907718686e-08,4.454582179625684e-07,0.45280200000000004,2.469852,SCG,040210
1022976,189,5156,2001,3.780023415183641e-08,2.8229341955211517e-07,0.45280200000000004,2.469852,SCG,040221
1029502,189,5157,2001,6.9868219676821845e-09,3.9199575467853084e-08,0.45280200000000004,2.469852,SCG,040229
1036028,189,5158,2001,0.0,2.2314721171354516e-08,0.45280200000000004,2.469852,SCG,040291
1042554,189,5159,2001,0.0,2.1109299342394553e-08,0.45280200000000004,2.469852,SCG,040299
1049080,189,5160,2001,7.187432487399638e-09,4.1111778173980254e-07,0.45280200000000004,2.469852,SCG,040310
1055606,189,5161,2001,5.304845187259596e-08,7.994962766324469e-07,0.45280200000000004,2.469852,SCG,040390
1062132,189,5162,2001,0.0,2.7700838889921563e-08,0.45280200000000004,2.469852,SCG,040410
1068658,189,5163,2001,1.2703312668513062e-09,2.2065152120706495e-08,0.45280200000000004,2.469852,SCG,040490
1075184,189,5164,2001,7.817204061533794e-08,4.606173006166709e-07,0.45280200000000004,2.469852,SCG,040500
1081710,189,5165,2001,3.220071574800091e-09,5.7143026773342066e-08,0.45280200000000004,2.469852,SCG,040610
1088236,189,5166,2001,0.0,2.4700707354110293e-08,0.45280200000000004,2.469852,SCG,040620
1094762,189,5167,2001,4.008998201737278e-08,2.976367789554345e-07,0.45280200000000004,2.469852,SCG,040630
1101288,189,5168,2001,0.0,2.8614268243953364e-08,0.45280200000000004,2.469852,SCG,040640
1107814,189,5169,2001,2.3855802987017e-07,2.2849216545324037e-06,0.45280200000000004,2.469852,SCG,040690
1114340,189,5170,2001,1.4726236421343667e-07,5.764859467488057e-07,0.45280200000000004,2.469852,SCG,040700
1120866,189,5171,2001,0.0,8.248207408966761e-08,0.45280200000000004,2.469852,SCG,040811
1127392,189,5172,2001,0.0,5.410975193731194e-08,0.45280200000000004,2.469852,SCG,040819
1133918,189,5173,2001,9.633547464981638e-10,0.0,0.45280200000000004,2.469852,SCG,040891
1140444,189,5174,2001,9.027473387285404e-10,1.2580865330077323e-08,0.45280200000000004,2.469852,SCG,040899
1146970,189,5175,2001,4.372521433539479e-09,3.813633839683204e-08,0.45280200000000004,2.469852,SCG,040900
1153496,189,5176,2001,0.0,2.3972549048301926e-09,0.45280200000000004,2.469852,SCG,041000
1160022,189,5177,2001,0.0,0.0,0.45280200000000004,2.469852,SCG,050100
1166548,189,5178,2001,0.0,1.1253078436709327e-07,0.45280200000000004,2.469852,SCG,050210
1173074,189,5179,2001,0.0,1.1368151975069212e-09,0.45280200000000004,2.469852,SCG,050290
1179600,189,5180,2001,0.0,9.52472161689618e-09,0.45280200000000004,2.469852,SCG,050300
1186126,189,5181,2001,4.6750130057176696e-08,2.2262586760110246e-07,0.45280200000000004,2.469852,SCG,050400
1192652,189,5182,2001,2.288508444047483e-07,1.7033336281479066e-08,0.45280200000000004,2.469852,SCG,050510
1199178,189,5183,2001,9.036867535489695e-09,8.010735662898625e-10,0.45280200000000004,2.469852,SCG,050590
1205704,189,5184,2001,1.000325265237634e-09,0.0,0.45280200000000004,2.469852,SCG,050610
1212230,189,5185,2001,1.173662451458757e-09,5.614475057074998e-09,0.45280200000000004,2.469852,SCG,050690
1218756,189,5186,2001,0.0,0.0,0.45280200000000004,2.469852,SCG,050710
1225282,189,5187,2001,3.7078399925300195e-08,0.0,0.45280200000000004,2.469852,SCG,050790
1231808,189,5188,2001,1.7699787365040814e-08,2.5254200467765266e-08,0.45280200000000004,2.469852,SCG,050800
1238334,189,5189,2001,0.0,1.8404474611533332e-09,0.45280200000000004,2.469852,SCG,050900
1244860,189,5190,2001,0.0,0.0,0.45280200000000004,2.469852,SCG,051000
1251386,189,5191,2001,3.2691635750934857e-09,6.436760335504932e-09,0.45280200000000004,2.469852,SCG,051110
1257912,189,5192,2001,8.466854865416388e-10,4.999335405012944e-09,0.45280200000000004,2.469852,SCG,051191
1264438,189,5193,2001,6.2625634448351845e-09,3.005268747345192e-08,0.45280200000000004,2.469852,SCG,051199
1270964,189,5194,2001,5.7377032935502465e-09,5.1536506108319594e-08,0.45280200000000004,2.469852,SCG,060110
1277490,189,5195,2001,0.0,4.276844603542e-08,0.45280200000000004,2.469852,SCG,060120
1284016,189,5196,2001,1.6842495582139492e-08,6.170586491447262e-08,0.45280200000000004,2.469852,SCG,060210
1290542,189,5197,2001,6.066113623661116e-07,8.33550686174324e-08,0.45280200000000004,2.469852,SCG,060220
1297068,189,5198,2001,0.0,1.2475138202379158e-09,0.45280200000000004,2.469852,SCG,060230
1303594,189,5199,2001,9.702730820950663e-08,1.253148181275122e-08,0.45280200000000004,2.469852,SCG,060240
1310120,189,5200,2001,0.0,0.0,0.45280200000000004,2.469852,SCG,060291
1316646,189,5201,2001,2.235473931878674e-08,3.876954114751337e-07,0.45280200000000004,2.469852,SCG,060299
1323172,189,5202,2001,3.1482821002969715e-08,6.036047892868841e-07,0.45280200000000004,2.469852,SCG,060310
1329698,189,5203,2001,0.0,6.249798978970338e-08,0.45280200000000004,2.469852,SCG,060390
1336224,189,5204,2001,0.0,2.2454585898278107e-09,0.45280200000000004,2.469852,SCG,060410
1342750,189,5205,2001,6.612268187665912e-10,2.5922700833179687e-08,0.45280200000000004,2.469852,SCG,060491
1349276,189,5206,2001,2.625512904580085e-09,1.1507353835988426e-09,0.45280200000000004,2.469852,SCG,060499
1355802,189,5207,2001,3.525260176624029e-08,8.18601400610607e-07,0.45280200000000004,2.469852,SCG,070110
1362328,189,5208,2001,5.111962112032769e-08,4.845875296339575e-07,0.45280200000000004,2.469852,SCG,070190
1368854,189,5209,2001,1.8330104405844897e-08,1.6171951851780943e-06,0.45280200000000004,2.469852,SCG,070200
1375380,189,5210,2001,3.878358934289855e-08,6.354690895502989e-07,0.45280200000000004,2.469852,SCG,070310
1381906,189,5211,2001,2.5218136298862597e-08,3.294311468553875e-08,0.45280200000000004,2.469852,SCG,070320
1388432,189,5212,2001,1.046689932181396e-09,6.0314177738282655e-09,0.45280200000000004,2.469852,SCG,070390
1394958,189,5213,2001,5.326482031833352e-09,9.187322820668178e-09,0.45280200000000004,2.469852,SCG,070410
1401484,189,5214,2001,0.0,0.0,0.45280200000000004,2.469852,SCG,070420
1408010,189,5215,2001,2.8723062690179917e-08,1.290911657544492e-07,0.45280200000000004,2.469852,SCG,070490
1414536,189,5216,2001,1.966104308046583e-09,2.1824531761117566e-08,0.45280200000000004,2.469852,SCG,070511
1421062,189,5217,2001,0.0,3.1413219947436145e-09,0.45280200000000004,2.469852,SCG,070519
1427588,189,5218,2001,0.0,0.0,0.45280200000000004,2.469852,SCG,070521
1434114,189,5219,2001,0.0,0.0,0.45280200000000004,2.469852,SCG,070529
1440640,189,5220,2001,1.232391029587522e-08,4.806540827639832e-08,0.45280200000000004,2.469852,SCG,070610
1447166,189,5221,2001,2.5070254223904714e-09,2.4115065239243027e-09,0.45280200000000004,2.469852,SCG,070690
1453692,189,5222,2001,1.435153112280797e-08,4.2985667225054415e-07,0.45280200000000004,2.469852,SCG,070700
1460218,189,5223,2001,3.0168549365485435e-08,1.6087757926234972e-09,0.45280200000000004,2.469852,SCG,070810
1466744,189,5224,2001,1.0764178656923961e-08,8.765044032579675e-08,0.45280200000000004,2.469852,SCG,070820
1473270,189,5225,2001,0.0,1.3484683127045654e-08,0.45280200000000004,2.469852,SCG,070890
1479796,189,5226,2001,0.0,0.0,0.45280200000000004,2.469852,SCG,070910
1486322,189,5227,2001,1.7218564547350004e-09,6.502715502940464e-10,0.45280200000000004,2.469852,SCG,070920
1492848,189,5228,2001,0.0,1.1832821044137638e-08,0.45280200000000004,2.469852,SCG,070930
1499374,189,5229,2001,0.0,4.381544288933381e-10,0.45280200000000004,2.469852,SCG,070940
1505900,189,5230,2001,2.996843885688208e-06,1.5259838286767832e-08,0.45280200000000004,2.469852,SCG,070951
1512426,189,5231,2001,0.0,0.0,0.45280200000000004,2.469852,SCG,070952
1518952,189,5232,2001,8.693314444547585e-08,5.373162002511495e-07,0.45280200000000004,2.469852,SCG,070960
1525478,189,5233,2001,0.0,5.796763208278732e-10,0.45280200000000004,2.469852,SCG,070970
1532004,189,5234,2001,4.2076692844061036e-09,3.796730756571584e-08,0.45280200000000004,2.469852,SCG,070990
1538530,189,5235,2001,4.754045065449258e-09,7.882537377652072e-08,0.45280200000000004,2.469852,SCG,071010
1545056,189,5236,2001,9.164797651809816e-07,6.234254771167692e-09,0.45280200000000004,2.469852,SCG,071021
1551582,189,5237,2001,3.846803687434601e-07,5.940605131228587e-09,0.45280200000000004,2.469852,SCG,071022
1558108,189,5238,2001,9.003533461216402e-09,0.0,0.45280200000000004,2.469852,SCG,071029
1564634,189,5239,2001,9.860825244117726e-10,7.831761841716777e-10,0.45280200000000004,2.469852,SCG,071030
1571160,189,5240,2001,5.833032685231087e-07,7.48375718941874e-10,0.45280200000000004,2.469852,SCG,071040
1577686,189,5241,2001,1.342936820100043e-06,9.279726341678363e-08,0.45280200000000004,2.469852,SCG,071080
1584212,189,5242,2001,1.5845685546552494e-07,2.455918546217576e-09,0.45280200000000004,2.469852,SCG,071090
1590738,189,5243,2001,2.9603688325072545e-09,0.0,0.45280200000000004,2.469852,SCG,071110
1597264,189,5244,2001,0.0,6.734155168368768e-08,0.45280200000000004,2.469852,SCG,071120
1603790,189,5245,2001,0.0,0.0,0.45280200000000004,2.469852,SCG,071130
1610316,189,5246,2001,0.0,3.27091229859936e-09,0.45280200000000004,2.469852,SCG,071140
1616842,189,5247,2001,1.4797344062509378e-06,3.9100775289900663e-07,0.45280200000000004,2.469852,SCG,071190
1623368,189,5248,2001,0.0,0.0,0.45280200000000004,2.469852,SCG,071210
1629894,189,5249,2001,1.5754259271932018e-07,4.547161360127028e-08,0.45280200000000004,2.469852,SCG,071220
1636420,189,5250,2001,2.994605957156315e-06,5.892467801990714e-07,0.45280200000000004,2.469852,SCG,071230
1642946,189,5251,2001,3.386275269126729e-07,2.925545852998744e-07,0.45280200000000004,2.469852,SCG,071290
1649472,189,5252,2001,5.191721460657594e-08,2.456873073263879e-07,0.45280200000000004,2.469852,SCG,071310
1655998,189,5253,2001,0.0,2.7840703616845155e-08,0.45280200000000004,2.469852,SCG,071320
1662524,189,5254,2001,0.0,1.605461462601611e-09,0.45280200000000004,2.469852,SCG,071331
1669050,189,5255,2001,4.8519260289972e-09,7.535129304757973e-09,0.45280200000000004,2.469852,SCG,071332
1675576,189,5256,2001,6.296806630225022e-09,9.548770395534985e-07,0.45280200000000004,2.469852,SCG,071333
1682102,189,5257,2001,6.875607374424925e-09,1.8269680809543227e-07,0.45280200000000004,2.469852,SCG,071339
1688628,189,5258,2001,0.0,9.236374904992092e-09,0.45280200000000004,2.469852,SCG,071340
1695154,189,5259,2001,0.0,5.975737029460579e-10,0.45280200000000004,2.469852,SCG,071350
1701680,189,5260,2001,0.0,9.330071014710812e-08,0.45280200000000004,2.469852,SCG,071390
1708206,189,5261,2001,0.0,0.0,0.45280200000000004,2.469852,SCG,071410
1714732,189,5262,2001,1.3740305415451318e-08,0.0,0.45280200000000004,2.469852,SCG,071420
1721258,189,5263,2001,1.26972519277361e-09,7.912962927252987e-09,0.45280200000000004,2.469852,SCG,071490
1727784,189,5264,2001,0.0,4.148944607997417e-08,0.45280200000000004,2.469852,SCG,080110
1734310,189,5265,2001,0.0,0.0,0.45280200000000004,2.469852,SCG,080120
1740836,189,5266,2001,0.0,1.0403681938700366e-08,0.45280200000000004,2.469852,SCG,080130
1747362,189,5267,2001,0.0,9.850188825045393e-10,0.45280200000000004,2.469852,SCG,080211
1753888,189,5268,2001,7.227433376527589e-10,1.020923019631631e-07,0.45280200000000004,2.469852,SCG,080212
1760414,189,5269,2001,5.251328846199018e-09,4.519552991044717e-08,0.45280200000000004,2.469852,SCG,080221
1766940,189,5270,2001,7.970480195783173e-09,3.9703486204380644e-07,0.45280200000000004,2.469852,SCG,080222
1773466,189,5271,2001,9.894159318391018e-10,0.0,0.45280200000000004,2.469852,SCG,080231
1779992,189,5272,2001,1.508366860866502e-08,4.009477600676451e-08,0.45280200000000004,2.469852,SCG,080232
1786518,189,5273,2001,0.0,4.783638807188599e-08,0.45280200000000004,2.469852,SCG,080240
1793044,189,5274,2001,0.0,6.105990199320701e-08,0.45280200000000004,2.469852,SCG,080250
1799570,189,5275,2001,0.0,4.930065907555525e-09,0.45280200000000004,2.469852,SCG,080290
1806096,189,5276,2001,4.567525768038243e-08,1.1877722592975144e-05,0.45280200000000004,2.469852,SCG,080300
1812622,189,5277,2001,0.0,5.470798850626237e-08,0.45280200000000004,2.469852,SCG,080410
1819148,189,5278,2001,1.0697207471338528e-09,5.5285676229077115e-08,0.45280200000000004,2.469852,SCG,080420
1825674,189,5279,2001,0.0,1.896161348821238e-08,0.45280200000000004,2.469852,SCG,080430
1832200,189,5280,2001,0.0,9.087892920011597e-10,0.45280200000000004,2.469852,SCG,080440
1838726,189,5281,2001,0.0,2.075102026702867e-09,0.45280200000000004,2.469852,SCG,080450
1845252,189,5282,2001,1.2126936220623943e-08,2.4188457763247673e-06,0.45280200000000004,2.469852,SCG,080510
1851778,189,5283,2001,0.0,1.108318919411747e-06,0.45280200000000004,2.469852,SCG,080520
1858304,189,5284,2001,0.0,1.3214290140870123e-06,0.45280200000000004,2.469852,SCG,080530
1864830,189,5285,2001,0.0,3.9417326950291e-08,0.45280200000000004,2.469852,SCG,080540
1871356,189,5286,2001,2.2191402354847603e-09,4.854830616058712e-09,0.45280200000000004,2.469852,SCG,080590
1877882,189,5287,2001,2.1590782943850637e-08,6.893942333053918e-07,0.45280200000000004,2.469852,SCG,080610
1884408,189,5288,2001,1.0159013690344272e-08,1.992389606676678e-07,0.45280200000000004,2.469852,SCG,080620
1890934,189,5289,2001,2.3504704273807573e-07,2.9234014814745837e-07,0.45280200000000004,2.469852,SCG,080710
1897460,189,5290,2001,0.0,0.0,0.45280200000000004,2.469852,SCG,080720
1903986,189,5291,2001,2.074203680544483e-07,4.3818558359554384e-07,0.45280200000000004,2.469852,SCG,080810
1910512,189,5292,2001,1.846162248070498e-08,3.484322008708604e-08,0.45280200000000004,2.469852,SCG,080820
1917038,189,5293,2001,5.09408292674073e-08,9.090212951026916e-09,0.45280200000000004,2.469852,SCG,080910
1923564,189,5294,2001,3.239108361580529e-07,7.639862133449574e-09,0.45280200000000004,2.469852,SCG,080920
1930090,189,5295,2001,1.674764498898003e-07,3.1540755366678323e-07,0.45280200000000004,2.469852,SCG,080930
1936616,189,5296,2001,2.605288212607362e-07,4.559523811108663e-09,0.45280200000000004,2.469852,SCG,080940
1943142,189,5297,2001,3.936754171675888e-09,9.78655368862518e-09,0.45280200000000004,2.469852,SCG,081010
1949668,189,5298,2001,4.86517480833564e-07,8.354100253166022e-09,0.45280200000000004,2.469852,SCG,081020
1956194,189,5299,2001,0.0,0.0,0.45280200000000004,2.469852,SCG,081030
1962720,189,5300,2001,1.0559022581623787e-08,3.400502602455105e-10,0.45280200000000004,2.469852,SCG,081040
1969246,189,5301,2001,4.0118467499024507e-08,2.987971258960968e-07,0.45280200000000004,2.469852,SCG,081090
1975772,189,5302,2001,6.249678309943362e-07,1.440109537809715e-08,0.45280200000000004,2.469852,SCG,081110
1982298,189,5303,2001,1.7918237978272295e-05,4.2803909366654184e-08,0.45280200000000004,2.469852,SCG,081120
1988824,189,5304,2001,3.9832979335096085e-06,6.827983851288363e-08,0.45280200000000004,2.469852,SCG,081190
1995350,189,5305,2001,6.57950988376643e-08,0.0,0.45280200000000004,2.469852,SCG,081210
2001876,189,5306,2001,2.751576312740902e-09,0.0,0.45280200000000004,2.469852,SCG,081220
2008402,189,5307,2001,1.005470834157275e-07,0.0,0.45280200000000004,2.469852,SCG,081290
2014928,189,5308,2001,2.25459556902999e-09,1.262892311539467e-08,0.45280200000000004,2.469852,SCG,081310
2021454,189,5309,2001,3.266905949154067e-07,1.1499068010933711e-08,0.45280200000000004,2.469852,SCG,081320
2027980,189,5310,2001,6.264381667068274e-09,9.419325922200204e-10,0.45280200000000004,2.469852,SCG,081330
2034506,189,5311,2001,1.7234625510408956e-08,2.879821356016804e-09,0.45280200000000004,2.469852,SCG,081340
2041032,189,5312,2001,0.0,2.3287477032778076e-08,0.45280200000000004,2.469852,SCG,081350
2047558,189,5313,2001,0.0,0.0,0.45280200000000004,2.469852,SCG,081400
2054084,189,5314,2001,2.529147126226384e-09,3.008423658093025e-06,0.45280200000000004,2.469852,SCG,090111
2060610,189,5315,2001,0.0,9.581065227268243e-09,0.45280200000000004,2.469852,SCG,090112
2067136,189,5316,2001,9.689912354207387e-09,7.471268793896273e-07,0.45280200000000004,2.469852,SCG,090121
2073662,189,5317,2001,0.0,1.907098637893462e-08,0.45280200000000004,2.469852,SCG,090122
2080188,189,5318,2001,0.0,0.0,0.45280200000000004,2.469852,SCG,090130
2086714,189,5319,2001,0.0,3.959298644145096e-09,0.45280200000000004,2.469852,SCG,090140
2093240,189,5320,2001,4.0528779649624856e-08,6.464600707688774e-09,0.45280200000000004,2.469852,SCG,090210
2099766,189,5321,2001,1.5243672165176827e-08,2.8315647108981426e-08,0.45280200000000004,2.469852,SCG,090220
2106292,189,5322,2001,3.4506827613635078e-09,1.9509803673832336e-08,0.45280200000000004,2.469852,SCG,090230
2112818,189,5323,2001,6.486204779505095e-09,2.8683537741410783e-08,0.45280200000000004,2.469852,SCG,090240
2119344,189,5324,2001,0.0,4.0719858648892225e-09,0.45280200000000004,2.469852,SCG,090300
2125870,189,5325,2001,3.607352910447984e-09,1.5587559239331926e-07,0.45280200000000004,2.469852,SCG,090411
2132396,189,5326,2001,1.3873338675505642e-08,3.209796052995781e-08,0.45280200000000004,2.469852,SCG,090412
2138922,189,5327,2001,6.236138615047629e-07,9.754040111110478e-08,0.45280200000000004,2.469852,SCG,090420
2145448,189,5328,2001,0.0,1.3780984231002268e-09,0.45280200000000004,2.469852,SCG,090500
2151974,189,5329,2001,0.0,3.866828836534475e-09,0.45280200000000004,2.469852,SCG,090610
2158500,189,5330,2001,3.285830612230132e-09,4.4252934452222776e-09,0.45280200000000004,2.469852,SCG,090620
2165026,189,5331,2001,2.6758170530288724e-10,1.892813875499133e-09,0.45280200000000004,2.469852,SCG,090700
2171552,189,5332,2001,0.0,2.1282307369537003e-08,0.45280200000000004,2.469852,SCG,090810
2178078,189,5333,2001,0.0,1.0463339879094315e-09,0.45280200000000004,2.469852,SCG,090820
2184604,189,5334,2001,0.0,9.976133365877063e-10,0.45280200000000004,2.469852,SCG,090830
2191130,189,5335,2001,1.967619493240823e-09,1.213707654014678e-09,0.45280200000000004,2.469852,SCG,090910
2197656,189,5336,2001,2.0794401605757784e-09,0.0,0.45280200000000004,2.469852,SCG,090920
2204182,189,5337,2001,0.0,4.4478308893711024e-10,0.45280200000000004,2.469852,SCG,090930
2210708,189,5338,2001,6.412869816103851e-09,2.417140884961509e-09,0.45280200000000004,2.469852,SCG,090940
2217234,189,5339,2001,2.059876089347744e-07,1.6615067832717043e-08,0.45280200000000004,2.469852,SCG,090950
2223760,189,5340,2001,0.0,2.750893918165436e-09,0.45280200000000004,2.469852,SCG,091010
2230286,189,5341,2001,0.0,0.0,0.45280200000000004,2.469852,SCG,091020
2236812,189,5342,2001,0.0,5.853769684655172e-09,0.45280200000000004,2.469852,SCG,091030
2243338,189,5343,2001,1.3752123859966395e-08,9.518755822856785e-10,0.45280200000000004,2.469852,SCG,091040
2249864,189,5344,2001,0.0,5.032810138233994e-09,0.45280200000000004,2.469852,SCG,091050
2256390,189,5345,2001,1.2154815628197971e-08,2.856057609759881e-08,0.45280200000000004,2.469852,SCG,091091
2262916,189,5346,2001,1.213596672438162e-07,3.2295494599262216e-08,0.45280200000000004,2.469852,SCG,091099
2269442,189,5347,2001,1.0762057397652025e-08,3.4767388216185284e-07,0.45280200000000004,2.469852,SCG,100110
2275968,189,5348,2001,7.606029670642096e-07,6.050455285473979e-07,0.45280200000000004,2.469852,SCG,100190
2282494,189,5349,2001,0.0,4.845219058995242e-09,0.45280200000000004,2.469852,SCG,100200
2289020,189,5350,2001,2.642819349868701e-07,7.928878340018083e-07,0.45280200000000004,2.469852,SCG,100300
2295546,189,5351,2001,2.631997897211435e-08,9.232066275963641e-09,0.45280200000000004,2.469852,SCG,100400
2302072,189,5352,2001,1.8461152773294766e-06,6.87366857631004e-07,0.45280200000000004,2.469852,SCG,100510
2308598,189,5353,2001,1.4995727259991297e-07,6.0200459760901725e-06,0.45280200000000004,2.469852,SCG,100590
2315124,189,5354,2001,0.0,1.3627199317986755e-08,0.45280200000000004,2.469852,SCG,100610
2321650,189,5355,2001,1.2203301554413669e-09,4.174597522366815e-08,0.45280200000000004,2.469852,SCG,100620
2328176,189,5356,2001,1.0258106802047607e-08,9.569458443531598e-07,0.45280200000000004,2.469852,SCG,100630
2334702,189,5357,2001,0.0,8.615600891892832e-09,0.45280200000000004,2.469852,SCG,100640
2341228,189,5358,2001,5.848614849768657e-10,0.0,0.45280200000000004,2.469852,SCG,100700
2347754,189,5359,2001,0.0,0.0,0.45280200000000004,2.469852,SCG,100810
2354280,189,5360,2001,2.9585506102741656e-09,7.6362163704255e-09,0.45280200000000004,2.469852,SCG,100820
2360806,189,5361,2001,3.4743802578014304e-08,3.4833608530022566e-10,0.45280200000000004,2.469852,SCG,100830
2367332,189,5362,2001,6.500144483292108e-10,7.785361221410372e-10,0.45280200000000004,2.469852,SCG,100890
2373858,189,5363,2001,2.633446414257129e-07,3.705924411198948e-06,0.45280200000000004,2.469852,SCG,110100
2380384,189,5364,2001,0.0,0.0,0.45280200000000004,2.469852,SCG,110210
2386910,189,5365,2001,5.9515868355692474e-08,5.033804437240559e-09,0.45280200000000004,2.469852,SCG,110220
2393436,189,5366,2001,0.0,2.059193242597814e-09,0.45280200000000004,2.469852,SCG,110230
2399962,189,5367,2001,2.1312594942188064e-09,1.291925842531189e-09,0.45280200000000004,2.469852,SCG,110290
2406488,189,5368,2001,1.0676207004546353e-07,1.71516578632604e-09,0.45280200000000004,2.469852,SCG,110311
2413014,189,5369,2001,0.0,0.0,0.45280200000000004,2.469852,SCG,110312
2419540,189,5370,2001,9.199234780904517e-08,1.73465404685473e-07,0.45280200000000004,2.469852,SCG,110313
2426066,189,5371,2001,0.0,1.370475464049889e-09,0.45280200000000004,2.469852,SCG,110314
2432592,189,5372,2001,3.7503863927842955e-09,0.0,0.45280200000000004,2.469852,SCG,110319
2439118,189,5373,2001,0.0,0.0,0.45280200000000004,2.469852,SCG,110321
2445644,189,5374,2001,5.6786110709748635e-09,0.0,0.45280200000000004,2.469852,SCG,110329
2452170,189,5375,2001,0.0,1.2090675919840374e-09,0.45280200000000004,2.469852,SCG,110411
2458696,189,5376,2001,0.0,1.4511131134823768e-08,0.45280200000000004,2.469852,SCG,110412
2465222,189,5377,2001,3.0485526108120566e-10,9.547921927049382e-09,0.45280200000000004,2.469852,SCG,110419
2471748,189,5378,2001,7.839568195000786e-10,2.8834671190408785e-10,0.45280200000000004,2.469852,SCG,110421
2478274,189,5379,2001,2.8849126098340735e-10,3.4707663989190897e-09,0.45280200000000004,2.469852,SCG,110422
2484800,189,5380,2001,1.8621626037216786e-09,3.7186782845561676e-10,0.45280200000000004,2.469852,SCG,110423
2491326,189,5381,2001,1.4621537124421643e-09,9.58404812428794e-09,0.45280200000000004,2.469852,SCG,110429
2497852,189,5382,2001,2.104289197761324e-09,0.0,0.45280200000000004,2.469852,SCG,110430
2504378,189,5383,2001,1.4785177125399626e-09,3.9705673662195085e-10,0.45280200000000004,2.469852,SCG,110510
2510904,189,5384,2001,2.5746329857574865e-08,1.3157459323984843e-07,0.45280200000000004,2.469852,SCG,110520
2517430,189,5385,2001,0.0,0.0,0.45280200000000004,2.469852,SCG,110610
2523956,189,5386,2001,0.0,0.0,0.45280200000000004,2.469852,SCG,110620
2530482,189,5387,2001,1.421971001090904e-08,2.976109271812638e-07,0.45280200000000004,2.469852,SCG,110630
2537008,189,5388,2001,3.490350309748726e-07,9.715497767285964e-07,0.45280200000000004,2.469852,SCG,110710
2543534,189,5389,2001,0.0,2.531816703718767e-09,0.45280200000000004,2.469852,SCG,110720
2550060,189,5390,2001,2.1864122352891636e-09,0.0,0.45280200000000004,2.469852,SCG,110811
2556586,189,5391,2001,5.164963290127306e-07,8.891353149713752e-08,0.45280200000000004,2.469852,SCG,110812
2563112,189,5392,2001,0.0,4.235614338069738e-08,0.45280200000000004,2.469852,SCG,110813
2569638,189,5393,2001,0.0,3.555613247479373e-09,0.45280200000000004,2.469852,SCG,110814
2576164,189,5394,2001,3.1315847594564403e-09,8.577486096641142e-10,0.45280200000000004,2.469852,SCG,110819
2582690,189,5395,2001,0.0,2.4506156181825584e-09,0.45280200000000004,2.469852,SCG,110820
2589216,189,5396,2001,2.281626472895242e-08,0.0,0.45280200000000004,2.469852,SCG,110900
2595742,189,5397,2001,2.9096101285001947e-08,5.913676199800763e-07,0.45280200000000004,2.469852,SCG,120100
2602268,189,5398,2001,0.0,1.1013850095729591e-08,0.45280200000000004,2.469852,SCG,120210
2608794,189,5399,2001,0.0,2.597761928164234e-07,0.45280200000000004,2.469852,SCG,120220
2615320,189,5400,2001,0.0,0.0,0.45280200000000004,2.469852,SCG,120300
2621846,189,5401,2001,0.0,1.6949483731925348e-09,0.45280200000000004,2.469852,SCG,120400
2628372,189,5402,2001,0.0,5.815920035805233e-08,0.45280200000000004,2.469852,SCG,120500
2634898,189,5403,2001,2.635473732047023e-07,3.515035905021422e-07,0.45280200000000004,2.469852,SCG,120600
2641424,189,5404,2001,0.0,0.0,0.45280200000000004,2.469852,SCG,120710
2647950,189,5405,2001,0.0,0.0,0.45280200000000004,2.469852,SCG,120720
2654476,189,5406,2001,0.0,0.0,0.45280200000000004,2.469852,SCG,120730
2661002,189,5407,2001,1.7679180846399143e-09,8.698459142439984e-08,0.45280200000000004,2.469852,SCG,120740
2667528,189,5408,2001,7.663806712468877e-09,0.0,0.45280200000000004,2.469852,SCG,120750
2674054,189,5409,2001,0.0,0.0,0.45280200000000004,2.469852,SCG,120760
2680580,189,5410,2001,3.1700704633901513e-09,4.391586708899696e-08,0.45280200000000004,2.469852,SCG,120791
2687106,189,5411,2001,0.0,0.0,0.45280200000000004,2.469852,SCG,120792
2693632,189,5412,2001,3.2704363306566475e-08,4.296664297072879e-08,0.45280200000000004,2.469852,SCG,120799
2700158,189,5413,2001,3.7161522985056237e-07,3.053492249163634e-09,0.45280200000000004,2.469852,SCG,120810
2706684,189,5414,2001,3.230374834120927e-10,1.88068342761903e-08,0.45280200000000004,2.469852,SCG,120890
2713210,189,5415,2001,8.44791505048838e-08,1.997801907602418e-07,0.45280200000000004,2.469852,SCG,120911
2719736,189,5416,2001,7.798355157717441e-09,4.006030697453689e-09,0.45280200000000004,2.469852,SCG,120919
2726262,189,5417,2001,4.3544907297280166e-08,2.2638630644393439e-07,0.45280200000000004,2.469852,SCG,120921
2732788,189,5418,2001,1.2994228225807255e-09,8.943620134158897e-08,0.45280200000000004,2.469852,SCG,120922
2739314,189,5419,2001,0.0,3.087298415386872e-08,0.45280200000000004,2.469852,SCG,120923
2745840,189,5420,2001,0.0,1.9973147010892007e-08,0.45280200000000004,2.469852,SCG,120924
2752366,189,5421,2001,1.3100291189404096e-09,4.0970753431549e-08,0.45280200000000004,2.469852,SCG,120925
2758892,189,5422,2001,0.0,8.096576810465475e-09,0.45280200000000004,2.469852,SCG,120926
2765418,189,5423,2001,1.3352418005725728e-08,2.236629214649506e-07,0.45280200000000004,2.469852,SCG,120929
2771944,189,5424,2001,1.8315558627980187e-08,3.945842464256239e-08,0.45280200000000004,2.469852,SCG,120930
2778470,189,5425,2001,1.5627529182285737e-07,3.956779753328463e-07,0.45280200000000004,2.469852,SCG,120991
2784996,189,5426,2001,2.1493720180307583e-07,1.0699883612756323e-07,0.45280200000000004,2.469852,SCG,120999
2791522,189,5427,2001,0.0,1.9514775168865167e-09,0.45280200000000004,2.469852,SCG,121010
2798048,189,5428,2001,7.295253065821798e-08,4.77197236551156e-07,0.45280200000000004,2.469852,SCG,121020
2804574,189,5429,2001,4.297065210866298e-10,2.5642971379332504e-09,0.45280200000000004,2.469852,SCG,121110
2811100,189,5430,2001,0.0,0.0,0.45280200000000004,2.469852,SCG,121120
2817626,189,5431,2001,4.0466111589991067e-07,1.6818766555862162e-07,0.45280200000000004,2.469852,SCG,121190
2824152,189,5432,2001,0.0,7.497677375510661e-09,0.45280200000000004,2.469852,SCG,121210
2830678,189,5433,2001,0.0,7.97626663067101e-09,0.45280200000000004,2.469852,SCG,121220
2837204,189,5434,2001,6.292564111681148e-09,0.0,0.45280200000000004,2.469852,SCG,121230
2843730,189,5435,2001,0.0,3.52313281326489e-10,0.45280200000000004,2.469852,SCG,121291
2850256,189,5436,2001,0.0,0.0,0.45280200000000004,2.469852,SCG,121292
2856782,189,5437,2001,1.1697229699537314e-09,4.326526410570072e-08,0.45280200000000004,2.469852,SCG,121299
2863308,189,5438,2001,0.0,0.0,0.45280200000000004,2.469852,SCG,121300
2869834,189,5439,2001,5.176993860569576e-08,2.901198784657969e-08,0.45280200000000004,2.469852,SCG,121410
2876360,189,5440,2001,2.700060016136722e-09,6.935003567695064e-08,0.45280200000000004,2.469852,SCG,121490
2882886,189,5441,2001,0.0,7.230542375746644e-09,0.45280200000000004,2.469852,SCG,130110
2889412,189,5442,2001,0.0,7.647485092499912e-09,0.45280200000000004,2.469852,SCG,130120
2895938,189,5443,2001,0.0,9.425954582243976e-09,0.45280200000000004,2.469852,SCG,130190
2902464,189,5444,2001,0.0,0.0,0.45280200000000004,2.469852,SCG,130211
2908990,189,5445,2001,0.0,7.708468764902615e-09,0.45280200000000004,2.469852,SCG,130212
2915516,189,5446,2001,0.0,1.48867110129039e-07,0.45280200000000004,2.469852,SCG,130213
2922042,189,5447,2001,0.0,0.0,0.45280200000000004,2.469852,SCG,130214
2928568,189,5448,2001,1.650642750605693e-09,9.355922788881523e-08,0.45280200000000004,2.469852,SCG,130219
2935094,189,5449,2001,1.8909511224122497e-09,1.0885220947580192e-07,0.45280200000000004,2.469852,SCG,130220
2941620,189,5450,2001,0.0,3.386111781500076e-07,0.45280200000000004,2.469852,SCG,130231
2948146,189,5451,2001,0.0,1.945876299149529e-08,0.45280200000000004,2.469852,SCG,130232
2954672,189,5452,2001,0.0,1.8656794556099518e-07,0.45280200000000004,2.469852,SCG,130239
2961198,189,5453,2001,0.0,8.995091679398787e-10,0.45280200000000004,2.469852,SCG,140110
2967724,189,5454,2001,0.0,1.4885650427296895e-08,0.45280200000000004,2.469852,SCG,140120
2974250,189,5455,2001,4.002604120217583e-08,4.0076878624646324e-09,0.45280200000000004,2.469852,SCG,140190
2980776,189,5456,2001,0.0,0.0,0.45280200000000004,2.469852,SCG,140210
2987302,189,5457,2001,0.0,0.0,0.45280200000000004,2.469852,SCG,140291
2993828,189,5458,2001,0.0,2.0970760347479715e-08,0.45280200000000004,2.469852,SCG,140299
3000354,189,5459,2001,2.790680212233863e-07,0.0,0.45280200000000004,2.469852,SCG,140310
3006880,189,5460,2001,0.0,2.8659011699248823e-09,0.45280200000000004,2.469852,SCG,140390
3013406,189,5461,2001,0.0,4.622164648522309e-09,0.45280200000000004,2.469852,SCG,140410
3019932,189,5462,2001,0.0,1.3340112051490982e-07,0.45280200000000004,2.469852,SCG,140420
3026458,189,5463,2001,3.730992022298016e-09,0.0,0.45280200000000004,2.469852,SCG,140490
3032984,189,5464,2001,1.1959356738140935e-08,2.6749294740638073e-08,0.45280200000000004,2.469852,SCG,150100
3039510,189,5465,2001,5.6058821816513154e-09,2.4841566380040452e-08,0.45280200000000004,2.469852,SCG,150200
3046036,189,5466,2001,1.798524825563574e-09,9.502184172747354e-10,0.45280200000000004,2.469852,SCG,150300
3052562,189,5467,2001,0.0,1.9680491669959466e-09,0.45280200000000004,2.469852,SCG,150410
3059088,189,5468,2001,5.694065959956118e-10,4.28907448132276e-09,0.45280200000000004,2.469852,SCG,150420
3065614,189,5469,2001,0.0,0.0,0.45280200000000004,2.469852,SCG,150430
3072140,189,5470,2001,0.0,2.720203222162771e-08,0.45280200000000004,2.469852,SCG,150510
3078666,189,5471,2001,9.330510426133521e-09,1.677955803170325e-07,0.45280200000000004,2.469852,SCG,150590
3085192,189,5472,2001,0.0,4.919990344288991e-08,0.45280200000000004,2.469852,SCG,150600
3091718,189,5473,2001,9.173913005938368e-07,5.793018015354001e-08,0.45280200000000004,2.469852,SCG,150710
3098244,189,5474,2001,0.0,1.500768405870274e-07,0.45280200000000004,2.469852,SCG,150790
3104770,189,5475,2001,0.0,0.0,0.45280200000000004,2.469852,SCG,150810
3111296,189,5476,2001,0.0,0.0,0.45280200000000004,2.469852,SCG,150890
3117822,189,5477,2001,1.396394675012123e-09,8.702999774569968e-08,0.45280200000000004,2.469852,SCG,150910
3124348,189,5478,2001,8.300184494049924e-10,3.2365095529721825e-08,0.45280200000000004,2.469852,SCG,150990
3130874,189,5479,2001,0.0,4.38565405816052e-08,0.45280200000000004,2.469852,SCG,151000
3137400,189,5480,2001,0.0,1.4042816302731268e-09,0.45280200000000004,2.469852,SCG,151110
3143926,189,5481,2001,0.0,4.079506079708882e-07,0.45280200000000004,2.469852,SCG,151190
3150452,189,5482,2001,1.6130110050474561e-06,2.1033069751891172e-07,0.45280200000000004,2.469852,SCG,151211
3156978,189,5483,2001,7.947191799347694e-07,8.818381545621888e-07,0.45280200000000004,2.469852,SCG,151219
3163504,189,5484,2001,0.0,0.0,0.45280200000000004,2.469852,SCG,151221
3170030,189,5485,2001,0.0,1.2965327612616107e-08,0.45280200000000004,2.469852,SCG,151229
3176556,189,5486,2001,0.0,4.2719725384098276e-08,0.45280200000000004,2.469852,SCG,151311
3183082,189,5487,2001,0.0,1.0881011748452396e-07,0.45280200000000004,2.469852,SCG,151319
3189608,189,5488,2001,0.0,0.0,0.45280200000000004,2.469852,SCG,151321
3196134,189,5489,2001,0.0,1.3910640821458452e-07,0.45280200000000004,2.469852,SCG,151329
3202660,189,5490,2001,1.1786413500070315e-07,0.0,0.45280200000000004,2.469852,SCG,151410
3209186,189,5491,2001,0.0,2.1619573592564131e-07,0.45280200000000004,2.469852,SCG,151490
3215712,189,5492,2001,1.0771451545856317e-08,1.1195806813931135e-09,0.45280200000000004,2.469852,SCG,151511
3222238,189,5493,2001,5.694065959956118e-10,1.1873918736409025e-08,0.45280200000000004,2.469852,SCG,151519
3228764,189,5494,2001,6.221986785333422e-08,0.0,0.45280200000000004,2.469852,SCG,151521
3235290,189,5495,2001,0.0,2.9294700197446572e-08,0.45280200000000004,2.469852,SCG,151529
3241816,189,5496,2001,4.403128174463139e-10,2.3670282150305917e-08,0.45280200000000004,2.469852,SCG,151530
3248342,189,5497,2001,0.0,2.7790657233514674e-09,0.45280200000000004,2.469852,SCG,151540
3254868,189,5498,2001,0.0,2.205653486264959e-08,0.45280200000000004,2.469852,SCG,151550
3261394,189,5499,2001,0.0,3.3133357228795018e-09,0.45280200000000004,2.469852,SCG,151560
3267920,189,5500,2001,1.4006371935559964e-09,2.700015637999463e-07,0.45280200000000004,2.469852,SCG,151590
3274446,189,5501,2001,0.0,1.4387506625007418e-09,0.45280200000000004,2.469852,SCG,151610
3280972,189,5502,2001,6.967473052751732e-07,3.410863198103521e-07,0.45280200000000004,2.469852,SCG,151620
3287498,189,5503,2001,3.3005763945404814e-07,7.248804334167237e-08,0.45280200000000004,2.469852,SCG,151710
3294024,189,5504,2001,2.056406315252933e-07,8.62726733356987e-08,0.45280200000000004,2.469852,SCG,151790
3300550,189,5505,2001,5.31223929100749e-10,4.698195379224376e-08,0.45280200000000004,2.469852,SCG,151800
3307076,189,5506,2001,0.0,1.0590775868435834e-07,0.45280200000000004,2.469852,SCG,151911
3313602,189,5507,2001,1.1600257847105917e-09,1.5544207802645655e-09,0.45280200000000004,2.469852,SCG,151912
3320128,189,5508,2001,1.970174095478313e-07,1.2367621336469174e-07,0.45280200000000004,2.469852,SCG,151913
3326654,189,5509,2001,0.0,0.0,0.45280200000000004,2.469852,SCG,151919
3333180,189,5510,2001,3.3961088210373504e-07,2.5710583711778977e-07,0.45280200000000004,2.469852,SCG,151920
3339706,189,5511,2001,0.0,3.6340634390974166e-08,0.45280200000000004,2.469852,SCG,151930
3346232,189,5512,2001,7.633503008584066e-10,4.003578093237494e-08,0.45280200000000004,2.469852,SCG,152010
3352758,189,5513,2001,6.890153152289635e-09,1.1146589013106127e-07,0.45280200000000004,2.469852,SCG,152090
3359284,189,5514,2001,0.0,2.365768769622275e-09,0.45280200000000004,2.469852,SCG,152110
3365810,189,5515,2001,5.893464331518178e-09,1.8552956596513828e-08,0.45280200000000004,2.469852,SCG,152190
3372336,189,5516,2001,2.0060142860628797e-08,0.0,0.45280200000000004,2.469852,SCG,152200
3378862,189,5517,2001,6.474559066102162e-07,2.0329497146185155e-06,0.45280200000000004,2.469852,SCG,160100
3385388,189,5518,2001,6.414930467968018e-08,1.5220795479110013e-07,0.45280200000000004,2.469852,SCG,160210
3391914,189,5519,2001,3.8061997545993417e-07,8.650335070522198e-08,0.45280200000000004,2.469852,SCG,160220
3398440,189,5520,2001,0.0,9.199121835546093e-08,0.45280200000000004,2.469852,SCG,160231
3404966,189,5521,2001,1.0931030850513735e-07,1.1475145176835737e-06,0.45280200000000004,2.469852,SCG,160239
3411492,189,5522,2001,5.1927214828857924e-08,1.9023094310118365e-07,0.45280200000000004,2.469852,SCG,160241
3418018,189,5523,2001,0.0,3.4967507462906766e-08,0.45280200000000004,2.469852,SCG,160242
3424544,189,5524,2001,2.955792973220648e-07,2.6589444603682506e-07,0.45280200000000004,2.469852,SCG,160249
3431070,189,5525,2001,9.643881028006359e-08,2.5660106465545654e-07,0.45280200000000004,2.469852,SCG,160250
3437596,189,5526,2001,8.498976791534288e-09,2.861294251194461e-08,0.45280200000000004,2.469852,SCG,160290
3444122,189,5527,2001,0.0,3.151662704411899e-08,0.45280200000000004,2.469852,SCG,160300
3450648,189,5528,2001,1.6776130470631754e-09,2.3299740053859053e-09,0.45280200000000004,2.469852,SCG,160411
3457174,189,5529,2001,0.0,4.2668684701761235e-09,0.45280200000000004,2.469852,SCG,160412
3463700,189,5530,2001,3.696263977646022e-08,1.0060241118842466e-06,0.45280200000000004,2.469852,SCG,160413
3470226,189,5531,2001,0.0,3.4124507621840045e-07,0.45280200000000004,2.469852,SCG,160414
3476752,189,5532,2001,0.0,6.622826822933615e-08,0.45280200000000004,2.469852,SCG,160415
3483278,189,5533,2001,0.0,8.692824781402777e-09,0.45280200000000004,2.469852,SCG,160416
3489804,189,5534,2001,0.0,1.4015903942953553e-07,0.45280200000000004,2.469852,SCG,160419
3496330,189,5535,2001,3.717961429627547e-09,1.4687917498191172e-07,0.45280200000000004,2.469852,SCG,160420
3502856,189,5536,2001,0.0,8.405140935503067e-10,0.45280200000000004,2.469852,SCG,160430
3509382,189,5537,2001,0.0,6.873589032389515e-09,0.45280200000000004,2.469852,SCG,160510
3515908,189,5538,2001,0.0,7.969306537625048e-09,0.45280200000000004,2.469852,SCG,160520
3522434,189,5539,2001,0.0,0.0,0.45280200000000004,2.469852,SCG,160530
3528960,189,5540,2001,0.0,2.129788472063987e-09,0.45280200000000004,2.469852,SCG,160540
3535486,189,5541,2001,0.0,6.987800844943709e-08,0.45280200000000004,2.469852,SCG,160590
3542012,189,5542,2001,0.0,2.7250421439947248e-09,0.45280200000000004,2.469852,SCG,170111
3548538,189,5543,2001,0.0,7.803556893230527e-08,0.45280200000000004,2.469852,SCG,170112
3555064,189,5544,2001,4.197062988046419e-09,1.1896124747555662e-08,0.45280200000000004,2.469852,SCG,170191
3561590,189,5545,2001,4.306252384773056e-06,1.1524364966258758e-05,0.45280200000000004,2.469852,SCG,170199
3568116,189,5546,2001,1.580944231670626e-09,6.181656353720361e-08,0.45280200000000004,2.469852,SCG,170210
3574642,189,5547,2001,0.0,1.6982627032144209e-09,0.45280200000000004,2.469852,SCG,170220
3581168,189,5548,2001,1.9835592414842342e-08,2.0955613859279696e-07,0.45280200000000004,2.469852,SCG,170230
3587694,189,5549,2001,0.0,7.2600399129414306e-09,0.45280200000000004,2.469852,SCG,170240
3594220,189,5550,2001,0.0,2.664721337596398e-09,0.45280200000000004,2.469852,SCG,170250
3600746,189,5551,2001,0.0,1.2985114162846766e-07,0.45280200000000004,2.469852,SCG,170260
3607272,189,5552,2001,1.4638507198597138e-08,1.0362020810325257e-07,0.45280200000000004,2.469852,SCG,170290
3613798,189,5553,2001,1.1433587475739453e-09,0.0,0.45280200000000004,2.469852,SCG,170310
3620324,189,5554,2001,0.0,3.0266594333064444e-07,0.45280200000000004,2.469852,SCG,170390
3626850,189,5555,2001,3.1829192338373114e-08,6.001641832911641e-07,0.45280200000000004,2.469852,SCG,170410
3633376,189,5556,2001,6.642168852289055e-07,1.6309725236460726e-06,0.45280200000000004,2.469852,SCG,170490
3639902,189,5557,2001,6.325292111876745e-09,8.105518872864522e-07,0.45280200000000004,2.469852,SCG,180100
3646428,189,5558,2001,0.0,0.0,0.45280200000000004,2.469852,SCG,180200
3652954,189,5559,2001,0.0,1.6515538502159806e-07,0.45280200000000004,2.469852,SCG,180310
3659480,189,5560,2001,0.0,3.082426350254699e-07,0.45280200000000004,2.469852,SCG,180320
3666006,189,5561,2001,8.292002494001025e-09,4.2444205129378886e-07,0.45280200000000004,2.469852,SCG,180400
3672532,189,5562,2001,2.1178955608056044e-08,4.0275804712559926e-07,0.45280200000000004,2.469852,SCG,180500
3679058,189,5563,2001,6.066801517739301e-10,9.367920663560751e-08,0.45280200000000004,2.469852,SCG,180610
3685584,189,5564,2001,3.2458297231021806e-09,7.256808441170092e-07,0.45280200000000004,2.469852,SCG,180620
3692110,189,5565,2001,2.6348797794508803e-07,2.303264814038532e-06,0.45280200000000004,2.469852,SCG,180631
3698636,189,5566,2001,5.197739776249117e-07,2.240463563051826e-06,0.45280200000000004,2.469852,SCG,180632
3705162,189,5567,2001,2.4065510678640676e-06,1.7399712265088418e-06,0.45280200000000004,2.469852,SCG,180690
3711688,189,5568,2001,5.3859985062631217e-08,5.599855547348459e-07,0.45280200000000004,2.469852,SCG,190110
3718214,189,5569,2001,5.007535548445709e-08,8.675822268390502e-08,0.45280200000000004,2.469852,SCG,190120
3724740,189,5570,2001,7.207766272706346e-08,3.7267685641395914e-07,0.45280200000000004,2.469852,SCG,190190
3731266,189,5571,2001,1.8278527501832947e-07,3.6531208367232615e-08,0.45280200000000004,2.469852,SCG,190211
3737792,189,5572,2001,1.1576257313629145e-07,5.18837484647126e-07,0.45280200000000004,2.469852,SCG,190219
3744318,189,5573,2001,6.221350407551841e-10,2.3552623434528962e-08,0.45280200000000004,2.469852,SCG,190220
3750844,189,5574,2001,4.173850350870654e-08,4.0759299176152665e-08,0.45280200000000004,2.469852,SCG,190230
3757370,189,5575,2001,0.0,0.0,0.45280200000000004,2.469852,SCG,190240
3763896,189,5576,2001,2.3106574212168915e-09,6.7224555833915105e-09,0.45280200000000004,2.469852,SCG,190300
3770422,189,5577,2001,5.535820018269631e-08,3.2871956019968864e-07,0.45280200000000004,2.469852,SCG,190410
3776948,189,5578,2001,7.815325231892936e-09,9.526909074710625e-08,0.45280200000000004,2.469852,SCG,190490
3783474,189,5579,2001,5.179509067992015e-09,1.8560248122561978e-10,0.45280200000000004,2.469852,SCG,190510
3790000,189,5580,2001,2.542480755935701e-09,4.639730597638306e-09,0.45280200000000004,2.469852,SCG,190520
3796526,189,5581,2001,2.6488906969420233e-06,1.3392591153057527e-06,0.45280200000000004,2.469852,SCG,190530
3803052,189,5582,2001,3.3191646865034248e-09,6.638072741034291e-08,0.45280200000000004,2.469852,SCG,190540
3809578,189,5583,2001,1.737152249270859e-06,2.2149597935334128e-06,0.45280200000000004,2.469852,SCG,190590
3816104,189,5584,2001,3.74880150907112e-07,1.0770843418524904e-07,0.45280200000000004,2.469852,SCG,200110
3822630,189,5585,2001,0.0,7.579872760053436e-10,0.45280200000000004,2.469852,SCG,200120
3829156,189,5586,2001,2.3433611784493804e-07,1.489887460408422e-07,0.45280200000000004,2.469852,SCG,200190
3835682,189,5587,2001,1.0892363324356716e-08,6.85161502434441e-08,0.45280200000000004,2.469852,SCG,200210
3842208,189,5588,2001,2.6823323493641072e-08,6.484367371939303e-07,0.45280200000000004,2.469852,SCG,200290
3848734,189,5589,2001,1.5348522980618276e-07,3.3656027073246445e-08,0.45280200000000004,2.469852,SCG,200310
3855260,189,5590,2001,0.0,0.0,0.45280200000000004,2.469852,SCG,200320
3861786,189,5591,2001,2.4649941851022377e-08,5.190174527673144e-08,0.45280200000000004,2.469852,SCG,200410
3868312,189,5592,2001,5.3375428837513075e-08,2.7679295744779303e-08,0.45280200000000004,2.469852,SCG,200490
3874838,189,5593,2001,1.0118103690099776e-08,2.448295587167238e-09,0.45280200000000004,2.469852,SCG,200510
3881364,189,5594,2001,5.350434079383906e-07,1.5194910561639084e-07,0.45280200000000004,2.469852,SCG,200520
3887890,189,5595,2001,0.0,0.0,0.45280200000000004,2.469852,SCG,200530
3894416,189,5596,2001,6.702227763018364e-07,3.8400159066574163e-08,0.45280200000000004,2.469852,SCG,200540
3900942,189,5597,2001,0.0,2.6955446067999385e-09,0.45280200000000004,2.469852,SCG,200551
3907468,189,5598,2001,1.308350293745191e-07,6.615071290682402e-09,0.45280200000000004,2.469852,SCG,200559
3913994,189,5599,2001,0.0,2.2852305500904433e-09,0.45280200000000004,2.469852,SCG,200560
3920520,189,5600,2001,0.0,2.0814257683846255e-07,0.45280200000000004,2.469852,SCG,200570
3927046,189,5601,2001,0.0,1.639930494829226e-09,0.45280200000000004,2.469852,SCG,200580
3933572,189,5602,2001,8.920834653314751e-08,1.9116260127033584e-07,0.45280200000000004,2.469852,SCG,200590
3940098,189,5603,2001,9.321419314968077e-10,3.0851772441728646e-08,0.45280200000000004,2.469852,SCG,200600
3946624,189,5604,2001,1.3000288966584216e-08,2.0124976469194608e-07,0.45280200000000004,2.469852,SCG,200710
3953150,189,5605,2001,1.2160876368974934e-09,5.029495808212108e-09,0.45280200000000004,2.469852,SCG,200791
3959676,189,5606,2001,1.9818531429555195e-07,1.3102806021923942e-07,0.45280200000000004,2.469852,SCG,200799
3966202,189,5607,2001,4.352824026014352e-09,4.5986362196969406e-07,0.45280200000000004,2.469852,SCG,200811
3972728,189,5608,2001,4.211608765911129e-09,2.7268749684968274e-07,0.45280200000000004,2.469852,SCG,200819
3979254,189,5609,2001,6.268927222650995e-09,3.247513128644844e-08,0.45280200000000004,2.469852,SCG,200820
3985780,189,5610,2001,0.0,3.558264711496882e-09,0.45280200000000004,2.469852,SCG,200830
3992306,189,5611,2001,1.665643084028675e-08,4.3484009887145206e-10,0.45280200000000004,2.469852,SCG,200840
3998832,189,5612,2001,2.7533945349739907e-09,1.018825048727777e-08,0.45280200000000004,2.469852,SCG,200850
4005358,189,5613,2001,7.318259637811147e-07,1.3921843256932426e-08,0.45280200000000004,2.469852,SCG,200860
4011884,189,5614,2001,4.4260680783039415e-08,4.2490042313581575e-08,0.45280200000000004,2.469852,SCG,200870
4018410,189,5615,2001,1.014810435694574e-08,7.31969785333538e-09,0.45280200000000004,2.469852,SCG,200880
4024936,189,5616,2001,0.0,0.0,0.45280200000000004,2.469852,SCG,200891
4031462,189,5617,2001,5.128901882504379e-09,2.5413619741817988e-08,0.45280200000000004,2.469852,SCG,200892
4037988,189,5618,2001,4.2488823216894477e-08,2.602213073383627e-08,0.45280200000000004,2.469852,SCG,200899
4044514,189,5619,2001,2.0636822345556764e-09,2.711410304614707e-07,0.45280200000000004,2.469852,SCG,200911
4051040,189,5620,2001,6.474931801659945e-08,4.805911104935673e-07,0.45280200000000004,2.469852,SCG,200919
4057566,189,5621,2001,0.0,3.075101680906331e-08,0.45280200000000004,2.469852,SCG,200920
4064092,189,5622,2001,3.8319033562344386e-09,1.5528464735041697e-07,0.45280200000000004,2.469852,SCG,200930
4070618,189,5623,2001,8.864742497423965e-09,1.5909082394755093e-07,0.45280200000000004,2.469852,SCG,200940
4077144,189,5624,2001,3.5134114284050677e-09,6.401628437272939e-09,0.45280200000000004,2.469852,SCG,200950
4083670,189,5625,2001,4.297065210866298e-09,1.7120006011551386e-07,0.45280200000000004,2.469852,SCG,200960
4090196,189,5626,2001,2.6291038934904353e-07,1.5428438254981175e-07,0.45280200000000004,2.469852,SCG,200970
4096722,189,5627,2001,6.333565023037298e-07,4.6538496435315404e-07,0.45280200000000004,2.469852,SCG,200980
4103248,189,5628,2001,2.840799508088953e-07,1.395511913035216e-07,0.45280200000000004,2.469852,SCG,200990
4109774,189,5629,2001,1.990801826712704e-08,3.857866888155295e-07,0.45280200000000004,2.469852,SCG,210110
4116300,189,5630,2001,9.60900146483494e-09,1.7038639209514085e-08,0.45280200000000004,2.469852,SCG,210120
4122826,189,5631,2001,0.0,2.4787874233685896e-09,0.45280200000000004,2.469852,SCG,210130
4129352,189,5632,2001,3.418312344873752e-07,7.238437109858778e-07,0.45280200000000004,2.469852,SCG,210210
4135878,189,5633,2001,1.6930376323405445e-08,4.5799798560037435e-07,0.45280200000000004,2.469852,SCG,210220
4142404,189,5634,2001,1.2810284743226447e-08,5.3522784090435914e-08,0.45280200000000004,2.469852,SCG,210230
4148930,189,5635,2001,4.3182778035856665e-10,3.699786603431417e-09,0.45280200000000004,2.469852,SCG,210310
4155456,189,5636,2001,2.7799405795770856e-07,5.96642376209908e-08,0.45280200000000004,2.469852,SCG,210320
4161982,189,5637,2001,3.3387408792130135e-08,2.217319927941998e-08,0.45280200000000004,2.469852,SCG,210330
4168508,189,5638,2001,5.569990474770144e-07,3.7461474517775595e-07,0.45280200000000004,2.469852,SCG,210390
4175034,189,5639,2001,1.1387071290276266e-07,6.999626374461799e-07,0.45280200000000004,2.469852,SCG,210410
4181560,189,5640,2001,4.6012234867581534e-08,6.695874656615984e-08,0.45280200000000004,2.469852,SCG,210420
4188086,189,5641,2001,5.298999602780216e-07,1.0755879218476088e-06,0.45280200000000004,2.469852,SCG,210500
4194612,189,5642,2001,7.2724434679077e-07,1.2853303257876357e-07,0.45280200000000004,2.469852,SCG,210610
4201138,189,5643,2001,6.983818870627199e-07,5.2757316371571175e-06,0.45280200000000004,2.469852,SCG,210690
4207664,189,5644,2001,1.0651967071808892e-06,2.2288836253883585e-07,0.45280200000000004,2.469852,SCG,220110
4214190,189,5645,2001,2.559450830111196e-09,2.0344020540341057e-08,0.45280200000000004,2.469852,SCG,220190
4220716,189,5646,2001,5.5594569072997836e-08,3.834957244745012e-06,0.45280200000000004,2.469852,SCG,220210
4227242,189,5647,2001,1.1068488451335241e-07,4.674177755287776e-06,0.45280200000000004,2.469852,SCG,220290
4233768,189,5648,2001,1.2182428363177811e-06,4.211294778668144e-06,0.45280200000000004,2.469852,SCG,220300
4240294,189,5649,2001,3.001642477198368e-08,6.580602258454787e-08,0.45280200000000004,2.469852,SCG,220410
4246820,189,5650,2001,9.616428902657108e-07,1.2017051392734197e-06,0.45280200000000004,2.469852,SCG,220421
4253346,189,5651,2001,4.4070343218938913e-07,1.5336674399665215e-06,0.45280200000000004,2.469852,SCG,220429
4259872,189,5652,2001,0.0,8.749831257779218e-10,0.45280200000000004,2.469852,SCG,220430
4266398,189,5653,2001,4.757681509915436e-10,7.566615439965892e-08,0.45280200000000004,2.469852,SCG,220510
4272924,189,5654,2001,6.730755669855525e-09,0.0,0.45280200000000004,2.469852,SCG,220590
4279450,189,5655,2001,1.871253714887122e-09,1.1107977068351155e-08,0.45280200000000004,2.469852,SCG,220600
4285976,189,5656,2001,4.033544201883976e-08,5.136962959171763e-07,0.45280200000000004,2.469852,SCG,220710
4292502,189,5657,2001,1.036356369156675e-08,2.675923773070373e-08,0.45280200000000004,2.469852,SCG,220720
4299028,189,5658,2001,0.0,0.0,0.45280200000000004,2.469852,SCG,220810
4305554,189,5659,2001,1.7633452557236962e-07,7.188387412198275e-07,0.45280200000000004,2.469852,SCG,220820
4312080,189,5660,2001,2.544268674464905e-08,1.7720426723986244e-06,0.45280200000000004,2.469852,SCG,220830
4318606,189,5661,2001,3.6576570588967717e-10,3.034302278336913e-08,0.45280200000000004,2.469852,SCG,220840
4325132,189,5662,2001,7.563804489648999e-10,6.680827598316622e-08,0.45280200000000004,2.469852,SCG,220850
4331658,189,5663,2001,1.3908884920162525e-07,1.81654285587048e-06,0.45280200000000004,2.469852,SCG,220890
4338184,189,5664,2001,4.0271804240681654e-08,2.755401406995201e-08,0.45280200000000004,2.469852,SCG,220900
4344710,189,5665,2001,0.0,3.1005557354744162e-09,0.45280200000000004,2.469852,SCG,230110
4351236,189,5666,2001,0.0,2.5074497493978605e-06,0.45280200000000004,2.469852,SCG,230120
4357762,189,5667,2001,4.435856174658736e-09,1.7385649562805554e-08,0.45280200000000004,2.469852,SCG,230210
4364288,189,5668,2001,9.712337095082148e-10,0.0,0.45280200000000004,2.469852,SCG,230220
4370814,189,5669,2001,7.404740347957622e-08,5.004207470145117e-08,0.45280200000000004,2.469852,SCG,230230
4377340,189,5670,2001,2.687029423466253e-09,1.773166561709046e-09,0.45280200000000004,2.469852,SCG,230240
4383866,189,5671,2001,4.2697918773699677e-10,0.0,0.45280200000000004,2.469852,SCG,230250
4390392,189,5672,2001,1.1484800735304784e-08,3.6553745811381435e-09,0.45280200000000004,2.469852,SCG,230310
4396918,189,5673,2001,3.7159189599857106e-07,1.0727491981838635e-08,0.45280200000000004,2.469852,SCG,230320
4403444,189,5674,2001,7.603199304699255e-10,0.0,0.45280200000000004,2.469852,SCG,230330
4409970,189,5675,2001,1.8631444437275464e-07,2.6569462507980556e-06,0.45280200000000004,2.469852,SCG,230400
4416496,189,5676,2001,0.0,0.0,0.45280200000000004,2.469852,SCG,230500
4423022,189,5677,2001,5.897100775984355e-10,0.0,0.45280200000000004,2.469852,SCG,230610
4429548,189,5678,2001,0.0,0.0,0.45280200000000004,2.469852,SCG,230620
4436074,189,5679,2001,2.0267905054463065e-07,3.536943626466089e-07,0.45280200000000004,2.469852,SCG,230630
4442600,189,5680,2001,4.046099026403453e-07,0.0,0.45280200000000004,2.469852,SCG,230640
4449126,189,5681,2001,0.0,0.0,0.45280200000000004,2.469852,SCG,230650
4455652,189,5682,2001,0.0,0.0,0.45280200000000004,2.469852,SCG,230660
4462178,189,5683,2001,1.036689709899408e-09,0.0,0.45280200000000004,2.469852,SCG,230690
4468704,189,5684,2001,9.44324020458502e-09,0.0,0.45280200000000004,2.469852,SCG,230700
4475230,189,5685,2001,0.0,0.0,0.45280200000000004,2.469852,SCG,230810
4481756,189,5686,2001,1.2157542961547603e-08,8.38525495537175e-10,0.45280200000000004,2.469852,SCG,230890
4488282,189,5687,2001,4.304338099798653e-09,2.0887305517528622e-07,0.45280200000000004,2.469852,SCG,230910
4494808,189,5688,2001,7.326029507487212e-07,1.4168740957582807e-06,0.45280200000000004,2.469852,SCG,230990
4501334,189,5689,2001,5.81189585177143e-07,2.9952568192150783e-06,0.45280200000000004,2.469852,SCG,240110
4507860,189,5690,2001,3.089050480683719e-07,2.8013562499136622e-06,0.45280200000000004,2.469852,SCG,240120
4514386,189,5691,2001,0.0,1.6214995055775178e-07,0.45280200000000004,2.469852,SCG,240130
4520912,189,5692,2001,0.0,1.1819265434348124e-07,0.45280200000000004,2.469852,SCG,240210
4527438,189,5693,2001,5.62871905289891e-07,2.0855500212339597e-05,0.45280200000000004,2.469852,SCG,240220
4533964,189,5694,2001,0.0,1.9659942823823775e-08,0.45280200000000004,2.469852,SCG,240290
4540490,189,5695,2001,5.0361725486168556e-09,8.154544442548261e-08,0.45280200000000004,2.469852,SCG,240310
4547016,189,5696,2001,4.0838483503327634e-08,1.8489652893095804e-08,0.45280200000000004,2.469852,SCG,240391
4553542,189,5697,2001,7.352587673571861e-09,6.332458369716177e-08,0.45280200000000004,2.469852,SCG,240399
4560068,189,5698,2001,1.2316091940272938e-07,2.321494623457912e-06,0.45280200000000004,2.469852,SCG,250100
4566594,189,5699,2001,7.59498700094647e-08,0.0,0.45280200000000004,2.469852,SCG,250200
4573120,189,5700,2001,1.0280228505883519e-08,9.970034998636793e-08,0.45280200000000004,2.469852,SCG,250310
4579646,189,5701,2001,0.0,0.0,0.45280200000000004,2.469852,SCG,250390
4586172,189,5702,2001,0.0,3.973019970435704e-08,0.45280200000000004,2.469852,SCG,250410
4592698,189,5703,2001,0.0,7.791658448451955e-09,0.45280200000000004,2.469852,SCG,250490
4599224,189,5704,2001,1.0109376223380951e-07,1.4262788386283845e-07,0.45280200000000004,2.469852,SCG,250510
4605750,189,5705,2001,1.3867580971767528e-08,8.469770370929846e-08,0.45280200000000004,2.469852,SCG,250590
4612276,189,5706,2001,2.13071402754888e-08,8.003444136850476e-09,0.45280200000000004,2.469852,SCG,250610
4618802,189,5707,2001,7.672897823634321e-09,0.0,0.45280200000000004,2.469852,SCG,250621
4625328,189,5708,2001,0.0,3.0216415376533085e-08,0.45280200000000004,2.469852,SCG,250629
4631854,189,5709,2001,2.546996007814538e-08,5.10588780088656e-07,0.45280200000000004,2.469852,SCG,250700
4638380,189,5710,2001,0.0,1.9151392025265577e-07,0.45280200000000004,2.469852,SCG,250810
4644906,189,5711,2001,0.0,1.5948556065315755e-09,0.45280200000000004,2.469852,SCG,250820
4651432,189,5712,2001,3.2424963156748513e-10,2.093827991326523e-08,0.45280200000000004,2.469852,SCG,250830
4657958,189,5713,2001,4.9404128443408504e-09,5.158655249165007e-08,0.45280200000000004,2.469852,SCG,250840
4664484,189,5714,2001,0.0,0.0,0.45280200000000004,2.469852,SCG,250850
4671010,189,5715,2001,0.0,8.432318441682532e-09,0.45280200000000004,2.469852,SCG,250860
4677536,189,5716,2001,2.7897589796357648e-09,5.324703183261499e-08,0.45280200000000004,2.469852,SCG,250870
4684062,189,5717,2001,4.056150764982045e-09,2.4563494091204213e-07,0.45280200000000004,2.469852,SCG,250900
4690588,189,5718,2001,3.2667392787827007e-09,1.3651350840856239e-06,0.45280200000000004,2.469852,SCG,251010
4697114,189,5719,2001,0.0,1.861725459893842e-08,0.45280200000000004,2.469852,SCG,251020
4703640,189,5720,2001,9.8971896887795e-10,2.165616379600575e-08,0.45280200000000004,2.469852,SCG,251110
4710166,189,5721,2001,0.0,2.861261107894242e-09,0.45280200000000004,2.469852,SCG,251120
4716692,189,5722,2001,0.0,2.1215656192796875e-07,0.45280200000000004,2.469852,SCG,251200
4723218,189,5723,2001,0.0,2.3623881529999512e-08,0.45280200000000004,2.469852,SCG,251311
4729744,189,5724,2001,0.0,1.256462511297008e-09,0.45280200000000004,2.469852,SCG,251319
4736270,189,5725,2001,4.6061629904913776e-10,2.3016033403985607e-08,0.45280200000000004,2.469852,SCG,251321
4742796,189,5726,2001,0.0,0.0,0.45280200000000004,2.469852,SCG,251329
4749322,189,5727,2001,0.0,7.970963702635992e-10,0.45280200000000004,2.469852,SCG,251400
4755848,189,5728,2001,1.2069359183242802e-07,7.319797283236036e-08,0.45280200000000004,2.469852,SCG,251511
4762374,189,5729,2001,1.287674076584584e-07,1.279656192790167e-07,0.45280200000000004,2.469852,SCG,251512
4768900,189,5730,2001,1.0620539100509955e-08,6.578945093443844e-09,0.45280200000000004,2.469852,SCG,251520
4775426,189,5731,2001,7.506227452267857e-10,7.118832882358975e-07,0.45280200000000004,2.469852,SCG,251611
4781952,189,5732,2001,3.3225890050424084e-08,1.0689112040185194e-07,0.45280200000000004,2.469852,SCG,251612
4788478,189,5733,2001,0.0,0.0,0.45280200000000004,2.469852,SCG,251621
4795004,189,5734,2001,0.0,0.0,0.45280200000000004,2.469852,SCG,251622
4801530,189,5735,2001,2.7373335719150402e-09,3.112189033851236e-08,0.45280200000000004,2.469852,SCG,251690
4808056,189,5736,2001,4.550858730901596e-08,1.503181238126207e-08,0.45280200000000004,2.469852,SCG,251710
4814582,189,5737,2001,0.0,0.0,0.45280200000000004,2.469852,SCG,251720
4821108,189,5738,2001,4.284943729312374e-09,0.0,0.45280200000000004,2.469852,SCG,251730
4827634,189,5739,2001,1.6724583870323688e-07,6.064395357546031e-08,0.45280200000000004,2.469852,SCG,251741
4834160,189,5740,2001,3.1367363891168585e-09,1.3807797160879326e-07,0.45280200000000004,2.469852,SCG,251749
4840686,189,5741,2001,1.2297243036456586e-09,1.1752581114307775e-07,0.45280200000000004,2.469852,SCG,251810
4847212,189,5742,2001,0.0,4.930397340557714e-09,0.45280200000000004,2.469852,SCG,251820
4853738,189,5743,2001,0.0,0.0,0.45280200000000004,2.469852,SCG,251830
4860264,189,5744,2001,9.889916799847145e-09,2.285561983092632e-09,0.45280200000000004,2.469852,SCG,251910
4866790,189,5745,2001,2.8766396986735198e-08,3.0986731960219847e-07,0.45280200000000004,2.469852,SCG,251990
4873316,189,5746,2001,0.0,2.632638622984541e-08,0.45280200000000004,2.469852,SCG,252010
4879842,189,5747,2001,8.975957090681224e-10,4.424660408188097e-07,0.45280200000000004,2.469852,SCG,252020
4886368,189,5748,2001,0.0,0.0,0.45280200000000004,2.469852,SCG,252100
4892894,189,5749,2001,2.8542452615026438e-08,4.093495866731263e-08,0.45280200000000004,2.469852,SCG,252210
4899420,189,5750,2001,3.844236963715557e-08,2.724926142443959e-07,0.45280200000000004,2.469852,SCG,252220
4905946,189,5751,2001,5.634973737380735e-09,1.2532906974660632e-07,0.45280200000000004,2.469852,SCG,252230
4912472,189,5752,2001,4.1202582505503646e-07,2.414165942333864e-06,0.45280200000000004,2.469852,SCG,252310
4918998,189,5753,2001,0.0,1.553443052908109e-07,0.45280200000000004,2.469852,SCG,252321
4925524,189,5754,2001,5.225731307527519e-07,3.0843460102033757e-06,0.45280200000000004,2.469852,SCG,252329
4932050,189,5755,2001,0.0,9.228387369639347e-08,0.45280200000000004,2.469852,SCG,252330
4938576,189,5756,2001,7.294101525074175e-10,4.298401006004347e-07,0.45280200000000004,2.469852,SCG,252390
4945102,189,5757,2001,1.5549436537374575e-08,7.351482278245268e-08,0.45280200000000004,2.469852,SCG,252400
4951628,189,5758,2001,1.2933620818037632e-09,3.950018520083815e-09,0.45280200000000004,2.469852,SCG,252510
4958154,189,5759,2001,0.0,3.389565313382881e-09,0.45280200000000004,2.469852,SCG,252520
4964680,189,5760,2001,0.0,0.0,0.45280200000000004,2.469852,SCG,252530
4971206,189,5761,2001,0.0,0.0,0.45280200000000004,2.469852,SCG,252610
4977732,189,5762,2001,6.27620011158335e-09,1.1668430275052089e-07,0.45280200000000004,2.469852,SCG,252620
4984258,189,5763,2001,0.0,4.311943358473774e-10,0.45280200000000004,2.469852,SCG,252700
4990784,189,5764,2001,0.0,0.0,0.45280200000000004,2.469852,SCG,252810
4997310,189,5765,2001,2.3849014957346804e-09,9.244660730046808e-09,0.45280200000000004,2.469852,SCG,252890
5003836,189,5766,2001,0.0,1.0064692264061858e-07,0.45280200000000004,2.469852,SCG,252910
5010362,189,5767,2001,0.0,8.988131586352827e-09,0.45280200000000004,2.469852,SCG,252921
5016888,189,5768,2001,0.0,2.3163852522961726e-09,0.45280200000000004,2.469852,SCG,252922
5023414,189,5769,2001,0.0,9.644700363688457e-10,0.45280200000000004,2.469852,SCG,252930
5029940,189,5770,2001,7.636533378972547e-10,3.716789116443692e-08,0.45280200000000004,2.469852,SCG,253010
5036466,189,5771,2001,0.0,0.0,0.45280200000000004,2.469852,SCG,253020
5042992,189,5772,2001,0.0,0.0,0.45280200000000004,2.469852,SCG,253030
5049518,189,5773,2001,0.0,2.833420735710399e-09,0.45280200000000004,2.469852,SCG,253040
5056044,189,5774,2001,5.725581811996322e-09,1.9993331280725293e-07,0.45280200000000004,2.469852,SCG,253090
5062570,189,5775,2001,4.960110251865978e-09,1.2567273262657568e-06,0.45280200000000004,2.469852,SCG,260111
5069096,189,5776,2001,0.0,1.1951981151414507e-06,0.45280200000000004,2.469852,SCG,260112
5075622,189,5777,2001,2.9030039210533058e-08,5.750362587972327e-10,0.45280200000000004,2.469852,SCG,260120
5082148,189,5778,2001,8.530492643574492e-10,8.020678652964283e-10,0.45280200000000004,2.469852,SCG,260200
5088674,189,5779,2001,3.667278484880199e-07,5.079721828229773e-06,0.45280200000000004,2.469852,SCG,260300
5095200,189,5780,2001,0.0,0.0,0.45280200000000004,2.469852,SCG,260400
5101726,189,5781,2001,0.0,0.0,0.45280200000000004,2.469852,SCG,260500
5108252,189,5782,2001,6.524993520477654e-09,3.7879179530433896e-07,0.45280200000000004,2.469852,SCG,260600
5114778,189,5783,2001,5.857551412044288e-07,0.0,0.45280200000000004,2.469852,SCG,260700
5121304,189,5784,2001,6.50189603737665e-07,1.1633261919189856e-06,0.45280200000000004,2.469852,SCG,260800
5127830,189,5785,2001,7.933509677043701e-10,0.0,0.45280200000000004,2.469852,SCG,260900
5134356,189,5786,2001,4.2516096550390805e-10,2.1026772524849588e-07,0.45280200000000004,2.469852,SCG,261000
5140882,189,5787,2001,0.0,0.0,0.45280200000000004,2.469852,SCG,261100
5147408,189,5788,2001,0.0,0.0,0.45280200000000004,2.469852,SCG,261210
5153934,189,5789,2001,0.0,0.0,0.45280200000000004,2.469852,SCG,261220
5160460,189,5790,2001,0.0,0.0,0.45280200000000004,2.469852,SCG,261310
5166986,189,5791,2001,0.0,0.0,0.45280200000000004,2.469852,SCG,261390
5173512,189,5792,2001,0.0,3.2613007415358902e-09,0.45280200000000004,2.469852,SCG,261400
5180038,189,5793,2001,0.0,6.374782364095662e-09,0.45280200000000004,2.469852,SCG,261510
5186564,189,5794,2001,0.0,0.0,0.45280200000000004,2.469852,SCG,261590
5193090,189,5795,2001,0.0,0.0,0.45280200000000004,2.469852,SCG,261610
5199616,189,5796,2001,0.0,0.0,0.45280200000000004,2.469852,SCG,261690
5206142,189,5797,2001,0.0,1.932254402759577e-09,0.45280200000000004,2.469852,SCG,261710
5212668,189,5798,2001,7.891266313828274e-08,2.3052192744524383e-07,0.45280200000000004,2.469852,SCG,261790
5219194,189,5799,2001,1.0594174878130168e-09,4.897585473341042e-08,0.45280200000000004,2.469852,SCG,261800
5225720,189,5800,2001,0.0,3.705420964468623e-10,0.45280200000000004,2.469852,SCG,261900
5232246,189,5801,2001,1.9794379377559e-09,6.154710850642427e-10,0.45280200000000004,2.469852,SCG,262011
5238772,189,5802,2001,1.7515752971348354e-07,0.0,0.45280200000000004,2.469852,SCG,262019
5245298,189,5803,2001,0.0,4.9253264156242284e-08,0.45280200000000004,2.469852,SCG,262020
5251824,189,5804,2001,9.567606605328288e-08,5.614475057074998e-09,0.45280200000000004,2.469852,SCG,262030
5258350,189,5805,2001,2.239140680048736e-09,0.0,0.45280200000000004,2.469852,SCG,262040
5264876,189,5806,2001,0.0,0.0,0.45280200000000004,2.469852,SCG,262050
5271402,189,5807,2001,1.574519846447046e-08,0.0,0.45280200000000004,2.469852,SCG,262090
5277928,189,5808,2001,0.0,2.7207335149662726e-08,0.45280200000000004,2.469852,SCG,262100
5284454,189,5809,2001,2.7967288315292713e-09,1.1282542830603894e-07,0.45280200000000004,2.469852,SCG,270111
5290980,189,5810,2001,0.0,1.1124217285458397e-08,0.45280200000000004,2.469852,SCG,270112
5297506,189,5811,2001,6.151651888616774e-10,4.119125580790508e-07,0.45280200000000004,2.469852,SCG,270119
5304032,189,5812,2001,0.0,8.975868565271848e-09,0.45280200000000004,2.469852,SCG,270120
5310558,189,5813,2001,2.7968773196783066e-07,1.2077726832444865e-06,0.45280200000000004,2.469852,SCG,270210
5317084,189,5814,2001,0.0,1.770316237890224e-08,0.45280200000000004,2.469852,SCG,270220
5323610,189,5815,2001,3.75765928171665e-10,3.881014169028147e-08,0.45280200000000004,2.469852,SCG,270300
5330136,189,5816,2001,2.707151082845768e-08,3.917246424827406e-06,0.45280200000000004,2.469852,SCG,270400
5336662,189,5817,2001,0.0,0.0,0.45280200000000004,2.469852,SCG,270500
5343188,189,5818,2001,0.0,1.9541289809040254e-09,0.45280200000000004,2.469852,SCG,270600
5349714,189,5819,2001,0.0,0.0,0.45280200000000004,2.469852,SCG,270710
5356240,189,5820,2001,0.0,1.1700910709266572e-08,0.45280200000000004,2.469852,SCG,270720
5362766,189,5821,2001,7.609260045476216e-10,3.246618259538935e-08,0.45280200000000004,2.469852,SCG,270730
5369292,189,5822,2001,6.100135592012594e-10,5.932650739176061e-10,0.45280200000000004,2.469852,SCG,270740
5375818,189,5823,2001,2.3707193623165885e-08,6.247528662905347e-07,0.45280200000000004,2.469852,SCG,270750
5382344,189,5824,2001,0.0,0.0,0.45280200000000004,2.469852,SCG,270760
5388870,189,5825,2001,1.0527506729583583e-09,6.745490177043618e-08,0.45280200000000004,2.469852,SCG,270791
5395396,189,5826,2001,0.0,1.8621629514567306e-07,0.45280200000000004,2.469852,SCG,270799
5401922,189,5827,2001,0.0,7.645158432824548e-07,0.45280200000000004,2.469852,SCG,270810
5408448,189,5828,2001,0.0,2.0903479448035427e-09,0.45280200000000004,2.469852,SCG,270820
5414974,189,5829,2001,1.0626842270917995e-07,4.444154402507725e-05,0.45280200000000004,2.469852,SCG,270900
5421500,189,5830,2001,8.499394982647898e-06,7.692581093079802e-05,0.45280200000000004,2.469852,SCG,271000
5428026,189,5831,2001,0.0,0.0,0.45280200000000004,2.469852,SCG,271011
5434552,189,5832,2001,0.0,0.0,0.45280200000000004,2.469852,SCG,271012
5441078,189,5833,2001,0.0,0.0,0.45280200000000004,2.469852,SCG,271013
5447604,189,5834,2001,0.0,0.0,0.45280200000000004,2.469852,SCG,271014
5454130,189,5835,2001,0.0,0.0,0.45280200000000004,2.469852,SCG,271015
5460656,189,5836,2001,0.0,0.0,0.45280200000000004,2.469852,SCG,271016
5467182,189,5837,2001,0.0,0.0,0.45280200000000004,2.469852,SCG,271019
5473708,189,5838,2001,0.0,0.0,0.45280200000000004,2.469852,SCG,271021
5480234,189,5839,2001,0.0,0.0,0.45280200000000004,2.469852,SCG,271022
5486760,189,5840,2001,0.0,0.0,0.45280200000000004,2.469852,SCG,271025
5493286,189,5841,2001,0.0,0.0,0.45280200000000004,2.469852,SCG,271026
5499812,189,5842,2001,0.0,0.0,0.45280200000000004,2.469852,SCG,271027
5506338,189,5843,2001,0.0,0.0,0.45280200000000004,2.469852,SCG,271029
5512864,189,5844,2001,0.0,0.0,0.45280200000000004,2.469852,SCG,271091
5519390,189,5845,2001,0.0,0.0,0.45280200000000004,2.469852,SCG,271093
5525916,189,5846,2001,0.0,0.0,0.45280200000000004,2.469852,SCG,271094
5532442,189,5847,2001,0.0,0.0,0.45280200000000004,2.469852,SCG,271095
5538968,189,5848,2001,0.0,0.0,0.45280200000000004,2.469852,SCG,271096
5545494,189,5849,2001,0.0,0.0,0.45280200000000004,2.469852,SCG,271099
5552020,189,5850,2001,0.0,2.230212671727135e-09,0.45280200000000004,2.469852,SCG,271111
5558546,189,5851,2001,1.2629220112514697e-07,0.0,0.45280200000000004,2.469852,SCG,271112
5565072,189,5852,2001,7.119370368474351e-07,1.0366097436252178e-07,0.45280200000000004,2.469852,SCG,271113
5571598,189,5853,2001,0.0,0.0,0.45280200000000004,2.469852,SCG,271114
5578124,189,5854,2001,1.8488880662349368e-06,7.607249126034216e-08,0.45280200000000004,2.469852,SCG,271119
5584650,189,5855,2001,7.53896151320423e-07,4.097490529276742e-05,0.45280200000000004,2.469852,SCG,271121
5591176,189,5856,2001,0.0,1.1148411894618165e-08,0.45280200000000004,2.469852,SCG,271129
5597702,189,5857,2001,9.922038725965044e-09,7.451608188206445e-08,0.45280200000000004,2.469852,SCG,271210
5604228,189,5858,2001,3.4706832059274833e-09,1.231190744880127e-07,0.45280200000000004,2.469852,SCG,271220
5610754,189,5859,2001,1.4812753495934804e-08,3.1022659297657093e-07,0.45280200000000004,2.469852,SCG,271290
5617280,189,5860,2001,0.0,2.419792348979018e-09,0.45280200000000004,2.469852,SCG,271311
5623806,189,5861,2001,0.0,1.9369100421413205e-06,0.45280200000000004,2.469852,SCG,271312
5630332,189,5862,2001,5.834887271908837e-08,9.798816709706158e-07,0.45280200000000004,2.469852,SCG,271320
5636858,189,5863,2001,4.447389764357295e-07,1.241892716520797e-07,0.45280200000000004,2.469852,SCG,271390
5643384,189,5864,2001,0.0,3.531584354820699e-08,0.45280200000000004,2.469852,SCG,271410
5649910,189,5865,2001,0.0,3.5909440055126786e-08,0.45280200000000004,2.469852,SCG,271490
5656436,189,5866,2001,6.084771614142994e-08,5.060219647514991e-07,0.45280200000000004,2.469852,SCG,271500
5662962,189,5867,2001,5.013406284999313e-06,2.643358922870232e-05,0.45280200000000004,2.469852,SCG,271600
5669488,189,5868,2001,7.273191969393655e-09,3.302265860606402e-08,0.45280200000000004,2.469852,SCG,280110
5676014,189,5869,2001,0.0,1.1112285697379607e-08,0.45280200000000004,2.469852,SCG,280120
5682540,189,5870,2001,0.0,0.0,0.45280200000000004,2.469852,SCG,280130
5689066,189,5871,2001,0.0,2.315059520287418e-09,0.45280200000000004,2.469852,SCG,280200
5695592,189,5872,2001,1.992135189683636e-08,1.24242168359229e-06,0.45280200000000004,2.469852,SCG,280300
5702118,189,5873,2001,3.798872318999994e-09,1.4947628398706163e-09,0.45280200000000004,2.469852,SCG,280410
5708644,189,5874,2001,3.002972809798911e-07,1.4214498597864965e-08,0.45280200000000004,2.469852,SCG,280421
5715170,189,5875,2001,0.0,4.2030013306543785e-08,0.45280200000000004,2.469852,SCG,280429
5721696,189,5876,2001,4.8174101102724e-08,1.1507353835988426e-09,0.45280200000000004,2.469852,SCG,280430
5728222,189,5877,2001,1.5278794157979323e-07,2.2045266140575178e-08,0.45280200000000004,2.469852,SCG,280440
5734748,189,5878,2001,0.0,1.4029558982643722e-09,0.45280200000000004,2.469852,SCG,280450
5741274,189,5879,2001,0.0,0.0,0.45280200000000004,2.469852,SCG,280461
5747800,189,5880,2001,0.0,1.6712144559058086e-07,0.45280200000000004,2.469852,SCG,280469
5754326,189,5881,2001,1.4497291938493915e-08,6.9677160050110796e-09,0.45280200000000004,2.469852,SCG,280470
5760852,189,5882,2001,0.0,0.0,0.45280200000000004,2.469852,SCG,280480
5767378,189,5883,2001,2.3398095843540805e-08,3.816782453203995e-09,0.45280200000000004,2.469852,SCG,280490
5773904,189,5884,2001,0.0,1.2103933239927918e-09,0.45280200000000004,2.469852,SCG,280511
5780430,189,5885,2001,0.0,0.0,0.45280200000000004,2.469852,SCG,280519
5786956,189,5886,2001,0.0,7.90003704016763e-09,0.45280200000000004,2.469852,SCG,280521
5793482,189,5887,2001,0.0,2.0485873865277783e-09,0.45280200000000004,2.469852,SCG,280522
5800008,189,5888,2001,0.0,8.641452666063544e-09,0.45280200000000004,2.469852,SCG,280530
5806534,189,5889,2001,0.0,8.611623695866569e-09,0.45280200000000004,2.469852,SCG,280540
5813060,189,5890,2001,1.5559133722617717e-08,2.3849786264291267e-07,0.45280200000000004,2.469852,SCG,280610
5819586,189,5891,2001,0.0,0.0,0.45280200000000004,2.469852,SCG,280620
5826112,189,5892,2001,5.051597133894225e-08,1.3701705456878755e-07,0.45280200000000004,2.469852,SCG,280700
5832638,189,5893,2001,2.5064193483127752e-09,5.6053275062145925e-08,0.45280200000000004,2.469852,SCG,280800
5839164,189,5894,2001,0.0,0.0,0.45280200000000004,2.469852,SCG,280910
5845690,189,5895,2001,2.722727186642561e-08,3.295643829222674e-07,0.45280200000000004,2.469852,SCG,280920
5852216,189,5896,2001,3.8425096525941227e-10,1.4247973331086014e-08,0.45280200000000004,2.469852,SCG,281000
5858742,189,5897,2001,0.0,3.9019275914662485e-08,0.45280200000000004,2.469852,SCG,281111
5865268,189,5898,2001,1.6964013434717587e-09,1.567810673552985e-08,0.45280200000000004,2.469852,SCG,281119
5871794,189,5899,2001,7.541379748774238e-08,1.723514583651171e-07,0.45280200000000004,2.469852,SCG,281121
5878320,189,5900,2001,5.10314373420229e-10,2.1636708678777282e-07,0.45280200000000004,2.469852,SCG,281122
5884846,189,5901,2001,0.0,1.2259375317954375e-08,0.45280200000000004,2.469852,SCG,281123
5891372,189,5902,2001,7.906236343547372e-10,5.861425787005729e-08,0.45280200000000004,2.469852,SCG,281129
5897898,189,5903,2001,0.0,1.150370807296435e-08,0.45280200000000004,2.469852,SCG,281210
5904424,189,5904,2001,0.0,1.3080666297377742e-08,0.45280200000000004,2.469852,SCG,281290
5910950,189,5905,2001,0.0,6.034831533750808e-08,0.45280200000000004,2.469852,SCG,281310
5917476,189,5906,2001,0.0,0.0,0.45280200000000004,2.469852,SCG,281390
5924002,189,5907,2001,2.323972868703878e-07,1.1939502698882107e-06,0.45280200000000004,2.469852,SCG,281410
5930528,189,5908,2001,2.2039883835423544e-09,4.34702885608546e-07,0.45280200000000004,2.469852,SCG,281420
5937054,189,5909,2001,1.2433912740977086e-08,5.568110894398834e-07,0.45280200000000004,2.469852,SCG,281511
5943580,189,5910,2001,1.6475214691055575e-08,2.834347090951516e-06,0.45280200000000004,2.469852,SCG,281512
5950106,189,5911,2001,9.812339317902028e-10,7.552164961070468e-08,0.45280200000000004,2.469852,SCG,281520
5956632,189,5912,2001,0.0,0.0,0.45280200000000004,2.469852,SCG,281530
5963158,189,5913,2001,0.0,5.863049808716453e-09,0.45280200000000004,2.469852,SCG,281610
5969684,189,5914,2001,0.0,0.0,0.45280200000000004,2.469852,SCG,281620
5976210,189,5915,2001,3.4606829836454957e-10,1.2266335411000336e-09,0.45280200000000004,2.469852,SCG,281630
5982736,189,5916,2001,1.1867233478331107e-08,4.6248227411998623e-07,0.45280200000000004,2.469852,SCG,281700
5989262,189,5917,2001,0.0,9.64022601815891e-08,0.45280200000000004,2.469852,SCG,281810
5995788,189,5918,2001,6.257714852213615e-10,6.56370248967319e-07,0.45280200000000004,2.469852,SCG,281820
6002314,189,5919,2001,1.0058102356407849e-08,1.39388457699447e-07,0.45280200000000004,2.469852,SCG,281830
6008840,189,5920,2001,1.072751117522334e-09,2.8781641910058608e-08,0.45280200000000004,2.469852,SCG,281910
6015366,189,5921,2001,0.0,4.9514101928964715e-08,0.45280200000000004,2.469852,SCG,281990
6021892,189,5922,2001,6.060437739923491e-09,2.511864436987013e-08,0.45280200000000004,2.469852,SCG,282010
6028418,189,5923,2001,6.933487448844916e-10,6.995887810197111e-09,0.45280200000000004,2.469852,SCG,282090
6034944,189,5924,2001,1.2191180072859746e-09,1.4059984532244638e-07,0.45280200000000004,2.469852,SCG,282110
6041470,189,5925,2001,0.0,0.0,0.45280200000000004,2.469852,SCG,282120
6047996,189,5926,2001,0.0,9.038840835687683e-09,0.45280200000000004,2.469852,SCG,282200
6054522,189,5927,2001,1.7703423809506991e-09,1.9623319477081933e-07,0.45280200000000004,2.469852,SCG,282300
6061048,189,5928,2001,0.0,1.341299416867226e-07,0.45280200000000004,2.469852,SCG,282410
6067574,189,5929,2001,4.1637289137731267e-10,1.3530089448345492e-08,0.45280200000000004,2.469852,SCG,282420
6074100,189,5930,2001,0.0,1.8656363693196675e-09,0.45280200000000004,2.469852,SCG,282490
6080626,189,5931,2001,0.0,2.7379680310800802e-08,0.45280200000000004,2.469852,SCG,282510
6087152,189,5932,2001,0.0,0.0,0.45280200000000004,2.469852,SCG,282520
6093678,189,5933,2001,0.0,0.0,0.45280200000000004,2.469852,SCG,282530
6100204,189,5934,2001,0.0,0.0,0.45280200000000004,2.469852,SCG,282540
6106730,189,5935,2001,0.0,3.42072001558861e-09,0.45280200000000004,2.469852,SCG,282550
6113256,189,5936,2001,0.0,3.496618173089801e-10,0.45280200000000004,2.469852,SCG,282560
6119782,189,5937,2001,0.0,7.772103901322828e-10,0.45280200000000004,2.469852,SCG,282570
6126308,189,5938,2001,0.0,7.213307859632837e-09,0.45280200000000004,2.469852,SCG,282580
6132834,189,5939,2001,7.212281524585183e-10,2.0673464944516535e-08,0.45280200000000004,2.469852,SCG,282590
6139360,189,5940,2001,0.0,1.0258514283741755e-08,0.45280200000000004,2.469852,SCG,282611
6145886,189,5941,2001,5.169811882748875e-10,8.844372521653518e-07,0.45280200000000004,2.469852,SCG,282612
6152412,189,5942,2001,0.0,1.8000126348863232e-09,0.45280200000000004,2.469852,SCG,282619
6158938,189,5943,2001,0.0,0.0,0.45280200000000004,2.469852,SCG,282620
6165464,189,5944,2001,0.0,2.4463533897744127e-07,0.45280200000000004,2.469852,SCG,282630
6171990,189,5945,2001,0.0,1.571655296378373e-08,0.45280200000000004,2.469852,SCG,282690
6178516,189,5946,2001,5.057688178375072e-10,1.3480705931019391e-08,0.45280200000000004,2.469852,SCG,282710
6185042,189,5947,2001,1.7864033440096494e-09,5.764846210167969e-08,0.45280200000000004,2.469852,SCG,282720
6191568,189,5948,2001,0.0,1.0025516883203164e-08,0.45280200000000004,2.469852,SCG,282731
6198094,189,5949,2001,0.0,5.0374502002646336e-09,0.45280200000000004,2.469852,SCG,282732
6204620,189,5950,2001,0.0,3.590082279706988e-09,0.45280200000000004,2.469852,SCG,282733
6211146,189,5951,2001,0.0,0.0,0.45280200000000004,2.469852,SCG,282734
6217672,189,5952,2001,1.4009402305948447e-09,3.93212113796563e-09,0.45280200000000004,2.469852,SCG,282735
6224198,189,5953,2001,0.0,7.709463063909182e-09,0.45280200000000004,2.469852,SCG,282736
6230724,189,5954,2001,0.0,0.0,0.45280200000000004,2.469852,SCG,282737
6237250,189,5955,2001,0.0,7.881476792045068e-09,0.45280200000000004,2.469852,SCG,282738
6243776,189,5956,2001,7.294101525074175e-10,7.978918094688518e-09,0.45280200000000004,2.469852,SCG,282739
6250302,189,5957,2001,0.0,1.370243460948357e-07,0.45280200000000004,2.469852,SCG,282741
6256828,189,5958,2001,0.0,9.243666431040242e-10,0.45280200000000004,2.469852,SCG,282749
6263354,189,5959,2001,0.0,3.0823269203540427e-10,0.45280200000000004,2.469852,SCG,282751
6269880,189,5960,2001,0.0,0.0,0.45280200000000004,2.469852,SCG,282759
6276406,189,5961,2001,1.0536597840749025e-09,2.0632367252245148e-08,0.45280200000000004,2.469852,SCG,282760
6282932,189,5962,2001,4.297065210866298e-10,6.433114572480857e-10,0.45280200000000004,2.469852,SCG,282810
6289458,189,5963,2001,2.9479140102105968e-08,1.5073241506535645e-08,0.45280200000000004,2.469852,SCG,282890
6295984,189,5964,2001,0.0,1.708792329693953e-07,0.45280200000000004,2.469852,SCG,282911
6302510,189,5965,2001,0.0,1.860002008282461e-09,0.45280200000000004,2.469852,SCG,282919
6309036,189,5966,2001,0.0,3.830371206293728e-09,0.45280200000000004,2.469852,SCG,282990
6315562,189,5967,2001,0.0,1.1473613956365625e-07,0.45280200000000004,2.469852,SCG,283010
6322088,189,5968,2001,0.0,0.0,0.45280200000000004,2.469852,SCG,283020
6328614,189,5969,2001,0.0,0.0,0.45280200000000004,2.469852,SCG,283030
6335140,189,5970,2001,0.0,2.5457368898106885e-09,0.45280200000000004,2.469852,SCG,283090
6341666,189,5971,2001,0.0,5.259543455031219e-08,0.45280200000000004,2.469852,SCG,283110
6348192,189,5972,2001,0.0,0.0,0.45280200000000004,2.469852,SCG,283190
6354718,189,5973,2001,6.512265964846034e-10,5.2559971219078014e-08,0.45280200000000004,2.469852,SCG,283210
6361244,189,5974,2001,5.250722772121322e-09,6.19272621599346e-08,0.45280200000000004,2.469852,SCG,283220
6367770,189,5975,2001,4.257670395816043e-10,7.578215595042493e-09,0.45280200000000004,2.469852,SCG,283230
6374296,189,5976,2001,5.233752697945827e-09,2.0170813653397292e-07,0.45280200000000004,2.469852,SCG,283311
6380822,189,5977,2001,5.656489367138951e-09,2.1372457146132306e-08,0.45280200000000004,2.469852,SCG,283319
6387348,189,5978,2001,1.961558752463861e-09,1.7734979947112348e-09,0.45280200000000004,2.469852,SCG,283321
6393874,189,5979,2001,4.26376144029689e-08,1.405839365383413e-07,0.45280200000000004,2.469852,SCG,283322
6400400,189,5980,2001,1.0028101689561885e-08,3.791063252234159e-08,0.45280200000000004,2.469852,SCG,283323
6406926,189,5981,2001,7.942600788209145e-10,4.226035924306487e-08,0.45280200000000004,2.469852,SCG,283324
6413452,189,5982,2001,7.892720891614745e-08,9.599956908392994e-09,0.45280200000000004,2.469852,SCG,283325
6419978,189,5983,2001,2.465815415477516e-07,7.851979254850282e-09,0.45280200000000004,2.469852,SCG,283326
6426504,189,5984,2001,0.0,5.341341119971367e-08,0.45280200000000004,2.469852,SCG,283327
6433030,189,5985,2001,0.0,4.7773415801470155e-08,0.45280200000000004,2.469852,SCG,283329
6439556,189,5986,2001,0.0,6.635288703815907e-10,0.45280200000000004,2.469852,SCG,283330
6446082,189,5987,2001,0.0,6.1888484498678535e-09,0.45280200000000004,2.469852,SCG,283340
6452608,189,5988,2001,0.0,6.278666793460966e-09,0.45280200000000004,2.469852,SCG,283410
6459134,189,5989,2001,0.0,2.1365165620084157e-08,0.45280200000000004,2.469852,SCG,283421
6465660,189,5990,2001,0.0,1.5941927405271985e-09,0.45280200000000004,2.469852,SCG,283422
6472186,189,5991,2001,5.106174104590771e-10,2.9865759260217544e-08,0.45280200000000004,2.469852,SCG,283429
6478712,189,5992,2001,1.3283325560868358e-08,4.000727769418672e-09,0.45280200000000004,2.469852,SCG,283510
6485238,189,5993,2001,0.0,0.0,0.45280200000000004,2.469852,SCG,283521
6491764,189,5994,2001,1.4697296384133672e-09,1.5280387132903525e-08,0.45280200000000004,2.469852,SCG,283522
6498290,189,5995,2001,5.627397811409532e-10,1.578383386322802e-08,0.45280200000000004,2.469852,SCG,283523
6504816,189,5996,2001,0.0,4.616198854482915e-09,0.45280200000000004,2.469852,SCG,283524
6511342,189,5997,2001,1.8855570631207532e-08,2.4096206701418493e-07,0.45280200000000004,2.469852,SCG,283525
6517868,189,5998,2001,1.5115487497744074e-09,1.1180229462828271e-07,0.45280200000000004,2.469852,SCG,283526
6524394,189,5999,2001,2.179139346356809e-09,2.9113406345249403e-08,0.45280200000000004,2.469852,SCG,283529
6530920,189,6000,2001,1.0915151709678094e-07,9.055379342496894e-07,0.45280200000000004,2.469852,SCG,283531
6537446,189,6001,2001,2.2576259394184712e-09,1.1616262720507602e-07,0.45280200000000004,2.469852,SCG,283539
6543972,189,6002,2001,4.445553359901876e-10,2.0996943554652613e-08,0.45280200000000004,2.469852,SCG,283610
6550498,189,6003,2001,1.922436670748569e-08,1.213036502185246e-06,0.45280200000000004,2.469852,SCG,283620
6557024,189,6004,2001,4.796924806446267e-08,1.1487036992954265e-07,0.45280200000000004,2.469852,SCG,283630
6563550,189,6005,2001,0.0,5.036953050761351e-08,0.45280200000000004,2.469852,SCG,283640
6570076,189,6006,2001,2.3272638509457684e-08,1.5366460283571905e-07,0.45280200000000004,2.469852,SCG,283650
6576602,189,6007,2001,0.0,3.593794329331501e-08,0.45280200000000004,2.469852,SCG,283660
6583128,189,6008,2001,0.0,0.0,0.45280200000000004,2.469852,SCG,283670
6589654,189,6009,2001,0.0,4.652656484723662e-09,0.45280200000000004,2.469852,SCG,283691
6596180,189,6010,2001,0.0,1.680365321096236e-09,0.45280200000000004,2.469852,SCG,283692
6602706,189,6011,2001,0.0,0.0,0.45280200000000004,2.469852,SCG,283693
6609232,189,6012,2001,0.0,1.6338652708891747e-08,0.45280200000000004,2.469852,SCG,283699
6615758,189,6013,2001,6.106196332789556e-10,1.4714299565165384e-08,0.45280200000000004,2.469852,SCG,283711
6622284,189,6014,2001,2.6847566456748922e-08,2.168566133320054e-09,0.45280200000000004,2.469852,SCG,283719
6628810,189,6015,2001,4.881926695843164e-10,0.0,0.45280200000000004,2.469852,SCG,283720
6635336,189,6016,2001,0.0,9.604928403425823e-10,0.45280200000000004,2.469852,SCG,283800
6641862,189,6017,2001,9.503241538276947e-10,1.2061841248649966e-08,0.45280200000000004,2.469852,SCG,283911
6648388,189,6018,2001,2.7019085420736954e-08,2.2491905254324543e-07,0.45280200000000004,2.469852,SCG,283919
6654914,189,6019,2001,2.13065342014111e-09,6.342964795885556e-09,0.45280200000000004,2.469852,SCG,283920
6661440,189,6020,2001,2.458660710990312e-08,9.021606319573876e-09,0.45280200000000004,2.469852,SCG,283990
6667966,189,6021,2001,0.0,4.621501782517932e-09,0.45280200000000004,2.469852,SCG,284011
6674492,189,6022,2001,0.0,3.537152429257468e-08,0.45280200000000004,2.469852,SCG,284019
6681018,189,6023,2001,1.832161936875715e-09,4.0467969567228885e-09,0.45280200000000004,2.469852,SCG,284020
6687544,189,6024,2001,5.766794849279665e-10,9.354487683982046e-07,0.45280200000000004,2.469852,SCG,284030
6694070,189,6025,2001,0.0,6.158025180664313e-10,0.45280200000000004,2.469852,SCG,284110
6700596,189,6026,2001,0.0,2.3077679942392685e-09,0.45280200000000004,2.469852,SCG,284120
6707122,189,6027,2001,6.754695595924527e-10,2.0476262308214314e-08,0.45280200000000004,2.469852,SCG,284130
6713648,189,6028,2001,0.0,1.0216090859461615e-08,0.45280200000000004,2.469852,SCG,284140
6720174,189,6029,2001,0.0,3.1386705307261057e-09,0.45280200000000004,2.469852,SCG,284150
6726700,189,6030,2001,3.581291725107046e-09,1.0060317348432969e-08,0.45280200000000004,2.469852,SCG,284160
6733226,189,6031,2001,8.663828940667664e-10,7.585507121090643e-09,0.45280200000000004,2.469852,SCG,284170
6739752,189,6032,2001,0.0,0.0,0.45280200000000004,2.469852,SCG,284180
6746278,189,6033,2001,0.0,5.365900305433543e-10,0.45280200000000004,2.469852,SCG,284190
6752804,189,6034,2001,0.0,4.5960145846496285e-08,0.45280200000000004,2.469852,SCG,284210
6759330,189,6035,2001,0.0,4.431922105266049e-09,0.45280200000000004,2.469852,SCG,284290
6765856,189,6036,2001,1.4107283269496388e-08,3.436960232695852e-10,0.45280200000000004,2.469852,SCG,284310
6772382,189,6037,2001,0.0,0.0,0.45280200000000004,2.469852,SCG,284321
6778908,189,6038,2001,7.3847095996897615e-09,8.938748069026724e-10,0.45280200000000004,2.469852,SCG,284329
6785434,189,6039,2001,2.5403594966637642e-08,1.2325993351394284e-09,0.45280200000000004,2.469852,SCG,284330
6791960,189,6040,2001,0.0,6.164653840708085e-10,0.45280200000000004,2.469852,SCG,284390
6798486,189,6041,2001,0.0,0.0,0.45280200000000004,2.469852,SCG,284410
6805012,189,6042,2001,0.0,0.0,0.45280200000000004,2.469852,SCG,284420
6811538,189,6043,2001,0.0,0.0,0.45280200000000004,2.469852,SCG,284430
6818064,189,6044,2001,1.8090402108116037e-08,5.075564995516323e-08,0.45280200000000004,2.469852,SCG,284440
6824590,189,6045,2001,0.0,0.0,0.45280200000000004,2.469852,SCG,284450
6831116,189,6046,2001,0.0,0.0,0.45280200000000004,2.469852,SCG,284510
6837642,189,6047,2001,0.0,4.772635231515937e-10,0.45280200000000004,2.469852,SCG,284590
6844168,189,6048,2001,0.0,1.0200844941360938e-08,0.45280200000000004,2.469852,SCG,284610
6850694,189,6049,2001,0.0,9.555213453097532e-10,0.45280200000000004,2.469852,SCG,284690
6857220,189,6050,2001,1.7488267511924829e-09,1.468529917747388e-07,0.45280200000000004,2.469852,SCG,284700
6863746,189,6051,2001,0.0,0.0,0.45280200000000004,2.469852,SCG,284810
6870272,189,6052,2001,0.0,4.278800058254913e-09,0.45280200000000004,2.469852,SCG,284890
6876798,189,6053,2001,3.431894464954924e-09,3.1856909307466036e-07,0.45280200000000004,2.469852,SCG,284910
6883324,189,6054,2001,0.0,2.112156236347553e-08,0.45280200000000004,2.469852,SCG,284920
6889850,189,6055,2001,0.0,1.5605522908050548e-08,0.45280200000000004,2.469852,SCG,284990
6896376,189,6056,2001,8.034421010980124e-09,3.593396609728874e-09,0.45280200000000004,2.469852,SCG,285000
6902902,189,6057,2001,1.4827602310838363e-09,3.4362642233912555e-08,0.45280200000000004,2.469852,SCG,285100
6909428,189,6058,2001,6.561024624396695e-08,9.463240794990194e-08,0.45280200000000004,2.469852,SCG,290110
6915954,189,6059,2001,0.0,0.0,0.45280200000000004,2.469852,SCG,290121
6922480,189,6060,2001,1.2707215785573427e-06,2.144040091158097e-09,0.45280200000000004,2.469852,SCG,290122
6929006,189,6061,2001,0.0,0.0,0.45280200000000004,2.469852,SCG,290123
6935532,189,6062,2001,0.0,6.947498591877575e-09,0.45280200000000004,2.469852,SCG,290124
6942058,189,6063,2001,7.029065330897611e-08,3.603667718466699e-07,0.45280200000000004,2.469852,SCG,290129
6948584,189,6064,2001,0.0,0.0,0.45280200000000004,2.469852,SCG,290211
6955110,189,6065,2001,0.0,1.217021984036564e-09,0.45280200000000004,2.469852,SCG,290219
6961636,189,6066,2001,0.0,7.347869658521411e-10,0.45280200000000004,2.469852,SCG,290220
6968162,189,6067,2001,2.8030926093450817e-09,2.547006278209071e-07,0.45280200000000004,2.469852,SCG,290230
6974688,189,6068,2001,0.0,1.2835074442755984e-08,0.45280200000000004,2.469852,SCG,290241
6981214,189,6069,2001,0.0,2.4378885908985158e-08,0.45280200000000004,2.469852,SCG,290242
6987740,189,6070,2001,0.0,0.0,0.45280200000000004,2.469852,SCG,290243
6994266,189,6071,2001,3.748568170551207e-10,9.101282813300017e-08,0.45280200000000004,2.469852,SCG,290244
7000792,189,6072,2001,3.386014657273319e-08,8.453119176899889e-07,0.45280200000000004,2.469852,SCG,290250
7007318,189,6073,2001,0.0,0.0,0.45280200000000004,2.469852,SCG,290260
7013844,189,6074,2001,0.0,0.0,0.45280200000000004,2.469852,SCG,290270
7020370,189,6075,2001,0.0,2.251126094165236e-08,0.45280200000000004,2.469852,SCG,290290
7026896,189,6076,2001,0.0,0.0,0.45280200000000004,2.469852,SCG,290311
7033422,189,6077,2001,0.0,3.228621447520094e-08,0.45280200000000004,2.469852,SCG,290312
7039948,189,6078,2001,0.0,1.6475865971797828e-08,0.45280200000000004,2.469852,SCG,290313
7046474,189,6079,2001,0.0,6.89877794055585e-09,0.45280200000000004,2.469852,SCG,290314
7053000,189,6080,2001,0.0,0.0,0.45280200000000004,2.469852,SCG,290315
7059526,189,6081,2001,0.0,1.5166374180150645e-09,0.45280200000000004,2.469852,SCG,290316
7066052,189,6082,2001,0.0,5.931325007167306e-09,0.45280200000000004,2.469852,SCG,290319
7072578,189,6083,2001,0.0,0.0,0.45280200000000004,2.469852,SCG,290321
7079104,189,6084,2001,5.1310231417763165e-09,7.810019836773204e-08,0.45280200000000004,2.469852,SCG,290322
7085630,189,6085,2001,1.03638667286056e-09,4.1353889982079025e-08,0.45280200000000004,2.469852,SCG,290323
7092156,189,6086,2001,0.0,2.0644961706328314e-09,0.45280200000000004,2.469852,SCG,290329
7098682,189,6087,2001,0.0,2.084779870366774e-08,0.45280200000000004,2.469852,SCG,290330
7105208,189,6088,2001,4.4564626933004076e-09,1.639353801405418e-07,0.45280200000000004,2.469852,SCG,290340
7111734,189,6089,2001,0.0,2.97070028521692e-08,0.45280200000000004,2.469852,SCG,290351
7118260,189,6090,2001,0.0,5.5733773648036106e-09,0.45280200000000004,2.469852,SCG,290359
7124786,189,6091,2001,0.0,1.3569529975605937e-08,0.45280200000000004,2.469852,SCG,290361
7131312,189,6092,2001,0.0,0.0,0.45280200000000004,2.469852,SCG,290362
7137838,189,6093,2001,0.0,8.153914719844103e-09,0.45280200000000004,2.469852,SCG,290369
7144364,189,6094,2001,1.5045788978809006e-09,3.017143991813609e-07,0.45280200000000004,2.469852,SCG,290410
7150890,189,6095,2001,3.3206798716976656e-09,1.0531847080646699e-07,0.45280200000000004,2.469852,SCG,290420
7157416,189,6096,2001,0.0,3.4777264919650503e-09,0.45280200000000004,2.469852,SCG,290490
7163942,189,6097,2001,5.710790574130145e-07,4.701861028228582e-07,0.45280200000000004,2.469852,SCG,290511
7170468,189,6098,2001,7.615320786253179e-10,8.493567260486987e-08,0.45280200000000004,2.469852,SCG,290512
7176994,189,6099,2001,2.666725941863429e-10,5.066052868353511e-08,0.45280200000000004,2.469852,SCG,290513
7183520,189,6100,2001,7.663806712468878e-10,3.0973408353531865e-08,0.45280200000000004,2.469852,SCG,290514
7190046,189,6101,2001,0.0,2.6005559083726838e-08,0.45280200000000004,2.469852,SCG,290515
7196572,189,6102,2001,0.0,1.268394099375798e-09,0.45280200000000004,2.469852,SCG,290516
7203098,189,6103,2001,0.0,1.3980506898319809e-08,0.45280200000000004,2.469852,SCG,290517
7209624,189,6104,2001,0.0,4.063700039834507e-09,0.45280200000000004,2.469852,SCG,290519
7216150,189,6105,2001,0.0,0.0,0.45280200000000004,2.469852,SCG,290521
7222676,189,6106,2001,0.0,1.0996947012617972e-09,0.45280200000000004,2.469852,SCG,290522
7229202,189,6107,2001,0.0,3.0823269203540427e-10,0.45280200000000004,2.469852,SCG,290529
7235728,189,6108,2001,0.0,4.317905838183147e-07,0.45280200000000004,2.469852,SCG,290531
7242254,189,6109,2001,4.057665950176286e-10,1.3791291797370333e-07,0.45280200000000004,2.469852,SCG,290532
7248780,189,6110,2001,0.0,1.057403850182531e-08,0.45280200000000004,2.469852,SCG,290539
7255306,189,6111,2001,0.0,2.436861148591731e-08,0.45280200000000004,2.469852,SCG,290541
7261832,189,6112,2001,2.9424896472152155e-09,4.9007009435616144e-08,0.45280200000000004,2.469852,SCG,290542
7268358,189,6113,2001,0.0,4.104035436200861e-08,0.45280200000000004,2.469852,SCG,290543
7274884,189,6114,2001,3.80917557832083e-09,7.479481703690507e-08,0.45280200000000004,2.469852,SCG,290544
7281410,189,6115,2001,0.0,1.4572446240228662e-08,0.45280200000000004,2.469852,SCG,290549
7287936,189,6116,2001,0.0,9.808759699771817e-09,0.45280200000000004,2.469852,SCG,290550
7294462,189,6117,2001,4.666770398261001e-10,2.0106383077771827e-08,0.45280200000000004,2.469852,SCG,290611
7300988,189,6118,2001,0.0,3.9940991093749e-09,0.45280200000000004,2.469852,SCG,290612
7307514,189,6119,2001,0.0,3.1433105927567464e-09,0.45280200000000004,2.469852,SCG,290613
7314040,189,6120,2001,0.0,0.0,0.45280200000000004,2.469852,SCG,290614
7320566,189,6121,2001,0.0,2.2547387138890917e-09,0.45280200000000004,2.469852,SCG,290619
7327092,189,6122,2001,0.0,7.06515730765453e-09,0.45280200000000004,2.469852,SCG,290621
7333618,189,6123,2001,0.0,6.4950925438901265e-09,0.45280200000000004,2.469852,SCG,290629
7340144,189,6124,2001,0.0,3.598334961461484e-08,0.45280200000000004,2.469852,SCG,290711
7346670,189,6125,2001,0.0,2.2779390240422942e-09,0.45280200000000004,2.469852,SCG,290712
7353196,189,6126,2001,0.0,1.355229545949213e-09,0.45280200000000004,2.469852,SCG,290713
7359722,189,6127,2001,0.0,0.0,0.45280200000000004,2.469852,SCG,290714
7366248,189,6128,2001,0.0,3.224843111295144e-10,0.45280200000000004,2.469852,SCG,290715
7372774,189,6129,2001,0.0,2.9648007777779627e-08,0.45280200000000004,2.469852,SCG,290719
7379300,189,6130,2001,0.0,7.26733143898958e-09,0.45280200000000004,2.469852,SCG,290721
7385826,189,6131,2001,0.0,4.995358208986681e-09,0.45280200000000004,2.469852,SCG,290722
7392352,189,6132,2001,0.0,0.0,0.45280200000000004,2.469852,SCG,290723
7398878,189,6133,2001,0.0,1.4003044342468634e-08,0.45280200000000004,2.469852,SCG,290729
7405404,189,6134,2001,0.0,1.0393738948634707e-09,0.45280200000000004,2.469852,SCG,290730
7411930,189,6135,2001,0.0,3.0823269203540427e-10,0.45280200000000004,2.469852,SCG,290810
7418456,189,6136,2001,0.0,6.675060664078539e-09,0.45280200000000004,2.469852,SCG,290820
7424982,189,6137,2001,0.0,5.057601326797701e-08,0.45280200000000004,2.469852,SCG,290890
7431508,189,6138,2001,0.0,7.1940847455058974e-09,0.45280200000000004,2.469852,SCG,290911
7438034,189,6139,2001,6.459234483047613e-08,4.947631856671521e-09,0.45280200000000004,2.469852,SCG,290919
7444560,189,6140,2001,0.0,0.0,0.45280200000000004,2.469852,SCG,290920
7451086,189,6141,2001,0.0,5.4982415032074536e-08,0.45280200000000004,2.469852,SCG,290930
7457612,189,6142,2001,0.0,2.3570189383644958e-08,0.45280200000000004,2.469852,SCG,290941
7464138,189,6143,2001,0.0,1.1431124245485047e-09,0.45280200000000004,2.469852,SCG,290942
7470664,189,6144,2001,0.0,1.3768058343916913e-08,0.45280200000000004,2.469852,SCG,290943
7477190,189,6145,2001,0.0,4.658688565363494e-08,0.45280200000000004,2.469852,SCG,290944
7483716,189,6146,2001,1.6024598614288425e-09,1.6413755427187686e-07,0.45280200000000004,2.469852,SCG,290949
7490242,189,6147,2001,0.0,2.5328110027253327e-08,0.45280200000000004,2.469852,SCG,290950
7496768,189,6148,2001,4.2485792846506e-10,9.959429142566758e-08,0.45280200000000004,2.469852,SCG,290960
7503294,189,6149,2001,0.0,6.193488511898494e-09,0.45280200000000004,2.469852,SCG,291010
7509820,189,6150,2001,0.0,0.0,0.45280200000000004,2.469852,SCG,291020
7516346,189,6151,2001,0.0,0.0,0.45280200000000004,2.469852,SCG,291030
7522872,189,6152,2001,0.0,1.8886046763713376e-08,0.45280200000000004,2.469852,SCG,291090
7529398,189,6153,2001,0.0,2.658092677552626e-09,0.45280200000000004,2.469852,SCG,291100
7535924,189,6154,2001,1.3486663413935444e-08,1.6544141170248684e-08,0.45280200000000004,2.469852,SCG,291211
7542450,189,6155,2001,0.0,0.0,0.45280200000000004,2.469852,SCG,291212
7548976,189,6156,2001,0.0,0.0,0.45280200000000004,2.469852,SCG,291213
7555502,189,6157,2001,0.0,8.046861860137183e-09,0.45280200000000004,2.469852,SCG,291219
7562028,189,6158,2001,0.0,0.0,0.45280200000000004,2.469852,SCG,291221
7568554,189,6159,2001,0.0,1.4904873541423833e-08,0.45280200000000004,2.469852,SCG,291229
7575080,189,6160,2001,0.0,6.164653840708085e-10,0.45280200000000004,2.469852,SCG,291230
7581606,189,6161,2001,0.0,6.892977863017549e-08,0.45280200000000004,2.469852,SCG,291241
7588132,189,6162,2001,0.0,4.662732047990195e-08,0.45280200000000004,2.469852,SCG,291242
7594658,189,6163,2001,0.0,0.0,0.45280200000000004,2.469852,SCG,291249
7601184,189,6164,2001,0.0,0.0,0.45280200000000004,2.469852,SCG,291250
7607710,189,6165,2001,0.0,0.0,0.45280200000000004,2.469852,SCG,291260
7614236,189,6166,2001,0.0,0.0,0.45280200000000004,2.469852,SCG,291300
7620762,189,6167,2001,1.6433698616733383e-09,1.0407460274925315e-07,0.45280200000000004,2.469852,SCG,291411
7627288,189,6168,2001,0.0,8.7707115369171e-08,0.45280200000000004,2.469852,SCG,291412
7633814,189,6169,2001,0.0,0.0,0.45280200000000004,2.469852,SCG,291413
7640340,189,6170,2001,0.0,4.162798507488901e-10,0.45280200000000004,2.469852,SCG,291419
7646866,189,6171,2001,0.0,6.197797140926946e-09,0.45280200000000004,2.469852,SCG,291421
7653392,189,6172,2001,0.0,1.3066414678283631e-08,0.45280200000000004,2.469852,SCG,291422
7659918,189,6173,2001,0.0,0.0,0.45280200000000004,2.469852,SCG,291423
7666444,189,6174,2001,0.0,7.459231147256784e-09,0.45280200000000004,2.469852,SCG,291429
7672970,189,6175,2001,0.0,2.5954518401389793e-09,0.45280200000000004,2.469852,SCG,291430
7679496,189,6176,2001,0.0,0.0,0.45280200000000004,2.469852,SCG,291441
7686022,189,6177,2001,0.0,2.322019613333379e-09,0.45280200000000004,2.469852,SCG,291449
7692548,189,6178,2001,0.0,1.3743532301754955e-08,0.45280200000000004,2.469852,SCG,291450
7699074,189,6179,2001,0.0,0.0,0.45280200000000004,2.469852,SCG,291461
7705600,189,6180,2001,0.0,8.83500953934169e-09,0.45280200000000004,2.469852,SCG,291469
7712126,189,6181,2001,0.0,2.2547387138890915e-08,0.45280200000000004,2.469852,SCG,291470
7718652,189,6182,2001,0.0,1.7661401820626477e-08,0.45280200000000004,2.469852,SCG,291511
7725178,189,6183,2001,0.0,8.070393603292574e-10,0.45280200000000004,2.469852,SCG,291512
7731704,189,6184,2001,0.0,1.7645493036521423e-09,0.45280200000000004,2.469852,SCG,291513
7738230,189,6185,2001,6.775156656787552e-07,5.067849235225373e-07,0.45280200000000004,2.469852,SCG,291521
7744756,189,6186,2001,0.0,3.45359816940572e-08,0.45280200000000004,2.469852,SCG,291522
7751282,189,6187,2001,0.0,0.0,0.45280200000000004,2.469852,SCG,291523
7757808,189,6188,2001,5.800128923552959e-10,4.758615615523359e-08,0.45280200000000004,2.469852,SCG,291524
7764334,189,6189,2001,1.7218564547350004e-09,1.612388412347353e-08,0.45280200000000004,2.469852,SCG,291529
7770860,189,6190,2001,8.42139930958917e-09,2.3459457617613742e-07,0.45280200000000004,2.469852,SCG,291531
7777386,189,6191,2001,0.0,6.400634138266373e-09,0.45280200000000004,2.469852,SCG,291532
7783912,189,6192,2001,0.0,1.1351514038359343e-07,0.45280200000000004,2.469852,SCG,291533
7790438,189,6193,2001,0.0,8.415083925568725e-10,0.45280200000000004,2.469852,SCG,291534
7796964,189,6194,2001,0.0,1.299548801581527e-09,0.45280200000000004,2.469852,SCG,291535
7803490,189,6195,2001,1.95367978945381e-09,7.8084289583627e-08,0.45280200000000004,2.469852,SCG,291539
7810016,189,6196,2001,0.0,1.1153714822653182e-08,0.45280200000000004,2.469852,SCG,291540
7816542,189,6197,2001,0.0,9.027638400213707e-08,0.45280200000000004,2.469852,SCG,291550
7823068,189,6198,2001,0.0,1.1686327657170274e-09,0.45280200000000004,2.469852,SCG,291560
7829594,189,6199,2001,2.994248373450474e-08,5.97775877077393e-08,0.45280200000000004,2.469852,SCG,291570
7836120,189,6200,2001,0.0,6.791459934447178e-08,0.45280200000000004,2.469852,SCG,291590
7842646,189,6201,2001,0.0,6.018160453740721e-09,0.45280200000000004,2.469852,SCG,291611
7849172,189,6202,2001,0.0,1.2064161279665285e-08,0.45280200000000004,2.469852,SCG,291612
7855698,189,6203,2001,0.0,1.3027305584025377e-08,0.45280200000000004,2.469852,SCG,291613
7862224,189,6204,2001,0.0,1.9168924831081354e-07,0.45280200000000004,2.469852,SCG,291614
7868750,189,6205,2001,5.272844475957235e-10,3.2576549785118157e-09,0.45280200000000004,2.469852,SCG,291615
7875276,189,6206,2001,0.0,5.257090850815024e-08,0.45280200000000004,2.469852,SCG,291619
7881802,189,6207,2001,0.0,1.6236239911215467e-08,0.45280200000000004,2.469852,SCG,291620
7888328,189,6208,2001,6.032255295310616e-09,2.972678940239986e-07,0.45280200000000004,2.469852,SCG,291631
7894854,189,6209,2001,0.0,1.1112948563383983e-09,0.45280200000000004,2.469852,SCG,291632
7901380,189,6210,2001,0.0,2.1603797381659954e-08,0.45280200000000004,2.469852,SCG,291633
7907906,189,6211,2001,0.0,2.103694751801678e-07,0.45280200000000004,2.469852,SCG,291639
7914432,189,6212,2001,0.0,1.0463339879094315e-09,0.45280200000000004,2.469852,SCG,291711
7920958,189,6213,2001,0.0,3.301602994602025e-08,0.45280200000000004,2.469852,SCG,291712
7927484,189,6214,2001,0.0,0.0,0.45280200000000004,2.469852,SCG,291713
7934010,189,6215,2001,0.0,1.4559851786145494e-08,0.45280200000000004,2.469852,SCG,291714
7940536,189,6216,2001,3.702203503607445e-09,2.5763612992129155e-08,0.45280200000000004,2.469852,SCG,291719
7947062,189,6217,2001,0.0,2.6824530032134888e-08,0.45280200000000004,2.469852,SCG,291720
7953588,189,6218,2001,0.0,3.971926241528482e-08,0.45280200000000004,2.469852,SCG,291731
7960114,189,6219,2001,8.959290053544578e-09,1.1314436628404503e-06,0.45280200000000004,2.469852,SCG,291732
7966640,189,6220,2001,0.0,3.420521155787297e-08,0.45280200000000004,2.469852,SCG,291733
7973166,189,6221,2001,0.0,1.6061375859260758e-07,0.45280200000000004,2.469852,SCG,291734
7979692,189,6222,2001,0.0,7.888370598490591e-08,0.45280200000000004,2.469852,SCG,291735
7986218,189,6223,2001,0.0,0.0,0.45280200000000004,2.469852,SCG,291736
7992744,189,6224,2001,0.0,0.0,0.45280200000000004,2.469852,SCG,291737
7999270,189,6225,2001,0.0,3.305381330826975e-09,0.45280200000000004,2.469852,SCG,291739
8005796,189,6226,2001,6.103165962401076e-10,3.329940516289151e-08,0.45280200000000004,2.469852,SCG,291811
8012322,189,6227,2001,0.0,3.994264825875994e-08,0.45280200000000004,2.469852,SCG,291812
8018848,189,6228,2001,0.0,8.777240767060216e-08,0.45280200000000004,2.469852,SCG,291813
8025374,189,6229,2001,7.615320786253178e-09,2.0597732503516437e-07,0.45280200000000004,2.469852,SCG,291814
8031900,189,6230,2001,0.0,1.6050968862992036e-08,0.45280200000000004,2.469852,SCG,291815
8038426,189,6231,2001,0.0,1.2520544523678997e-08,0.45280200000000004,2.469852,SCG,291816
8044952,189,6232,2001,0.0,0.0,0.45280200000000004,2.469852,SCG,291817
8051478,189,6233,2001,0.0,2.988929100337293e-08,0.45280200000000004,2.469852,SCG,291819
8058004,189,6234,2001,0.0,1.156601747737581e-08,0.45280200000000004,2.469852,SCG,291821
8064530,189,6235,2001,0.0,2.2417796835035173e-08,0.45280200000000004,2.469852,SCG,291822
8071056,189,6236,2001,0.0,6.559059113312527e-10,0.45280200000000004,2.469852,SCG,291823
8077582,189,6237,2001,4.0394837278453987e-10,2.7856247824647803e-07,0.45280200000000004,2.469852,SCG,291829
8084108,189,6238,2001,0.0,1.935701305982339e-08,0.45280200000000004,2.469852,SCG,291830
8090634,189,6239,2001,0.0,4.1447088942294465e-07,0.45280200000000004,2.469852,SCG,291890
8097160,189,6240,2001,0.0,1.260655138774694e-07,0.45280200000000004,2.469852,SCG,291900
8103686,189,6241,2001,0.0,1.4190933711409355e-07,0.45280200000000004,2.469852,SCG,292010
8110212,189,6242,2001,1.6830677137624416e-09,1.0864738388044937e-07,0.45280200000000004,2.469852,SCG,292090
8116738,189,6243,2001,0.0,7.081662671163522e-08,0.45280200000000004,2.469852,SCG,292111
8123264,189,6244,2001,0.0,0.0,0.45280200000000004,2.469852,SCG,292112
8129790,189,6245,2001,6.921365967290991e-09,5.039405654977547e-08,0.45280200000000004,2.469852,SCG,292119
8136316,189,6246,2001,0.0,1.1237070222703617e-07,0.45280200000000004,2.469852,SCG,292121
8142842,189,6247,2001,0.0,0.0,0.45280200000000004,2.469852,SCG,292122
8149368,189,6248,2001,0.0,1.4661270284815207e-08,0.45280200000000004,2.469852,SCG,292129
8155894,189,6249,2001,0.0,4.3167159937052895e-08,0.45280200000000004,2.469852,SCG,292130
8162420,189,6250,2001,0.0,0.0,0.45280200000000004,2.469852,SCG,292141
8168946,189,6251,2001,0.0,4.017233132927665e-08,0.45280200000000004,2.469852,SCG,292142
8175472,189,6252,2001,0.0,5.034268443443623e-08,0.45280200000000004,2.469852,SCG,292143
8181998,189,6253,2001,0.0,1.9346407203753353e-08,0.45280200000000004,2.469852,SCG,292144
8188524,189,6254,2001,0.0,0.0,0.45280200000000004,2.469852,SCG,292145
8195050,189,6255,2001,0.0,3.625777614042701e-08,0.45280200000000004,2.469852,SCG,292149
8201576,189,6256,2001,1.9567101598422912e-09,3.286827711364457e-07,0.45280200000000004,2.469852,SCG,292151
8208102,189,6257,2001,0.0,1.091640879308614e-08,0.45280200000000004,2.469852,SCG,292159
8214628,189,6258,2001,0.0,6.910046662630262e-09,0.45280200000000004,2.469852,SCG,292211
8221154,189,6259,2001,0.0,1.748640519547089e-08,0.45280200000000004,2.469852,SCG,292212
8227680,189,6260,2001,0.0,2.8092261265506307e-08,0.45280200000000004,2.469852,SCG,292213
8234206,189,6261,2001,0.0,5.876472845305092e-08,0.45280200000000004,2.469852,SCG,292219
8240732,189,6262,2001,0.0,4.446836590364536e-09,0.45280200000000004,2.469852,SCG,292221
8247258,189,6263,2001,0.0,0.0,0.45280200000000004,2.469852,SCG,292222
8253784,189,6264,2001,0.0,1.0365898576450864e-08,0.45280200000000004,2.469852,SCG,292229
8260310,189,6265,2001,4.357127151965995e-08,2.7840372183842965e-09,0.45280200000000004,2.469852,SCG,292230
8266836,189,6266,2001,1.1982084516054544e-09,2.7183273113703836e-07,0.45280200000000004,2.469852,SCG,292241
8273362,189,6267,2001,1.8212829071810676e-08,2.5066045952422797e-07,0.45280200000000004,2.469852,SCG,292242
8279888,189,6268,2001,3.126281611276599e-08,1.2808824948982648e-07,0.45280200000000004,2.469852,SCG,292249
8286414,189,6269,2001,0.0,4.876967026274889e-07,0.45280200000000004,2.469852,SCG,292250
8292940,189,6270,2001,2.8355175725018304e-09,1.4043876888338271e-07,0.45280200000000004,2.469852,SCG,292310
8299466,189,6271,2001,4.4067646189293165e-09,6.44670332557059e-09,0.45280200000000004,2.469852,SCG,292320
8305992,189,6272,2001,0.0,2.3882730704708813e-08,0.45280200000000004,2.469852,SCG,292390
8312518,189,6273,2001,0.0,5.035113597599204e-07,0.45280200000000004,2.469852,SCG,292410
8319044,189,6274,2001,0.0,0.0,0.45280200000000004,2.469852,SCG,292421
8325570,189,6275,2001,8.01442056641615e-09,4.138411667187863e-07,0.45280200000000004,2.469852,SCG,292429
8332096,189,6276,2001,0.0,1.2441994902160296e-08,0.45280200000000004,2.469852,SCG,292511
8338622,189,6277,2001,0.0,8.966257008208378e-09,0.45280200000000004,2.469852,SCG,292519
8345148,189,6278,2001,5.579214922232681e-09,6.221660317084526e-08,0.45280200000000004,2.469852,SCG,292520
8351674,189,6279,2001,0.0,3.661340375177539e-09,0.45280200000000004,2.469852,SCG,292610
8358200,189,6280,2001,0.0,1.0867025275760038e-08,0.45280200000000004,2.469852,SCG,292620
8364726,189,6281,2001,0.0,1.7582321906304273e-07,0.45280200000000004,2.469852,SCG,292690
8371252,189,6282,2001,0.0,8.911040270043756e-08,0.45280200000000004,2.469852,SCG,292700
8377778,189,6283,2001,0.0,3.6515299583127556e-08,0.45280200000000004,2.469852,SCG,292800
8384304,189,6284,2001,1.6748857137135423e-09,8.67961386193554e-07,0.45280200000000004,2.469852,SCG,292910
8390830,189,6285,2001,1.5360947499211048e-09,2.9443513615429257e-08,0.45280200000000004,2.469852,SCG,292990
8397356,189,6286,2001,2.4252387559757534e-07,0.0,0.45280200000000004,2.469852,SCG,293010
8403882,189,6287,2001,3.4211669537797013e-08,2.3529721414077727e-07,0.45280200000000004,2.469852,SCG,293020
8410408,189,6288,2001,0.0,1.894504183810295e-08,0.45280200000000004,2.469852,SCG,293030
8416934,189,6289,2001,7.68744360149903e-09,3.930967751118014e-07,0.45280200000000004,2.469852,SCG,293040
8423460,189,6290,2001,0.0,1.986688959039034e-07,0.45280200000000004,2.469852,SCG,293090
8429986,189,6291,2001,0.0,1.2814028447117008e-07,0.45280200000000004,2.469852,SCG,293100
8436512,189,6292,2001,0.0,3.1366819327129742e-09,0.45280200000000004,2.469852,SCG,293211
8443038,189,6293,2001,3.077947203580324e-09,3.1817568210106247e-09,0.45280200000000004,2.469852,SCG,293212
8449564,189,6294,2001,0.0,1.1239555970220031e-08,0.45280200000000004,2.469852,SCG,293213
8456090,189,6295,2001,4.32888409994535e-09,8.389464154499546e-08,0.45280200000000004,2.469852,SCG,293219
8462616,189,6296,2001,0.0,7.644502195480214e-09,0.45280200000000004,2.469852,SCG,293221
8469142,189,6297,2001,1.6551883061884147e-09,6.942957959747591e-08,0.45280200000000004,2.469852,SCG,293229
8475668,189,6298,2001,4.482826915680194e-09,9.685135189955466e-08,0.45280200000000004,2.469852,SCG,293290
8482194,189,6299,2001,0.0,1.0737136682202322e-07,0.45280200000000004,2.469852,SCG,293311
8488720,189,6300,2001,0.0,1.2082390094785659e-08,0.45280200000000004,2.469852,SCG,293319
8495246,189,6301,2001,0.0,2.529165239701258e-09,0.45280200000000004,2.469852,SCG,293321
8501772,189,6302,2001,2.4430846071935187e-09,3.9751742849499303e-08,0.45280200000000004,2.469852,SCG,293329
8508298,189,6303,2001,0.0,6.811611060980245e-09,0.45280200000000004,2.469852,SCG,293331
8514824,189,6304,2001,5.290117587171578e-09,3.4490707945958237e-07,0.45280200000000004,2.469852,SCG,293339
8521350,189,6305,2001,0.0,1.6736173451716761e-07,0.45280200000000004,2.469852,SCG,293340
8527876,189,6306,2001,1.1276614289616127e-08,1.859007709275895e-09,0.45280200000000004,2.469852,SCG,293351
8534402,189,6307,2001,0.0,2.7971255076407247e-07,0.45280200000000004,2.469852,SCG,293359
8540928,189,6308,2001,0.0,4.707110926983249e-08,0.45280200000000004,2.469852,SCG,293361
8547454,189,6309,2001,9.215356351371236e-10,3.2417395657467186e-07,0.45280200000000004,2.469852,SCG,293369
8553980,189,6310,2001,0.0,0.0,0.45280200000000004,2.469852,SCG,293371
8560506,189,6311,2001,0.0,1.15255826511088e-08,0.45280200000000004,2.469852,SCG,293379
8567032,189,6312,2001,1.663673343276162e-09,8.500451123942445e-07,0.45280200000000004,2.469852,SCG,293390
8573558,189,6313,2001,0.0,7.790995582447578e-09,0.45280200000000004,2.469852,SCG,293410
8580084,189,6314,2001,1.7967066033304854e-09,5.106560609881002e-07,0.45280200000000004,2.469852,SCG,293420
8586610,189,6315,2001,0.0,4.378561391913684e-08,0.45280200000000004,2.469852,SCG,293430
8593136,189,6316,2001,4.0819089132841355e-10,1.167605986276247e-06,0.45280200000000004,2.469852,SCG,293490
8599662,189,6317,2001,1.5915505280303101e-09,6.653030312423063e-07,0.45280200000000004,2.469852,SCG,293500
8606188,189,6318,2001,0.0,4.5137860568066355e-09,0.45280200000000004,2.469852,SCG,293610
8612714,189,6319,2001,0.0,4.053326186866004e-08,0.45280200000000004,2.469852,SCG,293621
8619240,189,6320,2001,0.0,1.8290130225778262e-08,0.45280200000000004,2.469852,SCG,293622
8625766,189,6321,2001,3.954633356967926e-10,4.541626428990478e-08,0.45280200000000004,2.469852,SCG,293623
8632292,189,6322,2001,4.745560028361511e-10,1.1718973807885851e-07,0.45280200000000004,2.469852,SCG,293624
8638818,189,6323,2001,0.0,2.3924491262984577e-08,0.45280200000000004,2.469852,SCG,293625
8645344,189,6324,2001,0.0,2.9563160929219343e-08,0.45280200000000004,2.469852,SCG,293626
8651870,189,6325,2001,2.9791874326197225e-08,2.576357984882894e-07,0.45280200000000004,2.469852,SCG,293627
8658396,189,6326,2001,0.0,1.1068901117393118e-07,0.45280200000000004,2.469852,SCG,293628
8664922,189,6327,2001,8.653222644307979e-09,3.18858434085571e-07,0.45280200000000004,2.469852,SCG,293629
8671448,189,6328,2001,1.7630694920183443e-08,1.1850088703551664e-07,0.45280200000000004,2.469852,SCG,293690
8677974,189,6329,2001,0.0,5.502119269333061e-09,0.45280200000000004,2.469852,SCG,293710
8684500,189,6330,2001,0.0,1.6633064644735886e-07,0.45280200000000004,2.469852,SCG,293721
8691026,189,6331,2001,0.0,6.06210846983093e-08,0.45280200000000004,2.469852,SCG,293722
8697552,189,6332,2001,3.222435263703106e-08,4.979495825501934e-07,0.45280200000000004,2.469852,SCG,293729
8704078,189,6333,2001,0.0,2.010399676015607e-07,0.45280200000000004,2.469852,SCG,293791
8710604,189,6334,2001,0.0,4.575233735412403e-08,0.45280200000000004,2.469852,SCG,293792
8717130,189,6335,2001,0.0,1.2535459008777483e-08,0.45280200000000004,2.469852,SCG,293799
8723656,189,6336,2001,0.0,0.0,0.45280200000000004,2.469852,SCG,293810
8730182,189,6337,2001,0.0,1.8605985876864005e-08,0.45280200000000004,2.469852,SCG,293890
8736708,189,6338,2001,0.0,8.700779173455305e-09,0.45280200000000004,2.469852,SCG,293910
8743234,189,6339,2001,0.0,1.4179366699632974e-08,0.45280200000000004,2.469852,SCG,293921
8749760,189,6340,2001,0.0,1.3734583610695864e-09,0.45280200000000004,2.469852,SCG,293929
8756286,189,6341,2001,0.0,9.434571840300879e-09,0.45280200000000004,2.469852,SCG,293930
8762812,189,6342,2001,0.0,1.540765740574395e-08,0.45280200000000004,2.469852,SCG,293940
8769338,189,6343,2001,0.0,1.2092962807555474e-07,0.45280200000000004,2.469852,SCG,293950
8775864,189,6344,2001,0.0,5.7042271140676727e-08,0.45280200000000004,2.469852,SCG,293960
8782390,189,6345,2001,0.0,4.838921831953658e-10,0.45280200000000004,2.469852,SCG,293970
8788916,189,6346,2001,0.0,3.173666541427201e-07,0.45280200000000004,2.469852,SCG,293990
8795442,189,6347,2001,7.485014859548489e-10,5.311247003372642e-08,0.45280200000000004,2.469852,SCG,294000
8801968,189,6348,2001,5.824371886660808e-10,1.0071393839366112e-06,0.45280200000000004,2.469852,SCG,294110
8808494,189,6349,2001,0.0,6.988397424347649e-08,0.45280200000000004,2.469852,SCG,294120
8815020,189,6350,2001,0.0,5.8889347261873835e-08,0.45280200000000004,2.469852,SCG,294130
8821546,189,6351,2001,0.0,5.977062761469334e-09,0.45280200000000004,2.469852,SCG,294140
8828072,189,6352,2001,0.0,2.4885381822929784e-07,0.45280200000000004,2.469852,SCG,294150
8834598,189,6353,2001,7.025610708654743e-09,1.476662620755092e-06,0.45280200000000004,2.469852,SCG,294190
8841124,189,6354,2001,0.0,1.3687453837784642e-07,0.45280200000000004,2.469852,SCG,294200
8847650,189,6355,2001,0.0,2.9925085767609302e-09,0.45280200000000004,2.469852,SCG,300110
8854176,189,6356,2001,0.0,1.4463073349506421e-08,0.45280200000000004,2.469852,SCG,300120
8860702,189,6357,2001,1.2044510146057257e-08,6.571985000397883e-08,0.45280200000000004,2.469852,SCG,300190
8867228,189,6358,2001,2.9207921952336904e-08,1.4176715235615466e-06,0.45280200000000004,2.469852,SCG,300210
8873754,189,6359,2001,1.73582343185551e-07,2.3656328820913777e-07,0.45280200000000004,2.469852,SCG,300220
8880280,189,6360,2001,0.0,0.0,0.45280200000000004,2.469852,SCG,300231
8886806,189,6361,2001,2.65690754180475e-08,1.0986407443148373e-07,0.45280200000000004,2.469852,SCG,300239
8893332,189,6362,2001,3.96857306075494e-09,1.5292351864282535e-07,0.45280200000000004,2.469852,SCG,300290
8899858,189,6363,2001,1.277907192822509e-09,8.423900043426942e-08,0.45280200000000004,2.469852,SCG,300310
8906384,189,6364,2001,0.0,1.5203063813492923e-07,0.45280200000000004,2.469852,SCG,300320
8912910,189,6365,2001,0.0,0.0,0.45280200000000004,2.469852,SCG,300331
8919436,189,6366,2001,5.303148179842047e-10,8.472388691647135e-08,0.45280200000000004,2.469852,SCG,300339
8925962,189,6367,2001,0.0,0.0,0.45280200000000004,2.469852,SCG,300340
8932488,189,6368,2001,4.129031172825017e-08,2.0076421534373978e-07,0.45280200000000004,2.469852,SCG,300390
8939014,189,6369,2001,5.050184981293193e-07,5.121226520227848e-07,0.45280200000000004,2.469852,SCG,300410
8945540,189,6370,2001,1.0159440972569047e-06,2.3390300807377066e-06,0.45280200000000004,2.469852,SCG,300420
8952066,189,6371,2001,1.3239960960609192e-07,1.2712523775866725e-06,0.45280200000000004,2.469852,SCG,300431
8958592,189,6372,2001,1.220172576181166e-06,4.04390023228376e-07,0.45280200000000004,2.469852,SCG,300432
8965118,189,6373,2001,4.706922805908377e-08,5.737135096854979e-07,0.45280200000000004,2.469852,SCG,300439
8971644,189,6374,2001,5.067176268061407e-07,3.604771390363987e-07,0.45280200000000004,2.469852,SCG,300440
8978170,189,6375,2001,4.063260013913422e-07,4.552623376003096e-07,0.45280200000000004,2.469852,SCG,300450
8984696,189,6376,2001,7.612263748605279e-06,1.0807425004708469e-05,0.45280200000000004,2.469852,SCG,300490
8991222,189,6377,2001,5.057385141336223e-09,2.351600008778712e-07,0.45280200000000004,2.469852,SCG,300510
8997748,189,6378,2001,4.2637311365930055e-08,2.540132357743679e-07,0.45280200000000004,2.469852,SCG,300590
9004274,189,6379,2001,5.203145957022168e-10,5.002278530072379e-07,0.45280200000000004,2.469852,SCG,300610
9010800,189,6380,2001,0.0,3.469772099912524e-08,0.45280200000000004,2.469852,SCG,300620
9017326,189,6381,2001,0.0,3.5762847238258765e-07,0.45280200000000004,2.469852,SCG,300630
9023852,189,6382,2001,1.4690326532240164e-08,1.778986525227478e-07,0.45280200000000004,2.469852,SCG,300640
9030378,189,6383,2001,0.0,4.3185720185175455e-08,0.45280200000000004,2.469852,SCG,300650
9036904,189,6384,2001,2.769758535071789e-10,9.382039709453985e-08,0.45280200000000004,2.469852,SCG,300660
9043430,189,6385,2001,1.0506900210941911e-08,1.8136013879760561e-09,0.45280200000000004,2.469852,SCG,310100
9049956,189,6386,2001,9.158991462145487e-09,9.337890844964449e-06,0.45280200000000004,2.469852,SCG,310210
9056482,189,6387,2001,0.0,1.2329804830919454e-07,0.45280200000000004,2.469852,SCG,310221
9063008,189,6388,2001,2.951580758380659e-09,1.7595778086193131e-09,0.45280200000000004,2.469852,SCG,310229
9069534,189,6389,2001,2.6512407491782902e-08,9.7958702703167e-07,0.45280200000000004,2.469852,SCG,310230
9076060,189,6390,2001,8.079422011249069e-08,3.0814850805284835e-07,0.45280200000000004,2.469852,SCG,310240
9082586,189,6391,2001,0.0,1.744630180220607e-08,0.45280200000000004,2.469852,SCG,310250
9089112,189,6392,2001,0.0,1.650934070501888e-08,0.45280200000000004,2.469852,SCG,310260
9095638,189,6393,2001,0.0,0.0,0.45280200000000004,2.469852,SCG,310270
9102164,189,6394,2001,0.0,4.308629028451888e-10,0.45280200000000004,2.469852,SCG,310280
9108690,189,6395,2001,0.0,2.9724568801285195e-08,0.45280200000000004,2.469852,SCG,310290
9115216,189,6396,2001,4.4410896243196427e-07,4.302331801410304e-09,0.45280200000000004,2.469852,SCG,310310
9121742,189,6397,2001,0.0,3.3454847240917964e-09,0.45280200000000004,2.469852,SCG,310320
9128268,189,6398,2001,0.0,0.0,0.45280200000000004,2.469852,SCG,310390
9134794,189,6399,2001,0.0,0.0,0.45280200000000004,2.469852,SCG,310410
9141320,189,6400,2001,1.9961049748925464e-09,1.3949014134451848e-06,0.45280200000000004,2.469852,SCG,310420
9147846,189,6401,2001,0.0,2.7333942556498773e-08,0.45280200000000004,2.469852,SCG,310430
9154372,189,6402,2001,0.0,1.3401493443496314e-08,0.45280200000000004,2.469852,SCG,310490
9160898,189,6403,2001,0.0,3.352743106839727e-08,0.45280200000000004,2.469852,SCG,310510
9167424,189,6404,2001,3.011551788368701e-08,4.143133924603046e-06,0.45280200000000004,2.469852,SCG,310520
9173950,189,6405,2001,0.0,8.145993471091796e-08,0.45280200000000004,2.469852,SCG,310530
9180476,189,6406,2001,0.0,2.0851179320290066e-06,0.45280200000000004,2.469852,SCG,310540
9187002,189,6407,2001,0.0,6.473880831750056e-08,0.45280200000000004,2.469852,SCG,310551
9193528,189,6408,2001,0.0,7.719074620972652e-09,0.45280200000000004,2.469852,SCG,310559
9200054,189,6409,2001,0.0,3.958370631738968e-08,0.45280200000000004,2.469852,SCG,310560
9206580,189,6410,2001,9.123536128600257e-09,1.3634490844034904e-08,0.45280200000000004,2.469852,SCG,310590
9213106,189,6411,2001,0.0,1.7525514289729146e-08,0.45280200000000004,2.469852,SCG,320110
9219632,189,6412,2001,0.0,2.251059807564798e-08,0.45280200000000004,2.469852,SCG,320120
9226158,189,6413,2001,0.0,0.0,0.45280200000000004,2.469852,SCG,320130
9232684,189,6414,2001,6.5434787798473895e-09,3.823742546249956e-09,0.45280200000000004,2.469852,SCG,320190
9239210,189,6415,2001,6.136500036674368e-10,6.529826722519493e-08,0.45280200000000004,2.469852,SCG,320210
9245736,189,6416,2001,0.0,5.499335232114676e-08,0.45280200000000004,2.469852,SCG,320290
9252262,189,6417,2001,2.3752043104915407e-09,1.2651593132744373e-07,0.45280200000000004,2.469852,SCG,320300
9258788,189,6418,2001,1.4171981677290462e-07,2.0271933862365036e-07,0.45280200000000004,2.469852,SCG,320411
9265314,189,6419,2001,7.940479528937209e-09,2.5748333930728263e-07,0.45280200000000004,2.469852,SCG,320412
9271840,189,6420,2001,2.270353495050092e-08,1.5790230520170258e-07,0.45280200000000004,2.469852,SCG,320413
9278366,189,6421,2001,0.0,6.820128889136493e-08,0.45280200000000004,2.469852,SCG,320414
9284892,189,6422,2001,3.5855342436509196e-09,2.3878919225183646e-07,0.45280200000000004,2.469852,SCG,320415
9291418,189,6423,2001,7.451680785275196e-10,2.2245517960497534e-07,0.45280200000000004,2.469852,SCG,320416
9297944,189,6424,2001,2.10168307922723e-08,4.1838710177680523e-07,0.45280200000000004,2.469852,SCG,320417
9304470,189,6425,2001,1.2700888372202278e-08,4.4571110134323835e-07,0.45280200000000004,2.469852,SCG,320419
9310996,189,6426,2001,2.381568088307351e-09,1.2548749472165247e-07,0.45280200000000004,2.469852,SCG,320420
9317522,189,6427,2001,0.0,1.0153483165348187e-07,0.45280200000000004,2.469852,SCG,320490
9324048,189,6428,2001,8.692920496397082e-09,4.745325152135596e-08,0.45280200000000004,2.469852,SCG,320500
9330574,189,6429,2001,2.71887861624919e-08,8.081307692054645e-07,0.45280200000000004,2.469852,SCG,320610
9337100,189,6430,2001,1.471850897685304e-09,1.3112318149086753e-07,0.45280200000000004,2.469852,SCG,320620
9343626,189,6431,2001,0.0,8.431655575678156e-10,0.45280200000000004,2.469852,SCG,320630
9350152,189,6432,2001,7.557743748872037e-10,7.454591085226142e-09,0.45280200000000004,2.469852,SCG,320641
9356678,189,6433,2001,0.0,2.64314504915392e-08,0.45280200000000004,2.469852,SCG,320642
9363204,189,6434,2001,0.0,2.728025041014422e-09,0.45280200000000004,2.469852,SCG,320643
9369730,189,6435,2001,7.672534179187703e-08,4.3828136773317633e-07,0.45280200000000004,2.469852,SCG,320649
9376256,189,6436,2001,0.0,5.0082840960720366e-09,0.45280200000000004,2.469852,SCG,320650
9382782,189,6437,2001,2.1958063834934556e-09,2.5081258727223255e-07,0.45280200000000004,2.469852,SCG,320710
9389308,189,6438,2001,8.842620793588052e-10,6.264899066550051e-07,0.45280200000000004,2.469852,SCG,320720
9395834,189,6439,2001,6.574388557809897e-09,1.493669110963394e-08,0.45280200000000004,2.469852,SCG,320730
9402360,189,6440,2001,3.200071130236115e-10,7.806867908922391e-07,0.45280200000000004,2.469852,SCG,320740
9408886,189,6441,2001,3.0638256775700016e-08,1.3649574359964508e-06,0.45280200000000004,2.469852,SCG,320810
9415412,189,6442,2001,9.600637642562733e-08,1.0202787138753763e-06,0.45280200000000004,2.469852,SCG,320820
9421938,189,6443,2001,9.084911027628676e-07,2.3392670553342716e-06,0.45280200000000004,2.469852,SCG,320890
9428464,189,6444,2001,5.149569008553821e-08,4.4576048486056446e-07,0.45280200000000004,2.469852,SCG,320910
9434990,189,6445,2001,6.641632476730294e-08,6.934082183948979e-07,0.45280200000000004,2.469852,SCG,320990
9441516,189,6446,2001,2.6339979416678324e-09,2.0980537621044277e-07,0.45280200000000004,2.469852,SCG,321000
9448042,189,6447,2001,5.273753587073779e-09,4.032843627330748e-08,0.45280200000000004,2.469852,SCG,321100
9454568,189,6448,2001,6.191046703667029e-10,1.0830070496016008e-07,0.45280200000000004,2.469852,SCG,321210
9461094,189,6449,2001,6.7383315958267286e-09,3.0918788194771183e-07,0.45280200000000004,2.469852,SCG,321290
9467620,189,6450,2001,3.4094697240801637e-09,9.129222615384516e-08,0.45280200000000004,2.469852,SCG,321310
9474146,189,6451,2001,1.4388198604508593e-09,8.513121807616115e-08,0.45280200000000004,2.469852,SCG,321390
9480672,189,6452,2001,3.189434530172546e-08,8.323615045624714e-07,0.45280200000000004,2.469852,SCG,321410
9487198,189,6453,2001,2.3408338495453872e-07,8.527635258781954e-07,0.45280200000000004,2.469852,SCG,321490
9493724,189,6454,2001,6.7925752257805415e-09,3.175207704887378e-07,0.45280200000000004,2.469852,SCG,321511
9500250,189,6455,2001,2.4143566959107174e-08,1.588519601828736e-06,0.45280200000000004,2.469852,SCG,321519
9506776,189,6456,2001,1.2612401556858626e-09,2.1170382444697913e-07,0.45280200000000004,2.469852,SCG,321590
9513302,189,6457,2001,0.0,0.0,0.45280200000000004,2.469852,SCG,330111
9519828,189,6458,2001,0.0,1.8917864331923483e-08,0.45280200000000004,2.469852,SCG,330112
9526354,189,6459,2001,0.0,5.446438524965374e-09,0.45280200000000004,2.469852,SCG,330113
9532880,189,6460,2001,0.0,0.0,0.45280200000000004,2.469852,SCG,330114
9539406,189,6461,2001,0.0,1.2258381018947808e-08,0.45280200000000004,2.469852,SCG,330119
9545932,189,6462,2001,0.0,1.5399703013691424e-08,0.45280200000000004,2.469852,SCG,330121
9552458,189,6463,2001,0.0,0.0,0.45280200000000004,2.469852,SCG,330122
9558984,189,6464,2001,2.705514682835988e-09,6.529230143115553e-09,0.45280200000000004,2.469852,SCG,330123
9565510,189,6465,2001,5.536486699755097e-10,4.05110558575134e-09,0.45280200000000004,2.469852,SCG,330124
9572036,189,6466,2001,3.830388171040198e-10,9.243666431040242e-10,0.45280200000000004,2.469852,SCG,330125
9578562,189,6467,2001,0.0,0.0,0.45280200000000004,2.469852,SCG,330126
9585088,189,6468,2001,1.0531931070350765e-07,2.9312266146562568e-08,0.45280200000000004,2.469852,SCG,330129
9591614,189,6469,2001,9.40323931545707e-10,5.040433097284331e-09,0.45280200000000004,2.469852,SCG,330130
9598140,189,6470,2001,1.3776366823074244e-08,9.863777578135125e-09,0.45280200000000004,2.469852,SCG,330190
9604666,189,6471,2001,1.764221032765967e-08,3.3551907395608896e-06,0.45280200000000004,2.469852,SCG,330210
9611192,189,6472,2001,2.654846889940583e-08,9.351862734604713e-07,0.45280200000000004,2.469852,SCG,330290
9617718,189,6473,2001,9.703124769101165e-08,2.2769682567788837e-06,0.45280200000000004,2.469852,SCG,330300
9624244,189,6474,2001,1.9955595082226197e-08,2.1897546451499715e-07,0.45280200000000004,2.469852,SCG,330410
9630770,189,6475,2001,1.1636319254728842e-08,1.8430558388805576e-07,0.45280200000000004,2.469852,SCG,330420
9637296,189,6476,2001,2.360507014107407e-08,1.77141659545749e-07,0.45280200000000004,2.469852,SCG,330430
9643822,189,6477,2001,1.0931758139406971e-08,3.146754181649486e-07,0.45280200000000004,2.469852,SCG,330491
9650348,189,6478,2001,1.931915669323738e-07,3.6644117648088202e-06,0.45280200000000004,2.469852,SCG,330499
9656874,189,6479,2001,1.687731453790314e-07,7.490422307092754e-07,0.45280200000000004,2.469852,SCG,330510
9663400,189,6480,2001,5.351937143096593e-09,2.0320820230187857e-08,0.45280200000000004,2.469852,SCG,330520
9669926,189,6481,2001,6.58681307640267e-09,1.0590411292133427e-07,0.45280200000000004,2.469852,SCG,330530
9676452,189,6482,2001,1.727641431806611e-07,1.6971225736868921e-06,0.45280200000000004,2.469852,SCG,330590
9682978,189,6483,2001,1.21629370208391e-07,4.5348718244058743e-07,0.45280200000000004,2.469852,SCG,330610
9689504,189,6484,2001,5.2543592165875e-09,6.064527930746907e-08,0.45280200000000004,2.469852,SCG,330690
9696030,189,6485,2001,4.864502066109397e-08,5.201986799871146e-07,0.45280200000000004,2.469852,SCG,330710
9702556,189,6486,2001,1.3683334452147873e-08,1.0722258654734076e-06,0.45280200000000004,2.469852,SCG,330720
9709082,189,6487,2001,1.3816064675163348e-08,4.769857822957597e-07,0.45280200000000004,2.469852,SCG,330730
9715608,189,6488,2001,0.0,3.642448694052788e-09,0.45280200000000004,2.469852,SCG,330741
9722134,189,6489,2001,1.6139752689050708e-09,1.852697224914224e-07,0.45280200000000004,2.469852,SCG,330749
9728660,189,6490,2001,7.617745082563963e-09,7.339845665538426e-07,0.45280200000000004,2.469852,SCG,330790
9735186,189,6491,2001,9.931463177873222e-08,6.022611598960114e-07,0.45280200000000004,2.469852,SCG,340111
9741712,189,6492,2001,4.030028972233338e-08,4.881255769323209e-07,0.45280200000000004,2.469852,SCG,340119
9748238,189,6493,2001,2.483115800025355e-08,3.7280843531582804e-07,0.45280200000000004,2.469852,SCG,340120
9754764,189,6494,2001,7.557743748872036e-09,1.0248959070288658e-06,0.45280200000000004,2.469852,SCG,340211
9761290,189,6495,2001,0.0,9.41823219329298e-08,0.45280200000000004,2.469852,SCG,340212
9767816,189,6496,2001,1.772160603183788e-09,7.518769771769945e-07,0.45280200000000004,2.469852,SCG,340213
9774342,189,6497,2001,4.2288212697177026e-08,4.6200335343182366e-07,0.45280200000000004,2.469852,SCG,340219
9780868,189,6498,2001,7.854968537315047e-07,4.216421715778999e-06,0.45280200000000004,2.469852,SCG,340220
9787394,189,6499,2001,6.373959860315752e-08,8.394661023973863e-07,0.45280200000000004,2.469852,SCG,340290
9793920,189,6500,2001,0.0,4.255135741898646e-08,0.45280200000000004,2.469852,SCG,340311
9800446,189,6501,2001,1.3143504271143836e-07,3.1802156575504474e-07,0.45280200000000004,2.469852,SCG,340319
9806972,189,6502,2001,1.357605934039564e-09,1.1680958442534818e-07,0.45280200000000004,2.469852,SCG,340391
9813498,189,6503,2001,1.9589223302258823e-08,2.686728488941722e-07,0.45280200000000004,2.469852,SCG,340399
9820024,189,6504,2001,0.0,8.115799924592413e-09,0.45280200000000004,2.469852,SCG,340410
9826550,189,6505,2001,0.0,2.170886164335374e-09,0.45280200000000004,2.469852,SCG,340420
9833076,189,6506,2001,4.461917359999674e-09,4.181567558402841e-07,0.45280200000000004,2.469852,SCG,340490
9839602,189,6507,2001,5.9640719615697896e-09,2.1453293655366106e-07,0.45280200000000004,2.469852,SCG,340510
9846128,189,6508,2001,0.0,9.836533785355221e-08,0.45280200000000004,2.469852,SCG,340520
9852654,189,6509,2001,8.945653386796412e-10,7.781582885185423e-07,0.45280200000000004,2.469852,SCG,340530
9859180,189,6510,2001,7.318950562259721e-09,1.0396920705455717e-07,0.45280200000000004,2.469852,SCG,340540
9865706,189,6511,2001,1.2222695924899948e-08,1.5434006329417945e-07,0.45280200000000004,2.469852,SCG,340590
9872232,189,6512,2001,2.2149280206447716e-08,2.089963482521004e-07,0.45280200000000004,2.469852,SCG,340600
9878758,189,6513,2001,1.15226803651608e-08,9.82493363027862e-08,0.45280200000000004,2.469852,SCG,340700
9885284,189,6514,2001,0.0,7.986872486741045e-08,0.45280200000000004,2.469852,SCG,350110
9891810,189,6515,2001,7.451680785275196e-10,9.250063087982482e-08,0.45280200000000004,2.469852,SCG,350190
9898336,189,6516,2001,0.0,5.34999152132849e-09,0.45280200000000004,2.469852,SCG,350210
9904862,189,6517,2001,0.0,5.6416525632544636e-08,0.45280200000000004,2.469852,SCG,350290
9911388,189,6518,2001,1.0381139839819942e-08,1.7966253896039555e-07,0.45280200000000004,2.469852,SCG,350300
9917914,189,6519,2001,1.0094163764030776e-08,1.0967664906874609e-06,0.45280200000000004,2.469852,SCG,350400
9924440,189,6520,2001,9.577667435018045e-08,1.1015706120541847e-07,0.45280200000000004,2.469852,SCG,350510
9930966,189,6521,2001,4.3805822187728393e-08,9.41942535210086e-08,0.45280200000000004,2.469852,SCG,350520
9937492,189,6522,2001,1.0997214139798164e-08,1.9366061180783136e-07,0.45280200000000004,2.469852,SCG,350610
9944018,189,6523,2001,7.060581182937815e-08,5.9706064465867e-07,0.45280200000000004,2.469852,SCG,350691
9950544,189,6524,2001,9.752883450880026e-08,3.992455201684044e-07,0.45280200000000004,2.469852,SCG,350699
9957070,189,6525,2001,2.3741133771516873e-08,1.13632136233366e-07,0.45280200000000004,2.469852,SCG,350710
9963596,189,6526,2001,7.115309672153786e-10,6.574878410506989e-07,0.45280200000000004,2.469852,SCG,350790
9970122,189,6527,2001,3.0543103145501707e-09,1.0583318625886591e-08,0.45280200000000004,2.469852,SCG,360100
9976648,189,6528,2001,8.06663384820968e-08,7.246848879454324e-08,0.45280200000000004,2.469852,SCG,360200
9983174,189,6529,2001,0.0,1.3341504070100176e-08,0.45280200000000004,2.469852,SCG,360300
9989700,189,6530,2001,1.1145702288833742e-09,2.4332153855676563e-08,0.45280200000000004,2.469852,SCG,360410
9996226,189,6531,2001,5.0978405860224475e-08,3.642050974450162e-08,0.45280200000000004,2.469852,SCG,360490
10002752,189,6532,2001,0.0,1.1529791850236595e-07,0.45280200000000004,2.469852,SCG,360500
10009278,189,6533,2001,5.718308923063967e-10,8.846941127420479e-09,0.45280200000000004,2.469852,SCG,360610
10015804,189,6534,2001,4.6061629904913776e-09,1.8358073991226927e-09,0.45280200000000004,2.469852,SCG,360690
10022330,189,6535,2001,1.521245935017547e-09,4.834981093557636e-07,0.45280200000000004,2.469852,SCG,370110
10028856,189,6536,2001,0.0,4.251622552075447e-09,0.45280200000000004,2.469852,SCG,370120
10035382,189,6537,2001,0.0,6.885427819227693e-07,0.45280200000000004,2.469852,SCG,370130
10041908,189,6538,2001,1.7451903067263055e-09,7.913957226259552e-09,0.45280200000000004,2.469852,SCG,370191
10048434,189,6539,2001,2.075500679070753e-09,4.6369697607300746e-07,0.45280200000000004,2.469852,SCG,370199
10054960,189,6540,2001,0.0,2.0782837835238775e-07,0.45280200000000004,2.469852,SCG,370210
10061486,189,6541,2001,0.0,2.078084923722564e-09,0.45280200000000004,2.469852,SCG,370220
10068012,189,6542,2001,0.0,2.2002511283292847e-08,0.45280200000000004,2.469852,SCG,370231
10074538,189,6543,2001,0.0,2.490384264115169e-07,0.45280200000000004,2.469852,SCG,370232
10081064,189,6544,2001,0.0,1.3717349094582056e-08,0.45280200000000004,2.469852,SCG,370239
10087590,189,6545,2001,0.0,1.5282375730916657e-09,0.45280200000000004,2.469852,SCG,370241
10094116,189,6546,2001,0.0,1.0977061032486656e-08,0.45280200000000004,2.469852,SCG,370242
10100642,189,6547,2001,0.0,5.485812765625381e-08,0.45280200000000004,2.469852,SCG,370243
10107168,189,6548,2001,0.0,2.026195772899916e-07,0.45280200000000004,2.469852,SCG,370244
10113694,189,6549,2001,6.204380333376347e-09,2.240851671097389e-08,0.45280200000000004,2.469852,SCG,370251
10120220,189,6550,2001,0.0,6.131179107487036e-09,0.45280200000000004,2.469852,SCG,370252
10126746,189,6551,2001,1.1197218585437921e-09,1.1033404642858718e-09,0.45280200000000004,2.469852,SCG,370253
10133272,189,6552,2001,8.829893237956431e-08,3.268300606542114e-07,0.45280200000000004,2.469852,SCG,370254
10139798,189,6553,2001,1.122327977077886e-08,1.2605722805241468e-08,0.45280200000000004,2.469852,SCG,370255
10146324,189,6554,2001,0.0,2.0431187419916663e-08,0.45280200000000004,2.469852,SCG,370256
10152850,189,6555,2001,0.0,6.164653840708085e-10,0.45280200000000004,2.469852,SCG,370291
10159376,189,6556,2001,0.0,5.0301586742164845e-09,0.45280200000000004,2.469852,SCG,370292
10165902,189,6557,2001,0.0,1.1990583153179414e-08,0.45280200000000004,2.469852,SCG,370293
10172428,189,6558,2001,0.0,5.959828245355526e-09,0.45280200000000004,2.469852,SCG,370294
10178954,189,6559,2001,1.2952106077407366e-08,5.401032203665535e-09,0.45280200000000004,2.469852,SCG,370295
10185480,189,6560,2001,2.075803716109601e-09,1.554851643167411e-08,0.45280200000000004,2.469852,SCG,370310
10192006,189,6561,2001,8.647161903531017e-08,9.03867843351661e-07,0.45280200000000004,2.469852,SCG,370320
10198532,189,6562,2001,1.1182066733495515e-09,6.76554187367603e-08,0.45280200000000004,2.469852,SCG,370390
10205058,189,6563,2001,1.3930612675847935e-09,1.8503573079187725e-08,0.45280200000000004,2.469852,SCG,370400
10211584,189,6564,2001,3.094008166639274e-10,5.580801464052636e-08,0.45280200000000004,2.469852,SCG,370510
10218110,189,6565,2001,0.0,5.3191682521249495e-09,0.45280200000000004,2.469852,SCG,370520
10224636,189,6566,2001,0.0,3.005434463846286e-09,0.45280200000000004,2.469852,SCG,370590
10231162,189,6567,2001,5.4931524031998156e-09,9.528765099522881e-08,0.45280200000000004,2.469852,SCG,370610
10237688,189,6568,2001,0.0,4.9343745365839775e-09,0.45280200000000004,2.469852,SCG,370690
10244214,189,6569,2001,4.265246321787246e-09,1.0619245963323835e-07,0.45280200000000004,2.469852,SCG,370710
10250740,189,6570,2001,7.114067220294509e-08,8.59510838936751e-07,0.45280200000000004,2.469852,SCG,370790
10257266,189,6571,2001,0.0,2.757025428705925e-08,0.45280200000000004,2.469852,SCG,380110
10263792,189,6572,2001,0.0,3.502153104226351e-08,0.45280200000000004,2.469852,SCG,380120
10270318,189,6573,2001,0.0,6.19799600072826e-08,0.45280200000000004,2.469852,SCG,380130
10276844,189,6574,2001,2.5630872745773732e-09,4.905838155095538e-08,0.45280200000000004,2.469852,SCG,380190
10283370,189,6575,2001,6.78469626277049e-09,4.655738811644015e-08,0.45280200000000004,2.469852,SCG,380210
10289896,189,6576,2001,7.466832637217602e-10,8.365799838143279e-08,0.45280200000000004,2.469852,SCG,380290
10296422,189,6577,2001,0.0,7.451939621208633e-09,0.45280200000000004,2.469852,SCG,380300
10302948,189,6578,2001,0.0,4.0702955565780606e-08,0.45280200000000004,2.469852,SCG,380400
10309474,189,6579,2001,0.0,1.602611138782789e-08,0.45280200000000004,2.469852,SCG,380510
10316000,189,6580,2001,0.0,3.7173525525474133e-09,0.45280200000000004,2.469852,SCG,380520
10322526,189,6581,2001,0.0,3.6291913739652437e-10,0.45280200000000004,2.469852,SCG,380590
10329052,189,6582,2001,1.552155712980055e-09,2.969507126409041e-08,0.45280200000000004,2.469852,SCG,380610
10335578,189,6583,2001,5.062233733957793e-09,2.319567009117183e-07,0.45280200000000004,2.469852,SCG,380620
10342104,189,6584,2001,4.055544690904349e-09,2.5440465814995264e-08,0.45280200000000004,2.469852,SCG,380630
10348630,189,6585,2001,5.635276774419583e-09,1.051318740262348e-07,0.45280200000000004,2.469852,SCG,380690
10355156,189,6586,2001,0.0,5.600223437980888e-09,0.45280200000000004,2.469852,SCG,380700
10361682,189,6587,2001,2.5941455406889165e-07,6.629926117840495e-07,0.45280200000000004,2.469852,SCG,380810
10368208,189,6588,2001,1.9200517692528345e-07,1.1230272531828729e-06,0.45280200000000004,2.469852,SCG,380820
10374734,189,6589,2001,4.523921768518387e-07,1.454035689695676e-06,0.45280200000000004,2.469852,SCG,380830
10381260,189,6590,2001,2.375722503827971e-07,4.3770500574237033e-07,0.45280200000000004,2.469852,SCG,380840
10387786,189,6591,2001,1.3618181488795527e-08,2.7353662820128997e-07,0.45280200000000004,2.469852,SCG,380890
10394312,189,6592,2001,1.3848792675358944e-09,1.553857344160845e-08,0.45280200000000004,2.469852,SCG,380910
10400838,189,6593,2001,9.82143042906747e-10,1.0305813087484092e-06,0.45280200000000004,2.469852,SCG,380991
10407364,189,6594,2001,1.1298372349005422e-07,6.28115254097738e-08,0.45280200000000004,2.469852,SCG,380992
10413890,189,6595,2001,0.0,0.0,0.45280200000000004,2.469852,SCG,380993
10420416,189,6596,2001,2.054075960424191e-08,7.66617791382335e-08,0.45280200000000004,2.469852,SCG,380999
10426942,189,6597,2001,2.567935867198943e-09,5.911803603338397e-08,0.45280200000000004,2.469852,SCG,381010
10433468,189,6598,2001,1.9012543817330856e-09,3.263289339549022e-08,0.45280200000000004,2.469852,SCG,381090
10439994,189,6599,2001,0.0,6.488516913126704e-07,0.45280200000000004,2.469852,SCG,381111
10446520,189,6600,2001,0.0,1.7138731976175044e-08,0.45280200000000004,2.469852,SCG,381119
10453046,189,6601,2001,2.4264175700568725e-09,5.311134316151898e-07,0.45280200000000004,2.469852,SCG,381121
10459572,189,6602,2001,0.0,7.002582756841321e-08,0.45280200000000004,2.469852,SCG,381129
10466098,189,6603,2001,2.9863088030326535e-08,4.3698579612762107e-07,0.45280200000000004,2.469852,SCG,381190
10472624,189,6604,2001,1.0757814879108152e-09,1.1588853211226605e-07,0.45280200000000004,2.469852,SCG,381210
10479150,189,6605,2001,0.0,5.660345384577901e-08,0.45280200000000004,2.469852,SCG,381220
10485676,189,6606,2001,3.3882571313607955e-09,5.696113634174095e-07,0.45280200000000004,2.469852,SCG,381230
10492202,189,6607,2001,0.0,7.696769179925357e-08,0.45280200000000004,2.469852,SCG,381300
10498728,189,6608,2001,8.723042378058585e-08,1.8342536412084326e-06,0.45280200000000004,2.469852,SCG,381400
10505254,189,6609,2001,0.0,1.432871041041916e-07,0.45280200000000004,2.469852,SCG,381511
10511780,189,6610,2001,0.0,1.4985146614553914e-07,0.45280200000000004,2.469852,SCG,381512
10518306,189,6611,2001,0.0,3.69766543221741e-07,0.45280200000000004,2.469852,SCG,381519
10524832,189,6612,2001,2.4549030517085953e-09,4.1043635548730274e-07,0.45280200000000004,2.469852,SCG,381590
10531358,189,6613,2001,2.2262464540457486e-07,1.0654765638168388e-06,0.45280200000000004,2.469852,SCG,381600
10537884,189,6614,2001,3.5334118729690437e-10,6.051549014381201e-07,0.45280200000000004,2.469852,SCG,381710
10544410,189,6615,2001,0.0,1.3552958325496506e-08,0.45280200000000004,2.469852,SCG,381720
10550936,189,6616,2001,0.0,5.472953165140463e-09,0.45280200000000004,2.469852,SCG,381800
10557462,189,6617,2001,9.314752500113418e-09,2.8194674063182584e-07,0.45280200000000004,2.469852,SCG,381900
10563988,189,6618,2001,3.0952809222024363e-08,5.058088533310919e-07,0.45280200000000004,2.469852,SCG,382000
10570514,189,6619,2001,7.82259812082529e-09,1.1225967217130299e-07,0.45280200000000004,2.469852,SCG,382100
10577040,189,6620,2001,1.7190988176814827e-08,1.7511438330126197e-06,0.45280200000000004,2.469852,SCG,382200
10583566,189,6621,2001,4.046756616777754e-09,2.1698355217184363e-07,0.45280200000000004,2.469852,SCG,382310
10590092,189,6622,2001,0.0,1.1224972918123733e-08,0.45280200000000004,2.469852,SCG,382320
10596618,189,6623,2001,3.7012943924909e-09,5.472422872336961e-08,0.45280200000000004,2.469852,SCG,382330
10603144,189,6624,2001,8.123816937440319e-09,1.8453592982457685e-07,0.45280200000000004,2.469852,SCG,382340
10609670,189,6625,2001,3.218950337756352e-08,9.719703652083737e-08,0.45280200000000004,2.469852,SCG,382350
10616196,189,6626,2001,0.0,4.7705803469023673e-08,0.45280200000000004,2.469852,SCG,382360
10622722,189,6627,2001,1.1443708912836979e-07,3.141107889024201e-06,0.45280200000000004,2.469852,SCG,382390
10629248,189,6628,2001,6.234947982521995e-06,4.114822586123093e-06,0.45280200000000004,2.469852,SCG,390110
10635774,189,6629,2001,5.890402748314695e-06,1.804700754702281e-06,0.45280200000000004,2.469852,SCG,390120
10642300,189,6630,2001,0.0,3.667471885718028e-08,0.45280200000000004,2.469852,SCG,390130
10648826,189,6631,2001,1.2886407647385095e-07,3.013418684869009e-07,0.45280200000000004,2.469852,SCG,390190
10655352,189,6632,2001,1.5152554988335976e-06,1.620406770969302e-06,0.45280200000000004,2.469852,SCG,390210
10661878,189,6633,2001,0.0,1.6095712318287498e-08,0.45280200000000004,2.469852,SCG,390220
10668404,189,6634,2001,3.033340151461881e-08,5.596710248157689e-07,0.45280200000000004,2.469852,SCG,390230
10674930,189,6635,2001,4.874653806910809e-09,3.6805966326046964e-08,0.45280200000000004,2.469852,SCG,390290
10681456,189,6636,2001,1.047144487739668e-08,9.812365690835628e-07,0.45280200000000004,2.469852,SCG,390311
10687982,189,6637,2001,1.9012543817330856e-09,8.152545901545064e-07,0.45280200000000004,2.469852,SCG,390319
10694508,189,6638,2001,5.812250405106883e-10,3.177978484785675e-08,0.45280200000000004,2.469852,SCG,390320
10701034,189,6639,2001,1.3463935636021837e-09,3.99188513692028e-07,0.45280200000000004,2.469852,SCG,390330
10707560,189,6640,2001,1.2551794149089003e-09,7.69369679599507e-07,0.45280200000000004,2.469852,SCG,390390
10714086,189,6641,2001,3.60001941410786e-08,4.532318464557013e-06,0.45280200000000004,2.469852,SCG,390410
10720612,189,6642,2001,8.76261901533215e-09,2.570067386501354e-07,0.45280200000000004,2.469852,SCG,390421
10727138,189,6643,2001,2.5594508301111958e-08,1.0669852468428013e-06,0.45280200000000004,2.469852,SCG,390422
10733664,189,6644,2001,0.0,5.3488977924212676e-08,0.45280200000000004,2.469852,SCG,390430
10740190,189,6645,2001,4.614951064617973e-09,3.1048643645028676e-08,0.45280200000000004,2.469852,SCG,390440
10746716,189,6646,2001,0.0,2.838723663745417e-09,0.45280200000000004,2.469852,SCG,390450
10753242,189,6647,2001,0.0,2.5219731435537652e-08,0.45280200000000004,2.469852,SCG,390461
10759768,189,6648,2001,0.0,1.666809711306722e-08,0.45280200000000004,2.469852,SCG,390469
10766294,189,6649,2001,0.0,7.337230659151158e-08,0.45280200000000004,2.469852,SCG,390490
10772820,189,6650,2001,1.4015766083764257e-08,1.1512146357200074e-06,0.45280200000000004,2.469852,SCG,390511
10779346,189,6651,2001,2.6521801639987194e-09,1.2859235908615534e-07,0.45280200000000004,2.469852,SCG,390519
10785872,189,6652,2001,6.657117669415433e-09,5.861061210703322e-08,0.45280200000000004,2.469852,SCG,390520
10792398,189,6653,2001,1.4554868975875058e-09,1.4061475980754487e-07,0.45280200000000004,2.469852,SCG,390590
10798924,189,6654,2001,4.970716548225662e-09,7.333618039427301e-08,0.45280200000000004,2.469852,SCG,390610
10805450,189,6655,2001,6.28589729682649e-09,8.439636482370857e-07,0.45280200000000004,2.469852,SCG,390690
10811976,189,6656,2001,0.0,4.485448535119509e-08,0.45280200000000004,2.469852,SCG,390710
10818502,189,6657,2001,1.1695714514343073e-08,1.1269192709275737e-06,0.45280200000000004,2.469852,SCG,390720
10825028,189,6658,2001,6.494083742515146e-10,2.0972152366088906e-07,0.45280200000000004,2.469852,SCG,390730
10831554,189,6659,2001,0.0,3.4438474104813313e-07,0.45280200000000004,2.469852,SCG,390740
10838080,189,6660,2001,3.455470746577308e-08,3.961403243708994e-07,0.45280200000000004,2.469852,SCG,390750
10844606,189,6661,2001,1.2926650966144125e-08,4.281934420156611e-06,0.45280200000000004,2.469852,SCG,390760
10851132,189,6662,2001,3.4379855094357714e-08,5.194509671341771e-07,0.45280200000000004,2.469852,SCG,390791
10857658,189,6663,2001,1.394576452779034e-09,1.0334777017545355e-06,0.45280200000000004,2.469852,SCG,390799
10864184,189,6664,2001,1.0020525763590683e-08,3.754575793023216e-07,0.45280200000000004,2.469852,SCG,390810
10870710,189,6665,2001,1.4676083791414304e-09,9.905107273508044e-08,0.45280200000000004,2.469852,SCG,390890
10877236,189,6666,2001,2.772782844719493e-07,6.849062990227558e-08,0.45280200000000004,2.469852,SCG,390910
10883762,189,6667,2001,9.242629684867567e-10,1.3810349194996178e-07,0.45280200000000004,2.469852,SCG,390920
10890288,189,6668,2001,0.0,2.0525314392538226e-08,0.45280200000000004,2.469852,SCG,390930
10896814,189,6669,2001,4.281064855215118e-08,3.2418787676076377e-07,0.45280200000000004,2.469852,SCG,390940
10903340,189,6670,2001,6.860667648409713e-08,1.985780501180035e-06,0.45280200000000004,2.469852,SCG,390950
10909866,189,6671,2001,6.621359298831355e-10,4.076993817552292e-07,0.45280200000000004,2.469852,SCG,391000
10916392,189,6672,2001,0.0,1.7255396392945432e-08,0.45280200000000004,2.469852,SCG,391110
10922918,189,6673,2001,0.0,3.851556403793624e-07,0.45280200000000004,2.469852,SCG,391190
10929444,189,6674,2001,0.0,0.0,0.45280200000000004,2.469852,SCG,391211
10935970,189,6675,2001,0.0,3.1996542031288093e-09,0.45280200000000004,2.469852,SCG,391212
10942496,189,6676,2001,8.554584088162917e-08,2.362736157652249e-07,0.45280200000000004,2.469852,SCG,391220
10949022,189,6677,2001,4.7004075095731415e-09,3.722164959739192e-07,0.45280200000000004,2.469852,SCG,391231
10955548,189,6678,2001,1.7351597807404328e-08,4.024047395452662e-07,0.45280200000000004,2.469852,SCG,391239
10962074,189,6679,2001,2.427326681173417e-10,2.0040427910336295e-08,0.45280200000000004,2.469852,SCG,391290
10968600,189,6680,2001,1.6073084540504123e-09,1.0316846492126951e-08,0.45280200000000004,2.469852,SCG,391310
10975126,189,6681,2001,9.530514871773278e-10,1.3118515946227682e-07,0.45280200000000004,2.469852,SCG,391390
10981652,189,6682,2001,0.0,3.351221829359681e-07,0.45280200000000004,2.469852,SCG,391400
10988178,189,6683,2001,4.066454024302881e-09,1.3379685151952303e-07,0.45280200000000004,2.469852,SCG,391510
10994704,189,6684,2001,2.3885379402008577e-09,4.204625352365103e-08,0.45280200000000004,2.469852,SCG,391520
11001230,189,6685,2001,4.4758570637866875e-10,1.6033734346878227e-07,0.45280200000000004,2.469852,SCG,391530
11007756,189,6686,2001,6.557903342896559e-08,1.3136148181944115e-07,0.45280200000000004,2.469852,SCG,391590
11014282,189,6687,2001,1.6827646767235935e-09,3.351881381034037e-08,0.45280200000000004,2.469852,SCG,391610
11020808,189,6688,2001,2.0010141749218857e-08,2.5935189228702155e-06,0.45280200000000004,2.469852,SCG,391620
11027334,189,6689,2001,4.968898325992574e-09,7.96876298750146e-07,0.45280200000000004,2.469852,SCG,391690
11033860,189,6690,2001,1.84490161398889e-07,5.129754291374161e-07,0.45280200000000004,2.469852,SCG,391710
11040386,189,6691,2001,2.0573154263694774e-07,4.841235234308934e-07,0.45280200000000004,2.469852,SCG,391721
11046912,189,6692,2001,4.031725979650887e-08,1.5713006630660314e-07,0.45280200000000004,2.469852,SCG,391722
11053438,189,6693,2001,1.6318756667898291e-07,3.832750895249442e-07,0.45280200000000004,2.469852,SCG,391723
11059964,189,6694,2001,1.6518245950572006e-08,1.901719480267941e-07,0.45280200000000004,2.469852,SCG,391729
11066490,189,6695,2001,6.588934335674607e-09,9.916110849180707e-08,0.45280200000000004,2.469852,SCG,391731
11073016,189,6696,2001,3.438770375366388e-07,5.940833820000098e-07,0.45280200000000004,2.469852,SCG,391732
11079542,189,6697,2001,3.9819066904642566e-10,4.8372315236424964e-08,0.45280200000000004,2.469852,SCG,391733
11086068,189,6698,2001,1.2827254817401943e-08,1.9641250002500337e-07,0.45280200000000004,2.469852,SCG,391739
11092594,189,6699,2001,8.97177517954512e-08,3.8071211811901976e-07,0.45280200000000004,2.469852,SCG,391740
11099120,189,6700,2001,6.512812643664115e-06,2.2572542903757032e-07,0.45280200000000004,2.469852,SCG,391810
11105646,189,6701,2001,5.561184218421218e-08,4.0739081763019165e-08,0.45280200000000004,2.469852,SCG,391890
11112172,189,6702,2001,1.6043083873658158e-08,9.312475236624618e-07,0.45280200000000004,2.469852,SCG,391910
11118698,189,6703,2001,1.601732572535607e-08,6.366078933458189e-07,0.45280200000000004,2.469852,SCG,391990
11125224,189,6704,2001,2.5894211932532743e-07,1.829669591355162e-06,0.45280200000000004,2.469852,SCG,392010
11131750,189,6705,2001,4.847962304529067e-07,1.5994370049208286e-06,0.45280200000000004,2.469852,SCG,392020
11138276,189,6706,2001,1.6745826766746942e-09,2.3797718139647435e-07,0.45280200000000004,2.469852,SCG,392030
11144802,189,6707,2001,7.87914483227435e-08,2.401603305818907e-07,0.45280200000000004,2.469852,SCG,392041
11151328,189,6708,2001,1.2050934531280836e-07,8.400762705544156e-07,0.45280200000000004,2.469852,SCG,392042
11157854,189,6709,2001,9.710427961737405e-08,1.1142644960380083e-07,0.45280200000000004,2.469852,SCG,392051
11164380,189,6710,2001,2.4829945852098158e-08,4.0026832241315846e-08,0.45280200000000004,2.469852,SCG,392059
11170906,189,6711,2001,2.4573273480193804e-09,1.065487501105911e-07,0.45280200000000004,2.469852,SCG,392061
11177432,189,6712,2001,2.046530338156873e-08,1.596857461864795e-07,0.45280200000000004,2.469852,SCG,392062
11183958,189,6713,2001,0.0,6.932584106779087e-09,0.45280200000000004,2.469852,SCG,392063
11190484,189,6714,2001,3.391893575826973e-09,2.5469300486185673e-08,0.45280200000000004,2.469852,SCG,392069
11197010,189,6715,2001,1.9218609003747576e-09,4.459984537561359e-07,0.45280200000000004,2.469852,SCG,392071
11203536,189,6716,2001,0.0,2.1553419565327285e-08,0.45280200000000004,2.469852,SCG,392072
11210062,189,6717,2001,0.0,5.218677765861364e-08,0.45280200000000004,2.469852,SCG,392073
11216588,189,6718,2001,9.71839783585911e-10,7.332955173422924e-09,0.45280200000000004,2.469852,SCG,392079
11223114,189,6719,2001,0.0,4.595252288744595e-08,0.45280200000000004,2.469852,SCG,392091
11229640,189,6720,2001,0.0,7.681158685522274e-08,0.45280200000000004,2.469852,SCG,392092
11236166,189,6721,2001,0.0,0.0,0.45280200000000004,2.469852,SCG,392093
11242692,189,6722,2001,0.0,8.28284215769547e-09,0.45280200000000004,2.469852,SCG,392094
11249218,189,6723,2001,1.4143647714158162e-08,2.7129083817845995e-07,0.45280200000000004,2.469852,SCG,392099
11255744,189,6724,2001,1.6684310247860775e-08,3.4888096115582376e-07,0.45280200000000004,2.469852,SCG,392111
11262270,189,6725,2001,3.30552801975526e-08,1.400205004346207e-07,0.45280200000000004,2.469852,SCG,392112
11268796,189,6726,2001,8.435793568934455e-08,8.89848227359083e-07,0.45280200000000004,2.469852,SCG,392113
11275322,189,6727,2001,8.86080301591894e-10,5.09631270145333e-08,0.45280200000000004,2.469852,SCG,392114
11281848,189,6728,2001,1.1209946141069542e-08,1.933742536939404e-07,0.45280200000000004,2.469852,SCG,392119
11288374,189,6729,2001,1.5465101329463146e-07,2.477264157290531e-06,0.45280200000000004,2.469852,SCG,392190
11294900,189,6730,2001,6.538236239075317e-08,4.2642567781188767e-07,0.45280200000000004,2.469852,SCG,392210
11301426,189,6731,2001,9.801733021542342e-09,1.4995354751021323e-08,0.45280200000000004,2.469852,SCG,392220
11307952,189,6732,2001,5.113174260188162e-08,6.926727685630415e-07,0.45280200000000004,2.469852,SCG,392290
11314478,189,6733,2001,1.483129936271231e-07,4.039217083962835e-07,0.45280200000000004,2.469852,SCG,392310
11321004,189,6734,2001,2.083876622824515e-07,5.479104561661083e-07,0.45280200000000004,2.469852,SCG,392321
11327530,189,6735,2001,2.5983062392323013e-07,5.924113025039683e-07,0.45280200000000004,2.469852,SCG,392329
11334056,189,6736,2001,5.158511631570228e-07,7.127904203628877e-07,0.45280200000000004,2.469852,SCG,392330
11340582,189,6737,2001,2.045863656671407e-08,8.280024977176867e-08,0.45280200000000004,2.469852,SCG,392340
11347108,189,6738,2001,5.462242625237308e-08,1.2532280566286495e-06,0.45280200000000004,2.469852,SCG,392350
11353634,189,6739,2001,3.224529249641546e-07,5.232067659149783e-07,0.45280200000000004,2.469852,SCG,392390
11360160,189,6740,2001,1.6076690681266416e-07,3.804161484480653e-07,0.45280200000000004,2.469852,SCG,392410
11366686,189,6741,2001,2.670544208552915e-07,5.211903275296629e-07,0.45280200000000004,2.469852,SCG,392490
11373212,189,6742,2001,7.524409674598744e-09,8.589351398119494e-08,0.45280200000000004,2.469852,SCG,392510
11379738,189,6743,2001,7.944388706738349e-08,4.015131847693789e-07,0.45280200000000004,2.469852,SCG,392520
11386264,189,6744,2001,4.454947508106167e-09,3.6753003332297226e-07,0.45280200000000004,2.469852,SCG,392530
11392790,189,6745,2001,1.3966977120509709e-07,6.114037392613841e-07,0.45280200000000004,2.469852,SCG,392590
11399316,189,6746,2001,4.316489885056463e-08,4.857912942979065e-07,0.45280200000000004,2.469852,SCG,392610
11405842,189,6747,2001,1.4424563049170367e-08,2.117919856255613e-07,0.45280200000000004,2.469852,SCG,392620
11412368,189,6748,2001,5.831038701515466e-09,7.410775642336809e-08,0.45280200000000004,2.469852,SCG,392630
11418894,189,6749,2001,1.987316900765951e-09,2.1920249612149635e-07,0.45280200000000004,2.469852,SCG,392640
11425420,189,6750,2001,5.204567200734365e-07,3.114188900586442e-06,0.45280200000000004,2.469852,SCG,392690
11431946,189,6751,2001,0.0,4.4083572188104394e-08,0.45280200000000004,2.469852,SCG,400110
11438472,189,6752,2001,6.957730411952765e-10,7.272302934022409e-09,0.45280200000000004,2.469852,SCG,400121
11444998,189,6753,2001,4.278579951496563e-09,1.0546164986341248e-06,0.45280200000000004,2.469852,SCG,400122
11451524,189,6754,2001,0.0,9.449353752198491e-08,0.45280200000000004,2.469852,SCG,400129
11458050,189,6755,2001,0.0,0.0,0.45280200000000004,2.469852,SCG,400130
11464576,189,6756,2001,7.492499874408036e-08,6.323880883619535e-07,0.45280200000000004,2.469852,SCG,400211
11471102,189,6757,2001,3.8047391160720937e-06,1.4328799897329751e-06,0.45280200000000004,2.469852,SCG,400219
11477628,189,6758,2001,9.015351905731479e-10,2.3054247629137953e-07,0.45280200000000004,2.469852,SCG,400220
11484154,189,6759,2001,2.095592034746383e-08,1.9469368847565325e-07,0.45280200000000004,2.469852,SCG,400231
11490680,189,6760,2001,3.0220065662089616e-08,2.808056168052905e-07,0.45280200000000004,2.469852,SCG,400239
11497206,189,6761,2001,3.9588758755118e-09,0.0,0.45280200000000004,2.469852,SCG,400241
11503732,189,6762,2001,5.227388920130017e-10,1.3299378935522003e-07,0.45280200000000004,2.469852,SCG,400249
11510258,189,6763,2001,1.5347007795424034e-08,0.0,0.45280200000000004,2.469852,SCG,400251
11516784,189,6764,2001,1.2685130446182175e-09,9.62070461433e-08,0.45280200000000004,2.469852,SCG,400259
11523310,189,6765,2001,0.0,1.4535955466687695e-07,0.45280200000000004,2.469852,SCG,400260
11529836,189,6766,2001,3.182191944944076e-09,2.4195736031975736e-07,0.45280200000000004,2.469852,SCG,400270
11536362,189,6767,2001,0.0,3.844921115089808e-08,0.45280200000000004,2.469852,SCG,400280
11542888,189,6768,2001,2.566966148674629e-08,1.3388269266708988e-07,0.45280200000000004,2.469852,SCG,400291
11549414,189,6769,2001,1.2722282787144955e-07,2.911440064425597e-07,0.45280200000000004,2.469852,SCG,400299
11555940,189,6770,2001,1.0040829245193506e-08,6.777340888553944e-08,0.45280200000000004,2.469852,SCG,400300
11562466,189,6771,2001,3.13806975208779e-08,2.9959554799836915e-08,0.45280200000000004,2.469852,SCG,400400
11568992,189,6772,2001,9.946281689072893e-09,1.4001950613561412e-07,0.45280200000000004,2.469852,SCG,400510
11575518,189,6773,2001,3.5970496511271483e-10,1.849528725413301e-08,0.45280200000000004,2.469852,SCG,400520
11582044,189,6774,2001,3.0617650257058344e-08,7.585473977790424e-08,0.45280200000000004,2.469852,SCG,400591
11588570,189,6775,2001,3.02067320323803e-09,2.8131370359764565e-07,0.45280200000000004,2.469852,SCG,400599
11595096,189,6776,2001,4.0902727355563435e-08,5.5652241129497714e-08,0.45280200000000004,2.469852,SCG,400610
11601622,189,6777,2001,1.5718531205051825e-09,1.0338257064068334e-07,0.45280200000000004,2.469852,SCG,400690
11608148,189,6778,2001,1.6548852691495666e-09,4.17794499568892e-08,0.45280200000000004,2.469852,SCG,400700
11614674,189,6779,2001,3.735476970472968e-08,7.645131918184373e-08,0.45280200000000004,2.469852,SCG,400811
11621200,189,6780,2001,5.482546106840132e-08,5.650667540913994e-08,0.45280200000000004,2.469852,SCG,400819
11627726,189,6781,2001,2.373980040854594e-07,2.3530583139883417e-07,0.45280200000000004,2.469852,SCG,400821
11634252,189,6782,2001,3.7480348253628337e-07,1.9875307988645932e-07,0.45280200000000004,2.469852,SCG,400829
11640778,189,6783,2001,1.8572230999884542e-08,5.3134676044873054e-08,0.45280200000000004,2.469852,SCG,400910
11647304,189,6784,2001,3.7293768348809555e-07,3.9391475176120286e-08,0.45280200000000004,2.469852,SCG,400920
11653830,189,6785,2001,4.5886474496459567e-08,6.394502627725884e-08,0.45280200000000004,2.469852,SCG,400930
11660356,189,6786,2001,9.24687220341144e-09,5.999699635518816e-08,0.45280200000000004,2.469852,SCG,400940
11666882,189,6787,2001,5.885348999617825e-07,1.2951175423422654e-07,0.45280200000000004,2.469852,SCG,400950
11673408,189,6788,2001,1.6035810984725804e-08,4.0654102341258005e-07,0.45280200000000004,2.469852,SCG,401010
11679934,189,6789,2001,4.166274424899451e-08,3.5480897183296916e-06,0.45280200000000004,2.469852,SCG,401091
11686460,189,6790,2001,7.17388067102235e-07,4.0421668376823134e-07,0.45280200000000004,2.469852,SCG,401099
11692986,189,6791,2001,1.4531520881142926e-05,2.100097377995923e-06,0.45280200000000004,2.469852,SCG,401110
11699512,189,6792,2001,4.7281838845539604e-07,3.3175873454315768e-06,0.45280200000000004,2.469852,SCG,401120
11706038,189,6793,2001,4.084939283672616e-10,3.601483574982276e-08,0.45280200000000004,2.469852,SCG,401130
11712564,189,6794,2001,1.3147564967464402e-08,1.0849459326644041e-08,0.45280200000000004,2.469852,SCG,401140
11719090,189,6795,2001,2.0542365700547805e-07,3.722788053783306e-08,0.45280200000000004,2.469852,SCG,401150
11725616,189,6796,2001,2.416574320961008e-06,4.6120658849456226e-07,0.45280200000000004,2.469852,SCG,401191
11732142,189,6797,2001,4.6336969358411175e-07,3.8127223989271846e-07,0.45280200000000004,2.469852,SCG,401199
11738668,189,6798,2001,2.4470846961063138e-08,6.384393921159132e-08,0.45280200000000004,2.469852,SCG,401210
11745194,189,6799,2001,1.2683312223949086e-08,2.7342029521752175e-07,0.45280200000000004,2.469852,SCG,401220
11751720,189,6800,2001,5.7421276343174284e-08,3.65083394900816e-08,0.45280200000000004,2.469852,SCG,401290
11758246,189,6801,2001,6.244714563247031e-07,1.1536055933977959e-07,0.45280200000000004,2.469852,SCG,401310
11764772,189,6802,2001,4.468950849671339e-07,6.145231866779833e-08,0.45280200000000004,2.469852,SCG,401320
11771298,189,6803,2001,3.400124061802088e-07,1.0779162386879838e-07,0.45280200000000004,2.469852,SCG,401390
11777824,189,6804,2001,4.377370026161049e-09,1.260744625685285e-07,0.45280200000000004,2.469852,SCG,401410
11784350,189,6805,2001,1.500096980076337e-07,1.875880963417317e-07,0.45280200000000004,2.469852,SCG,401490
11790876,189,6806,2001,2.1558054943655038e-09,1.5745023058671734e-07,0.45280200000000004,2.469852,SCG,401511
11797402,189,6807,2001,1.3519997488208738e-08,1.1232861023575821e-07,0.45280200000000004,2.469852,SCG,401519
11803928,189,6808,2001,2.9415805360986713e-09,1.2012457731323863e-08,0.45280200000000004,2.469852,SCG,401590
11810454,189,6809,2001,3.4609860206843436e-09,5.5696984584793175e-08,0.45280200000000004,2.469852,SCG,401610
11816980,189,6810,2001,3.3397105977373274e-08,2.5961147061433566e-08,0.45280200000000004,2.469852,SCG,401691
11823506,189,6811,2001,1.7027651212875692e-09,3.451874717794339e-08,0.45280200000000004,2.469852,SCG,401692
11830032,189,6812,2001,9.72769501221097e-07,1.17154374177525e-06,0.45280200000000004,2.469852,SCG,401693
11836558,189,6813,2001,4.010089135077132e-09,4.094191876035859e-09,0.45280200000000004,2.469852,SCG,401694
11843084,189,6814,2001,2.853093720755021e-09,1.1156929722774412e-07,0.45280200000000004,2.469852,SCG,401695
11849610,189,6815,2001,1.1403629234078927e-06,8.501587939139952e-07,0.45280200000000004,2.469852,SCG,401699
11856136,189,6816,2001,2.4534484739221242e-08,1.0935167901010015e-07,0.45280200000000004,2.469852,SCG,401700
11862662,189,6817,2001,1.0068929869805893e-06,1.1454324555638248e-09,0.45280200000000004,2.469852,SCG,410110
11869188,189,6818,2001,2.61130531605073e-06,2.4824331863926645e-09,0.45280200000000004,2.469852,SCG,410121
11875714,189,6819,2001,0.0,0.0,0.45280200000000004,2.469852,SCG,410122
11882240,189,6820,2001,1.0600144707795476e-07,3.790334099629344e-08,0.45280200000000004,2.469852,SCG,410129
11888766,189,6821,2001,5.747400478793386e-09,7.96112014247099e-08,0.45280200000000004,2.469852,SCG,410130
11895292,189,6822,2001,1.0203863172093794e-08,0.0,0.45280200000000004,2.469852,SCG,410140
11901818,189,6823,2001,2.4879825748692555e-07,1.9762355621500055e-08,0.45280200000000004,2.469852,SCG,410210
11908344,189,6824,2001,0.0,0.0,0.45280200000000004,2.469852,SCG,410221
11914870,189,6825,2001,9.706276354305187e-10,3.680232056302289e-09,0.45280200000000004,2.469852,SCG,410229
11921396,189,6826,2001,9.661426872555664e-09,1.8808822874203433e-09,0.45280200000000004,2.469852,SCG,410310
11927922,189,6827,2001,0.0,0.0,0.45280200000000004,2.469852,SCG,410320
11934448,189,6828,2001,1.16842900179785e-07,5.5587943127073125e-09,0.45280200000000004,2.469852,SCG,410390
11940974,189,6829,2001,1.796567206292615e-07,3.0310270574092855e-06,0.45280200000000004,2.469852,SCG,410410
11947500,189,6830,2001,4.585677686665245e-08,1.6413225134384184e-08,0.45280200000000004,2.469852,SCG,410421
11954026,189,6831,2001,1.1008668939866623e-06,6.757521195023066e-08,0.45280200000000004,2.469852,SCG,410422
11960552,189,6832,2001,5.457060691873005e-08,1.297102826025375e-07,0.45280200000000004,2.469852,SCG,410429
11967078,189,6833,2001,8.337488353532127e-08,2.149234640601399e-06,0.45280200000000004,2.469852,SCG,410431
11973604,189,6834,2001,1.315656516751819e-07,5.944719540517757e-06,0.45280200000000004,2.469852,SCG,410439
11980130,189,6835,2001,4.35949084086901e-09,4.693754176995048e-09,0.45280200000000004,2.469852,SCG,410511
11986656,189,6836,2001,1.5772441494262907e-07,7.08958391991583e-08,0.45280200000000004,2.469852,SCG,410512
11993182,189,6837,2001,2.1957760797895706e-08,6.332690372817709e-08,0.45280200000000004,2.469852,SCG,410519
11999708,189,6838,2001,3.5818977991847425e-10,2.101706153788546e-07,0.45280200000000004,2.469852,SCG,410520
12006234,189,6839,2001,0.0,7.967649372614106e-09,0.45280200000000004,2.469852,SCG,410611
12012760,189,6840,2001,3.700688318413204e-09,7.79298418046071e-09,0.45280200000000004,2.469852,SCG,410612
12019286,189,6841,2001,1.2869983039879526e-09,1.3527802560630392e-07,0.45280200000000004,2.469852,SCG,410619
12025812,189,6842,2001,8.333518568323216e-10,1.8305807006781784e-07,0.45280200000000004,2.469852,SCG,410620
12032338,189,6843,2001,9.573546131289711e-09,2.8916170565646967e-07,0.45280200000000004,2.469852,SCG,410710
12038864,189,6844,2001,0.0,0.0,0.45280200000000004,2.469852,SCG,410721
12045390,189,6845,2001,0.0,7.039636966486007e-10,0.45280200000000004,2.469852,SCG,410729
12051916,189,6846,2001,0.0,7.906599413610965e-08,0.45280200000000004,2.469852,SCG,410790
12058442,189,6847,2001,1.9107697447529167e-08,2.874836603663887e-07,0.45280200000000004,2.469852,SCG,410800
12064968,189,6848,2001,3.4679255688739656e-08,6.541161731194342e-07,0.45280200000000004,2.469852,SCG,410900
12071494,189,6849,2001,1.1536620068947811e-09,2.6660470696051527e-09,0.45280200000000004,2.469852,SCG,411000
12078020,189,6850,2001,3.6061407622925917e-09,1.0223978964913702e-07,0.45280200000000004,2.469852,SCG,411100
12084546,189,6851,2001,1.821555640516031e-09,6.464269274686586e-09,0.45280200000000004,2.469852,SCG,420100
12091072,189,6852,2001,6.213895696396177e-08,1.0269252713012666e-07,0.45280200000000004,2.469852,SCG,420211
12097598,189,6853,2001,2.983051154865036e-07,3.20691258587674e-07,0.45280200000000004,2.469852,SCG,420212
12104124,189,6854,2001,1.7632816179455382e-08,2.647188531780621e-08,0.45280200000000004,2.469852,SCG,420219
12110650,189,6855,2001,1.1980781456787497e-07,7.821885138251556e-08,0.45280200000000004,2.469852,SCG,420221
12117176,189,6856,2001,1.3291507560917257e-08,1.444772800150509e-07,0.45280200000000004,2.469852,SCG,420222
12123702,189,6857,2001,6.0592255917680985e-09,4.763587110556188e-08,0.45280200000000004,2.469852,SCG,420229
12130228,189,6858,2001,7.885811647129009e-08,5.074703269710633e-08,0.45280200000000004,2.469852,SCG,420231
12136754,189,6859,2001,1.0332047839526547e-08,3.875644954392692e-08,0.45280200000000004,2.469852,SCG,420232
12143280,189,6860,2001,2.413386977386403e-09,8.577154663638954e-09,0.45280200000000004,2.469852,SCG,420239
12149806,189,6861,2001,4.4959787231662024e-08,3.8706403160596436e-08,0.45280200000000004,2.469852,SCG,420291
12156332,189,6862,2001,2.642119334308962e-08,1.3872764657968337e-06,0.45280200000000004,2.469852,SCG,420292
12162858,189,6863,2001,3.3649232793694904e-09,5.788212236822266e-08,0.45280200000000004,2.469852,SCG,420299
12169384,189,6864,2001,2.795022733000556e-07,3.066742940591134e-07,0.45280200000000004,2.469852,SCG,420310
12175910,189,6865,2001,1.2647553853365008e-08,5.923702048116968e-09,0.45280200000000004,2.469852,SCG,420321
12182436,189,6866,2001,2.1661087536863398e-08,1.4824766184794846e-07,0.45280200000000004,2.469852,SCG,420329
12188962,189,6867,2001,3.611898466030706e-08,1.7570986897629425e-07,0.45280200000000004,2.469852,SCG,420330
12195488,189,6868,2001,3.788569059679158e-09,5.234188830363791e-08,0.45280200000000004,2.469852,SCG,420340
12202014,189,6869,2001,2.3470218658786655e-09,1.0425556516844813e-08,0.45280200000000004,2.469852,SCG,420400
12208540,189,6870,2001,1.2859376743519842e-08,2.0784528143549935e-07,0.45280200000000004,2.469852,SCG,420500
12215066,189,6871,2001,0.0,4.467716869502419e-09,0.45280200000000004,2.469852,SCG,420610
12221592,189,6872,2001,0.0,0.0,0.45280200000000004,2.469852,SCG,420690
12228118,189,6873,2001,0.0,0.0,0.45280200000000004,2.469852,SCG,430110
12234644,189,6874,2001,0.0,0.0,0.45280200000000004,2.469852,SCG,430120
12241170,189,6875,2001,0.0,0.0,0.45280200000000004,2.469852,SCG,430130
12247696,189,6876,2001,0.0,0.0,0.45280200000000004,2.469852,SCG,430140
12254222,189,6877,2001,0.0,1.696572394903259e-08,0.45280200000000004,2.469852,SCG,430150
12260748,189,6878,2001,0.0,0.0,0.45280200000000004,2.469852,SCG,430160
12267274,189,6879,2001,0.0,0.0,0.45280200000000004,2.469852,SCG,430170
12273800,189,6880,2001,3.12522098164063e-09,0.0,0.45280200000000004,2.469852,SCG,430180
12280326,189,6881,2001,0.0,0.0,0.45280200000000004,2.469852,SCG,430190
12286852,189,6882,2001,0.0,0.0,0.45280200000000004,2.469852,SCG,430211
12293378,189,6883,2001,0.0,0.0,0.45280200000000004,2.469852,SCG,430212
12299904,189,6884,2001,0.0,1.6386047628204717e-09,0.45280200000000004,2.469852,SCG,430213
12306430,189,6885,2001,5.033172481932259e-08,7.527638918908511e-08,0.45280200000000004,2.469852,SCG,430219
12312956,189,6886,2001,0.0,6.164653840708085e-10,0.45280200000000004,2.469852,SCG,430220
12319482,189,6887,2001,1.2722222179737184e-07,2.574604704301316e-08,0.45280200000000004,2.469852,SCG,430230
12326008,189,6888,2001,1.1770867699977407e-08,9.473250071656289e-08,0.45280200000000004,2.469852,SCG,430310
12332534,189,6889,2001,1.9018907595146667e-08,2.128098163752825e-07,0.45280200000000004,2.469852,SCG,430390
12339060,189,6890,2001,1.326514333853747e-08,6.353570651955591e-08,0.45280200000000004,2.469852,SCG,430400
12345586,189,6891,2001,9.288206455510323e-08,1.0154112888052345e-08,0.45280200000000004,2.469852,SCG,440110
12352112,189,6892,2001,0.0,6.088424250204705e-10,0.45280200000000004,2.469852,SCG,440121
12358638,189,6893,2001,8.724436348437287e-10,1.6969369712056665e-09,0.45280200000000004,2.469852,SCG,440122
12365164,189,6894,2001,4.1394859506652776e-10,2.5424225597888024e-09,0.45280200000000004,2.469852,SCG,440130
12371690,189,6895,2001,1.0341835935881341e-07,9.319233155539244e-08,0.45280200000000004,2.469852,SCG,440200
12378216,189,6896,2001,1.348078449538179e-07,9.866097609150446e-08,0.45280200000000004,2.469852,SCG,440310
12384742,189,6897,2001,9.022321757624986e-09,5.687038998574172e-07,0.45280200000000004,2.469852,SCG,440320
12391268,189,6898,2001,5.374058846932506e-09,0.0,0.45280200000000004,2.469852,SCG,440331
12397794,189,6899,2001,0.0,0.0,0.45280200000000004,2.469852,SCG,440332
12404320,189,6900,2001,0.0,0.0,0.45280200000000004,2.469852,SCG,440333
12410846,189,6901,2001,0.0,0.0,0.45280200000000004,2.469852,SCG,440334
12417372,189,6902,2001,0.0,0.0,0.45280200000000004,2.469852,SCG,440335
12423898,189,6903,2001,3.001127314232326e-08,3.275452930729344e-08,0.45280200000000004,2.469852,SCG,440391
12430424,189,6904,2001,1.1011729613958989e-07,6.019486185749476e-09,0.45280200000000004,2.469852,SCG,440392
12436950,189,6905,2001,7.190793168160463e-07,1.4835206324363788e-07,0.45280200000000004,2.469852,SCG,440399
12443476,189,6906,2001,0.0,3.865171671523532e-09,0.45280200000000004,2.469852,SCG,440410
12450002,189,6907,2001,2.563250914578351e-07,1.6819893428069603e-08,0.45280200000000004,2.469852,SCG,440420
12456528,189,6908,2001,0.0,2.157297411245641e-09,0.45280200000000004,2.469852,SCG,440500
12463054,189,6909,2001,2.99409685493105e-08,6.780820935076925e-08,0.45280200000000004,2.469852,SCG,440610
12469580,189,6910,2001,1.6801615885598882e-07,1.988266580129452e-09,0.45280200000000004,2.469852,SCG,440690
12476106,189,6911,2001,5.731551641661629e-08,8.214672354939314e-06,0.45280200000000004,2.469852,SCG,440710
12482632,189,6912,2001,0.0,1.2091670218846939e-08,0.45280200000000004,2.469852,SCG,440721
12489158,189,6913,2001,8.119574418896446e-09,2.1788405563879006e-07,0.45280200000000004,2.469852,SCG,440722
12495684,189,6914,2001,0.0,1.615039876364862e-08,0.45280200000000004,2.469852,SCG,440723
12502210,189,6915,2001,1.0586147426971081e-06,2.678671352658517e-07,0.45280200000000004,2.469852,SCG,440791
12508736,189,6916,2001,5.237526115153565e-06,2.4331524132972407e-07,0.45280200000000004,2.469852,SCG,440792
12515262,189,6917,2001,1.57767840150296e-06,2.976248473673557e-07,0.45280200000000004,2.469852,SCG,440799
12521788,189,6918,2001,2.452387844286156e-08,1.4227424484950321e-08,0.45280200000000004,2.469852,SCG,440810
12528314,189,6919,2001,0.0,6.403550748685633e-08,0.45280200000000004,2.469852,SCG,440820
12534840,189,6920,2001,8.801553214083355e-07,2.8414182140532103e-07,0.45280200000000004,2.469852,SCG,440890
12541366,189,6921,2001,1.1049942584557737e-08,1.1041756754513871e-07,0.45280200000000004,2.469852,SCG,440910
12547892,189,6922,2001,4.769533288504786e-07,9.809366222165822e-07,0.45280200000000004,2.469852,SCG,440920
12554418,189,6923,2001,1.0996638369424352e-07,4.5551671242948935e-06,0.45280200000000004,2.469852,SCG,441010
12560944,189,6924,2001,7.246827747013869e-09,1.1466985296321854e-07,0.45280200000000004,2.469852,SCG,441090
12567470,189,6925,2001,3.307709886434966e-08,1.2082323808185222e-07,0.45280200000000004,2.469852,SCG,441111
12573996,189,6926,2001,1.8641565874372992e-07,1.1616063860706289e-06,0.45280200000000004,2.469852,SCG,441119
12580522,189,6927,2001,6.390748112267938e-09,6.107816395162761e-07,0.45280200000000004,2.469852,SCG,441121
12587048,189,6928,2001,1.710341047258772e-08,3.9517850579854804e-07,0.45280200000000004,2.469852,SCG,441129
12593574,189,6929,2001,1.0845695620374106e-09,1.7890753458140992e-09,0.45280200000000004,2.469852,SCG,441131
12600100,189,6930,2001,6.734089077282855e-09,2.655275497034023e-08,0.45280200000000004,2.469852,SCG,441139
12606626,189,6931,2001,7.154704487204041e-09,2.9600612858466655e-08,0.45280200000000004,2.469852,SCG,441191
12613152,189,6932,2001,1.2669675557200922e-08,9.812869468998955e-08,0.45280200000000004,2.469852,SCG,441199
12619678,189,6933,2001,0.0,8.52810257931504e-09,0.45280200000000004,2.469852,SCG,441211
12626204,189,6934,2001,2.040087770710962e-07,5.492209422567621e-08,0.45280200000000004,2.469852,SCG,441212
12632730,189,6935,2001,2.9737388266612335e-07,1.1405272471314335e-07,0.45280200000000004,2.469852,SCG,441219
12639256,189,6936,2001,4.322217285090692e-09,5.259178878728812e-08,0.45280200000000004,2.469852,SCG,441221
12645782,189,6937,2001,5.6176097150547375e-08,5.3818090895385963e-08,0.45280200000000004,2.469852,SCG,441229
12652308,189,6938,2001,9.182022277097943e-10,1.3776012735969439e-08,0.45280200000000004,2.469852,SCG,441291
12658834,189,6939,2001,3.922299304922832e-08,1.1895461881551284e-07,0.45280200000000004,2.469852,SCG,441299
12665360,189,6940,2001,6.297715741341566e-09,3.068506164162778e-08,0.45280200000000004,2.469852,SCG,441300
12671886,189,6941,2001,4.269791877369967e-09,5.478057233374168e-08,0.45280200000000004,2.469852,SCG,441400
12678412,189,6942,2001,4.655800457454699e-07,3.755997640602605e-08,0.45280200000000004,2.469852,SCG,441510
12684938,189,6943,2001,2.60060325998677e-07,6.322548522950737e-08,0.45280200000000004,2.469852,SCG,441520
12691464,189,6944,2001,2.0199236861460082e-08,3.0823269203540427e-10,0.45280200000000004,2.469852,SCG,441600
12697990,189,6945,2001,3.317861627236378e-08,2.2759172827289437e-08,0.45280200000000004,2.469852,SCG,441700
12704516,189,6946,2001,2.709354162118194e-07,1.673441354247514e-06,0.45280200000000004,2.469852,SCG,441810
12711042,189,6947,2001,3.986655280863007e-07,1.8473986055082348e-06,0.45280200000000004,2.469852,SCG,441820
12717568,189,6948,2001,4.2767617292634746e-08,1.8251319421221977e-07,0.45280200000000004,2.469852,SCG,441830
12724094,189,6949,2001,2.269444383933548e-09,1.6366327364574495e-07,0.45280200000000004,2.469852,SCG,441840
12730620,189,6950,2001,4.5697985458296033e-10,2.3432313254734496e-09,0.45280200000000004,2.469852,SCG,441850
12737146,189,6951,2001,6.46508612826777e-07,2.0680690183964244e-07,0.45280200000000004,2.469852,SCG,441890
12743672,189,6952,2001,4.968534681545956e-08,1.6342961337920198e-08,0.45280200000000004,2.469852,SCG,441900
12750198,189,6953,2001,3.82038794875821e-09,7.634559205414556e-09,0.45280200000000004,2.469852,SCG,442010
12756724,189,6954,2001,3.092432374037264e-08,2.802730039707734e-08,0.45280200000000004,2.469852,SCG,442090
12763250,189,6955,2001,8.49061296926208e-08,2.763488372248603e-09,0.45280200000000004,2.469852,SCG,442110
12769776,189,6956,2001,1.4900016041641508e-06,1.2059819507336615e-07,0.45280200000000004,2.469852,SCG,442190
12776302,189,6957,2001,0.0,0.0,0.45280200000000004,2.469852,SCG,450110
12782828,189,6958,2001,0.0,1.5836863143578197e-08,0.45280200000000004,2.469852,SCG,450190
12789354,189,6959,2001,0.0,0.0,0.45280200000000004,2.469852,SCG,450200
12795880,189,6960,2001,0.0,2.2373451099342336e-07,0.45280200000000004,2.469852,SCG,450310
12802406,189,6961,2001,0.0,7.592798647138792e-09,0.45280200000000004,2.469852,SCG,450390
12808932,189,6962,2001,4.645254768502784e-09,1.2423202650936203e-07,0.45280200000000004,2.469852,SCG,450410
12815458,189,6963,2001,3.5667459472423367e-10,9.770412901418594e-08,0.45280200000000004,2.469852,SCG,450490
12821984,189,6964,2001,0.0,4.366298370832705e-09,0.45280200000000004,2.469852,SCG,460110
12828510,189,6965,2001,5.4100596471476623e-08,7.381675824744649e-09,0.45280200000000004,2.469852,SCG,460120
12835036,189,6966,2001,2.6890900753304202e-08,1.2561310782948196e-09,0.45280200000000004,2.469852,SCG,460191
12841562,189,6967,2001,1.74125082522128e-09,3.6335000029936956e-09,0.45280200000000004,2.469852,SCG,460199
12848088,189,6968,2001,2.2946267618618262e-08,5.0351964558497515e-08,0.45280200000000004,2.469852,SCG,460210
12854614,189,6969,2001,0.0,2.1134488250560885e-08,0.45280200000000004,2.469852,SCG,460290
12861140,189,6970,2001,3.7222039481714203e-09,0.0,0.45280200000000004,2.469852,SCG,470100
12867666,189,6971,2001,3.935196561296208e-07,1.7340574674507903e-08,0.45280200000000004,2.469852,SCG,470200
12874192,189,6972,2001,3.503289991307541e-08,8.488330619052407e-08,0.45280200000000004,2.469852,SCG,470311
12880718,189,6973,2001,1.8148888256613723e-08,0.0,0.45280200000000004,2.469852,SCG,470319
12887244,189,6974,2001,3.7452984009020356e-07,1.3567581149553068e-06,0.45280200000000004,2.469852,SCG,470321
12893770,189,6975,2001,2.36997176994175e-06,1.2824203440284197e-07,0.45280200000000004,2.469852,SCG,470329
12900296,189,6976,2001,0.0,0.0,0.45280200000000004,2.469852,SCG,470411
12906822,189,6977,2001,0.0,0.0,0.45280200000000004,2.469852,SCG,470419
12913348,189,6978,2001,1.9619769435774714e-07,8.672773084770367e-07,0.45280200000000004,2.469852,SCG,470421
12919874,189,6979,2001,9.85612817001558e-08,2.8556598901572545e-08,0.45280200000000004,2.469852,SCG,470429
12926400,189,6980,2001,0.0,1.717949823544424e-08,0.45280200000000004,2.469852,SCG,470500
12932926,189,6981,2001,0.0,4.971196743127131e-08,0.45280200000000004,2.469852,SCG,470610
12939452,189,6982,2001,0.0,4.114740722171552e-09,0.45280200000000004,2.469852,SCG,470691
12945978,189,6983,2001,0.0,7.947597675981695e-08,0.45280200000000004,2.469852,SCG,470692
12952504,189,6984,2001,0.0,0.0,0.45280200000000004,2.469852,SCG,470693
12959030,189,6985,2001,4.22030592892607e-08,2.619964624980849e-07,0.45280200000000004,2.469852,SCG,470710
12965556,189,6986,2001,0.0,3.7070781294795662e-09,0.45280200000000004,2.469852,SCG,470720
12972082,189,6987,2001,2.5529052300720764e-08,6.994860367890326e-08,0.45280200000000004,2.469852,SCG,470730
12978608,189,6988,2001,1.2974530818282127e-08,2.8482788771985143e-07,0.45280200000000004,2.469852,SCG,470790
12985134,189,6989,2001,1.784688154369769e-07,1.976178555673629e-06,0.45280200000000004,2.469852,SCG,480100
12991660,189,6990,2001,1.0145680060634955e-08,1.470568230710848e-09,0.45280200000000004,2.469852,SCG,480210
12998186,189,6991,2001,2.562481200499677e-09,1.1105027314631677e-07,0.45280200000000004,2.469852,SCG,480220
13004712,189,6992,2001,0.0,0.0,0.45280200000000004,2.469852,SCG,480230
13011238,189,6993,2001,0.0,6.395397496831793e-08,0.45280200000000004,2.469852,SCG,480240
13017764,189,6994,2001,0.0,2.4760365294504242e-08,0.45280200000000004,2.469852,SCG,480251
13024290,189,6995,2001,6.839091411243727e-08,2.0666156846818276e-06,0.45280200000000004,2.469852,SCG,480252
13030816,189,6996,2001,2.766819075794962e-08,1.934388831293672e-07,0.45280200000000004,2.469852,SCG,480253
13037342,189,6997,2001,1.5304885647024146e-08,1.698985227159192e-07,0.45280200000000004,2.469852,SCG,480260
13043868,189,6998,2001,1.4574263346361336e-08,1.7677728210314288e-06,0.45280200000000004,2.469852,SCG,480300
13050394,189,6999,2001,0.0,4.600280127387796e-07,0.45280200000000004,2.469852,SCG,480411
13056920,189,7000,2001,3.3114675457166824e-08,2.2757482518978273e-07,0.45280200000000004,2.469852,SCG,480419
13063446,189,7001,2001,1.28339216322566e-08,3.052541699313357e-06,0.45280200000000004,2.469852,SCG,480421
13069972,189,7002,2001,0.0,4.329409877689113e-07,0.45280200000000004,2.469852,SCG,480429
13076498,189,7003,2001,7.114400561037242e-09,4.894837893752898e-07,0.45280200000000004,2.469852,SCG,480431
13083024,189,7004,2001,1.2736646742786356e-09,2.401205586216281e-07,0.45280200000000004,2.469852,SCG,480439
13089550,189,7005,2001,1.3618484525834376e-09,3.347473322104928e-10,0.45280200000000004,2.469852,SCG,480441
13096076,189,7006,2001,0.0,1.5717547262790298e-08,0.45280200000000004,2.469852,SCG,480442
13102602,189,7007,2001,0.0,2.4469101972180897e-07,0.45280200000000004,2.469852,SCG,480449
13109128,189,7008,2001,0.0,7.33915297056385e-08,0.45280200000000004,2.469852,SCG,480451
13115654,189,7009,2001,0.0,0.0,0.45280200000000004,2.469852,SCG,480452
13122180,189,7010,2001,7.559258934066277e-09,1.7357477757619525e-08,0.45280200000000004,2.469852,SCG,480459
13128706,189,7011,2001,5.676095863552424e-08,4.0973902045069793e-07,0.45280200000000004,2.469852,SCG,480510
13135232,189,7012,2001,0.0,2.6163321192768615e-09,0.45280200000000004,2.469852,SCG,480521
13141758,189,7013,2001,1.1628258469495482e-07,2.4600283154447146e-07,0.45280200000000004,2.469852,SCG,480522
13148284,189,7014,2001,1.8134039441710167e-08,2.6232922123228225e-09,0.45280200000000004,2.469852,SCG,480523
13154810,189,7015,2001,3.6943851480051633e-08,1.558222316799669e-07,0.45280200000000004,2.469852,SCG,480529
13161336,189,7016,2001,3.0576437219775e-09,9.422772825422965e-08,0.45280200000000004,2.469852,SCG,480530
13167862,189,7017,2001,8.021693455348503e-09,8.57814896264552e-08,0.45280200000000004,2.469852,SCG,480540
13174388,189,7018,2001,0.0,1.693688927784218e-08,0.45280200000000004,2.469852,SCG,480550
13180914,189,7019,2001,3.4483493761643774e-08,4.866536829696013e-07,0.45280200000000004,2.469852,SCG,480560
13187440,189,7020,2001,5.5037586995595e-09,8.579806127656462e-09,0.45280200000000004,2.469852,SCG,480570
13193966,189,7021,2001,3.608107472674716e-07,4.326016003746702e-07,0.45280200000000004,2.469852,SCG,480580
13200492,189,7022,2001,0.0,5.200846670343617e-09,0.45280200000000004,2.469852,SCG,480610
13207018,189,7023,2001,7.909266713935852e-10,1.9204885311818817e-08,0.45280200000000004,2.469852,SCG,480620
13213544,189,7024,2001,1.1726321255266733e-08,7.879786483733906e-08,0.45280200000000004,2.469852,SCG,480630
13220070,189,7025,2001,5.060718548763553e-09,7.919094437793475e-08,0.45280200000000004,2.469852,SCG,480640
13226596,189,7026,2001,0.0,2.305779396226137e-09,0.45280200000000004,2.469852,SCG,480710
13233122,189,7027,2001,0.0,0.0,0.45280200000000004,2.469852,SCG,480791
13239648,189,7028,2001,1.0478414729290187e-08,2.527276071588783e-08,0.45280200000000004,2.469852,SCG,480799
13246174,189,7029,2001,7.765960498264578e-08,7.806513275610049e-07,0.45280200000000004,2.469852,SCG,480810
13252700,189,7030,2001,0.0,1.0565089810766217e-08,0.45280200000000004,2.469852,SCG,480820
13259226,189,7031,2001,5.075870400705959e-10,2.267465741173134e-08,0.45280200000000004,2.469852,SCG,480830
13265752,189,7032,2001,9.474453019586376e-09,1.8096142489597272e-07,0.45280200000000004,2.469852,SCG,480890
13272278,189,7033,2001,4.3294901740230465e-09,2.0297288487032466e-08,0.45280200000000004,2.469852,SCG,480910
13278804,189,7034,2001,7.60865397139852e-09,1.7783087447380024e-06,0.45280200000000004,2.469852,SCG,480920
13285330,189,7035,2001,5.353149291251986e-09,3.545769687314371e-08,0.45280200000000004,2.469852,SCG,480990
13291856,189,7036,2001,6.390384467821321e-08,2.584952042629644e-06,0.45280200000000004,2.469852,SCG,481011
13298382,189,7037,2001,1.4244940874763535e-06,9.515673495936431e-07,0.45280200000000004,2.469852,SCG,481012
13304908,189,7038,2001,7.750172268540591e-09,4.958012338300068e-07,0.45280200000000004,2.469852,SCG,481021
13311434,189,7039,2001,2.730984945951172e-07,3.8373147276895795e-07,0.45280200000000004,2.469852,SCG,481029
13317960,189,7040,2001,0.0,2.1546459472281322e-08,0.45280200000000004,2.469852,SCG,481031
13324486,189,7041,2001,2.3378701473054525e-08,1.3194679250130623e-08,0.45280200000000004,2.469852,SCG,481032
13331012,189,7042,2001,0.0,3.710982410245348e-07,0.45280200000000004,2.469852,SCG,481039
13337538,189,7043,2001,9.129736266415089e-07,9.175136029177704e-07,0.45280200000000004,2.469852,SCG,481091
13344064,189,7044,2001,2.325397142786464e-07,9.294826429258075e-07,0.45280200000000004,2.469852,SCG,481099
13350590,189,7045,2001,2.703090386525203e-09,1.6001651632266372e-07,0.45280200000000004,2.469852,SCG,481110
13357116,189,7046,2001,2.9758237214885084e-09,6.777629235265848e-07,0.45280200000000004,2.469852,SCG,481121
13363642,189,7047,2001,1.0760239175418937e-08,4.245358468334082e-08,0.45280200000000004,2.469852,SCG,481129
13370168,189,7048,2001,3.1767978856525794e-08,1.215392990830807e-06,0.45280200000000004,2.469852,SCG,481131
13376694,189,7049,2001,1.5850718991767763e-06,8.165557961210989e-07,0.45280200000000004,2.469852,SCG,481139
13383220,189,7050,2001,1.2544824297195496e-08,2.5513712508478947e-08,0.45280200000000004,2.469852,SCG,481140
13389746,189,7051,2001,1.5360947499211048e-08,4.532303218638913e-07,0.45280200000000004,2.469852,SCG,481190
13396272,189,7052,2001,4.987989659440005e-09,8.552960054479185e-08,0.45280200000000004,2.469852,SCG,481200
13402798,189,7053,2001,0.0,1.6464928682725604e-08,0.45280200000000004,2.469852,SCG,481310
13409324,189,7054,2001,0.0,7.52426161661621e-07,0.45280200000000004,2.469852,SCG,481320
13415850,189,7055,2001,0.0,1.8260632688583476e-08,0.45280200000000004,2.469852,SCG,481390
13422376,189,7056,2001,0.0,9.980773427907703e-09,0.45280200000000004,2.469852,SCG,481410
13428902,189,7057,2001,5.663156181993609e-09,2.2504300848606398e-08,0.45280200000000004,2.469852,SCG,481420
13435428,189,7058,2001,0.0,5.047724623332481e-10,0.45280200000000004,2.469852,SCG,481430
13441954,189,7059,2001,4.2661554329037904e-09,4.3103856233634875e-08,0.45280200000000004,2.469852,SCG,481490
13448480,189,7060,2001,0.0,6.940207065829425e-10,0.45280200000000004,2.469852,SCG,481500
13455006,189,7061,2001,0.0,1.0024854017198787e-08,0.45280200000000004,2.469852,SCG,481610
13461532,189,7062,2001,2.4727822370006343e-09,3.809484298495802e-07,0.45280200000000004,2.469852,SCG,481620
13468058,189,7063,2001,0.0,2.087365047783845e-09,0.45280200000000004,2.469852,SCG,481630
13474584,189,7064,2001,3.779477948513715e-09,4.3462466742002945e-08,0.45280200000000004,2.469852,SCG,481690
13481110,189,7065,2001,1.4791843940254284e-08,1.1008580310994792e-07,0.45280200000000004,2.469852,SCG,481710
13487636,189,7066,2001,0.0,1.0501123241343816e-08,0.45280200000000004,2.469852,SCG,481720
13494162,189,7067,2001,1.368212230399248e-09,9.744130264345038e-09,0.45280200000000004,2.469852,SCG,481730
13500688,189,7068,2001,6.667117891697421e-09,6.450160171783417e-07,0.45280200000000004,2.469852,SCG,481810
13507214,189,7069,2001,9.456876871333186e-09,3.124200165850551e-07,0.45280200000000004,2.469852,SCG,481820
13513740,189,7070,2001,3.0667348331429435e-09,1.868407149217964e-07,0.45280200000000004,2.469852,SCG,481830
13520266,189,7071,2001,4.524273291483451e-07,3.269784432092912e-06,0.45280200000000004,2.469852,SCG,481840
13526792,189,7072,2001,5.618306700244089e-10,1.287186350599892e-08,0.45280200000000004,2.469852,SCG,481850
13533318,189,7073,2001,2.449145347970481e-09,2.0646652014639477e-07,0.45280200000000004,2.469852,SCG,481890
13539844,189,7074,2001,2.683708137520478e-07,7.887329898863719e-07,0.45280200000000004,2.469852,SCG,481910
13546370,189,7075,2001,8.47139739062872e-07,1.0830826163260997e-06,0.45280200000000004,2.469852,SCG,481920
13552896,189,7076,2001,6.951860584510277e-07,5.706364856931789e-07,0.45280200000000004,2.469852,SCG,481930
13559422,189,7077,2001,2.1774453693096479e-07,2.075237914233764e-07,0.45280200000000004,2.469852,SCG,481940
13565948,189,7078,2001,2.2947479766773655e-08,2.4379515631689313e-07,0.45280200000000004,2.469852,SCG,481950
13572474,189,7079,2001,2.757364320182901e-08,2.6233584989232602e-08,0.45280200000000004,2.469852,SCG,481960
13579000,189,7080,2001,4.5521011827608736e-08,1.4660541132210394e-07,0.45280200000000004,2.469852,SCG,482010
13585526,189,7081,2001,4.4190376190026655e-08,1.6273194690959495e-07,0.45280200000000004,2.469852,SCG,482020
13592052,189,7082,2001,1.4789722680982348e-08,7.550739799161058e-08,0.45280200000000004,2.469852,SCG,482030
13598578,189,7083,2001,7.301980488084226e-09,2.5242600312688666e-08,0.45280200000000004,2.469852,SCG,482040
13605104,189,7084,2001,1.2586946445595385e-08,2.9900228292445156e-08,0.45280200000000004,2.469852,SCG,482050
13611630,189,7085,2001,3.792599452295838e-08,5.466755367999536e-08,0.45280200000000004,2.469852,SCG,482090
13618156,189,7086,2001,1.7009832634991422e-07,4.1191587240907266e-07,0.45280200000000004,2.469852,SCG,482110
13624682,189,7087,2001,7.572895600814443e-09,8.27180543872259e-08,0.45280200000000004,2.469852,SCG,482190
13631208,189,7088,2001,6.948942337826169e-09,1.3047191564156693e-08,0.45280200000000004,2.469852,SCG,482210
13637734,189,7089,2001,1.4267589863047042e-08,4.523397613870105e-08,0.45280200000000004,2.469852,SCG,482290
13644260,189,7090,2001,8.469279161727173e-09,1.9900795186514234e-07,0.45280200000000004,2.469852,SCG,482311
13650786,189,7091,2001,1.1436617846127934e-09,3.4382528214043875e-08,0.45280200000000004,2.469852,SCG,482319
13657312,189,7092,2001,9.688700206051994e-09,5.374152987188039e-08,0.45280200000000004,2.469852,SCG,482320
13663838,189,7093,2001,0.0,0.0,0.45280200000000004,2.469852,SCG,482330
13670364,189,7094,2001,3.2324960933928636e-09,8.201574785558825e-08,0.45280200000000004,2.469852,SCG,482340
13676890,189,7095,2001,1.0498415173854163e-08,9.46569339920639e-08,0.45280200000000004,2.469852,SCG,482351
13683416,189,7096,2001,4.729468761598676e-08,1.475065113684543e-06,0.45280200000000004,2.469852,SCG,482359
13689942,189,7097,2001,5.121325956533176e-09,1.5290263836368745e-07,0.45280200000000004,2.469852,SCG,482360
13696468,189,7098,2001,0.0,1.2887904863304848e-07,0.45280200000000004,2.469852,SCG,482370
13702994,189,7099,2001,1.8781023519650897e-08,3.386536015742877e-07,0.45280200000000004,2.469852,SCG,482390
13709520,189,7100,2001,3.6078074660062565e-08,1.4898112308179186e-07,0.45280200000000004,2.469852,SCG,490110
13716046,189,7101,2001,7.273131361985884e-08,6.283969721495983e-08,0.45280200000000004,2.469852,SCG,490191
13722572,189,7102,2001,5.231101123855906e-07,6.217076598664257e-07,0.45280200000000004,2.469852,SCG,490199
13729098,189,7103,2001,7.069375317805188e-07,1.9477323239617852e-08,0.45280200000000004,2.469852,SCG,490210
13735624,189,7104,2001,5.380207468450734e-07,6.875358884621203e-07,0.45280200000000004,2.469852,SCG,490290
13742150,189,7105,2001,1.4153344899401302e-08,1.8127396621703656e-08,0.45280200000000004,2.469852,SCG,490300
13748676,189,7106,2001,0.0,0.0,0.45280200000000004,2.469852,SCG,490400
13755202,189,7107,2001,2.413083940347555e-09,1.4415015564189074e-08,0.45280200000000004,2.469852,SCG,490510
13761728,189,7108,2001,1.2905438373424756e-08,0.0,0.45280200000000004,2.469852,SCG,490591
13768254,189,7109,2001,3.1993135376389943e-08,1.217519133539847e-08,0.45280200000000004,2.469852,SCG,490599
13774780,189,7110,2001,3.091065676992059e-07,2.3370169566824133e-07,0.45280200000000004,2.469852,SCG,490600
13781306,189,7111,2001,5.22041906823651e-09,4.597274030057945e-08,0.45280200000000004,2.469852,SCG,490700
13787832,189,7112,2001,4.003119283183625e-10,2.372861435869111e-08,0.45280200000000004,2.469852,SCG,490810
13794358,189,7113,2001,2.5893908895493896e-08,1.206200696515106e-07,0.45280200000000004,2.469852,SCG,490890
13800884,189,7114,2001,4.82616788069511e-09,4.908887338715673e-08,0.45280200000000004,2.469852,SCG,490900
13807410,189,7115,2001,2.6191794304681597e-08,5.96556203629339e-08,0.45280200000000004,2.469852,SCG,491000
13813936,189,7116,2001,3.3015582345463494e-08,2.825999950791396e-07,0.45280200000000004,2.469852,SCG,491110
13820462,189,7117,2001,5.376786180282139e-09,3.938285791806338e-08,0.45280200000000004,2.469852,SCG,491191
13826988,189,7118,2001,7.008337597440401e-08,5.995082773798329e-07,0.45280200000000004,2.469852,SCG,491199
13833514,189,7119,2001,0.0,0.0,0.45280200000000004,2.469852,SCG,500100
13840040,189,7120,2001,0.0,1.58454804016351e-08,0.45280200000000004,2.469852,SCG,500200
13846566,189,7121,2001,0.0,5.717219287753466e-10,0.45280200000000004,2.469852,SCG,500310
13853092,189,7122,2001,0.0,2.6527897495176083e-09,0.45280200000000004,2.469852,SCG,500390
13859618,189,7123,2001,0.0,5.990982947561256e-09,0.45280200000000004,2.469852,SCG,500400
13866144,189,7124,2001,0.0,0.0,0.45280200000000004,2.469852,SCG,500500
13872670,189,7125,2001,0.0,2.8937415421087256e-09,0.45280200000000004,2.469852,SCG,500600
13879196,189,7126,2001,0.0,4.940340330623372e-09,0.45280200000000004,2.469852,SCG,500710
13885722,189,7127,2001,0.0,9.748306320172614e-08,0.45280200000000004,2.469852,SCG,500720
13892248,189,7128,2001,0.0,7.020877858562131e-08,0.45280200000000004,2.469852,SCG,500790
13898774,189,7129,2001,3.1540095003312013e-09,1.2450943593219389e-08,0.45280200000000004,2.469852,SCG,510111
13905300,189,7130,2001,3.0676439442594877e-09,9.528400523220474e-08,0.45280200000000004,2.469852,SCG,510119
13911826,189,7131,2001,3.0564315738221077e-09,1.4415247567290604e-07,0.45280200000000004,2.469852,SCG,510121
13918352,189,7132,2001,1.336969111694007e-08,2.0914880743310714e-07,0.45280200000000004,2.469852,SCG,510129
13924878,189,7133,2001,0.0,5.510736527389964e-09,0.45280200000000004,2.469852,SCG,510130
13931404,189,7134,2001,0.0,2.1876566742461176e-08,0.45280200000000004,2.469852,SCG,510210
13937930,189,7135,2001,0.0,0.0,0.45280200000000004,2.469852,SCG,510220
13944456,189,7136,2001,1.090933339853221e-08,4.661737748983629e-08,0.45280200000000004,2.469852,SCG,510310
13950982,189,7137,2001,7.760172490822578e-09,3.92516104491967e-09,0.45280200000000004,2.469852,SCG,510320
13957508,189,7138,2001,0.0,0.0,0.45280200000000004,2.469852,SCG,510330
13964034,189,7139,2001,6.766514040439603e-09,0.0,0.45280200000000004,2.469852,SCG,510400
13970560,189,7140,2001,0.0,2.0309220075111256e-08,0.45280200000000004,2.469852,SCG,510510
13977086,189,7141,2001,2.487024977826496e-09,1.3106849504550643e-08,0.45280200000000004,2.469852,SCG,510521
13983612,189,7142,2001,6.204986407454043e-09,3.409312091653278e-07,0.45280200000000004,2.469852,SCG,510529
13990138,189,7143,2001,0.0,0.0,0.45280200000000004,2.469852,SCG,510530
13996664,189,7144,2001,0.0,0.0,0.45280200000000004,2.469852,SCG,510540
14003190,189,7145,2001,6.076468399278556e-08,7.067709341771382e-08,0.45280200000000004,2.469852,SCG,510610
14009716,189,7146,2001,8.970502423981958e-09,3.25258405357833e-08,0.45280200000000004,2.469852,SCG,510620
14016242,189,7147,2001,1.5115760231079036e-07,9.120704787228268e-09,0.45280200000000004,2.469852,SCG,510710
14022768,189,7148,2001,4.104303350455011e-08,7.431755351375347e-08,0.45280200000000004,2.469852,SCG,510720
14029294,189,7149,2001,0.0,0.0,0.45280200000000004,2.469852,SCG,510810
14035820,189,7150,2001,0.0,8.966257008208378e-09,0.45280200000000004,2.469852,SCG,510820
14042346,189,7151,2001,7.711383527568032e-09,2.192296736276758e-08,0.45280200000000004,2.469852,SCG,510910
14048872,189,7152,2001,2.487903785239155e-08,2.5528626993577432e-08,0.45280200000000004,2.469852,SCG,510990
14055398,189,7153,2001,0.0,0.0,0.45280200000000004,2.469852,SCG,511000
14061924,189,7154,2001,2.4457513331353823e-08,1.5721226169114592e-07,0.45280200000000004,2.469852,SCG,511111
14068450,189,7155,2001,5.9148284427569704e-08,3.902925204802836e-07,0.45280200000000004,2.469852,SCG,511119
14074976,189,7156,2001,0.0,3.0605186288100325e-08,0.45280200000000004,2.469852,SCG,511120
14081502,189,7157,2001,1.0051071897106573e-07,2.405910940548352e-06,0.45280200000000004,2.469852,SCG,511130
14088028,189,7158,2001,6.680451521406738e-09,4.5785812087345075e-08,0.45280200000000004,2.469852,SCG,511190
14094554,189,7159,2001,1.5943930154547054e-07,5.104724471048877e-07,0.45280200000000004,2.469852,SCG,511211
14101080,189,7160,2001,2.8620242222898753e-07,1.1671900378585003e-06,0.45280200000000004,2.469852,SCG,511219
14107606,189,7161,2001,7.475620711344197e-09,4.043691429492381e-07,0.45280200000000004,2.469852,SCG,511220
14114132,189,7162,2001,2.157078249928666e-08,9.000265348562951e-07,0.45280200000000004,2.469852,SCG,511230
14120658,189,7163,2001,2.3048997174787777e-09,6.989756299656622e-08,0.45280200000000004,2.469852,SCG,511290
14127184,189,7164,2001,0.0,1.4347734664744786e-09,0.45280200000000004,2.469852,SCG,511300
14133710,189,7165,2001,0.0,5.5803043145493525e-06,0.45280200000000004,2.469852,SCG,520100
14140236,189,7166,2001,9.414148648855602e-09,1.7356152025610768e-08,0.45280200000000004,2.469852,SCG,520210
14146762,189,7167,2001,1.6360969727409834e-09,1.7347203334551678e-09,0.45280200000000004,2.469852,SCG,520291
14153288,189,7168,2001,1.191511333046911e-08,2.0194875689356186e-08,0.45280200000000004,2.469852,SCG,520299
14159814,189,7169,2001,0.0,2.0019547631198412e-08,0.45280200000000004,2.469852,SCG,520300
14166340,189,7170,2001,1.061659961900493e-08,1.0323806585172911e-08,0.45280200000000004,2.469852,SCG,520411
14172866,189,7171,2001,5.118901660222392e-09,2.723815841886627e-08,0.45280200000000004,2.469852,SCG,520419
14179392,189,7172,2001,5.351118943091703e-08,2.288147160509703e-08,0.45280200000000004,2.469852,SCG,520420
14185918,189,7173,2001,1.0928121694940792e-08,2.25798675731054e-08,0.45280200000000004,2.469852,SCG,520511
14192444,189,7174,2001,5.4615153363440724e-08,3.993224126249122e-07,0.45280200000000004,2.469852,SCG,520512
14198970,189,7175,2001,1.48536634961793e-08,5.700415634542504e-08,0.45280200000000004,2.469852,SCG,520513
14205496,189,7176,2001,8.47927938400916e-09,2.0678767872551553e-08,0.45280200000000004,2.469852,SCG,520514
14212022,189,7177,2001,9.839612651398356e-10,8.004107002854853e-10,0.45280200000000004,2.469852,SCG,520515
14218548,189,7178,2001,1.2473004518988493e-09,3.8108166591646e-09,0.45280200000000004,2.469852,SCG,520521
14225074,189,7179,2001,1.3177868671349213e-08,1.3937354321434854e-07,0.45280200000000004,2.469852,SCG,520522
14231600,189,7180,2001,2.4027200736189496e-08,2.7866257101313895e-07,0.45280200000000004,2.469852,SCG,520523
14238126,189,7181,2001,2.448842310931633e-09,5.270049881200598e-08,0.45280200000000004,2.469852,SCG,520524
14244652,189,7182,2001,3.8667526157019723e-10,4.607747312927105e-08,0.45280200000000004,2.469852,SCG,520525
14251178,189,7183,2001,0.0,9.243666431040242e-10,0.45280200000000004,2.469852,SCG,520531
14257704,189,7184,2001,2.37532552530708e-08,4.178475288492422e-08,0.45280200000000004,2.469852,SCG,520532
14264230,189,7185,2001,2.39056828836114e-08,0.0,0.45280200000000004,2.469852,SCG,520533
14270756,189,7186,2001,0.0,2.7774085583405247e-10,0.45280200000000004,2.469852,SCG,520534
14277282,189,7187,2001,0.0,1.0566415542774972e-08,0.45280200000000004,2.469852,SCG,520535
14283808,189,7188,2001,0.0,4.131643805283172e-09,0.45280200000000004,2.469852,SCG,520541
14290334,189,7189,2001,4.159183358190405e-09,1.5426217653866513e-08,0.45280200000000004,2.469852,SCG,520542
14296860,189,7190,2001,1.4193648825568102e-08,4.975803661857553e-09,0.45280200000000004,2.469852,SCG,520543
14303386,189,7191,2001,1.404576675061022e-09,8.120439986623054e-09,0.45280200000000004,2.469852,SCG,520544
14309912,189,7192,2001,3.893722912159454e-09,7.405969863805075e-08,0.45280200000000004,2.469852,SCG,520545
14316438,189,7193,2001,0.0,9.589682485325147e-09,0.45280200000000004,2.469852,SCG,520611
14322964,189,7194,2001,1.2055722516494636e-08,8.521937925474332e-08,0.45280200000000004,2.469852,SCG,520612
14329490,189,7195,2001,6.03952818424297e-10,9.906532435417455e-10,0.45280200000000004,2.469852,SCG,520613
14336016,189,7196,2001,0.0,0.0,0.45280200000000004,2.469852,SCG,520614
14342542,189,7197,2001,0.0,8.302396704824598e-09,0.45280200000000004,2.469852,SCG,520615
14349068,189,7198,2001,5.166175438282697e-09,7.619644720316069e-10,0.45280200000000004,2.469852,SCG,520621
14355594,189,7199,2001,0.0,1.1490119319874618e-08,0.45280200000000004,2.469852,SCG,520622
14362120,189,7200,2001,0.0,1.232466761938553e-08,0.45280200000000004,2.469852,SCG,520623
14368646,189,7201,2001,0.0,0.0,0.45280200000000004,2.469852,SCG,520624
14375172,189,7202,2001,0.0,0.0,0.45280200000000004,2.469852,SCG,520625
14381698,189,7203,2001,0.0,1.2660740683604777e-09,0.45280200000000004,2.469852,SCG,520631
14388224,189,7204,2001,0.0,5.181623556216678e-09,0.45280200000000004,2.469852,SCG,520632
14394750,189,7205,2001,4.6276786202495934e-09,0.0,0.45280200000000004,2.469852,SCG,520633
14401276,189,7206,2001,0.0,3.968578768206377e-09,0.45280200000000004,2.469852,SCG,520634
14407802,189,7207,2001,0.0,0.0,0.45280200000000004,2.469852,SCG,520635
14414328,189,7208,2001,0.0,5.034798736247125e-09,0.45280200000000004,2.469852,SCG,520641
14420854,189,7209,2001,3.970997357065724e-09,6.70356390226676e-09,0.45280200000000004,2.469852,SCG,520642
14427380,189,7210,2001,2.694908386476304e-09,9.105458869127593e-09,0.45280200000000004,2.469852,SCG,520643
14433906,189,7211,2001,0.0,0.0,0.45280200000000004,2.469852,SCG,520644
14440432,189,7212,2001,0.0,0.0,0.45280200000000004,2.469852,SCG,520645
14446958,189,7213,2001,3.136954575784829e-07,2.447102428359359e-07,0.45280200000000004,2.469852,SCG,520710
14453484,189,7214,2001,1.919224478136779e-08,2.077156911316436e-08,0.45280200000000004,2.469852,SCG,520790
14460010,189,7215,2001,1.1083882732908725e-08,1.5884158632990509e-07,0.45280200000000004,2.469852,SCG,520811
14466536,189,7216,2001,5.64779220412401e-08,2.3133824692963438e-07,0.45280200000000004,2.469852,SCG,520812
14473062,189,7217,2001,0.0,1.0229679612551348e-08,0.45280200000000004,2.469852,SCG,520813
14479588,189,7218,2001,3.6040195030206547e-09,4.919128618483301e-08,0.45280200000000004,2.469852,SCG,520819
14486114,189,7219,2001,5.6473679522696223e-08,1.2260833623164004e-07,0.45280200000000004,2.469852,SCG,520821
14492640,189,7220,2001,2.945823054642545e-08,3.704708383513918e-07,0.45280200000000004,2.469852,SCG,520822
14499166,189,7221,2001,0.0,9.010337597499462e-09,0.45280200000000004,2.469852,SCG,520823
14505692,189,7222,2001,1.9388309745502523e-09,9.784531947311829e-08,0.45280200000000004,2.469852,SCG,520829
14512218,189,7223,2001,1.5697318612332458e-09,1.5298748521224775e-07,0.45280200000000004,2.469852,SCG,520831
14518744,189,7224,2001,1.8034643292967985e-08,6.278839138622104e-07,0.45280200000000004,2.469852,SCG,520832
14525270,189,7225,2001,8.57746338459595e-09,3.009345373272111e-08,0.45280200000000004,2.469852,SCG,520833
14531796,189,7226,2001,7.346526932794899e-09,2.7035851714330343e-07,0.45280200000000004,2.469852,SCG,520839
14538322,189,7227,2001,0.0,2.4771368870176904e-07,0.45280200000000004,2.469852,SCG,520841
14544848,189,7228,2001,7.156825746475978e-09,7.827105208036027e-07,0.45280200000000004,2.469852,SCG,520842
14551374,189,7229,2001,0.0,3.965894160888649e-08,0.45280200000000004,2.469852,SCG,520843
14557900,189,7230,2001,9.839612651398356e-10,3.5518514829045323e-07,0.45280200000000004,2.469852,SCG,520849
14564426,189,7231,2001,8.169878567345232e-10,8.844654239705378e-08,0.45280200000000004,2.469852,SCG,520851
14570952,189,7232,2001,3.919481060461545e-09,5.666016203245348e-07,0.45280200000000004,2.469852,SCG,520852
14577478,189,7233,2001,0.0,2.2093323925892527e-09,0.45280200000000004,2.469852,SCG,520853
14584004,189,7234,2001,1.2976349040515216e-08,4.192773308206838e-07,0.45280200000000004,2.469852,SCG,520859
14590530,189,7235,2001,0.0,1.4277139435278612e-08,0.45280200000000004,2.469852,SCG,520911
14597056,189,7236,2001,4.311914025769856e-09,2.3943714377111516e-08,0.45280200000000004,2.469852,SCG,520912
14603582,189,7237,2001,1.2616947112441348e-08,3.034567424738665e-08,0.45280200000000004,2.469852,SCG,520919
14610108,189,7238,2001,2.1888365315999486e-09,5.318936249023417e-08,0.45280200000000004,2.469852,SCG,520921
14616634,189,7239,2001,0.0,1.7642510139501725e-08,0.45280200000000004,2.469852,SCG,520922
14623160,189,7240,2001,0.0,2.184938923628171e-08,0.45280200000000004,2.469852,SCG,520929
14629686,189,7241,2001,1.508094127531539e-08,7.56685738605749e-07,0.45280200000000004,2.469852,SCG,520931
14636212,189,7242,2001,4.4802207971461e-08,6.927430323595054e-07,0.45280200000000004,2.469852,SCG,520932
14642738,189,7243,2001,6.285200311637139e-08,9.508985177952265e-07,0.45280200000000004,2.469852,SCG,520939
14649264,189,7244,2001,0.0,4.20064815633884e-08,0.45280200000000004,2.469852,SCG,520941
14655790,189,7245,2001,5.111931808328884e-09,1.156380681925121e-06,0.45280200000000004,2.469852,SCG,520942
14662316,189,7246,2001,0.0,1.7696069712655403e-07,0.45280200000000004,2.469852,SCG,520943
14668842,189,7247,2001,4.130394839499834e-10,5.665283736310511e-08,0.45280200000000004,2.469852,SCG,520949
14675368,189,7248,2001,0.0,1.3051500193185145e-08,0.45280200000000004,2.469852,SCG,520951
14681894,189,7249,2001,7.357739303232279e-10,2.484686930807547e-08,0.45280200000000004,2.469852,SCG,520952
14688420,189,7250,2001,1.4976090459873939e-09,7.16902841054044e-08,0.45280200000000004,2.469852,SCG,520959
14694946,189,7251,2001,3.321285945775362e-10,8.931787975980763e-09,0.45280200000000004,2.469852,SCG,521011
14701472,189,7252,2001,0.0,9.366296641850027e-10,0.45280200000000004,2.469852,SCG,521012
14707998,189,7253,2001,2.95461112876914e-10,1.1710621696230699e-07,0.45280200000000004,2.469852,SCG,521019
14714524,189,7254,2001,0.0,1.3351115627163646e-08,0.45280200000000004,2.469852,SCG,521021
14721050,189,7255,2001,0.0,0.0,0.45280200000000004,2.469852,SCG,521022
14727576,189,7256,2001,3.630383725400441e-10,1.2946435931491357e-08,0.45280200000000004,2.469852,SCG,521029
14734102,189,7257,2001,4.179183802754381e-09,6.30928457420315e-07,0.45280200000000004,2.469852,SCG,521031
14740628,189,7258,2001,1.7773122328442059e-09,5.0721843788939995e-08,0.45280200000000004,2.469852,SCG,521032
14747154,189,7259,2001,9.815369688290508e-10,1.7407822430651973e-07,0.45280200000000004,2.469852,SCG,521039
14753680,189,7260,2001,0.0,6.948260887782608e-08,0.45280200000000004,2.469852,SCG,521041
14760206,189,7261,2001,0.0,9.44882345939499e-09,0.45280200000000004,2.469852,SCG,521042
14766732,189,7262,2001,0.0,6.191533057185581e-08,0.45280200000000004,2.469852,SCG,521049
14773258,189,7263,2001,0.0,1.7319031529365646e-08,0.45280200000000004,2.469852,SCG,521051
14779784,189,7264,2001,0.0,2.3763746256923104e-09,0.45280200000000004,2.469852,SCG,521052
14786310,189,7265,2001,0.0,2.338127257239745e-08,0.45280200000000004,2.469852,SCG,521059
14792836,189,7266,2001,0.0,9.57973949525949e-09,0.45280200000000004,2.469852,SCG,521111
14799362,189,7267,2001,0.0,0.0,0.45280200000000004,2.469852,SCG,521112
14805888,189,7268,2001,0.0,6.9952249441927335e-09,0.45280200000000004,2.469852,SCG,521119
14812414,189,7269,2001,2.482782459282622e-09,3.4701035329147124e-09,0.45280200000000004,2.469852,SCG,521121
14818940,189,7270,2001,0.0,1.036722430845962e-09,0.45280200000000004,2.469852,SCG,521122
14825466,189,7271,2001,0.0,2.26468170395475e-09,0.45280200000000004,2.469852,SCG,521129
14831992,189,7272,2001,5.824371886660808e-09,3.0271433254896397e-08,0.45280200000000004,2.469852,SCG,521131
14838518,189,7273,2001,2.7615765350228896e-09,2.645498223469459e-08,0.45280200000000004,2.469852,SCG,521132
14845044,189,7274,2001,1.3466359932332621e-08,7.464699791792895e-08,0.45280200000000004,2.469852,SCG,521139
14851570,189,7275,2001,0.0,1.7460221988297992e-08,0.45280200000000004,2.469852,SCG,521141
14858096,189,7276,2001,0.0,9.239987524715948e-08,0.45280200000000004,2.469852,SCG,521142
14864622,189,7277,2001,0.0,7.895728411139178e-09,0.45280200000000004,2.469852,SCG,521143
14871148,189,7278,2001,3.9043292085191386e-09,9.647749547308591e-08,0.45280200000000004,2.469852,SCG,521149
14877674,189,7279,2001,1.7593906223667282e-07,1.6407590773346976e-08,0.45280200000000004,2.469852,SCG,521151
14884200,189,7280,2001,0.0,2.2162924856352133e-09,0.45280200000000004,2.469852,SCG,521152
14890726,189,7281,2001,1.1498831350203452e-07,4.880781820130079e-08,0.45280200000000004,2.469852,SCG,521159
14897252,189,7282,2001,4.87283558467772e-10,3.118917123795665e-08,0.45280200000000004,2.469852,SCG,521211
14903778,189,7283,2001,0.0,5.4613530100638616e-09,0.45280200000000004,2.469852,SCG,521212
14910304,189,7284,2001,4.7489237394927254e-08,1.873789621173507e-08,0.45280200000000004,2.469852,SCG,521213
14916830,189,7285,2001,0.0,3.9800463500821026e-08,0.45280200000000004,2.469852,SCG,521214
14923356,189,7286,2001,0.0,2.6643899045942096e-09,0.45280200000000004,2.469852,SCG,521215
14929882,189,7287,2001,0.0,9.005034669464445e-10,0.45280200000000004,2.469852,SCG,521221
14936408,189,7288,2001,0.0,1.3608639069864194e-09,0.45280200000000004,2.469852,SCG,521222
14942934,189,7289,2001,1.038810969171345e-09,3.163063999687187e-08,0.45280200000000004,2.469852,SCG,521223
14949460,189,7290,2001,0.0,1.286921204198141e-08,0.45280200000000004,2.469852,SCG,521224
14955986,189,7291,2001,0.0,4.0298275870108315e-08,0.45280200000000004,2.469852,SCG,521225
14962512,189,7292,2001,0.0,9.775947832555145e-09,0.45280200000000004,2.469852,SCG,530110
14969038,189,7293,2001,0.0,0.0,0.45280200000000004,2.469852,SCG,530121
14975564,189,7294,2001,0.0,4.501688752226751e-08,0.45280200000000004,2.469852,SCG,530129
14982090,189,7295,2001,0.0,1.0842002084094798e-07,0.45280200000000004,2.469852,SCG,530130
14988616,189,7296,2001,4.242518543873637e-10,1.0493831715295667e-08,0.45280200000000004,2.469852,SCG,530210
14995142,189,7297,2001,4.812228176908097e-10,5.191997409185181e-08,0.45280200000000004,2.469852,SCG,530290
15001668,189,7298,2001,0.0,3.7053878211684045e-08,0.45280200000000004,2.469852,SCG,530310
15008194,189,7299,2001,0.0,0.0,0.45280200000000004,2.469852,SCG,530390
15014720,189,7300,2001,0.0,3.6875235823504386e-09,0.45280200000000004,2.469852,SCG,530410
15021246,189,7301,2001,0.0,0.0,0.45280200000000004,2.469852,SCG,530490
15027772,189,7302,2001,0.0,0.0,0.45280200000000004,2.469852,SCG,530511
15034298,189,7303,2001,0.0,0.0,0.45280200000000004,2.469852,SCG,530519
15040824,189,7304,2001,0.0,0.0,0.45280200000000004,2.469852,SCG,530521
15047350,189,7305,2001,0.0,0.0,0.45280200000000004,2.469852,SCG,530529
15053876,189,7306,2001,0.0,0.0,0.45280200000000004,2.469852,SCG,530591
15060402,189,7307,2001,0.0,0.0,0.45280200000000004,2.469852,SCG,530599
15066928,189,7308,2001,0.0,2.342899892471261e-08,0.45280200000000004,2.469852,SCG,530610
15073454,189,7309,2001,2.466721496223672e-10,8.325597014977801e-09,0.45280200000000004,2.469852,SCG,530620
15079980,189,7310,2001,9.616577390806143e-09,2.5112015709826357e-08,0.45280200000000004,2.469852,SCG,530710
15086506,189,7311,2001,2.2555046801465343e-09,2.1852836139504473e-07,0.45280200000000004,2.469852,SCG,530720
15093032,189,7312,2001,0.0,1.7559320455952384e-09,0.45280200000000004,2.469852,SCG,530810
15099558,189,7313,2001,1.2356335259031969e-08,1.3252680025513628e-08,0.45280200000000004,2.469852,SCG,530820
15106084,189,7314,2001,0.0,1.4140257605374717e-08,0.45280200000000004,2.469852,SCG,530830
15112610,189,7315,2001,0.0,1.4652653026758304e-09,0.45280200000000004,2.469852,SCG,530890
15119136,189,7316,2001,0.0,7.505963200565377e-09,0.45280200000000004,2.469852,SCG,530911
15125662,189,7317,2001,3.558260910154589e-09,2.0686788551204516e-07,0.45280200000000004,2.469852,SCG,530919
15132188,189,7318,2001,0.0,4.4603590568538317e-08,0.45280200000000004,2.469852,SCG,530921
15138714,189,7319,2001,6.103165962401076e-10,1.4130447188509934e-07,0.45280200000000004,2.469852,SCG,530929
15145240,189,7320,2001,0.0,1.051206053041604e-08,0.45280200000000004,2.469852,SCG,531010
15151766,189,7321,2001,3.484622909714497e-09,4.912499958439529e-09,0.45280200000000004,2.469852,SCG,531090
15158292,189,7322,2001,1.5606407500678023e-09,3.3232787129451596e-09,0.45280200000000004,2.469852,SCG,531100
15164818,189,7323,2001,7.256676450776432e-08,3.0446794456354386e-07,0.45280200000000004,2.469852,SCG,540110
15171344,189,7324,2001,4.642527435153152e-10,4.847240800308592e-08,0.45280200000000004,2.469852,SCG,540120
15177870,189,7325,2001,2.3050815397020862e-08,1.7517924473979029e-07,0.45280200000000004,2.469852,SCG,540210
15184396,189,7326,2001,3.112554033416779e-08,1.1715294901561557e-07,0.45280200000000004,2.469852,SCG,540220
15190922,189,7327,2001,3.1643157900224257e-07,7.954647255938247e-07,0.45280200000000004,2.469852,SCG,540231
15197448,189,7328,2001,1.3142110300765135e-08,4.3947353224204876e-08,0.45280200000000004,2.469852,SCG,540232
15203974,189,7329,2001,2.020369150593115e-07,1.0633696442219258e-07,0.45280200000000004,2.469852,SCG,540233
15210500,189,7330,2001,1.4372410374784605e-07,2.0921012253851205e-07,0.45280200000000004,2.469852,SCG,540239
15217026,189,7331,2001,6.353777593528468e-09,1.0437405246673056e-06,0.45280200000000004,2.469852,SCG,540241
15223552,189,7332,2001,0.0,1.6254568156236496e-07,0.45280200000000004,2.469852,SCG,540242
15230078,189,7333,2001,3.2661332047050045e-09,1.9631108152633365e-08,0.45280200000000004,2.469852,SCG,540243
15236604,189,7334,2001,7.203190413419739e-09,2.947569575994177e-07,0.45280200000000004,2.469852,SCG,540249
15243130,189,7335,2001,0.0,7.030356842424726e-09,0.45280200000000004,2.469852,SCG,540251
15249656,189,7336,2001,7.662715779129024e-08,1.9876037141250745e-08,0.45280200000000004,2.469852,SCG,540252
15256182,189,7337,2001,4.938291585068914e-09,1.7250756330914794e-08,0.45280200000000004,2.469852,SCG,540259
15262708,189,7338,2001,9.77324753989062e-09,4.825432508764582e-08,0.45280200000000004,2.469852,SCG,540261
15269234,189,7339,2001,1.308665452265593e-08,1.6201770878987852e-08,0.45280200000000004,2.469852,SCG,540262
15275760,189,7340,2001,0.0,8.461037111322176e-07,0.45280200000000004,2.469852,SCG,540269
15282286,189,7341,2001,0.0,2.600728253533822e-07,0.45280200000000004,2.469852,SCG,540310
15288812,189,7342,2001,0.0,0.0,0.45280200000000004,2.469852,SCG,540320
15295338,189,7343,2001,9.376511448630665e-08,1.28038203106496e-07,0.45280200000000004,2.469852,SCG,540331
15301864,189,7344,2001,9.47051353808135e-09,3.082426350254699e-08,0.45280200000000004,2.469852,SCG,540332
15308390,189,7345,2001,0.0,8.322282684955915e-09,0.45280200000000004,2.469852,SCG,540333
15314916,189,7346,2001,0.0,5.4792503921820466e-09,0.45280200000000004,2.469852,SCG,540339
15321442,189,7347,2001,3.86069187492501e-10,1.4261230651173559e-08,0.45280200000000004,2.469852,SCG,540341
15327968,189,7348,2001,0.0,0.0,0.45280200000000004,2.469852,SCG,540342
15334494,189,7349,2001,0.0,8.411769595546839e-09,0.45280200000000004,2.469852,SCG,540349
15341020,189,7350,2001,1.8254951220210565e-08,2.4465257349355506e-07,0.45280200000000004,2.469852,SCG,540410
15347546,189,7351,2001,2.8534876689055235e-08,2.9656293602834343e-08,0.45280200000000004,2.469852,SCG,540490
15354072,189,7352,2001,3.935238986481646e-09,2.6230270659210714e-08,0.45280200000000004,2.469852,SCG,540500
15360598,189,7353,2001,8.196848863802716e-09,1.1336334406859105e-08,0.45280200000000004,2.469852,SCG,540610
15367124,189,7354,2001,2.965217425128824e-09,3.676917726280403e-09,0.45280200000000004,2.469852,SCG,540620
15373650,189,7355,2001,2.0294784439808893e-07,6.846046949907642e-08,0.45280200000000004,2.469852,SCG,540710
15380176,189,7356,2001,2.864984894159421e-07,1.707688657796665e-06,0.45280200000000004,2.469852,SCG,540720
15386702,189,7357,2001,0.0,3.7455243577334446e-09,0.45280200000000004,2.469852,SCG,540730
15393228,189,7358,2001,0.0,2.639101566527219e-08,0.45280200000000004,2.469852,SCG,540741
15399754,189,7359,2001,2.106713494072109e-09,2.94102045987093e-07,0.45280200000000004,2.469852,SCG,540742
15406280,189,7360,2001,0.0,9.252615122099334e-09,0.45280200000000004,2.469852,SCG,540743
15412806,189,7361,2001,0.0,1.4846435274477939e-06,0.45280200000000004,2.469852,SCG,540744
15419332,189,7362,2001,6.91833559690251e-10,1.3383927494380318e-08,0.45280200000000004,2.469852,SCG,540751
15425858,189,7363,2001,1.034598754331356e-08,1.3979479456013025e-06,0.45280200000000004,2.469852,SCG,540752
15432384,189,7364,2001,8.048663751805986e-10,1.027263332963499e-07,0.45280200000000004,2.469852,SCG,540753
15438910,189,7365,2001,0.0,5.092700081729474e-08,0.45280200000000004,2.469852,SCG,540754
15445436,189,7366,2001,1.7154320695114205e-08,5.940969707530995e-07,0.45280200000000004,2.469852,SCG,540760
15451962,189,7367,2001,3.8801498831894473e-07,2.161871186675844e-08,0.45280200000000004,2.469852,SCG,540771
15458488,189,7368,2001,2.954005054691444e-09,5.55367698715352e-07,0.45280200000000004,2.469852,SCG,540772
15465014,189,7369,2001,9.705064206149794e-09,8.400003723969144e-08,0.45280200000000004,2.469852,SCG,540773
15471540,189,7370,2001,9.136566721270726e-10,5.473781747645934e-08,0.45280200000000004,2.469852,SCG,540774
15478066,189,7371,2001,1.2918165929056377e-08,1.4048450663768474e-08,0.45280200000000004,2.469852,SCG,540781
15484592,189,7372,2001,1.0760845249496632e-09,9.727227181233419e-08,0.45280200000000004,2.469852,SCG,540782
15491118,189,7373,2001,0.0,5.6358856290163824e-08,0.45280200000000004,2.469852,SCG,540783
15497644,189,7374,2001,0.0,3.4662589100893246e-08,0.45280200000000004,2.469852,SCG,540784
15504170,189,7375,2001,0.0,1.605461462601611e-09,0.45280200000000004,2.469852,SCG,540791
15510696,189,7376,2001,1.4454866753055178e-09,1.3064492366870938e-07,0.45280200000000004,2.469852,SCG,540792
15517222,189,7377,2001,0.0,7.453961362521984e-08,0.45280200000000004,2.469852,SCG,540793
15523748,189,7378,2001,6.82651537413153e-09,2.477352318469113e-07,0.45280200000000004,2.469852,SCG,540794
15530274,189,7379,2001,5.119780467635051e-08,5.296630807976124e-08,0.45280200000000004,2.469852,SCG,540810
15536800,189,7380,2001,1.0142952727285322e-07,9.230077677950509e-09,0.45280200000000004,2.469852,SCG,540821
15543326,189,7381,2001,4.9549283185016755e-08,7.042444204014545e-07,0.45280200000000004,2.469852,SCG,540822
15549852,189,7382,2001,0.0,1.0045535436535358e-07,0.45280200000000004,2.469852,SCG,540823
15556378,189,7383,2001,4.942534103612787e-10,1.997371044699573e-07,0.45280200000000004,2.469852,SCG,540824
15562904,189,7384,2001,1.5930657132245507e-09,3.59323089322778e-08,0.45280200000000004,2.469852,SCG,540831
15569430,189,7385,2001,0.0,1.4312569623212574e-07,0.45280200000000004,2.469852,SCG,540832
15575956,189,7386,2001,2.1215623089756667e-09,1.3715029063566736e-08,0.45280200000000004,2.469852,SCG,540833
15582482,189,7387,2001,1.901860455810782e-09,1.957105249263679e-07,0.45280200000000004,2.469852,SCG,540834
15589008,189,7388,2001,0.0,1.2680626663736093e-09,0.45280200000000004,2.469852,SCG,550110
15595534,189,7389,2001,0.0,2.3528428825369194e-09,0.45280200000000004,2.469852,SCG,550120
15602060,189,7390,2001,3.1049175000378064e-09,1.4537314341996668e-08,0.45280200000000004,2.469852,SCG,550130
15608586,189,7391,2001,7.521379304210262e-09,2.573590519314619e-07,0.45280200000000004,2.469852,SCG,550190
15615112,189,7392,2001,0.0,1.880347685987813e-06,0.45280200000000004,2.469852,SCG,550200
15621638,189,7393,2001,0.0,3.341872104367941e-08,0.45280200000000004,2.469852,SCG,550310
15628164,189,7394,2001,2.0658641012353828e-08,1.9317015725119267e-06,0.45280200000000004,2.469852,SCG,550320
15634690,189,7395,2001,2.227564665164738e-08,1.4076622468954506e-07,0.45280200000000004,2.469852,SCG,550330
15641216,189,7396,2001,2.363688903015312e-10,3.621568414914906e-09,0.45280200000000004,2.469852,SCG,550340
15647742,189,7397,2001,0.0,2.153641705231501e-07,0.45280200000000004,2.469852,SCG,550390
15654268,189,7398,2001,1.07926338348718e-07,7.42731414914602e-08,0.45280200000000004,2.469852,SCG,550410
15660794,189,7399,2001,0.0,4.83286323667365e-07,0.45280200000000004,2.469852,SCG,550490
15667320,189,7400,2001,1.6773100100243273e-09,2.9824330134943964e-08,0.45280200000000004,2.469852,SCG,550510
15673846,189,7401,2001,2.7767283869652954e-09,6.164653840708085e-10,0.45280200000000004,2.469852,SCG,550520
15680372,189,7402,2001,0.0,1.261268289828743e-08,0.45280200000000004,2.469852,SCG,550610
15686898,189,7403,2001,9.70870065061597e-09,5.1625993018910516e-08,0.45280200000000004,2.469852,SCG,550620
15693424,189,7404,2001,2.1514114573022064e-08,2.033666272769247e-07,0.45280200000000004,2.469852,SCG,550630
15699950,189,7405,2001,7.99320797369678e-09,5.274424796829487e-09,0.45280200000000004,2.469852,SCG,550690
15706476,189,7406,2001,0.0,1.3377298834336546e-08,0.45280200000000004,2.469852,SCG,550700
15713002,189,7407,2001,2.823971861321717e-08,2.7738754825371937e-07,0.45280200000000004,2.469852,SCG,550810
15719528,189,7408,2001,0.0,7.498671674517227e-09,0.45280200000000004,2.469852,SCG,550820
15726054,189,7409,2001,0.0,1.1313796962710279e-08,0.45280200000000004,2.469852,SCG,550911
15732580,189,7410,2001,0.0,1.0960489382377225e-09,0.45280200000000004,2.469852,SCG,550912
15739106,189,7411,2001,5.422241736109357e-09,2.004175364234505e-08,0.45280200000000004,2.469852,SCG,550921
15745632,189,7412,2001,0.0,1.7818832496666065e-08,0.45280200000000004,2.469852,SCG,550922
15752158,189,7413,2001,2.011075004611643e-08,1.5021107095291377e-07,0.45280200000000004,2.469852,SCG,550931
15758684,189,7414,2001,1.3958461779718077e-07,4.1741202588436636e-07,0.45280200000000004,2.469852,SCG,550932
15765210,189,7415,2001,4.69101336136885e-09,8.098565408478605e-09,0.45280200000000004,2.469852,SCG,550941
15771736,189,7416,2001,0.0,1.2100188047003187e-07,0.45280200000000004,2.469852,SCG,550942
15778262,189,7417,2001,9.408693982156335e-09,1.206548701167404e-08,0.45280200000000004,2.469852,SCG,550951
15784788,189,7418,2001,0.0,1.6717480630393323e-08,0.45280200000000004,2.469852,SCG,550952
15791314,189,7419,2001,0.0,7.952072021511241e-09,0.45280200000000004,2.469852,SCG,550953
15797840,189,7420,2001,0.0,4.477659859568077e-10,0.45280200000000004,2.469852,SCG,550959
15804366,189,7421,2001,2.1315625312576544e-09,4.808264279251212e-07,0.45280200000000004,2.469852,SCG,550961
15810892,189,7422,2001,4.371309285384087e-09,5.323546482083861e-07,0.45280200000000004,2.469852,SCG,550962
15817418,189,7423,2001,8.291093382884479e-10,8.733723613872852e-08,0.45280200000000004,2.469852,SCG,550969
15823944,189,7424,2001,9.054746720781734e-10,1.893311025002416e-08,0.45280200000000004,2.469852,SCG,550991
15830470,189,7425,2001,2.6467254972994532e-09,0.0,0.45280200000000004,2.469852,SCG,550992
15836996,189,7426,2001,1.860647418527438e-09,7.141718331160098e-09,0.45280200000000004,2.469852,SCG,550999
15843522,189,7427,2001,0.0,2.2605056481271734e-08,0.45280200000000004,2.469852,SCG,551011
15850048,189,7428,2001,5.9518595689042104e-08,1.1702899307279704e-09,0.45280200000000004,2.469852,SCG,551012
15856574,189,7429,2001,0.0,3.3623878072034152e-09,0.45280200000000004,2.469852,SCG,551020
15863100,189,7430,2001,9.839612651398356e-10,1.3098563679495927e-08,0.45280200000000004,2.469852,SCG,551030
15869626,189,7431,2001,4.368581952034454e-09,5.089882901210871e-08,0.45280200000000004,2.469852,SCG,551090
15876152,189,7432,2001,8.835953978733394e-09,6.626240582856158e-08,0.45280200000000004,2.469852,SCG,551110
15882678,189,7433,2001,3.4015907610701125e-09,3.4019277643645164e-08,0.45280200000000004,2.469852,SCG,551120
15889204,189,7434,2001,9.149900350980043e-09,1.4559851786145495e-09,0.45280200000000004,2.469852,SCG,551130
15895730,189,7435,2001,0.0,1.315258725885267e-08,0.45280200000000004,2.469852,SCG,551211
15902256,189,7436,2001,2.0166205824225638e-08,7.088493505338629e-07,0.45280200000000004,2.469852,SCG,551219
15908782,189,7437,2001,0.0,9.226763347928623e-09,0.45280200000000004,2.469852,SCG,551221
15915308,189,7438,2001,0.0,2.810740775370633e-07,0.45280200000000004,2.469852,SCG,551229
15921834,189,7439,2001,0.0,1.058829012091942e-08,0.45280200000000004,2.469852,SCG,551291
15928360,189,7440,2001,3.200677204313811e-09,1.735993036183572e-07,0.45280200000000004,2.469852,SCG,551299
15934886,189,7441,2001,4.740105361662245e-09,2.1813594472045343e-08,0.45280200000000004,2.469852,SCG,551311
15941412,189,7442,2001,0.0,1.4042816302731268e-09,0.45280200000000004,2.469852,SCG,551312
15947938,189,7443,2001,0.0,7.209993529610951e-09,0.45280200000000004,2.469852,SCG,551313
15954464,189,7444,2001,0.0,2.864774297717441e-08,0.45280200000000004,2.469852,SCG,551319
15960990,189,7445,2001,0.0,1.1010303762606172e-07,0.45280200000000004,2.469852,SCG,551321
15967516,189,7446,2001,0.0,2.465198670278857e-09,0.45280200000000004,2.469852,SCG,551322
15974042,189,7447,2001,0.0,1.3892113716636108e-07,0.45280200000000004,2.469852,SCG,551323
15980568,189,7448,2001,0.0,3.9806097861858234e-08,0.45280200000000004,2.469852,SCG,551329
15987094,189,7449,2001,0.0,6.467119598505408e-08,0.45280200000000004,2.469852,SCG,551331
15993620,189,7450,2001,0.0,5.238630032593118e-09,0.45280200000000004,2.469852,SCG,551332
16000146,189,7451,2001,0.0,2.925227677316643e-09,0.45280200000000004,2.469852,SCG,551333
16006672,189,7452,2001,7.609260045476216e-10,3.9860452874217165e-08,0.45280200000000004,2.469852,SCG,551339
16013198,189,7453,2001,0.0,2.8839642685441614e-08,0.45280200000000004,2.469852,SCG,551341
16019724,189,7454,2001,0.0,0.0,0.45280200000000004,2.469852,SCG,551342
16026250,189,7455,2001,0.0,4.905208432391379e-10,0.45280200000000004,2.469852,SCG,551343
16032776,189,7456,2001,0.0,3.4411362885234285e-08,0.45280200000000004,2.469852,SCG,551349
16039302,189,7457,2001,2.3956593106137884e-08,1.6047985965972338e-09,0.45280200000000004,2.469852,SCG,551411
16045828,189,7458,2001,0.0,7.225239447711627e-10,0.45280200000000004,2.469852,SCG,551412
16052354,189,7459,2001,0.0,5.377831893512333e-09,0.45280200000000004,2.469852,SCG,551413
16058880,189,7460,2001,0.0,2.989525679741233e-08,0.45280200000000004,2.469852,SCG,551419
16065406,189,7461,2001,3.272800019559663e-09,1.0803390139339826e-08,0.45280200000000004,2.469852,SCG,551421
16071932,189,7462,2001,0.0,8.4786527753885e-08,0.45280200000000004,2.469852,SCG,551422
16078458,189,7463,2001,0.0,1.5722518757823126e-08,0.45280200000000004,2.469852,SCG,551423
16084984,189,7464,2001,3.4000755758758723e-10,4.654214219833948e-08,0.45280200000000004,2.469852,SCG,551429
16091510,189,7465,2001,1.3573028970007158e-09,1.4675853336911506e-09,0.45280200000000004,2.469852,SCG,551431
16098036,189,7466,2001,0.0,0.0,0.45280200000000004,2.469852,SCG,551432
16104562,189,7467,2001,0.0,2.6348923673994234e-09,0.45280200000000004,2.469852,SCG,551433
16111088,189,7468,2001,0.0,1.7032010549470312e-08,0.45280200000000004,2.469852,SCG,551439
16117614,189,7469,2001,0.0,1.2325993351394284e-09,0.45280200000000004,2.469852,SCG,551441
16124140,189,7470,2001,0.0,1.849064719210237e-09,0.45280200000000004,2.469852,SCG,551442
16130666,189,7471,2001,0.0,5.594589076943682e-10,0.45280200000000004,2.469852,SCG,551443
16137192,189,7472,2001,0.0,2.295074110255445e-08,0.45280200000000004,2.469852,SCG,551449
16143718,189,7473,2001,8.464430569105602e-09,3.586569089883789e-07,0.45280200000000004,2.469852,SCG,551511
16150244,189,7474,2001,5.928010553946864e-09,3.0984776505506935e-07,0.45280200000000004,2.469852,SCG,551512
16156770,189,7475,2001,7.403497896098345e-09,7.223532567750356e-07,0.45280200000000004,2.469852,SCG,551513
16163296,189,7476,2001,1.5176094905513697e-09,7.10364330786867e-07,0.45280200000000004,2.469852,SCG,551519
16169822,189,7477,2001,1.5745804538548156e-09,8.345482995109117e-09,0.45280200000000004,2.469852,SCG,551521
16176348,189,7478,2001,0.0,7.818239375227482e-08,0.45280200000000004,2.469852,SCG,551522
16182874,189,7479,2001,4.536464471556311e-10,5.9481618036784874e-08,0.45280200000000004,2.469852,SCG,551529
16189400,189,7480,2001,4.960382985200941e-08,4.404907001257656e-07,0.45280200000000004,2.469852,SCG,551591
16195926,189,7481,2001,0.0,4.968180702807215e-10,0.45280200000000004,2.469852,SCG,551592
16202452,189,7482,2001,0.0,2.055951827836409e-07,0.45280200000000004,2.469852,SCG,551599
16208978,189,7483,2001,0.0,4.069466974072589e-08,0.45280200000000004,2.469852,SCG,551611
16215504,189,7484,2001,3.2291626859655343e-09,4.528654141284816e-07,0.45280200000000004,2.469852,SCG,551612
16222030,189,7485,2001,0.0,2.6577281012502187e-08,0.45280200000000004,2.469852,SCG,551613
16228556,189,7486,2001,2.837335794734919e-09,3.3736333289676745e-07,0.45280200000000004,2.469852,SCG,551614
16235082,189,7487,2001,0.0,6.475869429763187e-09,0.45280200000000004,2.469852,SCG,551621
16241608,189,7488,2001,1.0276289024378493e-08,4.0399860085279126e-07,0.45280200000000004,2.469852,SCG,551622
16248134,189,7489,2001,1.9885290489213433e-09,1.1897748769266385e-07,0.45280200000000004,2.469852,SCG,551623
16254660,189,7490,2001,5.563760033251427e-10,7.742407504326729e-08,0.45280200000000004,2.469852,SCG,551624
16261186,189,7491,2001,0.0,0.0,0.45280200000000004,2.469852,SCG,551631
16267712,189,7492,2001,0.0,2.8811470880255585e-08,0.45280200000000004,2.469852,SCG,551632
16274238,189,7493,2001,0.0,1.656137568636249e-08,0.45280200000000004,2.469852,SCG,551633
16280764,189,7494,2001,0.0,6.135819169517676e-09,0.45280200000000004,2.469852,SCG,551634
16287290,189,7495,2001,0.0,1.7463204885317688e-09,0.45280200000000004,2.469852,SCG,551641
16293816,189,7496,2001,1.7902216106991355e-08,2.1498070253961787e-08,0.45280200000000004,2.469852,SCG,551642
16300342,189,7497,2001,0.0,3.991547075258048e-08,0.45280200000000004,2.469852,SCG,551643
16306868,189,7498,2001,0.0,1.5408320271748327e-09,0.45280200000000004,2.469852,SCG,551644
16313394,189,7499,2001,0.0,1.0477260065186236e-08,0.45280200000000004,2.469852,SCG,551691
16319920,189,7500,2001,1.4757903791903295e-09,2.2931981994630576e-07,0.45280200000000004,2.469852,SCG,551692
16326446,189,7501,2001,0.0,6.628560613871478e-08,0.45280200000000004,2.469852,SCG,551693
16332972,189,7502,2001,3.7849326152129805e-10,3.1492101001957034e-08,0.45280200000000004,2.469852,SCG,551694
16339498,189,7503,2001,2.396053258764291e-08,4.91083285043852e-07,0.45280200000000004,2.469852,SCG,560110
16346024,189,7504,2001,5.523304588565203e-08,2.8803383915002184e-07,0.45280200000000004,2.469852,SCG,560121
16352550,189,7505,2001,5.738309367627943e-09,7.5820933611681e-08,0.45280200000000004,2.469852,SCG,560122
16359076,189,7506,2001,2.3888409772397058e-09,2.6634618921880816e-08,0.45280200000000004,2.469852,SCG,560129
16365602,189,7507,2001,0.0,1.2219271924689554e-08,0.45280200000000004,2.469852,SCG,560130
16372128,189,7508,2001,5.2982995872204765e-09,6.455784589830558e-08,0.45280200000000004,2.469852,SCG,560210
16378654,189,7509,2001,1.4463957864220623e-09,1.1672407471078352e-08,0.45280200000000004,2.469852,SCG,560221
16385180,189,7510,2001,1.0894181546589804e-09,4.707840079588064e-08,0.45280200000000004,2.469852,SCG,560229
16391706,189,7511,2001,5.969829665307904e-10,2.5373184915550978e-08,0.45280200000000004,2.469852,SCG,560290
16398232,189,7512,2001,3.236862857122665e-07,2.1263329515831683e-06,0.45280200000000004,2.469852,SCG,560300
16404758,189,7513,2001,6.627117002569469e-09,2.0557131960748334e-08,0.45280200000000004,2.469852,SCG,560410
16411284,189,7514,2001,0.0,6.024885229355128e-07,0.45280200000000004,2.469852,SCG,560420
16417810,189,7515,2001,7.324405228958987e-10,3.301934427604214e-08,0.45280200000000004,2.469852,SCG,560490
16424336,189,7516,2001,2.96915690663385e-09,6.231570163849964e-08,0.45280200000000004,2.469852,SCG,560500
16430862,189,7517,2001,0.0,3.2252971745081417e-07,0.45280200000000004,2.469852,SCG,560600
16437388,189,7518,2001,2.108804449640161e-08,1.8938744611061367e-08,0.45280200000000004,2.469852,SCG,560710
16443914,189,7519,2001,6.000739443270412e-09,2.121966653212336e-08,0.45280200000000004,2.469852,SCG,560721
16450440,189,7520,2001,2.7306667570603818e-09,5.975737029460579e-10,0.45280200000000004,2.469852,SCG,560729
16456966,189,7521,2001,0.0,0.0,0.45280200000000004,2.469852,SCG,560730
16463492,189,7522,2001,6.892850181935383e-08,3.843164520178208e-07,0.45280200000000004,2.469852,SCG,560741
16470018,189,7523,2001,4.062787276132819e-08,1.7292848322192744e-08,0.45280200000000004,2.469852,SCG,560749
16476544,189,7524,2001,1.437910749334315e-09,7.446172686970553e-08,0.45280200000000004,2.469852,SCG,560750
16483070,189,7525,2001,2.7739919625044973e-07,4.715032175735557e-08,0.45280200000000004,2.469852,SCG,560790
16489596,189,7526,2001,2.3497491992282986e-09,4.409285231216568e-08,0.45280200000000004,2.469852,SCG,560811
16496122,189,7527,2001,1.5679136390001571e-09,3.9296353904492155e-08,0.45280200000000004,2.469852,SCG,560819
16502648,189,7528,2001,3.4531070576742924e-09,3.340082366156122e-08,0.45280200000000004,2.469852,SCG,560890
16509174,189,7529,2001,0.0,4.424962012220089e-08,0.45280200000000004,2.469852,SCG,560900
16515700,189,7530,2001,6.705361166000053e-08,1.1386877939692867e-07,0.45280200000000004,2.469852,SCG,570110
16522226,189,7531,2001,9.857552444098166e-08,1.7735642813116725e-08,0.45280200000000004,2.469852,SCG,570190
16528752,189,7532,2001,0.0,1.1400963842285884e-08,0.45280200000000004,2.469852,SCG,570210
16535278,189,7533,2001,0.0,1.2447297830195315e-08,0.45280200000000004,2.469852,SCG,570220
16541804,189,7534,2001,7.361678784737305e-09,1.0275085933851186e-08,0.45280200000000004,2.469852,SCG,570231
16548330,189,7535,2001,1.1812989848377294e-08,2.7661398362661117e-08,0.45280200000000004,2.469852,SCG,570232
16554856,189,7536,2001,0.0,2.855527316956379e-08,0.45280200000000004,2.469852,SCG,570239
16561382,189,7537,2001,2.0042263675336758e-08,7.389928506499146e-08,0.45280200000000004,2.469852,SCG,570241
16567908,189,7538,2001,4.6399394988413886e-07,2.4692587245556673e-07,0.45280200000000004,2.469852,SCG,570242
16574434,189,7539,2001,2.2527773467969012e-09,1.1698590678251252e-08,0.45280200000000004,2.469852,SCG,570249
16580960,189,7540,2001,0.0,0.0,0.45280200000000004,2.469852,SCG,570251
16587486,189,7541,2001,5.636488922574975e-10,3.880749022626396e-08,0.45280200000000004,2.469852,SCG,570252
16594012,189,7542,2001,0.0,0.0,0.45280200000000004,2.469852,SCG,570259
16600538,189,7543,2001,0.0,4.163461373493278e-09,0.45280200000000004,2.469852,SCG,570291
16607064,189,7544,2001,5.708460219301403e-08,3.388902447378504e-09,0.45280200000000004,2.469852,SCG,570292
16613590,189,7545,2001,6.488023001738183e-10,1.2428737582072752e-08,0.45280200000000004,2.469852,SCG,570299
16620116,189,7546,2001,3.2284960044800686e-08,9.049612408258813e-08,0.45280200000000004,2.469852,SCG,570310
16626642,189,7547,2001,1.411258641767623e-07,8.118603847790928e-07,0.45280200000000004,2.469852,SCG,570320
16633168,189,7548,2001,1.8677051511622106e-07,3.6249225168970544e-07,0.45280200000000004,2.469852,SCG,570330
16639694,189,7549,2001,1.0248730836065645e-06,2.8311007046950788e-08,0.45280200000000004,2.469852,SCG,570390
16646220,189,7550,2001,0.0,3.995093408381466e-09,0.45280200000000004,2.469852,SCG,570410
16652746,189,7551,2001,3.2177957666383413e-07,3.0951003482583916e-07,0.45280200000000004,2.469852,SCG,570490
16659272,189,7552,2001,5.514637729254147e-08,8.854265796768848e-08,0.45280200000000004,2.469852,SCG,570500
16665798,189,7553,2001,0.0,1.3954655124149099e-08,0.45280200000000004,2.469852,SCG,580110
16672324,189,7554,2001,0.0,6.502052636936087e-09,0.45280200000000004,2.469852,SCG,580121
16678850,189,7555,2001,0.0,2.2708032715051735e-07,0.45280200000000004,2.469852,SCG,580122
16685376,189,7556,2001,0.0,4.7504292203693e-09,0.45280200000000004,2.469852,SCG,580123
16691902,189,7557,2001,0.0,1.3167170310948969e-08,0.45280200000000004,2.469852,SCG,580124
16698428,189,7558,2001,0.0,5.1624335853899576e-08,0.45280200000000004,2.469852,SCG,580125
16704954,189,7559,2001,0.0,1.150171947495122e-08,0.45280200000000004,2.469852,SCG,580126
16711480,189,7560,2001,0.0,1.047659719918186e-09,0.45280200000000004,2.469852,SCG,580131
16718006,189,7561,2001,0.0,9.116396158199817e-09,0.45280200000000004,2.469852,SCG,580132
16724532,189,7562,2001,1.504663748251778e-07,2.1046989937983093e-08,0.45280200000000004,2.469852,SCG,580133
16731058,189,7563,2001,0.0,0.0,0.45280200000000004,2.469852,SCG,580134
16737584,189,7564,2001,3.4699559170342476e-08,3.0011026345076807e-07,0.45280200000000004,2.469852,SCG,580135
16744110,189,7565,2001,0.0,4.0265795435893836e-09,0.45280200000000004,2.469852,SCG,580136
16750636,189,7566,2001,2.594603126617577e-09,5.856388005372462e-08,0.45280200000000004,2.469852,SCG,580190
16757162,189,7567,2001,0.0,6.060252445018674e-09,0.45280200000000004,2.469852,SCG,580211
16763688,189,7568,2001,1.8691324556151854e-09,1.8939341190465307e-07,0.45280200000000004,2.469852,SCG,580219
16770214,189,7569,2001,0.0,6.430032245560502e-08,0.45280200000000004,2.469852,SCG,580220
16776740,189,7570,2001,0.0,2.9474336884632797e-08,0.45280200000000004,2.469852,SCG,580230
16783266,189,7571,2001,0.0,8.33984863407191e-09,0.45280200000000004,2.469852,SCG,580310
16789792,189,7572,2001,0.0,1.3030288481045074e-08,0.45280200000000004,2.469852,SCG,580390
16796318,189,7573,2001,0.0,7.552363820871782e-08,0.45280200000000004,2.469852,SCG,580410
16802844,189,7574,2001,7.744111527763628e-09,1.4838222364683705e-07,0.45280200000000004,2.469852,SCG,580421
16809370,189,7575,2001,1.478911660690465e-08,6.04669683522916e-08,0.45280200000000004,2.469852,SCG,580429
16815896,189,7576,2001,0.0,0.0,0.45280200000000004,2.469852,SCG,580430
16822422,189,7577,2001,0.0,0.0,0.45280200000000004,2.469852,SCG,580500
16828948,189,7578,2001,0.0,1.2137076540146779e-08,0.45280200000000004,2.469852,SCG,580610
16835474,189,7579,2001,2.521571200255181e-09,3.97116725995347e-07,0.45280200000000004,2.469852,SCG,580620
16842000,189,7580,2001,6.878637744813407e-09,8.352608804656172e-08,0.45280200000000004,2.469852,SCG,580631
16848526,189,7581,2001,2.1394717979715904e-08,4.315764780989008e-07,0.45280200000000004,2.469852,SCG,580632
16855052,189,7582,2001,9.478998575169099e-10,1.6165644681749294e-08,0.45280200000000004,2.469852,SCG,580639
16861578,189,7583,2001,5.809220034718402e-10,5.166013061813594e-08,0.45280200000000004,2.469852,SCG,580640
16868104,189,7584,2001,2.4479331998150888e-09,2.052518181933735e-07,0.45280200000000004,2.469852,SCG,580710
16874630,189,7585,2001,1.645491120945275e-09,6.724576754605518e-08,0.45280200000000004,2.469852,SCG,580790
16881156,189,7586,2001,0.0,1.4315254230530303e-08,0.45280200000000004,2.469852,SCG,580810
16887682,189,7587,2001,2.738848757109281e-09,4.014283379208186e-08,0.45280200000000004,2.469852,SCG,580890
16894208,189,7588,2001,0.0,2.857615344870167e-09,0.45280200000000004,2.469852,SCG,580900
16900734,189,7589,2001,0.0,1.2546727730851897e-08,0.45280200000000004,2.469852,SCG,581010
16907260,189,7590,2001,4.599799212675567e-09,2.7734313623142614e-09,0.45280200000000004,2.469852,SCG,581091
16913786,189,7591,2001,0.0,5.092766368329912e-08,0.45280200000000004,2.469852,SCG,581092
16920312,189,7592,2001,8.727466718825768e-10,6.527241545102421e-09,0.45280200000000004,2.469852,SCG,581099
16926838,189,7593,2001,1.5198822683427305e-08,1.6821848882782515e-07,0.45280200000000004,2.469852,SCG,581100
16933364,189,7594,2001,1.448820082732847e-09,2.8846602778487576e-08,0.45280200000000004,2.469852,SCG,590110
16939890,189,7595,2001,3.5243207618036e-10,4.209497417497275e-08,0.45280200000000004,2.469852,SCG,590190
16946416,189,7596,2001,0.0,1.0053698631379262e-06,0.45280200000000004,2.469852,SCG,590210
16952942,189,7597,2001,9.472937834392135e-10,5.198261492926546e-08,0.45280200000000004,2.469852,SCG,590220
16959468,189,7598,2001,8.807771534120519e-09,1.2356471930275549e-06,0.45280200000000004,2.469852,SCG,590290
16965994,189,7599,2001,7.428649970322739e-09,8.411335418313971e-07,0.45280200000000004,2.469852,SCG,590310
16972520,189,7600,2001,2.0818644568865635e-08,1.4245474326249513e-06,0.45280200000000004,2.469852,SCG,590320
16979046,189,7601,2001,3.3244981383871515e-08,7.903016622857305e-07,0.45280200000000004,2.469852,SCG,590390
16985572,189,7602,2001,8.585918117979813e-08,2.6786415236883197e-09,0.45280200000000004,2.469852,SCG,590410
16992098,189,7603,2001,2.7906014226037623e-07,0.0,0.45280200000000004,2.469852,SCG,590491
16998624,189,7604,2001,3.267330201008454e-07,1.8141648240797767e-08,0.45280200000000004,2.469852,SCG,590492
17005150,189,7605,2001,0.0,8.364374676233868e-09,0.45280200000000004,2.469852,SCG,590500
17011676,189,7606,2001,0.0,9.484949656633548e-09,0.45280200000000004,2.469852,SCG,590610
17018202,189,7607,2001,0.0,1.4929001863983164e-07,0.45280200000000004,2.469852,SCG,590691
17024728,189,7608,2001,3.0661287590652473e-09,9.54304986191721e-08,0.45280200000000004,2.469852,SCG,590699
17031254,189,7609,2001,1.1800262292745673e-08,9.110722025202348e-07,0.45280200000000004,2.469852,SCG,590700
17037780,189,7610,2001,0.0,1.907396927595432e-09,0.45280200000000004,2.469852,SCG,590800
17044306,189,7611,2001,3.523411650687056e-09,8.01378484651876e-08,0.45280200000000004,2.469852,SCG,590900
17050832,189,7612,2001,1.837949944317714e-08,1.4466221963027214e-07,0.45280200000000004,2.469852,SCG,591000
17057358,189,7613,2001,3.5282602433086255e-09,7.139265726943902e-08,0.45280200000000004,2.469852,SCG,591110
17063884,189,7614,2001,6.706603617859331e-08,5.5168017513300156e-08,0.45280200000000004,2.469852,SCG,591120
17070410,189,7615,2001,4.985807792760298e-08,5.882836358947113e-08,0.45280200000000004,2.469852,SCG,591131
17076936,189,7616,2001,1.2286030666019207e-07,5.7942443174620986e-08,0.45280200000000004,2.469852,SCG,591132
17083462,189,7617,2001,3.100068907416236e-10,3.197731891716115e-08,0.45280200000000004,2.469852,SCG,591140
17089988,189,7618,2001,3.0725531442888275e-08,4.938348418280218e-07,0.45280200000000004,2.469852,SCG,591190
17096514,189,7619,2001,1.076133010875879e-07,3.322175041047872e-07,0.45280200000000004,2.469852,SCG,600110
17103040,189,7620,2001,0.0,4.114939581972866e-08,0.45280200000000004,2.469852,SCG,600121
17109566,189,7621,2001,0.0,1.610996393738161e-08,0.45280200000000004,2.469852,SCG,600122
17116092,189,7622,2001,4.681922250203407e-10,1.4009673002512407e-08,0.45280200000000004,2.469852,SCG,600129
17122618,189,7623,2001,4.744347880206119e-09,3.9054341526294036e-07,0.45280200000000004,2.469852,SCG,600191
17129144,189,7624,2001,1.5907020243215354e-08,1.0890855308617399e-07,0.45280200000000004,2.469852,SCG,600192
17135670,189,7625,2001,0.0,1.483427831195766e-08,0.45280200000000004,2.469852,SCG,600199
17142196,189,7626,2001,4.7458630654003594e-09,3.9827873010102026e-07,0.45280200000000004,2.469852,SCG,600210
17148722,189,7627,2001,2.8915188172809622e-08,3.5270105793904964e-08,0.45280200000000004,2.469852,SCG,600220
17155248,189,7628,2001,0.0,3.3582747236462545e-07,0.45280200000000004,2.469852,SCG,600230
17161774,189,7629,2001,0.0,3.0823269203540427e-10,0.45280200000000004,2.469852,SCG,600241
17168300,189,7630,2001,7.275010191626743e-09,5.910819247321897e-07,0.45280200000000004,2.469852,SCG,600242
17174826,189,7631,2001,1.5612165204416136e-08,7.17920340370763e-07,0.45280200000000004,2.469852,SCG,600243
17181352,189,7632,2001,0.0,4.542421868195731e-08,0.45280200000000004,2.469852,SCG,600249
17187878,189,7633,2001,0.0,1.0866395553055879e-07,0.45280200000000004,2.469852,SCG,600291
17194404,189,7634,2001,3.365468746039417e-08,6.202583033478549e-07,0.45280200000000004,2.469852,SCG,600292
17200930,189,7635,2001,3.41656079078921e-08,5.891867908256753e-07,0.45280200000000004,2.469852,SCG,600293
17207456,189,7636,2001,1.3715456378265773e-09,8.659383191481947e-08,0.45280200000000004,2.469852,SCG,600299
17213982,189,7637,2001,6.775302114566199e-09,6.204094367968529e-09,0.45280200000000004,2.469852,SCG,610110
17220508,189,7638,2001,0.0,1.5885583794899922e-08,0.45280200000000004,2.469852,SCG,610120
17227034,189,7639,2001,5.345876402319631e-09,4.2149329187331684e-08,0.45280200000000004,2.469852,SCG,610130
17233560,189,7640,2001,5.350118920863505e-09,1.0747046528967762e-07,0.45280200000000004,2.469852,SCG,610190
17240086,189,7641,2001,6.363777815810456e-09,2.7862909627991792e-08,0.45280200000000004,2.469852,SCG,610210
17246612,189,7642,2001,0.0,1.0117655257811598e-08,0.45280200000000004,2.469852,SCG,610220
17253138,189,7643,2001,7.597017349106753e-08,2.6266396856449272e-08,0.45280200000000004,2.469852,SCG,610230
17259664,189,7644,2001,4.472826693398206e-10,7.411504794941624e-09,0.45280200000000004,2.469852,SCG,610290
17266190,189,7645,2001,1.2054813405378091e-08,5.1454973589781196e-09,0.45280200000000004,2.469852,SCG,610311
17272716,189,7646,2001,1.081751317576123e-08,4.633433370596722e-09,0.45280200000000004,2.469852,SCG,610312
17279242,189,7647,2001,1.7244322695652095e-08,1.1736705473502942e-08,0.45280200000000004,2.469852,SCG,610319
17285768,189,7648,2001,1.8345862331865e-09,7.321355018346323e-09,0.45280200000000004,2.469852,SCG,610321
17292294,189,7649,2001,2.836063039171757e-08,1.1638932737857303e-08,0.45280200000000004,2.469852,SCG,610322
17298820,189,7650,2001,1.3179383856543454e-08,7.522866283676996e-08,0.45280200000000004,2.469852,SCG,610323
17305346,189,7651,2001,0.0,3.9816372284926084e-08,0.45280200000000004,2.469852,SCG,610329
17311872,189,7652,2001,1.6618551210430734e-09,2.468513000300743e-09,0.45280200000000004,2.469852,SCG,610331
17318398,189,7653,2001,3.5409877989402463e-09,1.3839647872389651e-08,0.45280200000000004,2.469852,SCG,610332
17324924,189,7654,2001,3.254314760189928e-09,8.764546883076392e-08,0.45280200000000004,2.469852,SCG,610333
17331450,189,7655,2001,7.546531378434656e-08,5.367855760146456e-08,0.45280200000000004,2.469852,SCG,610339
17337976,189,7656,2001,2.9555202398856844e-09,5.408323729713685e-09,0.45280200000000004,2.469852,SCG,610341
17344502,189,7657,2001,5.5192438922446384e-08,3.35002535622178e-08,0.45280200000000004,2.469852,SCG,610342
17351028,189,7658,2001,6.667420928736269e-09,1.8724340601945557e-07,0.45280200000000004,2.469852,SCG,610343
17357554,189,7659,2001,5.818674790330463e-08,7.238894487401797e-08,0.45280200000000004,2.469852,SCG,610349
17364080,189,7660,2001,4.939503733224306e-10,0.0,0.45280200000000004,2.469852,SCG,610411
17370606,189,7661,2001,0.0,5.640989697250087e-10,0.45280200000000004,2.469852,SCG,610412
17377132,189,7662,2001,7.085005968268974e-09,4.441865095331707e-09,0.45280200000000004,2.469852,SCG,610413
17383658,189,7663,2001,8.478976346970312e-10,2.8480037878066977e-09,0.45280200000000004,2.469852,SCG,610419
17390184,189,7664,2001,0.0,0.0,0.45280200000000004,2.469852,SCG,610421
17396710,189,7665,2001,2.4642062888012325e-08,5.581762619758983e-08,0.45280200000000004,2.469852,SCG,610422
17403236,189,7666,2001,9.92346300004763e-08,6.158555473467815e-08,0.45280200000000004,2.469852,SCG,610423
17409762,189,7667,2001,3.757810800236074e-08,4.843992756887144e-08,0.45280200000000004,2.469852,SCG,610429
17416288,189,7668,2001,1.2168028043091748e-07,6.35390208495778e-09,0.45280200000000004,2.469852,SCG,610431
17422814,189,7669,2001,1.1604803402688639e-08,1.152061115607597e-08,0.45280200000000004,2.469852,SCG,610432
17429340,189,7670,2001,3.2881639974292623e-08,6.788841613729888e-08,0.45280200000000004,2.469852,SCG,610433
17435866,189,7671,2001,3.1391303817237584e-08,1.226302108097845e-08,0.45280200000000004,2.469852,SCG,610439
17442392,189,7672,2001,0.0,1.2097304579884145e-09,0.45280200000000004,2.469852,SCG,610441
17448918,189,7673,2001,7.501075822607438e-09,1.2921247023325022e-08,0.45280200000000004,2.469852,SCG,610442
17455444,189,7674,2001,5.8561907757398596e-08,2.208072947180936e-08,0.45280200000000004,2.469852,SCG,610443
17461970,189,7675,2001,1.967619493240823e-09,3.4581719448359227e-09,0.45280200000000004,2.469852,SCG,610444
17468496,189,7676,2001,1.6439759357510344e-09,5.540234064584751e-09,0.45280200000000004,2.469852,SCG,610449
17475022,189,7677,2001,9.763853391686327e-09,6.4828295228091475e-09,0.45280200000000004,2.469852,SCG,610451
17481548,189,7678,2001,1.202299451629904e-08,6.844754361199106e-09,0.45280200000000004,2.469852,SCG,610452
17488074,189,7679,2001,8.708254170562797e-08,3.780623112665218e-08,0.45280200000000004,2.469852,SCG,610453
17494600,189,7680,2001,4.281004247807348e-09,4.822681614846417e-09,0.45280200000000004,2.469852,SCG,610459
17501126,189,7681,2001,0.0,3.2974269387744482e-09,0.45280200000000004,2.469852,SCG,610461
17507652,189,7682,2001,1.851192662915377e-08,5.0016554360282646e-08,0.45280200000000004,2.469852,SCG,610462
17514178,189,7683,2001,4.898290695940962e-08,1.2182582291347274e-07,0.45280200000000004,2.469852,SCG,610463
17520704,189,7684,2001,4.059181135370527e-09,4.311015346067646e-08,0.45280200000000004,2.469852,SCG,610469
17527230,189,7685,2001,1.7144350776536102e-07,2.520587753604617e-07,0.45280200000000004,2.469852,SCG,610510
17533756,189,7686,2001,2.6776352752619615e-09,4.1115258220503234e-08,0.45280200000000004,2.469852,SCG,610520
17540282,189,7687,2001,3.59347381406874e-08,1.4809752269795704e-08,0.45280200000000004,2.469852,SCG,610590
17546808,189,7688,2001,4.53740388637674e-08,1.0124946783859747e-07,0.45280200000000004,2.469852,SCG,610610
17553334,189,7689,2001,7.139704153781059e-08,4.4525703813024e-08,0.45280200000000004,2.469852,SCG,610620
17559860,189,7690,2001,7.98684419588097e-09,1.9586033264335714e-08,0.45280200000000004,2.469852,SCG,610690
17566386,189,7691,2001,4.247215617975783e-07,4.2455042988550454e-07,0.45280200000000004,2.469852,SCG,610711
17572912,189,7692,2001,1.0328441698764255e-07,4.350223870226558e-08,0.45280200000000004,2.469852,SCG,610712
17579438,189,7693,2001,0.0,8.129057244679957e-09,0.45280200000000004,2.469852,SCG,610719
17585964,189,7694,2001,1.078533064223556e-07,9.783007355501762e-08,0.45280200000000004,2.469852,SCG,610721
17592490,189,7695,2001,1.1372373993892132e-08,2.954758357811648e-08,0.45280200000000004,2.469852,SCG,610722
17599016,189,7696,2001,2.160987427729807e-08,1.916345618654524e-09,0.45280200000000004,2.469852,SCG,610729
17605542,189,7697,2001,3.984937060852738e-10,7.765143808276867e-09,0.45280200000000004,2.469852,SCG,610791
17612068,189,7698,2001,0.0,4.232399437948508e-10,0.45280200000000004,2.469852,SCG,610792
17618594,189,7699,2001,1.4795177347681614e-08,5.839849498563251e-09,0.45280200000000004,2.469852,SCG,610799
17625120,189,7700,2001,3.243587249014704e-08,5.011266993091734e-09,0.45280200000000004,2.469852,SCG,610811
17631646,189,7701,2001,2.4027806810267193e-09,4.218147818854398e-09,0.45280200000000004,2.469852,SCG,610819
17638172,189,7702,2001,5.099576988255047e-07,1.144104072091053e-06,0.45280200000000004,2.469852,SCG,610821
17644698,189,7703,2001,5.659225791599749e-07,4.6433399030321397e-07,0.45280200000000004,2.469852,SCG,610822
17651224,189,7704,2001,8.565947977119721e-09,4.199919003734024e-09,0.45280200000000004,2.469852,SCG,610829
17657750,189,7705,2001,1.4253892588891107e-07,9.605922702432389e-08,0.45280200000000004,2.469852,SCG,610831
17664276,189,7706,2001,1.1047791021581915e-07,1.3092432168955437e-07,0.45280200000000004,2.469852,SCG,610832
17670802,189,7707,2001,1.3218687760482054e-07,2.4963533724845857e-09,0.45280200000000004,2.469852,SCG,610839
17677328,189,7708,2001,4.747681287633448e-09,1.2553356390895669e-08,0.45280200000000004,2.469852,SCG,610891
17683854,189,7709,2001,6.970457967584386e-09,1.792223959334891e-08,0.45280200000000004,2.469852,SCG,610892
17690380,189,7710,2001,0.0,9.377432790723564e-08,0.45280200000000004,2.469852,SCG,610899
17696906,189,7711,2001,8.341776327631827e-07,1.244748343267654e-06,0.45280200000000004,2.469852,SCG,610910
17703432,189,7712,2001,1.5892959324612802e-07,2.518960417563871e-07,0.45280200000000004,2.469852,SCG,610990
17709958,189,7713,2001,1.4741600399213267e-07,3.08402717165527e-07,0.45280200000000004,2.469852,SCG,611010
17716484,189,7714,2001,1.074111753826762e-07,3.343260808647111e-07,0.45280200000000004,2.469852,SCG,611020
17723010,189,7715,2001,1.3458068838949737e-06,3.6020271251058654e-07,0.45280200000000004,2.469852,SCG,611030
17729536,189,7716,2001,5.064448934711774e-07,1.621115043294979e-07,0.45280200000000004,2.469852,SCG,611090
17736062,189,7717,2001,0.0,2.8204948486250434e-10,0.45280200000000004,2.469852,SCG,611110
17742588,189,7718,2001,9.420845767414145e-08,6.47871975358201e-08,0.45280200000000004,2.469852,SCG,611120
17749114,189,7719,2001,1.6705522840580142e-08,2.325996809359642e-09,0.45280200000000004,2.469852,SCG,611130
17755640,189,7720,2001,1.9776197155228114e-09,1.7778729103401242e-08,0.45280200000000004,2.469852,SCG,611190
17762166,189,7721,2001,1.0500112181271713e-07,6.610166082250011e-08,0.45280200000000004,2.469852,SCG,611211
17768692,189,7722,2001,4.125273513543301e-08,2.0418858112235247e-07,0.45280200000000004,2.469852,SCG,611212
17775218,189,7723,2001,6.283776037554553e-09,1.2039502664302453e-07,0.45280200000000004,2.469852,SCG,611219
17781744,189,7724,2001,8.205182382371039e-08,2.284667113986723e-08,0.45280200000000004,2.469852,SCG,611220
17788270,189,7725,2001,8.17754540442809e-08,7.29493980807189e-08,0.45280200000000004,2.469852,SCG,611231
17794796,189,7726,2001,3.989482616435459e-09,2.7353165670625715e-09,0.45280200000000004,2.469852,SCG,611239
17801322,189,7727,2001,3.7631775861940744e-07,1.9727754016071563e-07,0.45280200000000004,2.469852,SCG,611241
17807848,189,7728,2001,5.606185218690163e-10,2.442064646726092e-08,0.45280200000000004,2.469852,SCG,611249
17814374,189,7729,2001,2.4346904812174258e-08,4.189147431162895e-08,0.45280200000000004,2.469852,SCG,611300
17820900,189,7730,2001,2.5633903116162213e-09,2.6909045447692983e-09,0.45280200000000004,2.469852,SCG,611410
17827426,189,7731,2001,4.233063788261576e-08,4.9280441662421746e-08,0.45280200000000004,2.469852,SCG,611420
17833952,189,7732,2001,2.9364440582901954e-07,3.520912212150226e-08,0.45280200000000004,2.469852,SCG,611430
17840478,189,7733,2001,4.857683732735314e-10,1.3083284618095031e-07,0.45280200000000004,2.469852,SCG,611490
17847004,189,7734,2001,2.1325064916336665e-06,3.58293326984978e-07,0.45280200000000004,2.469852,SCG,611511
17853530,189,7735,2001,3.029915832922897e-08,4.349087055029051e-07,0.45280200000000004,2.469852,SCG,611512
17860056,189,7736,2001,2.1914123464301576e-08,1.4347436375042815e-07,0.45280200000000004,2.469852,SCG,611519
17866582,189,7737,2001,3.6577328181564833e-07,1.0172341703172717e-08,0.45280200000000004,2.469852,SCG,611520
17873108,189,7738,2001,0.0,7.603404503208827e-09,0.45280200000000004,2.469852,SCG,611591
17879634,189,7739,2001,1.635042403845792e-07,1.1390258556315191e-07,0.45280200000000004,2.469852,SCG,611592
17886160,189,7740,2001,9.518150960588275e-08,1.6364471339762238e-07,0.45280200000000004,2.469852,SCG,611593
17892686,189,7741,2001,2.2424740874760654e-09,6.6633942224015e-08,0.45280200000000004,2.469852,SCG,611599
17899212,189,7742,2001,8.68837494081436e-09,1.4456444689462649e-08,0.45280200000000004,2.469852,SCG,611610
17905738,189,7743,2001,5.376483143243291e-09,9.661272013797885e-10,0.45280200000000004,2.469852,SCG,611691
17912264,189,7744,2001,2.9788540918769894e-10,4.3680218224440856e-08,0.45280200000000004,2.469852,SCG,611692
17918790,189,7745,2001,3.7019004665685968e-09,9.378891095933194e-09,0.45280200000000004,2.469852,SCG,611693
17925316,189,7746,2001,3.7940237263784244e-10,2.6965389058065043e-09,0.45280200000000004,2.469852,SCG,611699
17931842,189,7747,2001,2.9159132989082357e-08,1.3855888089496893e-08,0.45280200000000004,2.469852,SCG,611710
17938368,189,7748,2001,8.154726715402827e-10,1.3867156811571307e-09,0.45280200000000004,2.469852,SCG,611720
17944894,189,7749,2001,7.968661973550083e-09,3.954062002710516e-08,0.45280200000000004,2.469852,SCG,611780
17951420,189,7750,2001,9.008382053837973e-09,1.8340010892607648e-07,0.45280200000000004,2.469852,SCG,611790
17957946,189,7751,2001,1.2726528336059216e-06,1.3354860820088377e-07,0.45280200000000004,2.469852,SCG,620111
17964472,189,7752,2001,1.6492366587454376e-07,4.503147057436381e-08,0.45280200000000004,2.469852,SCG,620112
17970998,189,7753,2001,4.793730796056808e-07,1.5987300583271604e-07,0.45280200000000004,2.469852,SCG,620113
17977524,189,7754,2001,1.4587415153847345e-07,1.928343493333752e-08,0.45280200000000004,2.469852,SCG,620119
17984050,189,7755,2001,1.4371773997003025e-07,1.4243333269055374e-08,0.45280200000000004,2.469852,SCG,620191
17990576,189,7756,2001,1.739317448913429e-07,3.417173682465192e-08,0.45280200000000004,2.469852,SCG,620192
17997102,189,7757,2001,5.091613174874119e-07,1.9485012485268628e-07,0.45280200000000004,2.469852,SCG,620193
18003628,189,7758,2001,3.514472058041036e-08,1.339721795776808e-07,0.45280200000000004,2.469852,SCG,620199
18010154,189,7759,2001,2.3634367761989906e-06,2.3122721687390118e-07,0.45280200000000004,2.469852,SCG,620211
18016680,189,7760,2001,2.4967524667735203e-08,3.8731260635760584e-08,0.45280200000000004,2.469852,SCG,620212
18023206,189,7761,2001,3.1879920738676287e-07,4.048420978433612e-08,0.45280200000000004,2.469852,SCG,620213
18029732,189,7762,2001,1.0723874730757162e-07,3.9058716441922924e-08,0.45280200000000004,2.469852,SCG,620219
18036258,189,7763,2001,4.944625059180839e-08,8.836003838348255e-10,0.45280200000000004,2.469852,SCG,620291
18042784,189,7764,2001,3.015157929130994e-08,2.694981170696218e-08,0.45280200000000004,2.469852,SCG,620292
18049310,189,7765,2001,3.231183943014651e-07,6.560815708224128e-08,0.45280200000000004,2.469852,SCG,620293
18055836,189,7766,2001,1.070023784172701e-08,1.1393340883235545e-08,0.45280200000000004,2.469852,SCG,620299
18062362,189,7767,2001,1.6653755023233718e-06,3.803929481379121e-07,0.45280200000000004,2.469852,SCG,620311
18068888,189,7768,2001,8.542335331052677e-07,9.443454244759534e-08,0.45280200000000004,2.469852,SCG,620312
18075414,189,7769,2001,2.971426654054822e-07,1.3003574981068671e-07,0.45280200000000004,2.469852,SCG,620319
18081940,189,7770,2001,3.722446377802499e-08,1.233484261255272e-07,0.45280200000000004,2.469852,SCG,620321
18088466,189,7771,2001,3.769386815120072e-08,9.229613671747445e-08,0.45280200000000004,2.469852,SCG,620322
18094992,189,7772,2001,1.358299888858526e-07,9.601912363105907e-08,0.45280200000000004,2.469852,SCG,620323
18101518,189,7773,2001,1.710492565778196e-08,1.9989055794997062e-08,0.45280200000000004,2.469852,SCG,620329
18108044,189,7774,2001,8.482906737364173e-07,8.691532192694241e-08,0.45280200000000004,2.469852,SCG,620331
18114570,189,7775,2001,3.260263377262516e-07,1.686649290817732e-07,0.45280200000000004,2.469852,SCG,620332
18121096,189,7776,2001,5.46501238377238e-07,3.32182040773553e-07,0.45280200000000004,2.469852,SCG,620333
18127622,189,7777,2001,2.6997509183570967e-07,1.8901856117917775e-07,0.45280200000000004,2.469852,SCG,620339
18134148,189,7778,2001,4.019534799578027e-07,7.719836916877685e-08,0.45280200000000004,2.469852,SCG,620341
18140674,189,7779,2001,2.337883177898123e-06,8.807537057790276e-07,0.45280200000000004,2.469852,SCG,620342
18147200,189,7780,2001,8.001156635225767e-07,2.3975101082418775e-07,0.45280200000000004,2.469852,SCG,620343
18153726,189,7781,2001,1.2427306533530198e-07,6.507620711372855e-08,0.45280200000000004,2.469852,SCG,620349
18160252,189,7782,2001,5.933101576199512e-08,3.0761954098135536e-08,0.45280200000000004,2.469852,SCG,620411
18166778,189,7783,2001,1.9914382044942852e-08,2.6372123984147437e-08,0.45280200000000004,2.469852,SCG,620412
18173304,189,7784,2001,5.02718447004462e-07,2.148050430484579e-08,0.45280200000000004,2.469852,SCG,620413
18179830,189,7785,2001,3.580594739917695e-08,1.0555842830005155e-07,0.45280200000000004,2.469852,SCG,620419
18186356,189,7786,2001,7.005640567794653e-08,3.478654504371179e-08,0.45280200000000004,2.469852,SCG,620421
18192882,189,7787,2001,5.401423091540491e-08,3.1603462490692404e-08,0.45280200000000004,2.469852,SCG,620422
18199408,189,7788,2001,3.3876207535792146e-07,1.2246681433970552e-07,0.45280200000000004,2.469852,SCG,620423
18205934,189,7789,2001,1.7092743568820267e-07,6.281109454687096e-07,0.45280200000000004,2.469852,SCG,620429
18212460,189,7790,2001,7.787042785057241e-07,1.0999101327132198e-07,0.45280200000000004,2.469852,SCG,620431
18218986,189,7791,2001,1.5466161959099115e-07,2.8615593975962117e-08,0.45280200000000004,2.469852,SCG,620432
18225512,189,7792,2001,6.496423188455054e-07,1.218646005747288e-07,0.45280200000000004,2.469852,SCG,620433
18232038,189,7793,2001,3.6940912020774807e-07,9.861092970817397e-08,0.45280200000000004,2.469852,SCG,620439
18238564,189,7794,2001,1.839859077662457e-08,1.967750877293977e-08,0.45280200000000004,2.469852,SCG,620441
18245090,189,7795,2001,1.1187309274267588e-07,8.717350823564734e-08,0.45280200000000004,2.469852,SCG,620442
18251616,189,7796,2001,9.455634419473908e-08,5.537980320169868e-08,0.45280200000000004,2.469852,SCG,620443
18258142,189,7797,2001,4.6593762945131067e-07,7.000130152625125e-08,0.45280200000000004,2.469852,SCG,620444
18264668,189,7798,2001,1.757142087538475e-07,3.484255722108166e-08,0.45280200000000004,2.469852,SCG,620449
18271194,189,7799,2001,1.2077541183291701e-07,2.109769918731795e-08,0.45280200000000004,2.469852,SCG,620451
18277720,189,7800,2001,1.2259636139935534e-07,3.313866015683003e-08,0.45280200000000004,2.469852,SCG,620452
18284246,189,7801,2001,6.327643679298206e-07,4.7999121675960595e-08,0.45280200000000004,2.469852,SCG,620453
18290772,189,7802,2001,5.537801880503698e-07,4.724975165801215e-08,0.45280200000000004,2.469852,SCG,620459
18297298,189,7803,2001,8.127726115241459e-08,5.18795392655848e-08,0.45280200000000004,2.469852,SCG,620461
18303824,189,7804,2001,4.65933083895728e-07,2.22377292849461e-07,0.45280200000000004,2.469852,SCG,620462
18310350,189,7805,2001,7.133340375965249e-07,1.1041591038012777e-07,0.45280200000000004,2.469852,SCG,620463
18316876,189,7806,2001,3.824303187300128e-07,4.622330365023404e-08,0.45280200000000004,2.469852,SCG,620469
18323402,189,7807,2001,5.594063737136239e-09,4.968180702807215e-10,0.45280200000000004,2.469852,SCG,620510
18329928,189,7808,2001,2.178193870795603e-06,3.5687247370459543e-07,0.45280200000000004,2.469852,SCG,620520
18336454,189,7809,2001,4.46483863705417e-07,1.3297224621007778e-07,0.45280200000000004,2.469852,SCG,620530
18342980,189,7810,2001,3.978446007480611e-07,7.4267507130423e-08,0.45280200000000004,2.469852,SCG,620590
18349506,189,7811,2001,7.79865819475629e-09,9.38684548798572e-09,0.45280200000000004,2.469852,SCG,620610
18356032,189,7812,2001,1.178632258895866e-08,1.890162411481624e-09,0.45280200000000004,2.469852,SCG,620620
18362558,189,7813,2001,2.7086208124841815e-07,1.8627794168408016e-07,0.45280200000000004,2.469852,SCG,620630
18369084,189,7814,2001,1.0911857697065815e-06,1.0856883425893066e-07,0.45280200000000004,2.469852,SCG,620640
18375610,189,7815,2001,1.426971112231898e-07,6.324338261162557e-08,0.45280200000000004,2.469852,SCG,620690
18382136,189,7816,2001,2.7577582683334033e-08,4.040267726579773e-08,0.45280200000000004,2.469852,SCG,620711
18388662,189,7817,2001,1.2576643186274549e-08,2.318904143112806e-08,0.45280200000000004,2.469852,SCG,620719
18395188,189,7818,2001,3.485471413423272e-08,5.383830830851947e-08,0.45280200000000004,2.469852,SCG,620721
18401714,189,7819,2001,3.5688672065142734e-09,7.400898938871588e-09,0.45280200000000004,2.469852,SCG,620722
18408240,189,7820,2001,0.0,1.4648344397729851e-08,0.45280200000000004,2.469852,SCG,620729
18414766,189,7821,2001,3.593261688141547e-08,1.5188513904696844e-07,0.45280200000000004,2.469852,SCG,620791
18421292,189,7822,2001,4.4259165597845174e-08,2.1225002603458594e-07,0.45280200000000004,2.469852,SCG,620792
18427818,189,7823,2001,5.212297675595381e-08,4.8334531874175465e-08,0.45280200000000004,2.469852,SCG,620799
18434344,189,7824,2001,3.63780813285222e-08,8.146291760793766e-09,0.45280200000000004,2.469852,SCG,620811
18440870,189,7825,2001,9.272933388752379e-09,2.886416872760357e-07,0.45280200000000004,2.469852,SCG,620819
18447396,189,7826,2001,2.927307491568925e-08,7.073774565711433e-09,0.45280200000000004,2.469852,SCG,620821
18453922,189,7827,2001,2.6803626086115943e-08,1.4728219751257306e-08,0.45280200000000004,2.469852,SCG,620822
18460448,189,7828,2001,5.37011936542748e-09,1.4477656401602719e-08,0.45280200000000004,2.469852,SCG,620829
18466974,189,7829,2001,5.304026987254706e-08,1.3610992244179732e-07,0.45280200000000004,2.469852,SCG,620891
18473500,189,7830,2001,1.868356680795734e-07,1.1238926247515873e-07,0.45280200000000004,2.469852,SCG,620892
18480026,189,7831,2001,1.6384606616439988e-08,1.9279954886814536e-07,0.45280200000000004,2.469852,SCG,620899
18486552,189,7832,2001,0.0,1.3890357121724508e-09,0.45280200000000004,2.469852,SCG,620910
18493078,189,7833,2001,6.466174031237234e-08,1.0453164885927124e-07,0.45280200000000004,2.469852,SCG,620920
18499604,189,7834,2001,4.023725801825297e-09,9.169756871552182e-09,0.45280200000000004,2.469852,SCG,620930
18506130,189,7835,2001,1.8956178928105106e-08,4.020083456746486e-08,0.45280200000000004,2.469852,SCG,620990
18512656,189,7836,2001,1.7848881588154088e-09,6.05163518696177e-08,0.45280200000000004,2.469852,SCG,621010
18519182,189,7837,2001,6.33892877862491e-09,6.4503490885946644e-09,0.45280200000000004,2.469852,SCG,621020
18525708,189,7838,2001,1.5003666830409118e-08,6.181888356821893e-09,0.45280200000000004,2.469852,SCG,621030
18532234,189,7839,2001,1.7362722297100442e-06,2.7140153680119096e-07,0.45280200000000004,2.469852,SCG,621040
18538760,189,7840,2001,2.66550773296726e-07,1.1466252829387016e-06,0.45280200000000004,2.469852,SCG,621050
18545286,189,7841,2001,6.6610571509204585e-09,1.512461362187488e-08,0.45280200000000004,2.469852,SCG,621111
18551812,189,7842,2001,1.3023016744497826e-08,5.701177930447538e-08,0.45280200000000004,2.469852,SCG,621112
18558338,189,7843,2001,0.0,2.8832019726391278e-08,0.45280200000000004,2.469852,SCG,621120
18564864,189,7844,2001,3.011824521703665e-08,5.358608779385394e-09,0.45280200000000004,2.469852,SCG,621131
18571390,189,7845,2001,1.477551024386037e-07,1.3270610550932034e-07,0.45280200000000004,2.469852,SCG,621132
18577916,189,7846,2001,2.5165862409661295e-07,2.8937978857190975e-07,0.45280200000000004,2.469852,SCG,621133
18584442,189,7847,2001,2.6504225491734005e-08,1.1045800237140573e-07,0.45280200000000004,2.469852,SCG,621139
18590968,189,7848,2001,9.400208945068587e-09,2.179171989390089e-09,0.45280200000000004,2.469852,SCG,621141
18597494,189,7849,2001,7.991935218133618e-08,3.849726893621543e-08,0.45280200000000004,2.469852,SCG,621142
18604020,189,7850,2001,2.7585885898198475e-07,1.2312205738503238e-07,0.45280200000000004,2.469852,SCG,621143
18610546,189,7851,2001,2.6341494601872564e-08,1.376318627878474e-07,0.45280200000000004,2.469852,SCG,621149
18617072,189,7852,2001,1.852818456628797e-06,1.3957664535808971e-06,0.45280200000000004,2.469852,SCG,621210
18623598,189,7853,2001,2.8242142909527956e-08,8.683610943941934e-08,0.45280200000000004,2.469852,SCG,621220
18630124,189,7854,2001,3.9396027198410595e-08,2.108311613522165e-08,0.45280200000000004,2.469852,SCG,621230
18636650,189,7855,2001,7.967480129098575e-08,2.636708620251417e-07,0.45280200000000004,2.469852,SCG,621290
18643176,189,7856,2001,2.815608039049509e-08,0.0,0.45280200000000004,2.469852,SCG,621310
18649702,189,7857,2001,5.6533983893427e-08,3.729615573628392e-09,0.45280200000000004,2.469852,SCG,621320
18656228,189,7858,2001,1.6078175562756772e-07,8.265939074583852e-10,0.45280200000000004,2.469852,SCG,621390
18662754,189,7859,2001,4.614344990540277e-08,1.0394733247641273e-08,0.45280200000000004,2.469852,SCG,621410
18669280,189,7860,2001,0.0,2.7809217481637238e-08,0.45280200000000004,2.469852,SCG,621420
18675806,189,7861,2001,1.235371701901632e-06,2.0249562134717307e-08,0.45280200000000004,2.469852,SCG,621430
18682332,189,7862,2001,2.2118673465524056e-08,2.732333670042874e-09,0.45280200000000004,2.469852,SCG,621440
18688858,189,7863,2001,2.629297837195298e-07,1.4800140712732234e-08,0.45280200000000004,2.469852,SCG,621490
18695384,189,7864,2001,2.5157983446651246e-07,3.255076429754788e-07,0.45280200000000004,2.469852,SCG,621510
18701910,189,7865,2001,4.414340544900519e-09,7.430065043064186e-09,0.45280200000000004,2.469852,SCG,621520
18708436,189,7866,2001,2.4555091257862915e-09,1.5740416139941312e-08,0.45280200000000004,2.469852,SCG,621590
18714962,189,7867,2001,3.726113125972561e-08,7.072879696605525e-08,0.45280200000000004,2.469852,SCG,621600
18721488,189,7868,2001,3.27007268621003e-09,2.740536636847042e-07,0.45280200000000004,2.469852,SCG,621710
18728014,189,7869,2001,3.6480204810614017e-08,1.0926119780050267e-06,0.45280200000000004,2.469852,SCG,621790
18734540,189,7870,2001,0.0,0.0,0.45280200000000004,2.469852,SCG,630110
18741066,189,7871,2001,1.6821282989420125e-08,5.730940614044075e-08,0.45280200000000004,2.469852,SCG,630120
18747592,189,7872,2001,1.5376099351153454e-09,1.7340906107510093e-08,0.45280200000000004,2.469852,SCG,630130
18754118,189,7873,2001,7.065005523704998e-08,2.1692820286047813e-07,0.45280200000000004,2.469852,SCG,630140
18760644,189,7874,2001,1.3784548823123143e-08,2.1823769465212532e-07,0.45280200000000004,2.469852,SCG,630190
18767170,189,7875,2001,1.4602597309493635e-07,7.456811686340806e-08,0.45280200000000004,2.469852,SCG,630210
18773696,189,7876,2001,3.705779340665852e-08,9.17303805827385e-08,0.45280200000000004,2.469852,SCG,630221
18780222,189,7877,2001,8.842620793588052e-10,1.5839514607595704e-08,0.45280200000000004,2.469852,SCG,630222
18786748,189,7878,2001,9.046564720732835e-09,6.443720428550892e-09,0.45280200000000004,2.469852,SCG,630229
18793274,189,7879,2001,1.1951568686242538e-07,2.882466191374269e-07,0.45280200000000004,2.469852,SCG,630231
18799800,189,7880,2001,0.0,8.930462243972008e-09,0.45280200000000004,2.469852,SCG,630232
18806326,189,7881,2001,4.078575505856806e-09,1.2762822048278869e-08,0.45280200000000004,2.469852,SCG,630239
18812852,189,7882,2001,2.2967177174298784e-09,7.148015558201682e-09,0.45280200000000004,2.469852,SCG,630240
18819378,189,7883,2001,2.391204666142721e-08,2.7362114361684806e-08,0.45280200000000004,2.469852,SCG,630251
18825904,189,7884,2001,0.0,0.0,0.45280200000000004,2.469852,SCG,630252
18832430,189,7885,2001,3.8516007637595665e-10,3.9102465598211825e-08,0.45280200000000004,2.469852,SCG,630253
18838956,189,7886,2001,0.0,1.2438017706134033e-08,0.45280200000000004,2.469852,SCG,630259
18845482,189,7887,2001,4.616375338700559e-08,3.3802851893216e-07,0.45280200000000004,2.469852,SCG,630260
18852008,189,7888,2001,9.726094976645853e-08,6.331828647012019e-08,0.45280200000000004,2.469852,SCG,630291
18858534,189,7889,2001,0.0,0.0,0.45280200000000004,2.469852,SCG,630292
18865060,189,7890,2001,0.0,7.648147958504289e-09,0.45280200000000004,2.469852,SCG,630293
18871586,189,7891,2001,2.811880683471677e-09,5.0548172895793165e-08,0.45280200000000004,2.469852,SCG,630299
18878112,189,7892,2001,1.0124467467915587e-09,2.157297411245641e-09,0.45280200000000004,2.469852,SCG,630311
18884638,189,7893,2001,0.0,2.0204487246419655e-08,0.45280200000000004,2.469852,SCG,630312
18891164,189,7894,2001,1.052144598880662e-09,1.4583052096298697e-08,0.45280200000000004,2.469852,SCG,630319
18897690,189,7895,2001,5.375877069165595e-10,1.9031545851674177e-08,0.45280200000000004,2.469852,SCG,630391
18904216,189,7896,2001,6.668027002813965e-09,3.7519541579759037e-08,0.45280200000000004,2.469852,SCG,630392
18910742,189,7897,2001,0.0,3.757025082909389e-08,0.45280200000000004,2.469852,SCG,630399
18917268,189,7898,2001,0.0,3.2016428011419412e-09,0.45280200000000004,2.469852,SCG,630411
18923794,189,7899,2001,2.7703343054456003e-08,1.1598100191987667e-07,0.45280200000000004,2.469852,SCG,630419
18930320,189,7900,2001,0.0,1.6220331127110413e-09,0.45280200000000004,2.469852,SCG,630491
18936846,189,7901,2001,3.454016168790837e-09,3.123159466223679e-08,0.45280200000000004,2.469852,SCG,630492
18943372,189,7902,2001,1.0630539322791943e-09,4.896094024831193e-08,0.45280200000000004,2.469852,SCG,630493
18949898,189,7903,2001,1.645188083906427e-09,2.0734117183917048e-08,0.45280200000000004,2.469852,SCG,630499
18956424,189,7904,2001,7.545016193240415e-09,5.598897705972134e-09,0.45280200000000004,2.469852,SCG,630510
18962950,189,7905,2001,1.9967110489702425e-08,1.2152985324251832e-08,0.45280200000000004,2.469852,SCG,630520
18969476,189,7906,2001,5.676074650959705e-07,2.1487762687593723e-07,0.45280200000000004,2.469852,SCG,630531
18976002,189,7907,2001,1.3926764105454566e-07,7.91026506261517e-07,0.45280200000000004,2.469852,SCG,630539
18982528,189,7908,2001,6.790150929469756e-09,1.1347934561935707e-08,0.45280200000000004,2.469852,SCG,630590
18989054,189,7909,2001,3.6061407622925917e-10,4.988663262342471e-08,0.45280200000000004,2.469852,SCG,630611
18995580,189,7910,2001,3.57583705840778e-10,5.942129723038655e-08,0.45280200000000004,2.469852,SCG,630612
19002106,189,7911,2001,0.0,1.8651723631166033e-08,0.45280200000000004,2.469852,SCG,630619
19008632,189,7912,2001,0.0,0.0,0.45280200000000004,2.469852,SCG,630621
19015158,189,7913,2001,1.2679069705405213e-09,7.33832438805838e-08,0.45280200000000004,2.469852,SCG,630622
19021684,189,7914,2001,4.218275580765788e-10,7.65477661854806e-09,0.45280200000000004,2.469852,SCG,630629
19028210,189,7915,2001,0.0,4.2622284081454826e-10,0.45280200000000004,2.469852,SCG,630631
19034736,189,7916,2001,0.0,0.0,0.45280200000000004,2.469852,SCG,630639
19041262,189,7917,2001,0.0,0.0,0.45280200000000004,2.469852,SCG,630641
19047788,189,7918,2001,2.7668796832027317e-08,3.1887169140565853e-09,0.45280200000000004,2.469852,SCG,630649
19054314,189,7919,2001,0.0,5.757654114020476e-09,0.45280200000000004,2.469852,SCG,630691
19060840,189,7920,2001,1.6960680027290256e-08,4.117060753186873e-09,0.45280200000000004,2.469852,SCG,630699
19067366,189,7921,2001,4.5655863309896144e-08,1.0229049889847189e-07,0.45280200000000004,2.469852,SCG,630710
19073892,189,7922,2001,0.0,2.0505759845409098e-09,0.45280200000000004,2.469852,SCG,630720
19080418,189,7923,2001,2.0201176298508712e-07,2.081869888607558e-07,0.45280200000000004,2.469852,SCG,630790
19086944,189,7924,2001,2.933398536049772e-09,1.3985478393352639e-08,0.45280200000000004,2.469852,SCG,630800
19093470,189,7925,2001,8.558796303002906e-08,2.034660571775813e-07,0.45280200000000004,2.469852,SCG,630900
19099996,189,7926,2001,1.0927515620863096e-08,6.505035533955785e-09,0.45280200000000004,2.469852,SCG,631010
19106522,189,7927,2001,1.909739418820833e-09,1.9197593785770668e-08,0.45280200000000004,2.469852,SCG,631090
19113048,189,7928,2001,1.7711302772517043e-08,2.286556282099198e-09,0.45280200000000004,2.469852,SCG,640110
19119574,189,7929,2001,2.7136966828848873e-08,4.3649726388239504e-09,0.45280200000000004,2.469852,SCG,640191
19126100,189,7930,2001,8.641398139052126e-07,4.4330821207737094e-08,0.45280200000000004,2.469852,SCG,640192
19132626,189,7931,2001,4.0321199278013897e-08,1.4008048980801683e-07,0.45280200000000004,2.469852,SCG,640199
19139152,189,7932,2001,5.633458552186494e-10,2.704493297859031e-08,0.45280200000000004,2.469852,SCG,640211
19145678,189,7933,2001,1.4853421066548223e-07,7.993968467317903e-07,0.45280200000000004,2.469852,SCG,640219
19152204,189,7934,2001,2.6475436973043432e-08,7.804252902535122e-08,0.45280200000000004,2.469852,SCG,640220
19158730,189,7935,2001,1.2255726962134394e-08,3.6384714980265247e-09,0.45280200000000004,2.469852,SCG,640230
19165256,189,7936,2001,2.233989050388318e-08,8.609038518449498e-08,0.45280200000000004,2.469852,SCG,640291
19171782,189,7937,2001,2.1650784277542563e-07,1.0361205485139873e-06,0.45280200000000004,2.469852,SCG,640299
19178308,189,7938,2001,0.0,2.762494073242037e-09,0.45280200000000004,2.469852,SCG,640311
19184834,189,7939,2001,6.362535363951178e-08,6.950551089827732e-07,0.45280200000000004,2.469852,SCG,640319
19191360,189,7940,2001,9.993888807875933e-08,5.4903202544551463e-08,0.45280200000000004,2.469852,SCG,640320
19197886,189,7941,2001,9.328086129822735e-09,1.0060648781435157e-08,0.45280200000000004,2.469852,SCG,640330
19204412,189,7942,2001,0.0,2.132638795882809e-08,0.45280200000000004,2.469852,SCG,640340
19210938,189,7943,2001,1.6967246839922096e-06,1.86159951535301e-07,0.45280200000000004,2.469852,SCG,640351
19217464,189,7944,2001,2.0455239521508585e-06,1.5228435009810461e-06,0.45280200000000004,2.469852,SCG,640359
19223990,189,7945,2001,2.237752770410812e-06,1.9876468004153593e-06,0.45280200000000004,2.469852,SCG,640391
19230516,189,7946,2001,4.259950749533375e-06,2.047342524171558e-06,0.45280200000000004,2.469852,SCG,640399
19237042,189,7947,2001,1.8212829071810676e-08,5.101920547850361e-07,0.45280200000000004,2.469852,SCG,640411
19243568,189,7948,2001,1.1926598434241455e-07,3.1660767256770816e-07,0.45280200000000004,2.469852,SCG,640419
19250094,189,7949,2001,5.1418415640631937e-08,5.753014051989836e-08,0.45280200000000004,2.469852,SCG,640420
19256620,189,7950,2001,1.2249484399134123e-07,6.237758018000826e-07,0.45280200000000004,2.469852,SCG,640510
19263146,189,7951,2001,7.786718535425673e-08,1.5708499141830547e-07,0.45280200000000004,2.469852,SCG,640520
19269672,189,7952,2001,1.1597591121164053e-07,5.013915142779221e-07,0.45280200000000004,2.469852,SCG,640590
19276198,189,7953,2001,6.421308488524654e-06,7.228010227609924e-07,0.45280200000000004,2.469852,SCG,640610
19282724,189,7954,2001,2.4308510019352204e-07,1.7701525099871428e-06,0.45280200000000004,2.469852,SCG,640620
19289250,189,7955,2001,2.23853460597104e-09,2.0615795602135716e-08,0.45280200000000004,2.469852,SCG,640691
19295776,189,7956,2001,4.0803543332748443e-07,6.043246617676377e-06,0.45280200000000004,2.469852,SCG,640699
19302302,189,7957,2001,3.928238830884255e-08,0.0,0.45280200000000004,2.469852,SCG,650100
19308828,189,7958,2001,6.1489245552671405e-09,6.501058337929521e-09,0.45280200000000004,2.469852,SCG,650200
19315354,189,7959,2001,1.220575615442834e-07,9.0849100229919e-09,0.45280200000000004,2.469852,SCG,650300
19321880,189,7960,2001,9.37263257453341e-09,8.367689006255755e-09,0.45280200000000004,2.469852,SCG,650400
19328406,189,7961,2001,0.0,0.0,0.45280200000000004,2.469852,SCG,650510
19334932,189,7962,2001,4.17294123975411e-08,6.639133326641295e-08,0.45280200000000004,2.469852,SCG,650590
19341458,189,7963,2001,1.7464327585855826e-07,4.0385442749683916e-08,0.45280200000000004,2.469852,SCG,650610
19347984,189,7964,2001,7.736535601792425e-10,7.093329112840561e-09,0.45280200000000004,2.469852,SCG,650691
19354510,189,7965,2001,0.0,0.0,0.45280200000000004,2.469852,SCG,650692
19361036,189,7966,2001,7.691686120042905e-09,4.953829653812448e-08,0.45280200000000004,2.469852,SCG,650699
19367562,189,7967,2001,0.0,1.0377167298525277e-09,0.45280200000000004,2.469852,SCG,650700
19374088,189,7968,2001,3.181888907905228e-10,1.2471625012555958e-07,0.45280200000000004,2.469852,SCG,660110
19380614,189,7969,2001,0.0,4.909947924322677e-08,0.45280200000000004,2.469852,SCG,660191
19387140,189,7970,2001,7.133491894484673e-10,5.1357200854135556e-08,0.45280200000000004,2.469852,SCG,660199
19393666,189,7971,2001,0.0,0.0,0.45280200000000004,2.469852,SCG,660200
19400192,189,7972,2001,0.0,0.0,0.45280200000000004,2.469852,SCG,660310
19406718,189,7973,2001,0.0,0.0,0.45280200000000004,2.469852,SCG,660320
19413244,189,7974,2001,6.115287443955e-10,3.7173525525474133e-09,0.45280200000000004,2.469852,SCG,660390
19419770,189,7975,2001,1.075781487910815e-08,6.164653840708085e-10,0.45280200000000004,2.469852,SCG,670100
19426296,189,7976,2001,4.2455489142621185e-10,7.845317451506291e-08,0.45280200000000004,2.469852,SCG,670210
19432822,189,7977,2001,0.0,2.3126400593714413e-08,0.45280200000000004,2.469852,SCG,670290
19439348,189,7978,2001,0.0,0.0,0.45280200000000004,2.469852,SCG,670300
19445874,189,7979,2001,3.1061296481931987e-10,2.330968304392471e-09,0.45280200000000004,2.469852,SCG,670411
19452400,189,7980,2001,0.0,1.1139463203559073e-09,0.45280200000000004,2.469852,SCG,670419
19458926,189,7981,2001,0.0,1.4944314068684278e-09,0.45280200000000004,2.469852,SCG,670420
19465452,189,7982,2001,3.2606785380057384e-10,3.226168843303898e-09,0.45280200000000004,2.469852,SCG,670490
19471978,189,7983,2001,8.9153496829116e-09,1.1723116720413209e-08,0.45280200000000004,2.469852,SCG,680100
19478504,189,7984,2001,1.9970140860090906e-10,1.967717733993758e-09,0.45280200000000004,2.469852,SCG,680210
19485030,189,7985,2001,3.9746641052357866e-08,2.025290960803941e-07,0.45280200000000004,2.469852,SCG,680221
19491556,189,7986,2001,1.7757970476499653e-09,1.2163922613324056e-08,0.45280200000000004,2.469852,SCG,680222
19498082,189,7987,2001,1.116358147412578e-07,6.793279501629193e-07,0.45280200000000004,2.469852,SCG,680223
19504608,189,7988,2001,3.3021946123279305e-09,6.567013505365054e-09,0.45280200000000004,2.469852,SCG,680229
19511134,189,7989,2001,4.491827115733983e-08,5.674669918932493e-07,0.45280200000000004,2.469852,SCG,680291
19517660,189,7990,2001,0.0,3.4180022649706636e-08,0.45280200000000004,2.469852,SCG,680292
19524186,189,7991,2001,7.908842462081464e-08,3.630086243071153e-07,0.45280200000000004,2.469852,SCG,680293
19530712,189,7992,2001,1.1054488140140457e-08,3.640526382640094e-08,0.45280200000000004,2.469852,SCG,680299
19537238,189,7993,2001,0.0,1.2131110746107383e-08,0.45280200000000004,2.469852,SCG,680300
19543764,189,7994,2001,7.3674364884754195e-09,1.9918791998533076e-08,0.45280200000000004,2.469852,SCG,680410
19550290,189,7995,2001,2.2442923097091543e-09,1.0338820500172055e-07,0.45280200000000004,2.469852,SCG,680421
19556816,189,7996,2001,2.1152197437525756e-07,4.636813987219046e-07,0.45280200000000004,2.469852,SCG,680422
19563342,189,7997,2001,1.1669653329002135e-08,4.165317398305534e-08,0.45280200000000004,2.469852,SCG,680423
19569868,189,7998,2001,5.844675368263631e-09,3.7235503496883404e-08,0.45280200000000004,2.469852,SCG,680430
19576394,189,7999,2001,6.259533074446704e-09,1.2008977684800883e-07,0.45280200000000004,2.469852,SCG,680510
19582920,189,8000,2001,1.2026327923726369e-08,3.2881401860531236e-07,0.45280200000000004,2.469852,SCG,680520
19589446,189,8001,2001,7.284404339831035e-09,2.3467776585968677e-07,0.45280200000000004,2.469852,SCG,680530
19595972,189,8002,2001,9.889916799847144e-08,1.5586631226925798e-07,0.45280200000000004,2.469852,SCG,680610
19602498,189,8003,2001,7.961389084617729e-09,4.789869747629745e-09,0.45280200000000004,2.469852,SCG,680620
19609024,189,8004,2001,1.3901824157157364e-08,2.403552131871776e-07,0.45280200000000004,2.469852,SCG,680690
19615550,189,8005,2001,2.2467711526869316e-07,9.513873814734548e-07,0.45280200000000004,2.469852,SCG,680710
19622076,189,8006,2001,2.552784015256537e-08,1.0327061257254403e-06,0.45280200000000004,2.469852,SCG,680790
19628602,189,8007,2001,4.3931279521811515e-09,2.192296736276758e-08,0.45280200000000004,2.469852,SCG,680800
19635128,189,8008,2001,0.0,8.898134268938532e-07,0.45280200000000004,2.469852,SCG,680911
19641654,189,8009,2001,0.0,2.743304102415317e-08,0.45280200000000004,2.469852,SCG,680919
19648180,189,8010,2001,3.6543236514694423e-09,1.1140788935567828e-08,0.45280200000000004,2.469852,SCG,680990
19654706,189,8011,2001,2.534386636628068e-07,4.759709344430581e-08,0.45280200000000004,2.469852,SCG,681011
19661232,189,8012,2001,1.7850821025202716e-07,1.277001414442636e-07,0.45280200000000004,2.469852,SCG,681019
19667758,189,8013,2001,0.0,0.0,0.45280200000000004,2.469852,SCG,681020
19674284,189,8014,2001,2.6624834233195554e-08,4.355327938460262e-08,0.45280200000000004,2.469852,SCG,681091
19680810,189,8015,2001,2.2806506936301512e-07,1.1570292963104043e-07,0.45280200000000004,2.469852,SCG,681099
19687336,189,8016,2001,3.4015907610701125e-09,4.504794279457258e-07,0.45280200000000004,2.469852,SCG,681110
19693862,189,8017,2001,2.4091444588425297e-09,7.889729473799564e-08,0.45280200000000004,2.469852,SCG,681120
19700388,189,8018,2001,0.0,2.8204948486250434e-10,0.45280200000000004,2.469852,SCG,681130
19706914,189,8019,2001,1.6085206022058048e-09,3.596048073746383e-09,0.45280200000000004,2.469852,SCG,681190
19713440,189,8020,2001,9.274751610985467e-09,0.0,0.45280200000000004,2.469852,SCG,681210
19719966,189,8021,2001,2.038802893666246e-08,0.0,0.45280200000000004,2.469852,SCG,681220
19726492,189,8022,2001,5.233055712756477e-08,2.4396783291103344e-09,0.45280200000000004,2.469852,SCG,681230
19733018,189,8023,2001,1.3755154230354876e-08,1.948494619866819e-09,0.45280200000000004,2.469852,SCG,681240
19739544,189,8024,2001,5.33163366149377e-09,7.835076171738664e-10,0.45280200000000004,2.469852,SCG,681250
19746070,189,8025,2001,3.089159574017704e-09,9.474343800563512e-09,0.45280200000000004,2.469852,SCG,681260
19752596,189,8026,2001,6.249654066980255e-08,4.663991493398512e-08,0.45280200000000004,2.469852,SCG,681270
19759122,189,8027,2001,2.1745937907740874e-09,1.8269249946640382e-08,0.45280200000000004,2.469852,SCG,681290
19765648,189,8028,2001,1.7438751259777046e-07,1.0519086910062438e-07,0.45280200000000004,2.469852,SCG,681310
19772174,189,8029,2001,3.224041360009001e-08,3.00851679076664e-08,0.45280200000000004,2.469852,SCG,681390
19778700,189,8030,2001,0.0,2.299913032087399e-08,0.45280200000000004,2.469852,SCG,681410
19785226,189,8031,2001,0.0,3.665284427903583e-08,0.45280200000000004,2.469852,SCG,681490
19791752,189,8032,2001,4.771015139624753e-09,1.2138833135058377e-07,0.45280200000000004,2.469852,SCG,681510
19798278,189,8033,2001,0.0,6.2806553914740975e-09,0.45280200000000004,2.469852,SCG,681520
19804804,189,8034,2001,7.477135896538438e-08,1.4162496759821573e-07,0.45280200000000004,2.469852,SCG,681591
19811330,189,8035,2001,7.96441945500621e-09,1.439764847487439e-07,0.45280200000000004,2.469852,SCG,681599
19817856,189,8036,2001,2.8100624612385886e-08,8.123588600143846e-08,0.45280200000000004,2.469852,SCG,690100
19824382,189,8037,2001,1.6549667861130167e-06,5.226380268832227e-07,0.45280200000000004,2.469852,SCG,690210
19830908,189,8038,2001,2.017420600205123e-07,4.2639485454268414e-07,0.45280200000000004,2.469852,SCG,690220
19837434,189,8039,2001,4.8182889176850596e-08,1.217800851591707e-07,0.45280200000000004,2.469852,SCG,690290
19843960,189,8040,2001,1.2736646742786356e-09,5.09313094463232e-09,0.45280200000000004,2.469852,SCG,690310
19850486,189,8041,2001,1.822707181263654e-08,2.0874711063445456e-07,0.45280200000000004,2.469852,SCG,690320
19857012,189,8042,2001,3.1758281671282656e-09,2.7585036198956865e-07,0.45280200000000004,2.469852,SCG,690390
19863538,189,8043,2001,1.1213270457385705e-06,1.0283222614054915e-06,0.45280200000000004,2.469852,SCG,690410
19870064,189,8044,2001,1.1136374808777995e-06,2.4054512429743166e-07,0.45280200000000004,2.469852,SCG,690490
19876590,189,8045,2001,2.451190544945667e-06,4.041626601888746e-08,0.45280200000000004,2.469852,SCG,690510
19883116,189,8046,2001,1.5973658088058054e-07,2.8799539292176794e-08,0.45280200000000004,2.469852,SCG,690590
19889642,189,8047,2001,1.3066957115130802e-09,4.888636782281949e-10,0.45280200000000004,2.469852,SCG,690600
19896168,189,8048,2001,0.0,1.0646622329304615e-08,0.45280200000000004,2.469852,SCG,690710
19902694,189,8049,2001,4.552889079061879e-08,7.517662785542634e-07,0.45280200000000004,2.469852,SCG,690790
19909220,189,8050,2001,4.1289705654172475e-08,1.17315351186688e-07,0.45280200000000004,2.469852,SCG,690810
19915746,189,8051,2001,1.1286396325230145e-06,5.0390914564914715e-06,0.45280200000000004,2.469852,SCG,690890
19922272,189,8052,2001,5.136477808475582e-10,7.426087847037922e-09,0.45280200000000004,2.469852,SCG,690911
19928798,189,8053,2001,0.0,8.557268683507638e-09,0.45280200000000004,2.469852,SCG,690919
19935324,189,8054,2001,1.96974075251276e-09,1.2602077042217393e-08,0.45280200000000004,2.469852,SCG,690990
19941850,189,8055,2001,3.8653283416193864e-08,3.385226855384232e-07,0.45280200000000004,2.469852,SCG,691010
19948376,189,8056,2001,3.2917761989323323e-07,1.120944859630122e-06,0.45280200000000004,2.469852,SCG,691090
19954902,189,8057,2001,3.505462766876082e-07,8.906015745730577e-07,0.45280200000000004,2.469852,SCG,691110
19961428,189,8058,2001,5.339512624503821e-10,5.5351962829514836e-08,0.45280200000000004,2.469852,SCG,691190
19967954,189,8059,2001,6.995307004769931e-09,2.700913821435394e-07,0.45280200000000004,2.469852,SCG,691200
19974480,189,8060,2001,4.434947063542192e-09,2.780040136377902e-07,0.45280200000000004,2.469852,SCG,691310
19981006,189,8061,2001,9.808702873435849e-09,1.0489158509964807e-07,0.45280200000000004,2.469852,SCG,691390
19987532,189,8062,2001,1.0966910435913353e-08,1.918930796071595e-08,0.45280200000000004,2.469852,SCG,691410
19994058,189,8063,2001,1.332150822776322e-09,4.507720832866584e-08,0.45280200000000004,2.469852,SCG,691490
20000584,189,8064,2001,0.0,2.8796887828159286e-08,0.45280200000000004,2.469852,SCG,700100
20007110,189,8065,2001,0.0,7.565289707957137e-09,0.45280200000000004,2.469852,SCG,700210
20013636,189,8066,2001,0.0,4.179370157598331e-10,0.45280200000000004,2.469852,SCG,700220
20020162,189,8067,2001,0.0,1.7575892106061816e-08,0.45280200000000004,2.469852,SCG,700231
20026688,189,8068,2001,0.0,2.8204948486250434e-10,0.45280200000000004,2.469852,SCG,700232
20033214,189,8069,2001,0.0,8.802595391727644e-08,0.45280200000000004,2.469852,SCG,700239
20039740,189,8070,2001,3.1679492041182144e-09,2.594092964830006e-08,0.45280200000000004,2.469852,SCG,700311
20046266,189,8071,2001,1.379239748242931e-07,2.75281622957813e-08,0.45280200000000004,2.469852,SCG,700319
20052792,189,8072,2001,5.199327690332682e-08,1.1384723625178642e-08,0.45280200000000004,2.469852,SCG,700320
20059318,189,8073,2001,3.8670253490369356e-08,2.9398107294129416e-10,0.45280200000000004,2.469852,SCG,700330
20065844,189,8074,2001,4.133425209888315e-10,2.5339710182329927e-08,0.45280200000000004,2.469852,SCG,700410
20072370,189,8075,2001,1.0492454435300021e-06,3.888842616539842e-07,0.45280200000000004,2.469852,SCG,700490
20078896,189,8076,2001,4.7691969173916646e-09,2.0942124536090618e-07,0.45280200000000004,2.469852,SCG,700510
20085422,189,8077,2001,7.245312561819628e-09,2.7942387261916617e-07,0.45280200000000004,2.469852,SCG,700521
20091948,189,8078,2001,3.189010278318159e-08,1.3481421826304119e-06,0.45280200000000004,2.469852,SCG,700529
20098474,189,8079,2001,4.742226620934182e-09,1.2769450708322641e-08,0.45280200000000004,2.469852,SCG,700530
20105000,189,8080,2001,1.7882821736505078e-08,8.46814634921912e-08,0.45280200000000004,2.469852,SCG,700600
20111526,189,8081,2001,5.1225381046885685e-08,5.7136729546300484e-08,0.45280200000000004,2.469852,SCG,700711
20118052,189,8082,2001,1.0939909835751985e-07,3.280424425762173e-08,0.45280200000000004,2.469852,SCG,700719
20124578,189,8083,2001,8.483824939591882e-09,2.3511194309255383e-07,0.45280200000000004,2.469852,SCG,700721
20131104,189,8084,2001,3.53804833966342e-08,3.5628716302273034e-08,0.45280200000000004,2.469852,SCG,700729
20137630,189,8085,2001,5.8559180424048966e-08,4.920421207191837e-08,0.45280200000000004,2.469852,SCG,700800
20144156,189,8086,2001,4.521312619613905e-10,8.244263356240718e-08,0.45280200000000004,2.469852,SCG,700910
20150682,189,8087,2001,7.289555969491453e-09,1.6404939309329468e-07,0.45280200000000004,2.469852,SCG,700991
20157208,189,8088,2001,7.246524709975021e-09,7.809025537766639e-08,0.45280200000000004,2.469852,SCG,700992
20163734,189,8089,2001,0.0,2.4791818286411944e-07,0.45280200000000004,2.469852,SCG,701010
20170260,189,8090,2001,4.728180854183572e-07,1.8627277132924602e-06,0.45280200000000004,2.469852,SCG,701090
20176786,189,8091,2001,5.7643705529688805e-09,1.3380778880859526e-07,0.45280200000000004,2.469852,SCG,701110
20183312,189,8092,2001,0.0,0.0,0.45280200000000004,2.469852,SCG,701120
20189838,189,8093,2001,0.0,4.873722297183462e-08,0.45280200000000004,2.469852,SCG,701190
20196364,189,8094,2001,3.5145811513750213e-07,9.392148416020738e-09,0.45280200000000004,2.469852,SCG,701200
20202890,189,8095,2001,7.6280483418848e-09,5.993243320636182e-07,0.45280200000000004,2.469852,SCG,701310
20209416,189,8096,2001,1.0640206204331197e-07,6.73703863548781e-08,0.45280200000000004,2.469852,SCG,701321
20215942,189,8097,2001,6.474359061656522e-07,3.967819786631365e-07,0.45280200000000004,2.469852,SCG,701329
20222468,189,8098,2001,1.513473034971093e-07,3.0492499067356195e-08,0.45280200000000004,2.469852,SCG,701331
20228994,189,8099,2001,7.466226563139905e-09,1.6667964539866346e-07,0.45280200000000004,2.469852,SCG,701332
20235520,189,8100,2001,5.910161672358709e-08,3.1014605475703907e-07,0.45280200000000004,2.469852,SCG,701339
20242046,189,8101,2001,3.64656590327493e-08,1.1359866150014496e-08,0.45280200000000004,2.469852,SCG,701391
20248572,189,8102,2001,9.207083440210683e-08,2.259561064070936e-07,0.45280200000000004,2.469852,SCG,701399
20255098,189,8103,2001,0.0,2.0623849424088899e-07,0.45280200000000004,2.469852,SCG,701400
20261624,189,8104,2001,0.0,8.889033118698433e-08,0.45280200000000004,2.469852,SCG,701510
20268150,189,8105,2001,0.0,2.3953988800179363e-08,0.45280200000000004,2.469852,SCG,701590
20274676,189,8106,2001,0.0,3.111625597747515e-08,0.45280200000000004,2.469852,SCG,701610
20281202,189,8107,2001,0.0,1.2973613437670822e-07,0.45280200000000004,2.469852,SCG,701690
20287728,189,8108,2001,3.9819066904642566e-10,3.4939667090722922e-09,0.45280200000000004,2.469852,SCG,701710
20294254,189,8109,2001,6.204380333376347e-09,1.0419822725906951e-07,0.45280200000000004,2.469852,SCG,701720
20300780,189,8110,2001,1.96413456729407e-08,2.425602369507384e-07,0.45280200000000004,2.469852,SCG,701790
20307306,189,8111,2001,5.387998550719519e-10,1.9058391924851452e-08,0.45280200000000004,2.469852,SCG,701810
20313832,189,8112,2001,2.114895494121008e-09,4.5369200803594e-08,0.45280200000000004,2.469852,SCG,701820
20320358,189,8113,2001,0.0,1.8985145231367772e-08,0.45280200000000004,2.469852,SCG,701890
20326884,189,8114,2001,4.0765148539926384e-08,3.2266394781670057e-07,0.45280200000000004,2.469852,SCG,701910
20333410,189,8115,2001,2.165593590720298e-08,1.8917035749418013e-07,0.45280200000000004,2.469852,SCG,701920
20339936,189,8116,2001,2.3223879849907023e-07,4.896607745984585e-07,0.45280200000000004,2.469852,SCG,701931
20346462,189,8117,2001,7.567804578561794e-08,8.175865527579054e-07,0.45280200000000004,2.469852,SCG,701932
20352988,189,8118,2001,3.8434763407480483e-07,1.0952418988773932e-06,0.45280200000000004,2.469852,SCG,701939
20359514,189,8119,2001,2.130198864582838e-08,1.6912296949079788e-07,0.45280200000000004,2.469852,SCG,701990
20366040,189,8120,2001,9.7762779102791e-09,7.539868796689272e-08,0.45280200000000004,2.469852,SCG,702000
20372566,189,8121,2001,0.0,0.0,0.45280200000000004,2.469852,SCG,710110
20379092,189,8122,2001,0.0,0.0,0.45280200000000004,2.469852,SCG,710121
20385618,189,8123,2001,0.0,0.0,0.45280200000000004,2.469852,SCG,710122
20392144,189,8124,2001,1.8464046777015766e-09,0.0,0.45280200000000004,2.469852,SCG,710210
20398670,189,8125,2001,0.0,6.534864504152759e-09,0.45280200000000004,2.469852,SCG,710221
20405196,189,8126,2001,0.0,5.154777483039401e-09,0.45280200000000004,2.469852,SCG,710229
20411722,189,8127,2001,0.0,0.0,0.45280200000000004,2.469852,SCG,710231
20418248,189,8128,2001,2.2658079394673705e-09,0.0,0.45280200000000004,2.469852,SCG,710239
20424774,189,8129,2001,0.0,0.0,0.45280200000000004,2.469852,SCG,710310
20431300,189,8130,2001,0.0,2.2902020451232725e-10,0.45280200000000004,2.469852,SCG,710391
20437826,189,8131,2001,0.0,6.555744783290641e-10,0.45280200000000004,2.469852,SCG,710399
20444352,189,8132,2001,9.839612651398356e-10,4.628461875563893e-09,0.45280200000000004,2.469852,SCG,710410
20450878,189,8133,2001,0.0,0.0,0.45280200000000004,2.469852,SCG,710420
20457404,189,8134,2001,0.0,6.170288201745292e-08,0.45280200000000004,2.469852,SCG,710490
20463930,189,8135,2001,0.0,1.5291987287980126e-08,0.45280200000000004,2.469852,SCG,710510
20470456,189,8136,2001,0.0,0.0,0.45280200000000004,2.469852,SCG,710590
20476982,189,8137,2001,1.0018404504318746e-09,0.0,0.45280200000000004,2.469852,SCG,710610
20483508,189,8138,2001,3.832424579941257e-07,2.8394528163502315e-08,0.45280200000000004,2.469852,SCG,710691
20490034,189,8139,2001,2.1981700723964706e-08,1.6538506809211475e-08,0.45280200000000004,2.469852,SCG,710692
20496560,189,8140,2001,5.815280775495365e-10,1.9269514747245595e-09,0.45280200000000004,2.469852,SCG,710700
20503086,189,8141,2001,2.648543719532542e-10,0.0,0.45280200000000004,2.469852,SCG,710811
20509612,189,8142,2001,1.5363371795521832e-08,2.7075093381789472e-08,0.45280200000000004,2.469852,SCG,710812
20516138,189,8143,2001,0.0,2.8675583349358254e-09,0.45280200000000004,2.469852,SCG,710813
20522664,189,8144,2001,0.0,0.0,0.45280200000000004,2.469852,SCG,710900
20529190,189,8145,2001,0.0,0.0,0.45280200000000004,2.469852,SCG,711011
20535716,189,8146,2001,1.700137790160756e-07,1.0221393787496631e-08,0.45280200000000004,2.469852,SCG,711019
20542242,189,8147,2001,2.0723369723851786e-07,0.0,0.45280200000000004,2.469852,SCG,711021
20548768,189,8148,2001,3.508290102448535e-08,1.8934767415035103e-09,0.45280200000000004,2.469852,SCG,711029
20555294,189,8149,2001,0.0,0.0,0.45280200000000004,2.469852,SCG,711031
20561820,189,8150,2001,0.0,0.0,0.45280200000000004,2.469852,SCG,711039
20568346,189,8151,2001,0.0,0.0,0.45280200000000004,2.469852,SCG,711041
20574872,189,8152,2001,4.4970696565060554e-10,0.0,0.45280200000000004,2.469852,SCG,711049
20581398,189,8153,2001,0.0,0.0,0.45280200000000004,2.469852,SCG,711100
20587924,189,8154,2001,0.0,0.0,0.45280200000000004,2.469852,SCG,711210
20594450,189,8155,2001,8.854590756622554e-08,8.726697234226453e-08,0.45280200000000004,2.469852,SCG,711220
20600976,189,8156,2001,0.0,1.3009375058606974e-07,0.45280200000000004,2.469852,SCG,711290
20607502,189,8157,2001,9.051716350393254e-09,7.42907074405762e-09,0.45280200000000004,2.469852,SCG,711311
20614028,189,8158,2001,1.467738685068135e-07,3.4848257868719305e-07,0.45280200000000004,2.469852,SCG,711319
20620554,189,8159,2001,0.0,5.800408971302806e-09,0.45280200000000004,2.469852,SCG,711320
20627080,189,8160,2001,0.0,3.2854953506956585e-09,0.45280200000000004,2.469852,SCG,711411
20633606,189,8161,2001,0.0,2.288213447110141e-09,0.45280200000000004,2.469852,SCG,711419
20640132,189,8162,2001,2.021863123194636e-09,1.3608639069864193e-08,0.45280200000000004,2.469852,SCG,711420
20646658,189,8163,2001,3.755901666891331e-08,8.05856144511444e-08,0.45280200000000004,2.469852,SCG,711510
20653184,189,8164,2001,5.066779289540516e-10,1.3896952638468063e-07,0.45280200000000004,2.469852,SCG,711590
20659710,189,8165,2001,0.0,3.165185170901194e-10,0.45280200000000004,2.469852,SCG,711610
20666236,189,8166,2001,0.0,1.5408320271748327e-09,0.45280200000000004,2.469852,SCG,711620
20672762,189,8167,2001,0.0,3.6344943020002613e-09,0.45280200000000004,2.469852,SCG,711711
20679288,189,8168,2001,1.0738420508621872e-08,1.5022001964397286e-07,0.45280200000000004,2.469852,SCG,711719
20685814,189,8169,2001,1.767312010562218e-09,2.0164383853154832e-08,0.45280200000000004,2.469852,SCG,711790
20692340,189,8170,2001,0.0,0.0,0.45280200000000004,2.469852,SCG,711810
20698866,189,8171,2001,1.0004343585716193e-07,1.1974077789670423e-07,0.45280200000000004,2.469852,SCG,720110
20705392,189,8172,2001,0.0,5.6781101934952105e-09,0.45280200000000004,2.469852,SCG,720120
20711918,189,8173,2001,0.0,1.167307033708273e-09,0.45280200000000004,2.469852,SCG,720130
20718444,189,8174,2001,0.0,0.0,0.45280200000000004,2.469852,SCG,720140
20724970,189,8175,2001,0.0,2.4718538449628043e-07,0.45280200000000004,2.469852,SCG,720211
20731496,189,8176,2001,0.0,2.8250354807550272e-08,0.45280200000000004,2.469852,SCG,720219
20738022,189,8177,2001,4.671164435324299e-08,3.343807673100722e-07,0.45280200000000004,2.469852,SCG,720221
20744548,189,8178,2001,5.269208031491057e-09,3.494729004977326e-08,0.45280200000000004,2.469852,SCG,720229
20751074,189,8179,2001,0.0,9.017927413249582e-08,0.45280200000000004,2.469852,SCG,720230
20757600,189,8180,2001,0.0,1.3762556556080582e-07,0.45280200000000004,2.469852,SCG,720241
20764126,189,8181,2001,0.0,4.671813312250163e-08,0.45280200000000004,2.469852,SCG,720249
20770652,189,8182,2001,0.0,0.0,0.45280200000000004,2.469852,SCG,720250
20777178,189,8183,2001,8.392550183490829e-08,1.6144101536607034e-09,0.45280200000000004,2.469852,SCG,720260
20783704,189,8184,2001,0.0,1.8212475473365473e-07,0.45280200000000004,2.469852,SCG,720270
20790230,189,8185,2001,0.0,2.7830429193777308e-09,0.45280200000000004,2.469852,SCG,720280
20796756,189,8186,2001,0.0,4.366961236837083e-09,0.45280200000000004,2.469852,SCG,720291
20803282,189,8187,2001,0.0,1.632406965679545e-08,0.45280200000000004,2.469852,SCG,720292
20809808,189,8188,2001,0.0,2.9964857727871936e-09,0.45280200000000004,2.469852,SCG,720293
20816334,189,8189,2001,2.7271818311136284e-08,7.486044077133842e-08,0.45280200000000004,2.469852,SCG,720299
20822860,189,8190,2001,3.485228983792193e-09,8.666310141227688e-09,0.45280200000000004,2.469852,SCG,720310
20829386,189,8191,2001,1.1712987625557416e-08,8.14993752381784e-10,0.45280200000000004,2.469852,SCG,720390
20835912,189,8192,2001,2.2799294654776925e-08,0.0,0.45280200000000004,2.469852,SCG,720410
20842438,189,8193,2001,6.247411592892779e-08,2.2056866295651778e-09,0.45280200000000004,2.469852,SCG,720421
20848964,189,8194,2001,1.0164195623708576e-07,1.2625277352370596e-08,0.45280200000000004,2.469852,SCG,720429
20855490,189,8195,2001,0.0,0.0,0.45280200000000004,2.469852,SCG,720430
20862016,189,8196,2001,1.6173995874440545e-07,3.521707651355479e-08,0.45280200000000004,2.469852,SCG,720441
20868542,189,8197,2001,4.2232120541286235e-07,1.2834676723153358e-07,0.45280200000000004,2.469852,SCG,720449
20875068,189,8198,2001,2.7717100936019705e-07,3.068274161061246e-07,0.45280200000000004,2.469852,SCG,720450
20881594,189,8199,2001,1.987135078542642e-08,2.0756588341465436e-07,0.45280200000000004,2.469852,SCG,720510
20888120,189,8200,2001,0.0,7.602410204202262e-09,0.45280200000000004,2.469852,SCG,720521
20894646,189,8201,2001,9.127475610105283e-10,4.517895826033774e-08,0.45280200000000004,2.469852,SCG,720529
20901172,189,8202,2001,2.738182075623815e-08,3.3175780653075156e-08,0.45280200000000004,2.469852,SCG,720610
20907698,189,8203,2001,1.2626117013236894e-06,3.952007118096947e-09,0.45280200000000004,2.469852,SCG,720690
20914224,189,8204,2001,7.633503008584066e-10,1.8280187235712605e-08,0.45280200000000004,2.469852,SCG,720711
20920750,189,8205,2001,1.6318544541971098e-09,7.531483541733899e-09,0.45280200000000004,2.469852,SCG,720712
20927276,189,8206,2001,1.1652713558530525e-07,2.72285468618028e-08,0.45280200000000004,2.469852,SCG,720719
20933802,189,8207,2001,2.311263495294588e-09,2.7107242383001766e-08,0.45280200000000004,2.469852,SCG,720720
20940328,189,8208,2001,0.0,0.0,0.45280200000000004,2.469852,SCG,720811
20946854,189,8209,2001,0.0,0.0,0.45280200000000004,2.469852,SCG,720812
20953380,189,8210,2001,0.0,0.0,0.45280200000000004,2.469852,SCG,720813
20959906,189,8211,2001,0.0,0.0,0.45280200000000004,2.469852,SCG,720814
20966432,189,8212,2001,2.636161626125208e-07,0.0,0.45280200000000004,2.469852,SCG,720821
20972958,189,8213,2001,5.815141378457494e-07,9.015441665733167e-08,0.45280200000000004,2.469852,SCG,720822
20979484,189,8214,2001,5.862348488369254e-07,2.0816080565358292e-07,0.45280200000000004,2.469852,SCG,720823
20986010,189,8215,2001,1.2044943489022808e-06,6.368746969125807e-07,0.45280200000000004,2.469852,SCG,720824
20992536,189,8216,2001,0.0,0.0,0.45280200000000004,2.469852,SCG,720831
20999062,189,8217,2001,0.0,0.0,0.45280200000000004,2.469852,SCG,720832
21005588,189,8218,2001,0.0,0.0,0.45280200000000004,2.469852,SCG,720833
21012114,189,8219,2001,0.0,0.0,0.45280200000000004,2.469852,SCG,720834
21018640,189,8220,2001,0.0,0.0,0.45280200000000004,2.469852,SCG,720835
21025166,189,8221,2001,0.0,0.0,0.45280200000000004,2.469852,SCG,720841
21031692,189,8222,2001,9.212080520981288e-07,1.3842438538268079e-06,0.45280200000000004,2.469852,SCG,720842
21038218,189,8223,2001,1.6626575631219432e-06,6.664627153169642e-07,0.45280200000000004,2.469852,SCG,720843
21044744,189,8224,2001,1.2882540894769393e-06,2.6521235691832093e-07,0.45280200000000004,2.469852,SCG,720844
21051270,189,8225,2001,1.0241167031575997e-07,6.347339711514445e-08,0.45280200000000004,2.469852,SCG,720845
21057796,189,8226,2001,0.0,4.6097027676400176e-08,0.45280200000000004,2.469852,SCG,720890
21064322,189,8227,2001,0.0,0.0,0.45280200000000004,2.469852,SCG,720911
21070848,189,8228,2001,0.0,0.0,0.45280200000000004,2.469852,SCG,720912
21077374,189,8229,2001,5.498182818044694e-08,0.0,0.45280200000000004,2.469852,SCG,720913
21083900,189,8230,2001,1.3225930345710525e-07,0.0,0.45280200000000004,2.469852,SCG,720914
21090426,189,8231,2001,8.632070658996381e-08,7.821818851651119e-10,0.45280200000000004,2.469852,SCG,720921
21096952,189,8232,2001,5.781466387515497e-06,2.064913776215589e-07,0.45280200000000004,2.469852,SCG,720922
21103478,189,8233,2001,7.343054431366739e-06,3.931988564764755e-07,0.45280200000000004,2.469852,SCG,720923
21110004,189,8234,2001,8.59284554468788e-07,2.1567339751419206e-08,0.45280200000000004,2.469852,SCG,720924
21116530,189,8235,2001,0.0,0.0,0.45280200000000004,2.469852,SCG,720931
21123056,189,8236,2001,0.0,0.0,0.45280200000000004,2.469852,SCG,720932
21129582,189,8237,2001,0.0,0.0,0.45280200000000004,2.469852,SCG,720933
21136108,189,8238,2001,0.0,0.0,0.45280200000000004,2.469852,SCG,720934
21142634,189,8239,2001,5.544123233134069e-08,6.834446794831041e-08,0.45280200000000004,2.469852,SCG,720941
21149160,189,8240,2001,1.1632400985816536e-06,5.305108864172109e-07,0.45280200000000004,2.469852,SCG,720942
21155686,189,8241,2001,6.178800976927177e-07,3.360601383321619e-07,0.45280200000000004,2.469852,SCG,720943
21162212,189,8242,2001,1.932739930069405e-08,1.406104511785164e-08,0.45280200000000004,2.469852,SCG,720944
21168738,189,8243,2001,0.0,4.917471453472358e-08,0.45280200000000004,2.469852,SCG,720990
21175264,189,8244,2001,1.1333585252919574e-09,2.9286414372391856e-08,0.45280200000000004,2.469852,SCG,721011
21181790,189,8245,2001,2.0987739236542883e-08,2.9799936665982884e-07,0.45280200000000004,2.469852,SCG,721012
21188316,189,8246,2001,0.0,0.0,0.45280200000000004,2.469852,SCG,721020
21194842,189,8247,2001,0.0,0.0,0.45280200000000004,2.469852,SCG,721031
21201368,189,8248,2001,4.1206067431450396e-08,4.744158507967892e-07,0.45280200000000004,2.469852,SCG,721039
21207894,189,8249,2001,1.803040077442411e-08,1.6242968001159896e-07,0.45280200000000004,2.469852,SCG,721041
21214420,189,8250,2001,2.127219707453922e-06,2.573100329904382e-06,0.45280200000000004,2.469852,SCG,721049
21220946,189,8251,2001,3.44553113170309e-10,9.753310958505663e-08,0.45280200000000004,2.469852,SCG,721050
21227472,189,8252,2001,2.2800506802932317e-09,9.602939805412692e-09,0.45280200000000004,2.469852,SCG,721060
21233998,189,8253,2001,1.922770011491302e-08,4.834132625072033e-07,0.45280200000000004,2.469852,SCG,721070
21240524,189,8254,2001,2.798395535242936e-08,4.4516920838465994e-07,0.45280200000000004,2.469852,SCG,721090
21247050,189,8255,2001,0.0,0.0,0.45280200000000004,2.469852,SCG,721111
21253576,189,8256,2001,0.0,0.0,0.45280200000000004,2.469852,SCG,721112
21260102,189,8257,2001,0.0,0.0,0.45280200000000004,2.469852,SCG,721119
21266628,189,8258,2001,1.0127497838304067e-09,2.0366226551487695e-08,0.45280200000000004,2.469852,SCG,721121
21273154,189,8259,2001,0.0,2.7297153493255838e-08,0.45280200000000004,2.469852,SCG,721122
21279680,189,8260,2001,5.178515106504593e-07,1.8374082205232638e-07,0.45280200000000004,2.469852,SCG,721129
21286206,189,8261,2001,0.0,0.0,0.45280200000000004,2.469852,SCG,721130
21292732,189,8262,2001,4.281307284846196e-08,5.6484469397993305e-08,0.45280200000000004,2.469852,SCG,721141
21299258,189,8263,2001,5.530819907128637e-08,1.5164087292435542e-07,0.45280200000000004,2.469852,SCG,721149
21305784,189,8264,2001,9.533908886608377e-08,4.2006150130386204e-08,0.45280200000000004,2.469852,SCG,721190
21312310,189,8265,2001,6.139833444101697e-09,5.5763602618233084e-08,0.45280200000000004,2.469852,SCG,721210
21318836,189,8266,2001,0.0,0.0,0.45280200000000004,2.469852,SCG,721221
21325362,189,8267,2001,1.0368715321227169e-08,1.2165778638136312e-07,0.45280200000000004,2.469852,SCG,721229
21331888,189,8268,2001,1.1015396362129051e-08,1.3243996480856287e-07,0.45280200000000004,2.469852,SCG,721230
21338414,189,8269,2001,1.552155712980055e-08,1.8763615412704907e-07,0.45280200000000004,2.469852,SCG,721240
21344940,189,8270,2001,7.560168045182822e-09,1.1655570674567171e-07,0.45280200000000004,2.469852,SCG,721250
21351466,189,8271,2001,0.0,2.2983552969771124e-08,0.45280200000000004,2.469852,SCG,721260
21357992,189,8272,2001,8.905349460629612e-09,4.6645980157925166e-07,0.45280200000000004,2.469852,SCG,721310
21364518,189,8273,2001,0.0,2.2862248490970094e-09,0.45280200000000004,2.469852,SCG,721320
21371044,189,8274,2001,2.7654917735648075e-07,5.060224619010024e-06,0.45280200000000004,2.469852,SCG,721331
21377570,189,8275,2001,6.6834818917952194e-09,9.340411724379097e-08,0.45280200000000004,2.469852,SCG,721339
21384096,189,8276,2001,0.0,0.0,0.45280200000000004,2.469852,SCG,721341
21390622,189,8277,2001,0.0,0.0,0.45280200000000004,2.469852,SCG,721349
21397148,189,8278,2001,0.0,0.0,0.45280200000000004,2.469852,SCG,721350
21403674,189,8279,2001,7.934418788160246e-09,2.3906593880866394e-08,0.45280200000000004,2.469852,SCG,721410
21410200,189,8280,2001,2.750455075697164e-08,1.5237860964392705e-06,0.45280200000000004,2.469852,SCG,721420
21416726,189,8281,2001,0.0,1.6773824240765388e-08,0.45280200000000004,2.469852,SCG,721430
21423252,189,8282,2001,5.896918953761047e-08,7.934403328164567e-07,0.45280200000000004,2.469852,SCG,721440
21429778,189,8283,2001,0.0,0.0,0.45280200000000004,2.469852,SCG,721450
21436304,189,8284,2001,0.0,0.0,0.45280200000000004,2.469852,SCG,721460
21442830,189,8285,2001,2.584815030262783e-08,2.805185958253952e-07,0.45280200000000004,2.469852,SCG,721510
21449356,189,8286,2001,0.0,0.0,0.45280200000000004,2.469852,SCG,721520
21455882,189,8287,2001,0.0,0.0,0.45280200000000004,2.469852,SCG,721530
21462408,189,8288,2001,4.2986410034683084e-08,1.4734251831897138e-07,0.45280200000000004,2.469852,SCG,721540
21468934,189,8289,2001,5.988981606163105e-08,1.4235776596605474e-07,0.45280200000000004,2.469852,SCG,721590
21475460,189,8290,2001,1.0330532654332307e-09,1.1750758232795738e-07,0.45280200000000004,2.469852,SCG,721610
21481986,189,8291,2001,3.521290391415119e-10,5.722548730428659e-07,0.45280200000000004,2.469852,SCG,721621
21488512,189,8292,2001,0.0,4.144569692368527e-09,0.45280200000000004,2.469852,SCG,721622
21495038,189,8293,2001,4.544040397527514e-09,4.2463792819808233e-07,0.45280200000000004,2.469852,SCG,721631
21501564,189,8294,2001,4.3849459521322524e-10,1.5071319195122953e-07,0.45280200000000004,2.469852,SCG,721632
21508090,189,8295,2001,0.0,8.437289936715362e-09,0.45280200000000004,2.469852,SCG,721633
21514616,189,8296,2001,1.5870049724475884e-09,2.2914283472313705e-07,0.45280200000000004,2.469852,SCG,721640
21521142,189,8297,2001,9.712337095082148e-10,1.3954688267449318e-07,0.45280200000000004,2.469852,SCG,721650
21527668,189,8298,2001,3.939178467986672e-09,3.2418721389475944e-07,0.45280200000000004,2.469852,SCG,721660
21534194,189,8299,2001,1.8133130330593622e-07,3.6953222008919364e-07,0.45280200000000004,2.469852,SCG,721690
21540720,189,8300,2001,8.657465162851853e-08,1.181773089954799e-06,0.45280200000000004,2.469852,SCG,721711
21547246,189,8301,2001,6.62963220999191e-08,7.953722557862141e-07,0.45280200000000004,2.469852,SCG,721712
21553772,189,8302,2001,4.8440470659871495e-08,6.568011118701642e-07,0.45280200000000004,2.469852,SCG,721713
21560298,189,8303,2001,1.1478709690823937e-07,0.0,0.45280200000000004,2.469852,SCG,721719
21566824,189,8304,2001,0.0,0.0,0.45280200000000004,2.469852,SCG,721721
21573350,189,8305,2001,0.0,0.0,0.45280200000000004,2.469852,SCG,721722
21579876,189,8306,2001,0.0,0.0,0.45280200000000004,2.469852,SCG,721723
21586402,189,8307,2001,0.0,0.0,0.45280200000000004,2.469852,SCG,721729
21592928,189,8308,2001,0.0,0.0,0.45280200000000004,2.469852,SCG,721731
21599454,189,8309,2001,0.0,0.0,0.45280200000000004,2.469852,SCG,721732
21605980,189,8310,2001,0.0,0.0,0.45280200000000004,2.469852,SCG,721733
21612506,189,8311,2001,7.590774786106482e-09,1.2705583568800895e-07,0.45280200000000004,2.469852,SCG,721739
21619032,189,8312,2001,0.0,0.0,0.45280200000000004,2.469852,SCG,721810
21625558,189,8313,2001,3.6767483923442028e-09,2.0462010689120203e-08,0.45280200000000004,2.469852,SCG,721890
21632084,189,8314,2001,0.0,2.1967379385060853e-09,0.45280200000000004,2.469852,SCG,721911
21638610,189,8315,2001,0.0,2.7788005769497165e-08,0.45280200000000004,2.469852,SCG,721912
21645136,189,8316,2001,0.0,7.957043516544071e-09,0.45280200000000004,2.469852,SCG,721913
21651662,189,8317,2001,0.0,1.0023859718192222e-08,0.45280200000000004,2.469852,SCG,721914
21658188,189,8318,2001,0.0,1.077445603824876e-07,0.45280200000000004,2.469852,SCG,721921
21664714,189,8319,2001,1.550852653713008e-08,1.272179064260792e-07,0.45280200000000004,2.469852,SCG,721922
21671240,189,8320,2001,0.0,3.051105931547876e-08,0.45280200000000004,2.469852,SCG,721923
21677766,189,8321,2001,0.0,1.4810547709000956e-07,0.45280200000000004,2.469852,SCG,721924
21684292,189,8322,2001,8.030481529475099e-10,2.288147160509703e-08,0.45280200000000004,2.469852,SCG,721931
21690818,189,8323,2001,0.0,1.1783238667010222e-07,0.45280200000000004,2.469852,SCG,721932
21697344,189,8324,2001,5.4567879585380415e-09,7.032799503650856e-07,0.45280200000000004,2.469852,SCG,721933
21703870,189,8325,2001,5.048597067209628e-10,3.5102433838097746e-07,0.45280200000000004,2.469852,SCG,721934
21710396,189,8326,2001,0.0,2.3810809743233886e-08,0.45280200000000004,2.469852,SCG,721935
21716922,189,8327,2001,1.2746343928029494e-08,1.244514351568109e-07,0.45280200000000004,2.469852,SCG,721990
21723448,189,8328,2001,0.0,6.652854652931903e-09,0.45280200000000004,2.469852,SCG,722011
21729974,189,8329,2001,3.2152229821785208e-09,9.810748297784948e-09,0.45280200000000004,2.469852,SCG,722012
21736500,189,8330,2001,1.0948425176543618e-08,2.0465391305742526e-07,0.45280200000000004,2.469852,SCG,722020
21743026,189,8331,2001,0.0,1.0743931058747189e-07,0.45280200000000004,2.469852,SCG,722090
21749552,189,8332,2001,0.0,2.823146312642552e-09,0.45280200000000004,2.469852,SCG,722100
21756078,189,8333,2001,4.2894892848950956e-09,1.5246514680079848e-07,0.45280200000000004,2.469852,SCG,722210
21762604,189,8334,2001,1.2942711929203074e-09,3.9728509396045883e-07,0.45280200000000004,2.469852,SCG,722220
21769130,189,8335,2001,0.0,1.8095247620491362e-08,0.45280200000000004,2.469852,SCG,722230
21775656,189,8336,2001,6.8553038928221015e-09,6.198228003829791e-08,0.45280200000000004,2.469852,SCG,722240
21782182,189,8337,2001,0.0,1.6561806549265336e-07,0.45280200000000004,2.469852,SCG,722300
21788708,189,8338,2001,0.0,2.6242865113293882e-09,0.45280200000000004,2.469852,SCG,722410
21795234,189,8339,2001,2.299020798925124e-08,1.763362773504307e-07,0.45280200000000004,2.469852,SCG,722490
21801760,189,8340,2001,1.1536620068947811e-09,4.931162950792769e-07,0.45280200000000004,2.469852,SCG,722510
21808286,189,8341,2001,0.0,7.366098473641785e-09,0.45280200000000004,2.469852,SCG,722520
21814812,189,8342,2001,3.1846235141437935e-06,3.8210247956320095e-08,0.45280200000000004,2.469852,SCG,722530
21821338,189,8343,2001,5.754067293648044e-09,2.1182778038979766e-07,0.45280200000000004,2.469852,SCG,722540
21827864,189,8344,2001,0.0,2.275055556923253e-08,0.45280200000000004,2.469852,SCG,722550
21834390,189,8345,2001,1.0872968953870437e-09,1.0398544727166442e-07,0.45280200000000004,2.469852,SCG,722590
21840916,189,8346,2001,2.734000164487711e-09,2.204022835894191e-07,0.45280200000000004,2.469852,SCG,722610
21847442,189,8347,2001,0.0,1.2339913537486206e-08,0.45280200000000004,2.469852,SCG,722620
21853968,189,8348,2001,4.091000024449579e-10,4.137245023020159e-08,0.45280200000000004,2.469852,SCG,722691
21860494,189,8349,2001,0.0,1.6474573383089294e-07,0.45280200000000004,2.469852,SCG,722692
21867020,189,8350,2001,3.4909866875303074e-10,5.56495896654802e-08,0.45280200000000004,2.469852,SCG,722699
21873546,189,8351,2001,0.0,0.0,0.45280200000000004,2.469852,SCG,722710
21880072,189,8352,2001,0.0,3.05302824296057e-08,0.45280200000000004,2.469852,SCG,722720
21886598,189,8353,2001,0.0,5.816052609006109e-08,0.45280200000000004,2.469852,SCG,722790
21893124,189,8354,2001,1.3664243118700442e-08,2.4116788690854405e-07,0.45280200000000004,2.469852,SCG,722810
21899650,189,8355,2001,0.0,3.6075587419123936e-07,0.45280200000000004,2.469852,SCG,722820
21906176,189,8356,2001,6.218017000124512e-09,5.000432448250188e-07,0.45280200000000004,2.469852,SCG,722830
21912702,189,8357,2001,3.096432462950059e-09,1.6437386600243731e-07,0.45280200000000004,2.469852,SCG,722840
21919228,189,8358,2001,3.8758437268674156e-10,2.1102604395750343e-07,0.45280200000000004,2.469852,SCG,722850
21925754,189,8359,2001,3.5700793546696657e-09,9.280554924183834e-08,0.45280200000000004,2.469852,SCG,722860
21932280,189,8360,2001,4.181911136104014e-09,1.936629318388467e-08,0.45280200000000004,2.469852,SCG,722870
21938806,189,8361,2001,0.0,0.0,0.45280200000000004,2.469852,SCG,722880
21945332,189,8362,2001,0.0,4.782578221581595e-10,0.45280200000000004,2.469852,SCG,722910
21951858,189,8363,2001,0.0,4.4185322119776294e-08,0.45280200000000004,2.469852,SCG,722920
21958384,189,8364,2001,7.62653315669056e-09,1.2665347602335198e-07,0.45280200000000004,2.469852,SCG,722990
21964910,189,8365,2001,0.0,1.5520013193485887e-08,0.45280200000000004,2.469852,SCG,730110
21971436,189,8366,2001,2.8188505353651837e-09,4.122297394621453e-08,0.45280200000000004,2.469852,SCG,730120
21977962,189,8367,2001,1.2402396888936883e-08,2.373759950738044e-06,0.45280200000000004,2.469852,SCG,730210
21984488,189,8368,2001,0.0,0.0,0.45280200000000004,2.469852,SCG,730220
21991014,189,8369,2001,2.530904741051703e-08,2.9517423174917315e-09,0.45280200000000004,2.469852,SCG,730230
21997540,189,8370,2001,5.039869600490802e-08,3.472721853632003e-08,0.45280200000000004,2.469852,SCG,730240
22004066,189,8371,2001,4.856047332725535e-08,1.919925095078161e-08,0.45280200000000004,2.469852,SCG,730290
22010592,189,8372,2001,1.7369507296400252e-07,5.708075051223083e-07,0.45280200000000004,2.469852,SCG,730300
22017118,189,8373,2001,3.2809517159046777e-08,3.9102299881710726e-07,0.45280200000000004,2.469852,SCG,730410
22023644,189,8374,2001,5.4470301658871325e-08,3.523086412644583e-07,0.45280200000000004,2.469852,SCG,730420
22030170,189,8375,2001,2.5259955410223636e-08,3.3124342251135487e-07,0.45280200000000004,2.469852,SCG,730431
22036696,189,8376,2001,5.4379996621294584e-08,1.288658907428616e-06,0.45280200000000004,2.469852,SCG,730439
22043222,189,8377,2001,1.6048841577396273e-09,6.301734530413293e-08,0.45280200000000004,2.469852,SCG,730441
22049748,189,8378,2001,5.1898123273128506e-09,3.982863530600706e-08,0.45280200000000004,2.469852,SCG,730449
22056274,189,8379,2001,0.0,4.095849041046802e-07,0.45280200000000004,2.469852,SCG,730451
22062800,189,8380,2001,0.0,1.4920252032725385e-07,0.45280200000000004,2.469852,SCG,730459
22069326,189,8381,2001,7.539561526541149e-10,1.284853062264484e-07,0.45280200000000004,2.469852,SCG,730490
22075852,189,8382,2001,0.0,2.7734313623142614e-09,0.45280200000000004,2.469852,SCG,730511
22082378,189,8383,2001,0.0,3.261857548979567e-07,0.45280200000000004,2.469852,SCG,730512
22088904,189,8384,2001,0.0,3.4926409770635376e-09,0.45280200000000004,2.469852,SCG,730519
22095430,189,8385,2001,0.0,0.0,0.45280200000000004,2.469852,SCG,730520
22101956,189,8386,2001,0.0,1.1935896707818296e-07,0.45280200000000004,2.469852,SCG,730531
22108482,189,8387,2001,0.0,3.676917726280403e-09,0.45280200000000004,2.469852,SCG,730539
22115008,189,8388,2001,3.4249246130614176e-09,9.127002014269852e-09,0.45280200000000004,2.469852,SCG,730590
22121534,189,8389,2001,1.2683615260987935e-08,1.7300736427644835e-07,0.45280200000000004,2.469852,SCG,730610
22128060,189,8390,2001,0.0,0.0,0.45280200000000004,2.469852,SCG,730620
22134586,189,8391,2001,1.0949940361737857e-08,1.471583741429554e-06,0.45280200000000004,2.469852,SCG,730630
22141112,189,8392,2001,2.9343076471663163e-09,1.4801532731341425e-07,0.45280200000000004,2.469852,SCG,730640
22147638,189,8393,2001,6.599237594995443e-09,5.449885428188136e-08,0.45280200000000004,2.469852,SCG,730650
22154164,189,8394,2001,1.466384109504484e-07,1.8999811141714616e-06,0.45280200000000004,2.469852,SCG,730660
22160690,189,8395,2001,1.7991308996412704e-08,2.5200176888408523e-07,0.45280200000000004,2.469852,SCG,730690
22167216,189,8396,2001,7.686019327416445e-08,1.938372655979979e-07,0.45280200000000004,2.469852,SCG,730711
22173742,189,8397,2001,4.5354371759946153e-07,3.491043469992989e-07,0.45280200000000004,2.469852,SCG,730719
22180268,189,8398,2001,2.2065641983725634e-08,2.635024940600299e-08,0.45280200000000004,2.469852,SCG,730721
22186794,189,8399,2001,1.929679255977039e-08,6.307733467752907e-08,0.45280200000000004,2.469852,SCG,730722
22193320,189,8400,2001,7.991086714424843e-09,7.378560354524076e-08,0.45280200000000004,2.469852,SCG,730723
22199846,189,8401,2001,6.506629475923458e-08,1.1098895804091187e-07,0.45280200000000004,2.469852,SCG,730729
22206372,189,8402,2001,1.499109079329692e-07,4.6097690542404556e-08,0.45280200000000004,2.469852,SCG,730791
22212898,189,8403,2001,2.4174810077812416e-07,1.918330902337634e-07,0.45280200000000004,2.469852,SCG,730792
22219424,189,8404,2001,7.966843751316994e-09,4.06595378424939e-08,0.45280200000000004,2.469852,SCG,730793
22225950,189,8405,2001,6.113793471353478e-07,3.6473240735149825e-07,0.45280200000000004,2.469852,SCG,730799
22232476,189,8406,2001,1.4772449569768005e-08,1.1619245617527299e-07,0.45280200000000004,2.469852,SCG,730810
22239002,189,8407,2001,1.4096192113874547e-07,1.9014145619059273e-07,0.45280200000000004,2.469852,SCG,730820
22245528,189,8408,2001,5.550547618357649e-08,2.9032868125717573e-07,0.45280200000000004,2.469852,SCG,730830
22252054,189,8409,2001,1.8385742006177413e-07,1.0366657558025876e-06,0.45280200000000004,2.469852,SCG,730840
22258580,189,8410,2001,7.122431042566716e-07,3.298477581391386e-06,0.45280200000000004,2.469852,SCG,730890
22265106,189,8411,2001,2.2334587355703339e-07,6.261707366738975e-07,0.45280200000000004,2.469852,SCG,730900
22271632,189,8412,2001,2.7852134240530427e-08,8.335175428741052e-08,0.45280200000000004,2.469852,SCG,731010
22278158,189,8413,2001,8.618009740393828e-08,7.513811534057203e-07,0.45280200000000004,2.469852,SCG,731021
22284684,189,8414,2001,3.338074197727547e-08,3.943910209853479e-07,0.45280200000000004,2.469852,SCG,731029
22291210,189,8415,2001,1.9095091106713085e-07,1.7276011525681564e-07,0.45280200000000004,2.469852,SCG,731100
22297736,189,8416,2001,7.96920744022001e-08,1.60137555655063e-06,0.45280200000000004,2.469852,SCG,731210
22304262,189,8417,2001,8.454430346823615e-09,6.520745458259525e-08,0.45280200000000004,2.469852,SCG,731290
22310788,189,8418,2001,3.283769960365965e-08,1.0925954063549172e-07,0.45280200000000004,2.469852,SCG,731300
22317314,189,8419,2001,1.8937390631696524e-08,1.38207561912649e-08,0.45280200000000004,2.469852,SCG,731411
22323840,189,8420,2001,2.713696682884887e-09,2.6870930652441293e-08,0.45280200000000004,2.469852,SCG,731419
22330366,189,8421,2001,6.249835889203564e-09,2.4696929017885345e-07,0.45280200000000004,2.469852,SCG,731420
22336892,189,8422,2001,3.6481416958769406e-08,4.2693045027422095e-07,0.45280200000000004,2.469852,SCG,731430
22343418,189,8423,2001,3.8339337043947214e-08,2.9534326258028937e-08,0.45280200000000004,2.469852,SCG,731441
22349944,189,8424,2001,6.91833559690251e-10,1.183248961113545e-08,0.45280200000000004,2.469852,SCG,731442
22356470,189,8425,2001,5.608670122408718e-08,6.049712875549076e-08,0.45280200000000004,2.469852,SCG,731449
22362996,189,8426,2001,7.701383305286043e-09,6.34167220717702e-08,0.45280200000000004,2.469852,SCG,731450
22369522,189,8427,2001,1.9893624007781758e-07,1.2104993825534923e-07,0.45280200000000004,2.469852,SCG,731511
22376048,189,8428,2001,1.8302921983460223e-07,6.036190409059781e-08,0.45280200000000004,2.469852,SCG,731512
22382574,189,8429,2001,1.7992521144568097e-08,7.895330691536552e-08,0.45280200000000004,2.469852,SCG,731519
22389100,189,8430,2001,6.361959593577367e-09,2.138770306423298e-08,0.45280200000000004,2.469852,SCG,731520
22395626,189,8431,2001,0.0,2.641918747045822e-08,0.45280200000000004,2.469852,SCG,731581
22402152,189,8432,2001,3.884934838032859e-08,1.5485146441655646e-07,0.45280200000000004,2.469852,SCG,731582
22408678,189,8433,2001,3.970351888172978e-07,1.9199052090980298e-07,0.45280200000000004,2.469852,SCG,731589
22415204,189,8434,2001,4.178274691637836e-09,4.291063079335891e-08,0.45280200000000004,2.469852,SCG,731590
22421730,189,8435,2001,4.557070990197983e-09,2.0545531805671733e-08,0.45280200000000004,2.469852,SCG,731600
22428256,189,8436,2001,4.3025198775655645e-08,3.563471523961265e-07,0.45280200000000004,2.469852,SCG,731700
22434782,189,8437,2001,7.356648369892426e-08,3.4498861197812075e-09,0.45280200000000004,2.469852,SCG,731811
22441308,189,8438,2001,1.809343247850452e-08,1.0385055403977365e-07,0.45280200000000004,2.469852,SCG,731812
22447834,189,8439,2001,3.667051207101063e-09,6.974344665054852e-09,0.45280200000000004,2.469852,SCG,731813
22454360,189,8440,2001,4.930715659097711e-08,1.0434438921303468e-07,0.45280200000000004,2.469852,SCG,731814
22460886,189,8441,2001,2.2552986149601178e-07,3.8428364015060417e-07,0.45280200000000004,2.469852,SCG,731815
22467412,189,8442,2001,4.716801813374825e-08,1.1872394144598958e-07,0.45280200000000004,2.469852,SCG,731816
22473938,189,8443,2001,3.023188410660469e-08,3.454161605509441e-08,0.45280200000000004,2.469852,SCG,731819
22480464,189,8444,2001,9.278994129529341e-10,5.1852693192407524e-08,0.45280200000000004,2.469852,SCG,731821
22486990,189,8445,2001,1.2143300220721743e-08,3.2043605517598874e-08,0.45280200000000004,2.469852,SCG,731822
22493516,189,8446,2001,9.003533461216402e-09,1.5939938807258853e-08,0.45280200000000004,2.469852,SCG,731823
22500042,189,8447,2001,3.75765928171665e-10,1.3272897438647133e-08,0.45280200000000004,2.469852,SCG,731824
22506568,189,8448,2001,6.07743811780287e-08,9.364009754134926e-08,0.45280200000000004,2.469852,SCG,731829
22513094,189,8449,2001,0.0,2.2371727647730955e-09,0.45280200000000004,2.469852,SCG,731910
22519620,189,8450,2001,0.0,1.7473147875383348e-09,0.45280200000000004,2.469852,SCG,731920
22526146,189,8451,2001,0.0,8.139663100749994e-09,0.45280200000000004,2.469852,SCG,731930
22532672,189,8452,2001,9.569909686823534e-10,7.095317710853693e-09,0.45280200000000004,2.469852,SCG,731990
22539198,189,8453,2001,2.9792480400274922e-08,1.0626438059471329e-07,0.45280200000000004,2.469852,SCG,732010
22545724,189,8454,2001,1.1911234456371854e-07,2.374342941388894e-07,0.45280200000000004,2.469852,SCG,732020
22552250,189,8455,2001,1.957679878366605e-08,6.183777524934367e-08,0.45280200000000004,2.469852,SCG,732090
22558776,189,8456,2001,1.4451230308589e-08,4.5074225431646136e-08,0.45280200000000004,2.469852,SCG,732111
22565302,189,8457,2001,2.7921832759465494e-09,7.098963473877767e-09,0.45280200000000004,2.469852,SCG,732112
22571828,189,8458,2001,1.1240568033845145e-06,6.800972061609991e-08,0.45280200000000004,2.469852,SCG,732113
22578354,189,8459,2001,8.729587978097705e-09,7.895761554439397e-08,0.45280200000000004,2.469852,SCG,732181
22584880,189,8460,2001,4.7279838801083205e-09,1.8730273252684732e-08,0.45280200000000004,2.469852,SCG,732182
22591406,189,8461,2001,2.5963619535910517e-06,1.7356848034915365e-07,0.45280200000000004,2.469852,SCG,732183
22597932,189,8462,2001,9.607062027786312e-08,3.0877690502499794e-07,0.45280200000000004,2.469852,SCG,732190
22604458,189,8463,2001,9.440694693458695e-08,4.066848653355299e-08,0.45280200000000004,2.469852,SCG,732211
22610984,189,8464,2001,8.663980459187088e-08,1.347965197407243e-06,0.45280200000000004,2.469852,SCG,732219
22617510,189,8465,2001,2.407780792167713e-08,2.3544304466174026e-07,0.45280200000000004,2.469852,SCG,732290
22624036,189,8466,2001,4.352824026014352e-09,3.286887369304851e-08,0.45280200000000004,2.469852,SCG,732310
22630562,189,8467,2001,1.254270303792356e-09,4.5429521609992325e-09,0.45280200000000004,2.469852,SCG,732391
22637088,189,8468,2001,9.695367020906654e-09,2.802199746904232e-08,0.45280200000000004,2.469852,SCG,732392
22643614,189,8469,2001,1.33907824948439e-07,6.355247702946665e-07,0.45280200000000004,2.469852,SCG,732393
22650140,189,8470,2001,1.4162720865383263e-06,1.3887122335623148e-06,0.45280200000000004,2.469852,SCG,732394
22656666,189,8471,2001,1.1841838974475636e-07,4.262950932090254e-07,0.45280200000000004,2.469852,SCG,732399
22663192,189,8472,2001,3.629929169842169e-08,3.2410435564421225e-07,0.45280200000000004,2.469852,SCG,732410
22669718,189,8473,2001,1.6579156395380478e-09,2.2980238639749236e-08,0.45280200000000004,2.469852,SCG,732421
22676244,189,8474,2001,2.1939881612603667e-09,2.2351576521197888e-07,0.45280200000000004,2.469852,SCG,732429
22682770,189,8475,2001,3.887389438047529e-08,1.523541167450653e-07,0.45280200000000004,2.469852,SCG,732490
22689296,189,8476,2001,5.755097619580128e-07,1.2659050375293616e-07,0.45280200000000004,2.469852,SCG,732510
22695822,189,8477,2001,1.375103292662654e-07,2.3860856126564366e-08,0.45280200000000004,2.469852,SCG,732591
22702348,189,8478,2001,8.824477966072216e-07,2.0147248766941682e-07,0.45280200000000004,2.469852,SCG,732599
22708874,189,8479,2001,3.894632023275999e-09,8.879620421436277e-08,0.45280200000000004,2.469852,SCG,732611
22715400,189,8480,2001,2.795201524853477e-07,1.3913391715376618e-07,0.45280200000000004,2.469852,SCG,732619
22721926,189,8481,2001,3.7726899188435167e-08,1.8190269462218836e-07,0.45280200000000004,2.469852,SCG,732620
22728452,189,8482,2001,4.385870215100739e-07,1.8134240713198852e-06,0.45280200000000004,2.469852,SCG,732690
22734978,189,8483,2001,2.0438333085111248e-08,0.0,0.45280200000000004,2.469852,SCG,740110
22741504,189,8484,2001,8.833529682422609e-10,0.0,0.45280200000000004,2.469852,SCG,740120
22748030,189,8485,2001,2.5849362450783224e-08,1.0774886901151604e-09,0.45280200000000004,2.469852,SCG,740200
22754556,189,8486,2001,6.4221385069740595e-06,7.020896087377252e-06,0.45280200000000004,2.469852,SCG,740311
22761082,189,8487,2001,4.160274291530258e-08,1.6263417417394933e-09,0.45280200000000004,2.469852,SCG,740312
22767608,189,8488,2001,4.08433320959492e-08,5.9155156529629095e-08,0.45280200000000004,2.469852,SCG,740313
22774134,189,8489,2001,1.3582210992284256e-07,1.7760898007883496e-07,0.45280200000000004,2.469852,SCG,740319
22780660,189,8490,2001,6.31494642737047e-07,1.0618450524118583e-07,0.45280200000000004,2.469852,SCG,740321
22787186,189,8491,2001,1.8095796167407535e-07,9.255531732518594e-08,0.45280200000000004,2.469852,SCG,740322
22793712,189,8492,2001,0.0,0.0,0.45280200000000004,2.469852,SCG,740323
22800238,189,8493,2001,4.222881743756279e-08,5.468644536112011e-10,0.45280200000000004,2.469852,SCG,740329
22806764,189,8494,2001,1.638699454830611e-06,2.3277202609710227e-07,0.45280200000000004,2.469852,SCG,740400
22813290,189,8495,2001,0.0,6.5444760612162284e-09,0.45280200000000004,2.469852,SCG,740500
22819816,189,8496,2001,3.510005292088415e-07,2.4986402601996872e-08,0.45280200000000004,2.469852,SCG,740610
22826342,189,8497,2001,1.3926976231381759e-08,6.622031383728362e-10,0.45280200000000004,2.469852,SCG,740620
22832868,189,8498,2001,6.636005078918884e-07,8.784896869410772e-08,0.45280200000000004,2.469852,SCG,740710
22839394,189,8499,2001,7.251882404821855e-07,7.566158062422871e-07,0.45280200000000004,2.469852,SCG,740721
22845920,189,8500,2001,7.884114639711459e-09,0.0,0.45280200000000004,2.469852,SCG,740722
22852446,189,8501,2001,7.604320541742992e-08,6.847405825216615e-09,0.45280200000000004,2.469852,SCG,740729
22858972,189,8502,2001,6.111002500225688e-07,2.185920628180654e-06,0.45280200000000004,2.469852,SCG,740811
22865498,189,8503,2001,1.1865657685729098e-07,1.5120404422747084e-07,0.45280200000000004,2.469852,SCG,740819
22872024,189,8504,2001,2.4703579406898493e-08,3.704095232459869e-09,0.45280200000000004,2.469852,SCG,740821
22878550,189,8505,2001,0.0,1.418964112270082e-08,0.45280200000000004,2.469852,SCG,740822
22885076,189,8506,2001,2.4321752737949868e-09,2.796366526065713e-08,0.45280200000000004,2.469852,SCG,740829
22891602,189,8507,2001,1.316570476460985e-06,1.4579538906475498e-07,0.45280200000000004,2.469852,SCG,740911
22898128,189,8508,2001,2.631207879651158e-06,1.348620771885572e-07,0.45280200000000004,2.469852,SCG,740919
22904654,189,8509,2001,5.351009849757718e-07,1.760751081447061e-07,0.45280200000000004,2.469852,SCG,740921
22911180,189,8510,2001,1.1583466564783342e-06,1.9073969275954317e-08,0.45280200000000004,2.469852,SCG,740929
22917706,189,8511,2001,3.7340830000942664e-08,1.2325993351394284e-09,0.45280200000000004,2.469852,SCG,740931
22924232,189,8512,2001,2.8192141798118016e-08,1.358543875971099e-09,0.45280200000000004,2.469852,SCG,740939
22930758,189,8513,2001,1.1184278903879106e-07,3.6749291282672716e-09,0.45280200000000004,2.469852,SCG,740940
22937284,189,8514,2001,2.645576986922219e-07,1.8003772111887305e-08,0.45280200000000004,2.469852,SCG,740990
22943810,189,8515,2001,1.0382351987975335e-08,6.578613660441655e-09,0.45280200000000004,2.469852,SCG,741011
22950336,189,8516,2001,5.388180372942828e-08,2.9093188932115898e-09,0.45280200000000004,2.469852,SCG,741012
22956862,189,8517,2001,0.0,2.2036980315520462e-08,0.45280200000000004,2.469852,SCG,741021
22963388,189,8518,2001,3.1088569815428318e-09,0.0,0.45280200000000004,2.469852,SCG,741022
22969914,189,8519,2001,2.5738205434563347e-06,4.985020813648418e-07,0.45280200000000004,2.469852,SCG,741110
22976440,189,8520,2001,3.5342179514923794e-07,2.2933705446241955e-07,0.45280200000000004,2.469852,SCG,741121
22982966,189,8521,2001,5.673156404275597e-09,1.6651194029955603e-09,0.45280200000000004,2.469852,SCG,741122
22989492,189,8522,2001,3.3902086898909774e-07,5.478587526177669e-08,0.45280200000000004,2.469852,SCG,741129
22996018,189,8523,2001,1.811767544161237e-08,7.181258288321199e-08,0.45280200000000004,2.469852,SCG,741210
23002544,189,8524,2001,4.519009538118659e-08,1.7317440650955139e-07,0.45280200000000004,2.469852,SCG,741220
23009070,189,8525,2001,4.76431802106621e-08,4.471362632526493e-08,0.45280200000000004,2.469852,SCG,741300
23015596,189,8526,2001,1.0369927469382561e-09,0.0,0.45280200000000004,2.469852,SCG,741410
23022122,189,8527,2001,1.2222998961938797e-08,0.0,0.45280200000000004,2.469852,SCG,741490
23028648,189,8528,2001,0.0,6.973350366048286e-10,0.45280200000000004,2.469852,SCG,741510
23035174,189,8529,2001,3.5334118729690436e-09,1.3138004206756372e-09,0.45280200000000004,2.469852,SCG,741521
23041700,189,8530,2001,1.1206612733642213e-08,1.6558392789342794e-09,0.45280200000000004,2.469852,SCG,741529
23048226,189,8531,2001,2.374295199374996e-09,0.0,0.45280200000000004,2.469852,SCG,741531
23054752,189,8532,2001,1.590944453952614e-09,1.1445044431576968e-08,0.45280200000000004,2.469852,SCG,741532
23061278,189,8533,2001,1.187814281172964e-08,2.4380211640993913e-09,0.45280200000000004,2.469852,SCG,741539
23067804,189,8534,2001,0.0,1.849064719210237e-09,0.45280200000000004,2.469852,SCG,741600
23074330,189,8535,2001,0.0,2.8204948486250434e-10,0.45280200000000004,2.469852,SCG,741700
23080856,189,8536,2001,3.4776530578209902e-09,1.0721857620801428e-08,0.45280200000000004,2.469852,SCG,741810
23087382,189,8537,2001,8.815347460091722e-10,3.185734017036888e-08,0.45280200000000004,2.469852,SCG,741820
23093908,189,8538,2001,0.0,0.0,0.45280200000000004,2.469852,SCG,741910
23100434,189,8539,2001,2.226261605897691e-08,6.844091495194729e-09,0.45280200000000004,2.469852,SCG,741991
23106960,189,8540,2001,6.98994324918232e-08,6.912830699848646e-08,0.45280200000000004,2.469852,SCG,741999
23113486,189,8541,2001,3.277648612181233e-09,6.642580229864056e-09,0.45280200000000004,2.469852,SCG,750110
23120012,189,8542,2001,6.578025002276074e-09,8.083650923380119e-10,0.45280200000000004,2.469852,SCG,750120
23126538,189,8543,2001,3.3515896496601735e-10,2.288243276080338e-07,0.45280200000000004,2.469852,SCG,750210
23133064,189,8544,2001,0.0,1.8463469685922905e-08,0.45280200000000004,2.469852,SCG,750220
23139590,189,8545,2001,3.651838747750888e-08,0.0,0.45280200000000004,2.469852,SCG,750300
23146116,189,8546,2001,0.0,9.576756598239792e-09,0.45280200000000004,2.469852,SCG,750400
23152642,189,8547,2001,0.0,0.0,0.45280200000000004,2.469852,SCG,750511
23159168,189,8548,2001,0.0,1.3227491117347294e-09,0.45280200000000004,2.469852,SCG,750512
23165694,189,8549,2001,0.0,1.1093725449257046e-08,0.45280200000000004,2.469852,SCG,750521
23172220,189,8550,2001,0.0,2.5347996007384643e-08,0.45280200000000004,2.469852,SCG,750522
23178746,189,8551,2001,0.0,3.176851612578233e-08,0.45280200000000004,2.469852,SCG,750610
23185272,189,8552,2001,3.6061407622925917e-09,2.276348145631789e-08,0.45280200000000004,2.469852,SCG,750620
23191798,189,8553,2001,5.175872623525837e-10,0.0,0.45280200000000004,2.469852,SCG,750711
23198324,189,8554,2001,0.0,4.88598531826444e-08,0.45280200000000004,2.469852,SCG,750712
23204850,189,8555,2001,0.0,0.0,0.45280200000000004,2.469852,SCG,750720
23211376,189,8556,2001,8.33927627206133e-09,7.347935945121849e-08,0.45280200000000004,2.469852,SCG,750800
23217902,189,8557,2001,3.255143748313401e-05,7.190975903945369e-07,0.45280200000000004,2.469852,SCG,760110
23224428,189,8558,2001,2.3011869076788102e-06,6.700872666288988e-07,0.45280200000000004,2.469852,SCG,760120
23230954,189,8559,2001,1.4765925182321604e-06,1.2895627252255844e-07,0.45280200000000004,2.469852,SCG,760200
23237480,189,8560,2001,1.925800381879783e-09,4.307634729445322e-09,0.45280200000000004,2.469852,SCG,760310
23244006,189,8561,2001,8.141514300509049e-08,1.0957042479154464e-07,0.45280200000000004,2.469852,SCG,760320
23250532,189,8562,2001,1.0113558134517054e-08,1.4549414960906575e-06,0.45280200000000004,2.469852,SCG,760410
23257058,189,8563,2001,3.9256630160540464e-08,8.789526988451348e-07,0.45280200000000004,2.469852,SCG,760421
23263584,189,8564,2001,7.604829643968257e-07,4.213532945731924e-06,0.45280200000000004,2.469852,SCG,760429
23270110,189,8565,2001,0.0,1.327354041867138e-06,0.45280200000000004,2.469852,SCG,760511
23276636,189,8566,2001,4.417673952327849e-09,9.72689574823123e-09,0.45280200000000004,2.469852,SCG,760519
23283162,189,8567,2001,0.0,1.405637191252078e-07,0.45280200000000004,2.469852,SCG,760521
23289688,189,8568,2001,0.0,7.46658895990537e-08,0.45280200000000004,2.469852,SCG,760529
23296214,189,8569,2001,1.187712460727911e-06,5.21552583801055e-07,0.45280200000000004,2.469852,SCG,760611
23302740,189,8570,2001,1.5064946980404985e-06,3.7552883739779213e-07,0.45280200000000004,2.469852,SCG,760612
23309266,189,8571,2001,1.720417028800472e-07,1.755690099503641e-07,0.45280200000000004,2.469852,SCG,760691
23315792,189,8572,2001,3.3022400678837573e-07,1.1734020866185215e-07,0.45280200000000004,2.469852,SCG,760692
23322318,189,8573,2001,2.5571568397271154e-07,1.0690103024861738e-06,0.45280200000000004,2.469852,SCG,760711
23328844,189,8574,2001,4.753469295075447e-08,8.424145303848561e-07,0.45280200000000004,2.469852,SCG,760719
23335370,189,8575,2001,9.474453019586376e-08,1.3502040273370271e-06,0.45280200000000004,2.469852,SCG,760720
23341896,189,8576,2001,1.0346896654430106e-08,5.019088811943385e-08,0.45280200000000004,2.469852,SCG,760810
23348422,189,8577,2001,2.5005707334630065e-08,3.974875995247961e-08,0.45280200000000004,2.469852,SCG,760820
23354948,189,8578,2001,1.876920507513582e-08,2.537716211157724e-08,0.45280200000000004,2.469852,SCG,760900
23361474,189,8579,2001,2.512816460202859e-07,3.708098943126307e-07,0.45280200000000004,2.469852,SCG,761010
23368000,189,8580,2001,6.757210803346966e-08,5.602185521353845e-07,0.45280200000000004,2.469852,SCG,761090
23374526,189,8581,2001,3.130321095004444e-07,5.664190007403289e-09,0.45280200000000004,2.469852,SCG,761100
23381052,189,8582,2001,8.969896349904262e-09,1.5829439044329171e-07,0.45280200000000004,2.469852,SCG,761210
23387578,189,8583,2001,1.2354213999760032e-07,1.1384040873194132e-06,0.45280200000000004,2.469852,SCG,761290
23394104,189,8584,2001,1.6381273209012656e-08,2.856256469561194e-08,0.45280200000000004,2.469852,SCG,761300
23400630,189,8585,2001,1.555222447813198e-06,7.852191371971683e-07,0.45280200000000004,2.469852,SCG,761410
23407156,189,8586,2001,2.375143703083771e-08,7.43722399591146e-08,0.45280200000000004,2.469852,SCG,761490
23413682,189,8587,2001,2.2901115099829895e-08,2.2461313988222534e-07,0.45280200000000004,2.469852,SCG,761510
23420208,189,8588,2001,0.0,1.8150928364859047e-08,0.45280200000000004,2.469852,SCG,761520
23426734,189,8589,2001,1.130691799350094e-08,1.7948190797420277e-07,0.45280200000000004,2.469852,SCG,761610
23433260,189,8590,2001,2.487167405234754e-07,1.3921892971882753e-06,0.45280200000000004,2.469852,SCG,761690
23439786,189,8591,2001,1.250736891919387e-07,6.456550200065613e-07,0.45280200000000004,2.469852,SCG,780110
23446312,189,8592,2001,4.320853618415875e-08,3.7572570860109214e-08,0.45280200000000004,2.469852,SCG,780191
23452838,189,8593,2001,1.3761487704466803e-07,1.1083119593187009e-09,0.45280200000000004,2.469852,SCG,780199
23459364,189,8594,2001,8.032269448004303e-08,2.3071051282348916e-09,0.45280200000000004,2.469852,SCG,780200
23465890,189,8595,2001,2.171563420385606e-09,1.7894067788162878e-09,0.45280200000000004,2.469852,SCG,780300
23472416,189,8596,2001,0.0,7.87153380197941e-10,0.45280200000000004,2.469852,SCG,780411
23478942,189,8597,2001,8.10108915952671e-09,4.514117489808824e-09,0.45280200000000004,2.469852,SCG,780419
23485468,189,8598,2001,7.64259411974951e-10,0.0,0.45280200000000004,2.469852,SCG,780420
23491994,189,8599,2001,8.336548938711697e-10,1.678045290080916e-09,0.45280200000000004,2.469852,SCG,780500
23498520,189,8600,2001,9.894765392468714e-09,2.0514377103466003e-08,0.45280200000000004,2.469852,SCG,780600
23505046,189,8601,2001,2.4386684484263853e-06,1.5717659950011042e-06,0.45280200000000004,2.469852,SCG,790111
23511572,189,8602,2001,1.4757903791903295e-09,4.127666609256908e-09,0.45280200000000004,2.469852,SCG,790112
23518098,189,8603,2001,1.1498740439091798e-07,3.989028184441414e-08,0.45280200000000004,2.469852,SCG,790120
23524624,189,8604,2001,3.3200131902121996e-08,6.42052011839769e-09,0.45280200000000004,2.469852,SCG,790200
23531150,189,8605,2001,1.2144815405915982e-08,1.7430393018101015e-08,0.45280200000000004,2.469852,SCG,790310
23537676,189,8606,2001,1.0264470579863418e-08,1.4406729739134358e-08,0.45280200000000004,2.469852,SCG,790390
23544202,189,8607,2001,0.0,2.1936224682855126e-08,0.45280200000000004,2.469852,SCG,790400
23550728,189,8608,2001,1.1276917326654976e-08,3.268492837683383e-08,0.45280200000000004,2.469852,SCG,790500
23557254,189,8609,2001,6.739543743982121e-10,1.83647026512707e-08,0.45280200000000004,2.469852,SCG,790600
23563780,189,8610,2001,0.0,0.0,0.45280200000000004,2.469852,SCG,790710
23570306,189,8611,2001,1.9842865303774696e-08,3.936860629896927e-08,0.45280200000000004,2.469852,SCG,790790
23576832,189,8612,2001,5.036475585655704e-09,1.617681397392305e-07,0.45280200000000004,2.469852,SCG,800110
23583358,189,8613,2001,0.0,1.5408320271748327e-09,0.45280200000000004,2.469852,SCG,800120
23589884,189,8614,2001,0.0,4.991381012960418e-10,0.45280200000000004,2.469852,SCG,800200
23596410,189,8615,2001,4.800106695354173e-10,2.152657349215001e-08,0.45280200000000004,2.469852,SCG,800300
23602936,189,8616,2001,0.0,1.254142480281688e-09,0.45280200000000004,2.469852,SCG,800400
23609462,189,8617,2001,0.0,2.1407257611362108e-09,0.45280200000000004,2.469852,SCG,800510
23615988,189,8618,2001,0.0,0.0,0.45280200000000004,2.469852,SCG,800520
23622514,189,8619,2001,0.0,2.9570452455267495e-09,0.45280200000000004,2.469852,SCG,800600
23629040,189,8620,2001,0.0,1.7095314252888335e-09,0.45280200000000004,2.469852,SCG,800700
23635566,189,8621,2001,0.0,8.814129260203808e-09,0.45280200000000004,2.469852,SCG,810110
23642092,189,8622,2001,0.0,1.7831095517747043e-10,0.45280200000000004,2.469852,SCG,810191
23648618,189,8623,2001,0.0,4.5671467701590006e-10,0.45280200000000004,2.469852,SCG,810192
23655144,189,8624,2001,0.0,3.342501827072099e-08,0.45280200000000004,2.469852,SCG,810193
23661670,189,8625,2001,0.0,3.1051957975050565e-09,0.45280200000000004,2.469852,SCG,810199
23668196,189,8626,2001,0.0,0.0,0.45280200000000004,2.469852,SCG,810210
23674722,189,8627,2001,0.0,0.0,0.45280200000000004,2.469852,SCG,810291
23681248,189,8628,2001,0.0,0.0,0.45280200000000004,2.469852,SCG,810292
23687774,189,8629,2001,0.0,2.8247371910530574e-08,0.45280200000000004,2.469852,SCG,810293
23694300,189,8630,2001,0.0,6.47288653274349e-10,0.45280200000000004,2.469852,SCG,810299
23700826,189,8631,2001,0.0,7.978255228684141e-09,0.45280200000000004,2.469852,SCG,810310
23707352,189,8632,2001,0.0,0.0,0.45280200000000004,2.469852,SCG,810390
23713878,189,8633,2001,5.686574884355792e-07,2.078297040843965e-07,0.45280200000000004,2.469852,SCG,810411
23720404,189,8634,2001,1.9912260785670916e-08,2.370740264655104e-09,0.45280200000000004,2.469852,SCG,810419
23726930,189,8635,2001,0.0,5.889233015889353e-08,0.45280200000000004,2.469852,SCG,810420
23733456,189,8636,2001,0.0,1.296870822923843e-07,0.45280200000000004,2.469852,SCG,810430
23739982,189,8637,2001,1.1598742661911675e-08,1.264582619850629e-08,0.45280200000000004,2.469852,SCG,810490
23746508,189,8638,2001,0.0,7.260503919144495e-08,0.45280200000000004,2.469852,SCG,810510
23753034,189,8639,2001,0.0,5.132240038890575e-09,0.45280200000000004,2.469852,SCG,810590
23759560,189,8640,2001,0.0,1.4252944826118844e-08,0.45280200000000004,2.469852,SCG,810600
23766086,189,8641,2001,4.527070323352019e-09,0.0,0.45280200000000004,2.469852,SCG,810710
23772612,189,8642,2001,0.0,0.0,0.45280200000000004,2.469852,SCG,810790
23779138,189,8643,2001,3.1150692408392184e-08,3.5065611631554595e-10,0.45280200000000004,2.469852,SCG,810810
23785664,189,8644,2001,5.895282553751267e-09,1.5404674508724253e-08,0.45280200000000004,2.469852,SCG,810890
23792190,189,8645,2001,0.0,6.9319212407747096e-09,0.45280200000000004,2.469852,SCG,810910
23798716,189,8646,2001,0.0,0.0,0.45280200000000004,2.469852,SCG,810990
23805242,189,8647,2001,2.5298168380822385e-07,1.716392088434138e-08,0.45280200000000004,2.469852,SCG,811000
23811768,189,8648,2001,0.0,2.5816973705481523e-08,0.45280200000000004,2.469852,SCG,811100
23818294,189,8649,2001,0.0,0.0,0.45280200000000004,2.469852,SCG,811211
23824820,189,8650,2001,0.0,0.0,0.45280200000000004,2.469852,SCG,811219
23831346,189,8651,2001,1.163025851395188e-08,6.532875906139627e-09,0.45280200000000004,2.469852,SCG,811220
23837872,189,8652,2001,0.0,0.0,0.45280200000000004,2.469852,SCG,811230
23844398,189,8653,2001,0.0,8.139994533752182e-10,0.45280200000000004,2.469852,SCG,811240
23850924,189,8654,2001,0.0,0.0,0.45280200000000004,2.469852,SCG,811291
23857450,189,8655,2001,0.0,0.0,0.45280200000000004,2.469852,SCG,811299
23863976,189,8656,2001,0.0,1.1021804487782117e-08,0.45280200000000004,2.469852,SCG,811300
23870502,189,8657,2001,4.3667637298013653e-10,7.099792056383239e-08,0.45280200000000004,2.469852,SCG,820110
23877028,189,8658,2001,0.0,4.33620425423398e-08,0.45280200000000004,2.469852,SCG,820120
23883554,189,8659,2001,5.672853367236749e-10,7.661670424993584e-08,0.45280200000000004,2.469852,SCG,820130
23890080,189,8660,2001,0.0,9.387309494188785e-08,0.45280200000000004,2.469852,SCG,820140
23896606,189,8661,2001,8.721405978048805e-10,2.1748633603616375e-08,0.45280200000000004,2.469852,SCG,820150
23903132,189,8662,2001,0.0,1.5078544434570663e-08,0.45280200000000004,2.469852,SCG,820160
23909658,189,8663,2001,0.0,1.3422705155636385e-07,0.45280200000000004,2.469852,SCG,820190
23916184,189,8664,2001,3.718264466666395e-09,3.8486331647143205e-08,0.45280200000000004,2.469852,SCG,820210
23922710,189,8665,2001,2.0597730567545357e-08,4.471296345926056e-08,0.45280200000000004,2.469852,SCG,820220
23929236,189,8666,2001,2.0589245530457608e-08,1.2394301693145356e-07,0.45280200000000004,2.469852,SCG,820231
23935762,189,8667,2001,1.3824549712251094e-09,9.420088218105237e-08,0.45280200000000004,2.469852,SCG,820232
23942288,189,8668,2001,0.0,4.386316924164897e-08,0.45280200000000004,2.469852,SCG,820240
23948814,189,8669,2001,0.0,7.966621930307321e-08,0.45280200000000004,2.469852,SCG,820291
23955340,189,8670,2001,1.6967043805106068e-09,8.445343758668545e-08,0.45280200000000004,2.469852,SCG,820299
23961866,189,8671,2001,2.2611108653652246e-08,4.771475216008277e-08,0.45280200000000004,2.469852,SCG,820310
23968392,189,8672,2001,4.694346768796179e-09,2.0557861113353147e-07,0.45280200000000004,2.469852,SCG,820320
23974918,189,8673,2001,3.798569281961146e-09,3.609404823734584e-08,0.45280200000000004,2.469852,SCG,820330
23981444,189,8674,2001,0.0,1.5944910302291682e-08,0.45280200000000004,2.469852,SCG,820340
23987970,189,8675,2001,9.615365242650752e-10,1.9759107578078604e-07,0.45280200000000004,2.469852,SCG,820411
23994496,189,8676,2001,1.0194165986850654e-09,2.7902350155252235e-08,0.45280200000000004,2.469852,SCG,820412
24001022,189,8677,2001,0.0,7.347140505916596e-08,0.45280200000000004,2.469852,SCG,820420
24007548,189,8678,2001,2.1571994647442052e-08,1.4067342344893224e-08,0.45280200000000004,2.469852,SCG,820510
24014074,189,8679,2001,0.0,5.217153174051296e-08,0.45280200000000004,2.469852,SCG,820520
24020600,189,8680,2001,0.0,1.8948024735122646e-08,0.45280200000000004,2.469852,SCG,820530
24027126,189,8681,2001,3.3355286866012233e-09,8.951541382911204e-08,0.45280200000000004,2.469852,SCG,820540
24033652,189,8682,2001,2.4218720144741505e-09,4.7665700075758854e-08,0.45280200000000004,2.469852,SCG,820551
24040178,189,8683,2001,3.118948114936474e-08,5.541370879782257e-07,0.45280200000000004,2.469852,SCG,820559
24046704,189,8684,2001,0.0,4.358343978780178e-09,0.45280200000000004,2.469852,SCG,820560
24053230,189,8685,2001,4.735862843118371e-09,4.9188303287813316e-08,0.45280200000000004,2.469852,SCG,820570
24059756,189,8686,2001,4.918291140504938e-10,7.173204466368016e-09,0.45280200000000004,2.469852,SCG,820580
24066282,189,8687,2001,2.3694769104573113e-08,2.7327181323254127e-07,0.45280200000000004,2.469852,SCG,820590
24072808,189,8688,2001,8.039269603601695e-09,3.524783349615789e-07,0.45280200000000004,2.469852,SCG,820600
24079334,189,8689,2001,0.0,9.407062901119225e-09,0.45280200000000004,2.469852,SCG,820711
24085860,189,8690,2001,1.8280406331473806e-08,2.2165443747168767e-07,0.45280200000000004,2.469852,SCG,820712
24092386,189,8691,2001,3.777023348499045e-08,2.7686255837825265e-08,0.45280200000000004,2.469852,SCG,820720
24098912,189,8692,2001,3.9563152125335334e-07,1.1980441303312444e-07,0.45280200000000004,2.469852,SCG,820730
24105438,189,8693,2001,3.8313094036382965e-07,2.3283168403749624e-07,0.45280200000000004,2.469852,SCG,820740
24111964,189,8694,2001,1.0543749514865841e-07,1.8610857941996176e-07,0.45280200000000004,2.469852,SCG,820750
24118490,189,8695,2001,2.000114154916507e-07,2.2530484055779296e-08,0.45280200000000004,2.469852,SCG,820760
24125016,189,8696,2001,1.3418783117233466e-07,1.4154774370870578e-07,0.45280200000000004,2.469852,SCG,820770
24131542,189,8697,2001,2.551511259693375e-08,3.329774799788056e-08,0.45280200000000004,2.469852,SCG,820780
24138068,189,8698,2001,1.594138464342073e-07,3.482625071737398e-07,0.45280200000000004,2.469852,SCG,820790
24144594,189,8699,2001,2.6038760600063298e-08,8.001753828539314e-08,0.45280200000000004,2.469852,SCG,820810
24151120,189,8700,2001,1.6167632096624736e-08,2.4516762037895616e-08,0.45280200000000004,2.469852,SCG,820820
24157646,189,8701,2001,8.771407089458745e-09,2.1832154720167902e-08,0.45280200000000004,2.469852,SCG,820830
24164172,189,8702,2001,1.2663917853462808e-09,3.440141989516863e-08,0.45280200000000004,2.469852,SCG,820840
24170698,189,8703,2001,6.639177876715625e-08,2.085101360378897e-07,0.45280200000000004,2.469852,SCG,820890
24177224,189,8704,2001,2.694726564252995e-07,1.3329274192319417e-07,0.45280200000000004,2.469852,SCG,820900
24183750,189,8705,2001,2.64399816394982e-09,2.6722117234458608e-08,0.45280200000000004,2.469852,SCG,821000
24190276,189,8706,2001,7.097127449822899e-10,4.1067200435185885e-08,0.45280200000000004,2.469852,SCG,821110
24196802,189,8707,2001,3.5000777986957507e-10,3.22116420497085e-08,0.45280200000000004,2.469852,SCG,821191
24203328,189,8708,2001,1.6000355651180575e-10,2.512693019492484e-08,0.45280200000000004,2.469852,SCG,821192
24209854,189,8709,2001,2.0029233082666288e-08,7.584380248883202e-08,0.45280200000000004,2.469852,SCG,821193
24216380,189,8710,2001,9.782035614017216e-10,8.64675559409856e-09,0.45280200000000004,2.469852,SCG,821194
24222906,189,8711,2001,5.287693290860792e-09,3.761801032470927e-07,0.45280200000000004,2.469852,SCG,821210
24229432,189,8712,2001,8.982260261089265e-08,3.466925090423724e-07,0.45280200000000004,2.469852,SCG,821220
24235958,189,8713,2001,4.855562473463378e-09,1.3338852606082667e-08,0.45280200000000004,2.469852,SCG,821290
24242484,189,8714,2001,4.6394970647646705e-10,5.729184019132475e-08,0.45280200000000004,2.469852,SCG,821300
24249010,189,8715,2001,1.1112368214560448e-09,2.6280648475543384e-08,0.45280200000000004,2.469852,SCG,821410
24255536,189,8716,2001,0.0,5.8353420097334854e-08,0.45280200000000004,2.469852,SCG,821420
24262062,189,8717,2001,1.0963880065524872e-09,1.3548649696468055e-08,0.45280200000000004,2.469852,SCG,821490
24268588,189,8718,2001,7.630472638195584e-09,2.520614268244792e-08,0.45280200000000004,2.469852,SCG,821510
24275114,189,8719,2001,3.238859871208674e-09,5.16962568153745e-08,0.45280200000000004,2.469852,SCG,821520
24281640,189,8720,2001,0.0,4.398447372045e-09,0.45280200000000004,2.469852,SCG,821591
24288166,189,8721,2001,7.989874566269451e-09,9.619047449319057e-08,0.45280200000000004,2.469852,SCG,821599
24294692,189,8722,2001,6.368929445470874e-09,4.882405841840804e-08,0.45280200000000004,2.469852,SCG,830110
24301218,189,8723,2001,1.2791799483856712e-08,7.728288458433494e-08,0.45280200000000004,2.469852,SCG,830120
24307744,189,8724,2001,8.085634270545456e-09,2.109604202230701e-08,0.45280200000000004,2.469852,SCG,830130
24314270,189,8725,2001,1.0611326774528971e-07,3.256703765795534e-07,0.45280200000000004,2.469852,SCG,830140
24320796,189,8726,2001,1.6417334616635583e-08,3.110200435838105e-08,0.45280200000000004,2.469852,SCG,830150
24327322,189,8727,2001,3.39559062770092e-08,1.0634558168024949e-07,0.45280200000000004,2.469852,SCG,830160
24333848,189,8728,2001,0.0,4.849958550926539e-08,0.45280200000000004,2.469852,SCG,830170
24340374,189,8729,2001,2.4224174811440773e-08,4.364263372199267e-07,0.45280200000000004,2.469852,SCG,830210
24346900,189,8730,2001,2.6410890083768785e-08,4.807137407043771e-08,0.45280200000000004,2.469852,SCG,830220
24353426,189,8731,2001,1.0999335399070101e-08,7.428938170856744e-08,0.45280200000000004,2.469852,SCG,830230
24359952,189,8732,2001,2.568293450904784e-07,2.2458447092753603e-06,0.45280200000000004,2.469852,SCG,830241
24366478,189,8733,2001,3.9799369497117436e-08,6.141934108408057e-07,0.45280200000000004,2.469852,SCG,830242
24373004,189,8734,2001,6.541024179832719e-08,2.816365193417773e-07,0.45280200000000004,2.469852,SCG,830249
24379530,189,8735,2001,4.383430766938011e-09,2.2105255513971314e-08,0.45280200000000004,2.469852,SCG,830250
24386056,189,8736,2001,6.572630942984578e-08,1.5296395346909236e-07,0.45280200000000004,2.469852,SCG,830260
24392582,189,8737,2001,2.8356993947251392e-08,2.7853397500828977e-07,0.45280200000000004,2.469852,SCG,830300
24399108,189,8738,2001,5.82709922001044e-09,1.7188446926503333e-08,0.45280200000000004,2.469852,SCG,830400
24405634,189,8739,2001,3.026127869937296e-09,5.771905733114586e-08,0.45280200000000004,2.469852,SCG,830510
24412160,189,8740,2001,2.915519350757733e-09,1.5443120736978132e-08,0.45280200000000004,2.469852,SCG,830520
24418686,189,8741,2001,4.362218174218644e-09,7.585076258187797e-08,0.45280200000000004,2.469852,SCG,830590
24425212,189,8742,2001,8.407156568763308e-09,1.3881110140963446e-07,0.45280200000000004,2.469852,SCG,830610
24431738,189,8743,2001,1.9706498636293044e-09,3.6679690352213106e-09,0.45280200000000004,2.469852,SCG,830621
24438264,189,8744,2001,2.229958657771638e-08,6.18513640024334e-08,0.45280200000000004,2.469852,SCG,830629
24444790,189,8745,2001,6.76378670708997e-10,5.902921198879743e-08,0.45280200000000004,2.469852,SCG,830630
24451316,189,8746,2001,1.6745826766746942e-09,7.015044637723612e-08,0.45280200000000004,2.469852,SCG,830710
24457842,189,8747,2001,1.360333267389197e-09,2.9370266921945573e-08,0.45280200000000004,2.469852,SCG,830790
24464368,189,8748,2001,4.7461661024392075e-09,1.0437753251325355e-07,0.45280200000000004,2.469852,SCG,830810
24470894,189,8749,2001,3.6606874292852525e-10,3.04663158601833e-08,0.45280200000000004,2.469852,SCG,830820
24477420,189,8750,2001,3.987664394202371e-09,3.109070249300641e-07,0.45280200000000004,2.469852,SCG,830890
24483946,189,8751,2001,1.438265302669767e-07,1.079251913686804e-07,0.45280200000000004,2.469852,SCG,830910
24490472,189,8752,2001,5.950586813341048e-08,3.7206602539092556e-07,0.45280200000000004,2.469852,SCG,830990
24496998,189,8753,2001,4.111697454202905e-08,1.0262425193167582e-07,0.45280200000000004,2.469852,SCG,831000
24503524,189,8754,2001,1.6844010767333733e-08,4.2210412289635046e-07,0.45280200000000004,2.469852,SCG,831110
24510050,189,8755,2001,4.6785888427760776e-09,9.323906360870103e-08,0.45280200000000004,2.469852,SCG,831120
24516576,189,8756,2001,5.455878847421497e-09,5.8310665240052526e-08,0.45280200000000004,2.469852,SCG,831130
24523102,189,8757,2001,7.739565972180907e-10,1.8210022869149277e-07,0.45280200000000004,2.469852,SCG,831190
24529628,189,8758,2001,0.0,0.0,0.45280200000000004,2.469852,SCG,840110
24536154,189,8759,2001,0.0,5.871998499775545e-09,0.45280200000000004,2.469852,SCG,840120
24542680,189,8760,2001,0.0,0.0,0.45280200000000004,2.469852,SCG,840130
24549206,189,8761,2001,0.0,1.7029027652450614e-09,0.45280200000000004,2.469852,SCG,840140
24555732,189,8762,2001,3.3279527606300202e-09,2.2922615697988727e-06,0.45280200000000004,2.469852,SCG,840211
24562258,189,8763,2001,2.127774568272053e-08,5.000661137021698e-08,0.45280200000000004,2.469852,SCG,840212
24568784,189,8764,2001,3.144191100272522e-08,1.704186405262538e-06,0.45280200000000004,2.469852,SCG,840219
24575310,189,8765,2001,6.300140037652352e-10,1.0848796460639664e-08,0.45280200000000004,2.469852,SCG,840220
24581836,189,8766,2001,4.933746029486192e-08,2.205966359019025e-06,0.45280200000000004,2.469852,SCG,840290
24588362,189,8767,2001,9.18735572898167e-08,5.151423381057252e-07,0.45280200000000004,2.469852,SCG,840310
24594888,189,8768,2001,2.202094402049554e-07,5.584380940476272e-08,0.45280200000000004,2.469852,SCG,840390
24601414,189,8769,2001,4.440704767280306e-09,1.2974906026379357e-07,0.45280200000000004,2.469852,SCG,840410
24607940,189,8770,2001,6.900153374571623e-10,3.253280062882926e-08,0.45280200000000004,2.469852,SCG,840420
24614466,189,8771,2001,4.785560917489463e-09,5.372787483219022e-07,0.45280200000000004,2.469852,SCG,840490
24620992,189,8772,2001,1.0063860060145963e-09,2.1148842613885673e-06,0.45280200000000004,2.469852,SCG,840510
24627518,189,8773,2001,0.0,8.45264522770676e-07,0.45280200000000004,2.469852,SCG,840590
24634044,189,8774,2001,0.0,0.0,0.45280200000000004,2.469852,SCG,840611
24640570,189,8775,2001,8.696253903824412e-09,2.3960932321575213e-06,0.45280200000000004,2.469852,SCG,840619
24647096,189,8776,2001,2.3922955994825745e-08,1.0502574917893402e-06,0.45280200000000004,2.469852,SCG,840690
24653622,189,8777,2001,1.1491164513120594e-09,1.0627399215177675e-08,0.45280200000000004,2.469852,SCG,840710
24660148,189,8778,2001,0.0,2.231836693437859e-08,0.45280200000000004,2.469852,SCG,840721
24666674,189,8779,2001,1.450941342004784e-09,9.408057200125792e-09,0.45280200000000004,2.469852,SCG,840729
24673200,189,8780,2001,0.0,7.119180887011272e-10,0.45280200000000004,2.469852,SCG,840731
24679726,189,8781,2001,4.684952620591888e-10,2.348534253508467e-09,0.45280200000000004,2.469852,SCG,840732
24686252,189,8782,2001,1.7195230695358698e-08,1.6429133918489237e-09,0.45280200000000004,2.469852,SCG,840733
24692778,189,8783,2001,2.3312639398585635e-09,3.8710380356622704e-08,0.45280200000000004,2.469852,SCG,840734
24699304,189,8784,2001,2.367870814151416e-08,9.134956406322378e-08,0.45280200000000004,2.469852,SCG,840790
24705830,189,8785,2001,6.5340846316430975e-09,8.449652387696997e-08,0.45280200000000004,2.469852,SCG,840810
24712356,189,8786,2001,7.188917368889994e-08,1.0425629432105295e-06,0.45280200000000004,2.469852,SCG,840820
24718882,189,8787,2001,6.274412193054146e-08,5.368047991287725e-07,0.45280200000000004,2.469852,SCG,840890
24725408,189,8788,2001,1.8745871223144516e-09,6.21718597155498e-08,0.45280200000000004,2.469852,SCG,840910
24731934,189,8789,2001,1.2849067423458229e-06,9.097209501703119e-07,0.45280200000000004,2.469852,SCG,840991
24738460,189,8790,2001,1.3273540494883952e-06,1.6047932936691988e-06,0.45280200000000004,2.469852,SCG,840999
24744986,189,8791,2001,0.0,1.0615799060101073e-09,0.45280200000000004,2.469852,SCG,841011
24751512,189,8792,2001,4.342823803732364e-09,0.0,0.45280200000000004,2.469852,SCG,841012
24758038,189,8793,2001,0.0,0.0,0.45280200000000004,2.469852,SCG,841013
24764564,189,8794,2001,7.612290415864698e-10,1.5405005941726443e-08,0.45280200000000004,2.469852,SCG,841090
24771090,189,8795,2001,1.8933451150191498e-08,0.0,0.45280200000000004,2.469852,SCG,841111
24777616,189,8796,2001,3.816509074660954e-08,2.7405863517973703e-08,0.45280200000000004,2.469852,SCG,841112
24784142,189,8797,2001,1.8852843297857898e-08,1.2932515745399436e-09,0.45280200000000004,2.469852,SCG,841121
24790668,189,8798,2001,0.0,1.5130479986013618e-07,0.45280200000000004,2.469852,SCG,841122
24797194,189,8799,2001,0.0,2.7683935806809944e-08,0.45280200000000004,2.469852,SCG,841181
24803720,189,8800,2001,0.0,0.0,0.45280200000000004,2.469852,SCG,841182
24810246,189,8801,2001,1.8831327668099683e-07,1.202011383367442e-07,0.45280200000000004,2.469852,SCG,841191
24816772,189,8802,2001,3.936451134637039e-10,3.8995412738504904e-08,0.45280200000000004,2.469852,SCG,841199
24823298,189,8803,2001,1.0495081766426834e-08,2.4807760213817215e-09,0.45280200000000004,2.469852,SCG,841210
24829824,189,8804,2001,1.5365068802939383e-07,2.3060345996378224e-07,0.45280200000000004,2.469852,SCG,841221
24836350,189,8805,2001,2.0588548545268258e-07,5.685534292744235e-08,0.45280200000000004,2.469852,SCG,841229
24842876,189,8806,2001,1.79550051591587e-07,3.186131736639514e-08,0.45280200000000004,2.469852,SCG,841231
24849402,189,8807,2001,7.440771451876664e-09,8.12607434766026e-09,0.45280200000000004,2.469852,SCG,841239
24855928,189,8808,2001,4.918291140504938e-10,4.971163599826913e-09,0.45280200000000004,2.469852,SCG,841280
24862454,189,8809,2001,1.434656131537086e-07,1.231707780363541e-07,0.45280200000000004,2.469852,SCG,841290
24868980,189,8810,2001,1.679134292998193e-07,2.592578316010004e-07,0.45280200000000004,2.469852,SCG,841311
24875506,189,8811,2001,1.75894818829001e-08,3.616033483778356e-08,0.45280200000000004,2.469852,SCG,841319
24882032,189,8812,2001,2.6996660679862195e-08,1.616663898075586e-08,0.45280200000000004,2.469852,SCG,841320
24888558,189,8813,2001,3.3648596415913323e-07,3.089422900930901e-07,0.45280200000000004,2.469852,SCG,841330
24895084,189,8814,2001,0.0,3.0037110122349054e-08,0.45280200000000004,2.469852,SCG,841340
24901610,189,8815,2001,1.7600966986672444e-07,1.3698821989759712e-07,0.45280200000000004,2.469852,SCG,841350
24908136,189,8816,2001,5.072891546614082e-07,3.043214511765765e-07,0.45280200000000004,2.469852,SCG,841360
24914662,189,8817,2001,1.3133928300716235e-07,1.2120746836128946e-06,0.45280200000000004,2.469852,SCG,841370
24921188,189,8818,2001,1.1502952653931786e-07,4.341460781648691e-07,0.45280200000000004,2.469852,SCG,841381
24927714,189,8819,2001,6.847121892773203e-09,6.473814545149617e-08,0.45280200000000004,2.469852,SCG,841382
24934240,189,8820,2001,2.9069585544102737e-07,7.982116423159639e-07,0.45280200000000004,2.469852,SCG,841391
24940766,189,8821,2001,5.554971959124831e-09,1.1383795612772513e-07,0.45280200000000004,2.469852,SCG,841392
24947292,189,8822,2001,1.4227892010957938e-08,1.7971788827176106e-07,0.45280200000000004,2.469852,SCG,841410
24953818,189,8823,2001,2.9061252025534414e-10,2.6710848512384194e-08,0.45280200000000004,2.469852,SCG,841420
24960344,189,8824,2001,1.6984013879281562e-08,8.966943074522908e-07,0.45280200000000004,2.469852,SCG,841430
24966870,189,8825,2001,5.229207142363106e-09,3.5579365928247154e-07,0.45280200000000004,2.469852,SCG,841440
24973396,189,8826,2001,2.2433831985926096e-09,4.320925192833085e-08,0.45280200000000004,2.469852,SCG,841451
24979922,189,8827,2001,1.6994620175641247e-08,2.8650924733995425e-07,0.45280200000000004,2.469852,SCG,841459
24986448,189,8828,2001,6.003769813658893e-09,1.0696072133231155e-07,0.45280200000000004,2.469852,SCG,841460
24992974,189,8829,2001,7.080990727504236e-07,8.757563589720278e-07,0.45280200000000004,2.469852,SCG,841480
24999500,189,8830,2001,1.1915143634172995e-07,1.2340291371108701e-06,0.45280200000000004,2.469852,SCG,841490
25006026,189,8831,2001,2.5470263115184227e-09,3.654638799873285e-07,0.45280200000000004,2.469852,SCG,841510
25012552,189,8832,2001,7.689564860770968e-09,1.600289450602458e-06,0.45280200000000004,2.469852,SCG,841581
25019078,189,8833,2001,6.7237858179620185e-09,1.0256101451485823e-06,0.45280200000000004,2.469852,SCG,841582
25025604,189,8834,2001,4.1303342320920646e-08,3.465861190486698e-07,0.45280200000000004,2.469852,SCG,841583
25032130,189,8835,2001,1.433365193751593e-08,3.942574534854659e-07,0.45280200000000004,2.469852,SCG,841590
25038656,189,8836,2001,1.8721628260036666e-09,2.1143470084920197e-07,0.45280200000000004,2.469852,SCG,841610
25045182,189,8837,2001,6.766817077478451e-10,3.1488123805930773e-07,0.45280200000000004,2.469852,SCG,841620
25051708,189,8838,2001,0.0,3.0422235270892214e-09,0.45280200000000004,2.469852,SCG,841630
25058234,189,8839,2001,1.1407223253359667e-08,2.1018818132797063e-07,0.45280200000000004,2.469852,SCG,841690
25064760,189,8840,2001,2.6546044603095045e-10,7.320228146138882e-08,0.45280200000000004,2.469852,SCG,841710
25071286,189,8841,2001,4.6148904572102035e-08,1.6105622165052937e-07,0.45280200000000004,2.469852,SCG,841720
25077812,189,8842,2001,5.379513513631772e-09,7.576790433133082e-08,0.45280200000000004,2.469852,SCG,841780
25084338,189,8843,2001,6.362353541727869e-08,3.787182171778531e-07,0.45280200000000004,2.469852,SCG,841790
25090864,189,8844,2001,0.0,8.433392284609624e-07,0.45280200000000004,2.469852,SCG,841810
25097390,189,8845,2001,2.8315780909968046e-09,2.02105060697394e-06,0.45280200000000004,2.469852,SCG,841821
25103916,189,8846,2001,0.0,1.9503175013788564e-08,0.45280200000000004,2.469852,SCG,841822
25110442,189,8847,2001,0.0,9.836600071955659e-08,0.45280200000000004,2.469852,SCG,841829
25116968,189,8848,2001,1.0283652824422503e-07,2.0946903799982177e-06,0.45280200000000004,2.469852,SCG,841830
25123494,189,8849,2001,2.96915690663385e-09,3.35469856155264e-07,0.45280200000000004,2.469852,SCG,841840
25130020,189,8850,2001,3.2601633750396965e-08,2.6041373733943338e-06,0.45280200000000004,2.469852,SCG,841850
25136546,189,8851,2001,3.091795996255683e-08,3.9308119776069856e-07,0.45280200000000004,2.469852,SCG,841861
25143072,189,8852,2001,5.546183884998236e-09,5.572459295387549e-07,0.45280200000000004,2.469852,SCG,841869
25149598,189,8853,2001,0.0,2.0746711638000215e-07,0.45280200000000004,2.469852,SCG,841891
25156124,189,8854,2001,7.317738414104328e-09,1.2775966681145668e-06,0.45280200000000004,2.469852,SCG,841899
25162650,189,8855,2001,8.469885235804869e-10,9.176716964598143e-09,0.45280200000000004,2.469852,SCG,841911
25169176,189,8856,2001,8.812014052664392e-09,4.521674162258724e-08,0.45280200000000004,2.469852,SCG,841919
25175702,189,8857,2001,8.724436348437287e-10,1.570240077459028e-07,0.45280200000000004,2.469852,SCG,841920
25182228,189,8858,2001,5.07562797107488e-08,3.83206151460489e-08,0.45280200000000004,2.469852,SCG,841931
25188754,189,8859,2001,5.309421046546203e-08,2.0856647964826177e-07,0.45280200000000004,2.469852,SCG,841932
25195280,189,8860,2001,1.9666194710126246e-08,4.2501609325357953e-07,0.45280200000000004,2.469852,SCG,841939
25201806,189,8861,2001,3.2718909084431188e-09,1.2066282450879292e-07,0.45280200000000004,2.469852,SCG,841940
25208332,189,8862,2001,2.987763380819124e-08,7.259343903636835e-07,0.45280200000000004,2.469852,SCG,841950
25214858,189,8863,2001,0.0,3.294984277548318e-07,0.45280200000000004,2.469852,SCG,841960
25221384,189,8864,2001,2.6891203790343048e-08,3.906375422355619e-07,0.45280200000000004,2.469852,SCG,841981
25227910,189,8865,2001,6.315807052560798e-08,7.042043170081896e-07,0.45280200000000004,2.469852,SCG,841989
25234436,189,8866,2001,1.0747723745714509e-07,1.5242269023321813e-06,0.45280200000000004,2.469852,SCG,841990
25240962,189,8867,2001,3.3009824641725378e-09,1.0995853283710749e-07,0.45280200000000004,2.469852,SCG,842010
25247488,189,8868,2001,2.8983977580628144e-08,1.0470233685539837e-07,0.45280200000000004,2.469852,SCG,842091
25254014,189,8869,2001,0.0,5.081862222557907e-09,0.45280200000000004,2.469852,SCG,842099
25260540,189,8870,2001,6.733483003205159e-10,2.3065748354313897e-08,0.45280200000000004,2.469852,SCG,842111
25267066,189,8871,2001,0.0,1.994895240173224e-08,0.45280200000000004,2.469852,SCG,842112
25273592,189,8872,2001,1.0925091324552312e-08,1.3370405027891023e-07,0.45280200000000004,2.469852,SCG,842119
25280118,189,8873,2001,9.616668301917797e-08,6.767324983227804e-07,0.45280200000000004,2.469852,SCG,842121
25286644,189,8874,2001,3.742204392735396e-09,9.236905197795594e-08,0.45280200000000004,2.469852,SCG,842122
25293170,189,8875,2001,2.490031105251869e-07,6.302390767757626e-07,0.45280200000000004,2.469852,SCG,842123
25299696,189,8876,2001,7.76886965383752e-08,4.637427138273095e-07,0.45280200000000004,2.469852,SCG,842129
25306222,189,8877,2001,4.184426343526453e-08,2.0693218351446975e-07,0.45280200000000004,2.469852,SCG,842131
25312748,189,8878,2001,7.709747127558252e-08,5.772674657679664e-07,0.45280200000000004,2.469852,SCG,842139
25319274,189,8879,2001,6.430445964357042e-10,4.9224429485051874e-08,0.45280200000000004,2.469852,SCG,842191
25325800,189,8880,2001,6.16925834057385e-08,5.464581167505179e-07,0.45280200000000004,2.469852,SCG,842199
25332326,189,8881,2001,5.533456329366615e-10,4.945865318769856e-07,0.45280200000000004,2.469852,SCG,842211
25338852,189,8882,2001,2.5533900893342335e-09,1.1556472206912778e-07,0.45280200000000004,2.469852,SCG,842219
25345378,189,8883,2001,5.9507383318604726e-09,4.295537424865437e-08,0.45280200000000004,2.469852,SCG,842220
25351904,189,8884,2001,1.902472590629255e-07,3.3225018339880298e-06,0.45280200000000004,2.469852,SCG,842230
25358430,189,8885,2001,9.046807150363914e-08,3.211491664234978e-06,0.45280200000000004,2.469852,SCG,842240
25364956,189,8886,2001,1.6973407582921877e-08,1.3187579955223743e-06,0.45280200000000004,2.469852,SCG,842290
25371482,189,8887,2001,0.0,7.19753164872866e-08,0.45280200000000004,2.469852,SCG,842310
25378008,189,8888,2001,0.0,6.09617978245592e-08,0.45280200000000004,2.469852,SCG,842320
25384534,189,8889,2001,5.239510401683942e-10,3.6756914241723055e-08,0.45280200000000004,2.469852,SCG,842330
25391060,189,8890,2001,8.932016720048246e-09,1.6424560143059032e-07,0.45280200000000004,2.469852,SCG,842381
25397586,189,8891,2001,1.00017374671821e-08,3.6639586958948283e-08,0.45280200000000004,2.469852,SCG,842382
25404112,189,8892,2001,3.2852245381524358e-09,5.063500834236658e-08,0.45280200000000004,2.469852,SCG,842389
25410638,189,8893,2001,7.109248931376823e-10,8.512724088013489e-08,0.45280200000000004,2.469852,SCG,842390
25417164,189,8894,2001,2.7366365867256897e-08,7.978387801885016e-08,0.45280200000000004,2.469852,SCG,842410
25423690,189,8895,2001,1.0451747469871554e-09,8.582291875172878e-08,0.45280200000000004,2.469852,SCG,842420
25430216,189,8896,2001,2.0521062196716783e-08,3.118940324105818e-07,0.45280200000000004,2.469852,SCG,842430
25436742,189,8897,2001,4.631890835089583e-08,4.581047070270791e-07,0.45280200000000004,2.469852,SCG,842481
25443268,189,8898,2001,3.852206837837262e-08,8.480734174642245e-07,0.45280200000000004,2.469852,SCG,842489
25449794,189,8899,2001,1.852313899959115e-08,2.7735208492248523e-07,0.45280200000000004,2.469852,SCG,842490
25456320,189,8900,2001,3.4675619244273476e-08,1.5267792678820358e-08,0.45280200000000004,2.469852,SCG,842511
25462846,189,8901,2001,1.0864180879743841e-08,6.426386482536428e-08,0.45280200000000004,2.469852,SCG,842519
25469372,189,8902,2001,0.0,7.831761841716777e-10,0.45280200000000004,2.469852,SCG,842520
25475898,189,8903,2001,1.7255232029050625e-08,6.33670071214419e-08,0.45280200000000004,2.469852,SCG,842531
25482424,189,8904,2001,0.0,3.282413023775305e-08,0.45280200000000004,2.469852,SCG,842539
25488950,189,8905,2001,3.394317872137758e-09,8.136315627427889e-08,0.45280200000000004,2.469852,SCG,842541
25495476,189,8906,2001,1.1432678364622909e-08,9.84882994973642e-08,0.45280200000000004,2.469852,SCG,842542
25502002,189,8907,2001,3.807963430165437e-09,6.070062861883456e-08,0.45280200000000004,2.469852,SCG,842549
25508528,189,8908,2001,1.0878302405754163e-07,3.1849717211318544e-08,0.45280200000000004,2.469852,SCG,842611
25515054,189,8909,2001,0.0,2.5918060771149047e-09,0.45280200000000004,2.469852,SCG,842612
25521580,189,8910,2001,0.0,4.564064443238647e-08,0.45280200000000004,2.469852,SCG,842619
25528106,189,8911,2001,6.091983895667579e-08,9.296795141291076e-08,0.45280200000000004,2.469852,SCG,842620
25534632,189,8912,2001,0.0,2.596479282445764e-08,0.45280200000000004,2.469852,SCG,842630
25541158,189,8913,2001,4.743911506870178e-07,2.47964914917428e-08,0.45280200000000004,2.469852,SCG,842641
25547684,189,8914,2001,0.0,4.751920668879149e-07,0.45280200000000004,2.469852,SCG,842649
25554210,189,8915,2001,6.352171497222573e-08,1.2797291080506484e-08,0.45280200000000004,2.469852,SCG,842691
25560736,189,8916,2001,8.448066569007804e-09,5.09167263942269e-08,0.45280200000000004,2.469852,SCG,842699
25567262,189,8917,2001,1.2389669333305262e-08,5.976131434733183e-07,0.45280200000000004,2.469852,SCG,842710
25573788,189,8918,2001,4.6851344428151965e-08,1.219845793215211e-06,0.45280200000000004,2.469852,SCG,842720
25580314,189,8919,2001,2.576117867247842e-09,1.3071651319718212e-07,0.45280200000000004,2.469852,SCG,842790
25586840,189,8920,2001,3.2691635750934857e-09,3.5484112083418145e-07,0.45280200000000004,2.469852,SCG,842810
25593366,189,8921,2001,4.792833806421818e-09,3.7189765742581376e-08,0.45280200000000004,2.469852,SCG,842820
25599892,189,8922,2001,0.0,6.213241918828935e-08,0.45280200000000004,2.469852,SCG,842831
25606418,189,8923,2001,3.946148319880179e-09,3.7832414333825085e-08,0.45280200000000004,2.469852,SCG,842832
25612944,189,8924,2001,2.2922933766626956e-08,1.2629917414401236e-07,0.45280200000000004,2.469852,SCG,842833
25619470,189,8925,2001,1.0534537188884859e-07,1.5243134063457526e-07,0.45280200000000004,2.469852,SCG,842839
25625996,189,8926,2001,0.0,3.28808052811273e-08,0.45280200000000004,2.469852,SCG,842840
25632522,189,8927,2001,2.1947730271909832e-07,0.0,0.45280200000000004,2.469852,SCG,842850
25639048,189,8928,2001,0.0,6.123257858734728e-08,0.45280200000000004,2.469852,SCG,842860
25645574,189,8929,2001,3.40277260552162e-08,2.8055637918764465e-07,0.45280200000000004,2.469852,SCG,842890
25652100,189,8930,2001,8.729012207723894e-08,2.273809037402022e-06,0.45280200000000004,2.469852,SCG,842911
25658626,189,8931,2001,8.254486508591627e-08,3.411108458525141e-08,0.45280200000000004,2.469852,SCG,842919
25665152,189,8932,2001,6.361020178756938e-08,1.2604894222735997e-07,0.45280200000000004,2.469852,SCG,842920
25671678,189,8933,2001,2.6900597938547342e-09,4.21489977543295e-08,0.45280200000000004,2.469852,SCG,842930
25678204,189,8934,2001,7.370891110718287e-08,4.560634111665995e-07,0.45280200000000004,2.469852,SCG,842940
25684730,189,8935,2001,2.7673554513537234e-07,2.6982839005630276e-06,0.45280200000000004,2.469852,SCG,842951
25691256,189,8936,2001,1.2065722738776624e-08,1.1394046835530206e-06,0.45280200000000004,2.469852,SCG,842952
25697782,189,8937,2001,6.915123404290719e-08,6.762979896569111e-07,0.45280200000000004,2.469852,SCG,842959
25704308,189,8938,2001,0.0,1.119713254593989e-08,0.45280200000000004,2.469852,SCG,843010
25710834,189,8939,2001,2.456418236902836e-09,2.8592062232806726e-08,0.45280200000000004,2.469852,SCG,843020
25717360,189,8940,2001,0.0,4.788971564193813e-07,0.45280200000000004,2.469852,SCG,843031
25723886,189,8941,2001,4.933442992447344e-10,2.3912692248106665e-07,0.45280200000000004,2.469852,SCG,843039
25730412,189,8942,2001,7.601987156543861e-09,7.311312598380008e-08,0.45280200000000004,2.469852,SCG,843041
25736938,189,8943,2001,2.2136249613777246e-08,1.6961680466405888e-07,0.45280200000000004,2.469852,SCG,843049
25743464,189,8944,2001,3.974088334861975e-08,3.946008180757333e-08,0.45280200000000004,2.469852,SCG,843050
25749990,189,8945,2001,0.0,5.96904208281637e-08,0.45280200000000004,2.469852,SCG,843061
25756516,189,8946,2001,3.6555357996248346e-09,0.0,0.45280200000000004,2.469852,SCG,843062
25763042,189,8947,2001,1.6782039692889292e-07,2.6634420062079503e-07,0.45280200000000004,2.469852,SCG,843069
25769568,189,8948,2001,2.309142236022651e-08,5.146325941483591e-08,0.45280200000000004,2.469852,SCG,843110
25776094,189,8949,2001,7.247706554426529e-08,2.128479311705342e-07,0.45280200000000004,2.469852,SCG,843120
25782620,189,8950,2001,2.164684479603754e-08,2.611814687457031e-07,0.45280200000000004,2.469852,SCG,843131
25789146,189,8951,2001,5.119162272075801e-07,1.1545074225967512e-06,0.45280200000000004,2.469852,SCG,843139
25795672,189,8952,2001,1.1778746662987457e-08,4.649640444403745e-08,0.45280200000000004,2.469852,SCG,843141
25802198,189,8953,2001,2.2348981615048623e-09,8.431655575678155e-09,0.45280200000000004,2.469852,SCG,843142
25808724,189,8954,2001,1.270222173517321e-07,3.1374574859380953e-07,0.45280200000000004,2.469852,SCG,843143
25815250,189,8955,2001,3.298291495267567e-07,2.058383551773467e-06,0.45280200000000004,2.469852,SCG,843149
25821776,189,8956,2001,1.4153344899401303e-07,2.908357737505243e-07,0.45280200000000004,2.469852,SCG,843210
25828302,189,8957,2001,8.331942775721206e-08,1.3855026363691203e-07,0.45280200000000004,2.469852,SCG,843221
25834828,189,8958,2001,1.8936117876133363e-07,1.7540959067631137e-07,0.45280200000000004,2.469852,SCG,843229
25841354,189,8959,2001,1.6164995674386756e-07,2.6234910721241353e-07,0.45280200000000004,2.469852,SCG,843230
25847880,189,8960,2001,2.3342943102470447e-09,6.749202226668132e-08,0.45280200000000004,2.469852,SCG,843240
25854406,189,8961,2001,6.5519638169351364e-09,1.951199113164678e-07,0.45280200000000004,2.469852,SCG,843280
25860932,189,8962,2001,7.054035582898696e-08,4.1335031444254497e-07,0.45280200000000004,2.469852,SCG,843290
25867458,189,8963,2001,1.3419389191311162e-08,1.7305707922677664e-07,0.45280200000000004,2.469852,SCG,843311
25873984,189,8964,2001,2.2842931988371056e-09,4.3950667554226764e-08,0.45280200000000004,2.469852,SCG,843319
25880510,189,8965,2001,6.466507371979967e-08,3.3330394148596144e-07,0.45280200000000004,2.469852,SCG,843320
25887036,189,8966,2001,1.7566148030908796e-08,9.540133251497951e-08,0.45280200000000004,2.469852,SCG,843330
25893562,189,8967,2001,5.3443915208292755e-08,2.0900032544812666e-07,0.45280200000000004,2.469852,SCG,843340
25900088,189,8968,2001,1.1019760095488464e-07,2.1814290481349937e-06,0.45280200000000004,2.469852,SCG,843351
25906614,189,8969,2001,2.1317746571848484e-08,1.0748869410479799e-07,0.45280200000000004,2.469852,SCG,843352
25913140,189,8970,2001,6.250805607727878e-08,2.017525485562662e-07,0.45280200000000004,2.469852,SCG,843353
25919666,189,8971,2001,4.813470628767374e-08,4.340002476439061e-07,0.45280200000000004,2.469852,SCG,843359
25926192,189,8972,2001,8.859590867763547e-09,1.0565686390170156e-07,0.45280200000000004,2.469852,SCG,843360
25932718,189,8973,2001,1.5400372617965187e-07,8.798389506929871e-07,0.45280200000000004,2.469852,SCG,843390
25939244,189,8974,2001,5.050112252403869e-09,8.583915896883602e-08,0.45280200000000004,2.469852,SCG,843410
25945770,189,8975,2001,3.1502215373456e-08,2.2572642333657687e-07,0.45280200000000004,2.469852,SCG,843420
25952296,189,8976,2001,6.382263075180191e-09,9.431820946382714e-08,0.45280200000000004,2.469852,SCG,843490
25958822,189,8977,2001,8.227455604726375e-10,2.9546788138911225e-07,0.45280200000000004,2.469852,SCG,843510
25965348,189,8978,2001,2.0288329750881427e-09,3.025751306880447e-08,0.45280200000000004,2.469852,SCG,843590
25971874,189,8979,2001,5.370270883946904e-08,5.487337357435449e-08,0.45280200000000004,2.469852,SCG,843610
25978400,189,8980,2001,2.3649010511707045e-09,1.0284498631113342e-07,0.45280200000000004,2.469852,SCG,843621
25984926,189,8981,2001,2.5052375038612677e-08,1.6428868772087485e-07,0.45280200000000004,2.469852,SCG,843629
25991452,189,8982,2001,1.6099145725845062e-08,1.300277954186342e-07,0.45280200000000004,2.469852,SCG,843680
25997978,189,8983,2001,3.173858426375753e-08,4.459861907350549e-08,0.45280200000000004,2.469852,SCG,843691
26004504,189,8984,2001,2.093349560658907e-08,4.5693010846732265e-08,0.45280200000000004,2.469852,SCG,843699
26011030,189,8985,2001,2.4970252001084836e-09,1.0643639432284916e-07,0.45280200000000004,2.469852,SCG,843710
26017556,189,8986,2001,1.3523633932674915e-08,2.6197392505393605e-07,0.45280200000000004,2.469852,SCG,843780
26024082,189,8987,2001,1.112509577019207e-08,5.87680427830728e-08,0.45280200000000004,2.469852,SCG,843790
26030608,189,8988,2001,1.0466262944032378e-07,9.064241860975418e-07,0.45280200000000004,2.469852,SCG,843810
26037134,189,8989,2001,8.542008051050721e-09,7.641953475693384e-07,0.45280200000000004,2.469852,SCG,843820
26043660,189,8990,2001,2.2782324580601433e-09,9.323243494865727e-08,0.45280200000000004,2.469852,SCG,843830
26050186,189,8991,2001,1.1005396139847062e-08,5.152987744827582e-07,0.45280200000000004,2.469852,SCG,843840
26056712,189,8992,2001,3.083189744352396e-08,1.3133954095469626e-06,0.45280200000000004,2.469852,SCG,843850
26063238,189,8993,2001,2.1262290793739277e-08,9.579606922058614e-08,0.45280200000000004,2.469852,SCG,843860
26069764,189,8994,2001,7.990026084788875e-08,4.680271482466016e-07,0.45280200000000004,2.469852,SCG,843880
26076290,189,8995,2001,3.299255153051104e-08,6.368395650143488e-07,0.45280200000000004,2.469852,SCG,843890
26082816,189,8996,2001,1.969134678435064e-09,0.0,0.45280200000000004,2.469852,SCG,843910
26089342,189,8997,2001,7.922903380684017e-09,1.250327686426497e-07,0.45280200000000004,2.469852,SCG,843920
26095868,189,8998,2001,7.269252487888629e-09,3.797327335975524e-08,0.45280200000000004,2.469852,SCG,843930
26102394,189,8999,2001,9.579909909105521e-09,9.878360630231423e-09,0.45280200000000004,2.469852,SCG,843991
26108920,189,9000,2001,4.122273446858704e-08,7.502019147839333e-08,0.45280200000000004,2.469852,SCG,843999
26115446,189,9001,2001,1.1549347624579433e-08,4.0047281657550884e-07,0.45280200000000004,2.469852,SCG,844010
26121972,189,9002,2001,2.77278890546027e-09,1.0503111839356948e-08,0.45280200000000004,2.469852,SCG,844090
26128498,189,9003,2001,8.739527592971923e-08,1.5914716755792299e-07,0.45280200000000004,2.469852,SCG,844110
26135024,189,9004,2001,4.054938616826653e-09,4.20795956836712e-07,0.45280200000000004,2.469852,SCG,844120
26141550,189,9005,2001,4.8705931105902446e-08,4.762390637418287e-07,0.45280200000000004,2.469852,SCG,844130
26148076,189,9006,2001,7.843507676505812e-09,9.933577368396045e-08,0.45280200000000004,2.469852,SCG,844140
26154602,189,9007,2001,9.40948187845734e-08,3.517776855949522e-07,0.45280200000000004,2.469852,SCG,844180
26161128,189,9008,2001,1.760402766076481e-08,1.3913789434979242e-07,0.45280200000000004,2.469852,SCG,844190
26167654,189,9009,2001,0.0,7.688615928071517e-08,0.45280200000000004,2.469852,SCG,844210
26174180,189,9010,2001,0.0,6.420188685395501e-09,0.45280200000000004,2.469852,SCG,844220
26180706,189,9011,2001,4.778894102634804e-10,1.7190534954417123e-07,0.45280200000000004,2.469852,SCG,844230
26187232,189,9012,2001,0.0,1.497182300786593e-08,0.45280200000000004,2.469852,SCG,844240
26193758,189,9013,2001,3.2767698047685734e-08,5.507677400779763e-07,0.45280200000000004,2.469852,SCG,844250
26200284,189,9014,2001,2.002771789747205e-09,3.951089048680884e-06,0.45280200000000004,2.469852,SCG,844311
26206810,189,9015,2001,7.109248931376823e-10,2.9905862653482364e-08,0.45280200000000004,2.469852,SCG,844312
26213336,189,9016,2001,7.05430831623366e-08,1.1029301502291624e-06,0.45280200000000004,2.469852,SCG,844319
26219862,189,9017,2001,0.0,2.0759935814787542e-07,0.45280200000000004,2.469852,SCG,844321
26226388,189,9018,2001,2.2063520724453698e-08,5.735315529672964e-08,0.45280200000000004,2.469852,SCG,844329
26232914,189,9019,2001,1.914527404034633e-08,8.62596480187127e-07,0.45280200000000004,2.469852,SCG,844330
26239440,189,9020,2001,0.0,1.0438382974029513e-07,0.45280200000000004,2.469852,SCG,844340
26245966,189,9021,2001,1.287907415104497e-08,9.217718541298896e-07,0.45280200000000004,2.469852,SCG,844350
26252492,189,9022,2001,5.865281886905304e-09,1.5008148064905803e-07,0.45280200000000004,2.469852,SCG,844360
26259018,189,9023,2001,9.061292320820854e-08,1.40737290588454e-06,0.45280200000000004,2.469852,SCG,844390
26265544,189,9024,2001,1.1694138721741064e-07,1.495027986272367e-08,0.45280200000000004,2.469852,SCG,844400
26272070,189,9025,2001,0.0,9.205220202786364e-09,0.45280200000000004,2.469852,SCG,844511
26278596,189,9026,2001,0.0,0.0,0.45280200000000004,2.469852,SCG,844512
26285122,189,9027,2001,7.506227452267857e-10,4.561843842123983e-09,0.45280200000000004,2.469852,SCG,844513
26291648,189,9028,2001,1.2894832077065073e-08,5.605526366015906e-09,0.45280200000000004,2.469852,SCG,844519
26298174,189,9029,2001,6.299533963574655e-09,5.971594116933222e-08,0.45280200000000004,2.469852,SCG,844520
26304700,189,9030,2001,0.0,6.290863527941507e-08,0.45280200000000004,2.469852,SCG,844530
26311226,189,9031,2001,3.685718288694107e-08,3.831630651702045e-08,0.45280200000000004,2.469852,SCG,844540
26317752,189,9032,2001,0.0,6.19766456772607e-08,0.45280200000000004,2.469852,SCG,844590
26324278,189,9033,2001,0.0,8.008415631883305e-08,0.45280200000000004,2.469852,SCG,844610
26330804,189,9034,2001,1.689431491578252e-09,9.332556762227227e-08,0.45280200000000004,2.469852,SCG,844621
26337330,189,9035,2001,0.0,3.936860629896927e-08,0.45280200000000004,2.469852,SCG,844629
26343856,189,9036,2001,0.0,2.5634254691374945e-07,0.45280200000000004,2.469852,SCG,844630
26350382,189,9037,2001,4.957685955555193e-09,1.357032541481119e-07,0.45280200000000004,2.469852,SCG,844711
26356908,189,9038,2001,0.0,1.3513650371436937e-07,0.45280200000000004,2.469852,SCG,844712
26363434,189,9039,2001,0.0,3.2897111784834975e-07,0.45280200000000004,2.469852,SCG,844720
26369960,189,9040,2001,0.0,2.694314990361819e-07,0.45280200000000004,2.469852,SCG,844790
26376486,189,9041,2001,0.0,0.0,0.45280200000000004,2.469852,SCG,844811
26383012,189,9042,2001,5.115265215756214e-10,5.4023910789745084e-08,0.45280200000000004,2.469852,SCG,844819
26389538,189,9043,2001,1.7689484105719978e-08,4.44527885525425e-08,0.45280200000000004,2.469852,SCG,844820
26396064,189,9044,2001,1.0921757917124982e-08,3.442130587529994e-08,0.45280200000000004,2.469852,SCG,844831
26402590,189,9045,2001,0.0,2.4433572354346276e-08,0.45280200000000004,2.469852,SCG,844832
26409116,189,9046,2001,1.4218497862753646e-09,2.503976331534924e-09,0.45280200000000004,2.469852,SCG,844833
26415642,189,9047,2001,8.140180937538118e-09,3.7528490270818126e-08,0.45280200000000004,2.469852,SCG,844839
26422168,189,9048,2001,2.355809940005261e-09,9.36298231182814e-10,0.45280200000000004,2.469852,SCG,844841
26428694,189,9049,2001,2.6364222379786174e-10,1.4169092276565127e-08,0.45280200000000004,2.469852,SCG,844842
26435220,189,9050,2001,2.3836893475792878e-08,1.0079706179061003e-07,0.45280200000000004,2.469852,SCG,844849
26441746,189,9051,2001,4.978898548274561e-10,8.994959106197911e-08,0.45280200000000004,2.469852,SCG,844851
26448272,189,9052,2001,1.3057562966926512e-08,3.433745332574622e-08,0.45280200000000004,2.469852,SCG,844859
26454798,189,9053,2001,3.377347797962263e-09,1.0097769277680281e-08,0.45280200000000004,2.469852,SCG,844900
26461324,189,9054,2001,2.316263606435582e-08,3.6671328297567888e-06,0.45280200000000004,2.469852,SCG,845011
26467850,189,9055,2001,4.550101138304476e-09,1.0905342245143062e-06,0.45280200000000004,2.469852,SCG,845012
26474376,189,9056,2001,0.0,2.0916107045418814e-07,0.45280200000000004,2.469852,SCG,845019
26480902,189,9057,2001,2.4555091257862915e-09,1.4476927248997904e-07,0.45280200000000004,2.469852,SCG,845020
26487428,189,9058,2001,1.3271507116353281e-08,5.827762136973432e-07,0.45280200000000004,2.469852,SCG,845090
26493954,189,9059,2001,0.0,5.915880229265317e-08,0.45280200000000004,2.469852,SCG,845110
26500480,189,9060,2001,4.281913358923892e-10,7.83805906875836e-08,0.45280200000000004,2.469852,SCG,845121
26507006,189,9061,2001,0.0,3.776679059939174e-08,0.45280200000000004,2.469852,SCG,845129
26513532,189,9062,2001,9.602667990723014e-08,2.1151391333672506e-07,0.45280200000000004,2.469852,SCG,845130
26520058,189,9063,2001,1.9345884560063784e-09,1.377800133398257e-07,0.45280200000000004,2.469852,SCG,845140
26526584,189,9064,2001,3.067431818332294e-08,3.6235238696278185e-08,0.45280200000000004,2.469852,SCG,845150
26533110,189,9065,2001,4.370994126863685e-07,3.0056498952977086e-07,0.45280200000000004,2.469852,SCG,845180
26539636,189,9066,2001,6.757119892235312e-09,3.940741710352556e-07,0.45280200000000004,2.469852,SCG,845190
26546162,189,9067,2001,4.82131928807354e-10,1.0959594513271316e-07,0.45280200000000004,2.469852,SCG,845210
26552688,189,9068,2001,1.5224580831729396e-09,2.0150065947460286e-07,0.45280200000000004,2.469852,SCG,845221
26559214,189,9069,2001,3.9207235123208215e-08,7.160855272706469e-07,0.45280200000000004,2.469852,SCG,845229
26565740,189,9070,2001,0.0,3.4004031725544485e-08,0.45280200000000004,2.469852,SCG,845230
26572266,189,9071,2001,0.0,6.355890682970911e-09,0.45280200000000004,2.469852,SCG,845240
26578792,189,9072,2001,4.403734248540836e-09,1.0888402704401203e-07,0.45280200000000004,2.469852,SCG,845290
26585318,189,9073,2001,1.2139966813294413e-08,1.2156995663578314e-07,0.45280200000000004,2.469852,SCG,845310
26591844,189,9074,2001,2.4122354366387803e-08,6.44684584176153e-07,0.45280200000000004,2.469852,SCG,845320
26598370,189,9075,2001,1.7294323807062033e-09,1.1195773670630917e-07,0.45280200000000004,2.469852,SCG,845380
26604896,189,9076,2001,8.793528793294657e-09,3.1685525302034306e-07,0.45280200000000004,2.469852,SCG,845390
26611422,189,9077,2001,0.0,0.0,0.45280200000000004,2.469852,SCG,845410
26617948,189,9078,2001,5.98801188763879e-10,1.191302783066728e-08,0.45280200000000004,2.469852,SCG,845420
26624474,189,9079,2001,1.3226051560526065e-08,4.6643560697009194e-08,0.45280200000000004,2.469852,SCG,845430
26631000,189,9080,2001,1.6613702617809162e-08,6.205652103078816e-08,0.45280200000000004,2.469852,SCG,845490
26637526,189,9081,2001,0.0,2.108609903224135e-08,0.45280200000000004,2.469852,SCG,845510
26644052,189,9082,2001,0.0,1.800310924588293e-08,0.45280200000000004,2.469852,SCG,845521
26650578,189,9083,2001,4.290095358972792e-09,3.0761291232131156e-08,0.45280200000000004,2.469852,SCG,845522
26657104,189,9084,2001,1.1267947430305072e-07,3.070378760625143e-07,0.45280200000000004,2.469852,SCG,845530
26663630,189,9085,2001,1.7834638847328225e-08,1.6283104537724935e-07,0.45280200000000004,2.469852,SCG,845590
26670156,189,9086,2001,0.0,3.28168387117049e-08,0.45280200000000004,2.469852,SCG,845610
26676682,189,9087,2001,0.0,5.836535168541365e-10,0.45280200000000004,2.469852,SCG,845620
26683208,189,9088,2001,1.8115554182340432e-09,7.915846394372026e-08,0.45280200000000004,2.469852,SCG,845630
26689734,189,9089,2001,4.198366047313466e-08,4.347075256705766e-09,0.45280200000000004,2.469852,SCG,845690
26696260,189,9090,2001,1.1160732925960607e-07,1.238866733210815e-07,0.45280200000000004,2.469852,SCG,845710
26702786,189,9091,2001,0.0,7.825133181673005e-10,0.45280200000000004,2.469852,SCG,845720
26709312,189,9092,2001,4.698649894747823e-08,2.3147280872852295e-09,0.45280200000000004,2.469852,SCG,845730
26715838,189,9093,2001,8.624918984879565e-08,1.173647347040141e-07,0.45280200000000004,2.469852,SCG,845811
26722364,189,9094,2001,2.998284826807931e-07,1.7153845321074843e-07,0.45280200000000004,2.469852,SCG,845819
26728890,189,9095,2001,7.07200567930239e-08,7.814858758605158e-08,0.45280200000000004,2.469852,SCG,845891
26735416,189,9096,2001,4.0564538020208933e-08,3.7089010109916036e-08,0.45280200000000004,2.469852,SCG,845899
26741942,189,9097,2001,8.788074126595391e-10,5.889233015889353e-09,0.45280200000000004,2.469852,SCG,845910
26748468,189,9098,2001,1.6881102500888741e-07,4.563235860733175e-08,0.45280200000000004,2.469852,SCG,845921
26754994,189,9099,2001,1.7540389882606705e-08,2.4388166033046438e-08,0.45280200000000004,2.469852,SCG,845929
26761520,189,9100,2001,4.429249967211847e-08,4.028336138500983e-08,0.45280200000000004,2.469852,SCG,845931
26768046,189,9101,2001,4.998595955799689e-08,2.869580076249176e-08,0.45280200000000004,2.469852,SCG,845939
26774572,189,9102,2001,2.027705677303628e-07,2.9437879254392052e-08,0.45280200000000004,2.469852,SCG,845940
26781098,189,9103,2001,0.0,3.3133357228795018e-09,0.45280200000000004,2.469852,SCG,845951
26787624,189,9104,2001,1.1359343401221664e-08,2.7667364156700512e-08,0.45280200000000004,2.469852,SCG,845959
26794150,189,9105,2001,1.6618823943765697e-07,2.967114180133239e-07,0.45280200000000004,2.469852,SCG,845961
26800676,189,9106,2001,5.1997822458909537e-08,1.6435762578533008e-07,0.45280200000000004,2.469852,SCG,845969
26807202,189,9107,2001,0.0,5.5381791799711806e-08,0.45280200000000004,2.469852,SCG,845970
26813728,189,9108,2001,1.155965088390027e-08,1.611858119543851e-08,0.45280200000000004,2.469852,SCG,846011
26820254,189,9109,2001,5.9172224353638705e-08,3.1703223824351176e-08,0.45280200000000004,2.469852,SCG,846019
26826780,189,9110,2001,1.718144251009111e-07,4.581796108855737e-08,0.45280200000000004,2.469852,SCG,846021
26833306,189,9111,2001,3.308628088662676e-07,5.8815769135387964e-08,0.45280200000000004,2.469852,SCG,846029
26839832,189,9112,2001,0.0,4.35801254577799e-09,0.45280200000000004,2.469852,SCG,846031
26846358,189,9113,2001,3.981330920090445e-08,5.894469657323933e-08,0.45280200000000004,2.469852,SCG,846039
26852884,189,9114,2001,3.0646135738710065e-09,2.9757380668501866e-08,0.45280200000000004,2.469852,SCG,846040
26859410,189,9115,2001,2.0861978865420916e-08,4.369413841053278e-08,0.45280200000000004,2.469852,SCG,846090
26865936,189,9116,2001,8.108059011420217e-09,5.053027551367499e-09,0.45280200000000004,2.469852,SCG,846110
26872462,189,9117,2001,5.361331291300885e-09,7.800938572513237e-09,0.45280200000000004,2.469852,SCG,846120
26878988,189,9118,2001,0.0,8.690173317385269e-10,0.45280200000000004,2.469852,SCG,846130
26885514,189,9119,2001,6.706209669708828e-10,2.2988855897806142e-08,0.45280200000000004,2.469852,SCG,846140
26892040,189,9120,2001,2.6758170530288726e-09,8.031450225535413e-08,0.45280200000000004,2.469852,SCG,846150
26898566,189,9121,2001,5.0407181041995775e-09,5.36338141461691e-08,0.45280200000000004,2.469852,SCG,846190
26905092,189,9122,2001,4.989716970561439e-08,5.10214592229185e-08,0.45280200000000004,2.469852,SCG,846210
26911618,189,9123,2001,0.0,6.431987700273416e-08,0.45280200000000004,2.469852,SCG,846221
26918144,189,9124,2001,8.060421588913293e-08,2.133596637259134e-07,0.45280200000000004,2.469852,SCG,846229
26924670,189,9125,2001,3.930390393860077e-10,1.1557068786316716e-08,0.45280200000000004,2.469852,SCG,846231
26931196,189,9126,2001,3.190555767216284e-08,6.778070041158759e-08,0.45280200000000004,2.469852,SCG,846239
26937722,189,9127,2001,9.7202160580922e-09,3.8400159066574163e-08,0.45280200000000004,2.469852,SCG,846241
26944248,189,9128,2001,7.551410274760111e-08,7.512260427606961e-08,0.45280200000000004,2.469852,SCG,846249
26950774,189,9129,2001,6.384657067787092e-08,7.098333751173609e-08,0.45280200000000004,2.469852,SCG,846291
26957300,189,9130,2001,2.5071133031317376e-07,1.480488020466353e-07,0.45280200000000004,2.469852,SCG,846299
26963826,189,9131,2001,4.283428544118133e-09,7.71503113834595e-08,0.45280200000000004,2.469852,SCG,846310
26970352,189,9132,2001,9.415360797010993e-10,6.911703827641205e-09,0.45280200000000004,2.469852,SCG,846320
26976878,189,9133,2001,9.615062205611903e-09,4.700879986542104e-08,0.45280200000000004,2.469852,SCG,846330
26983404,189,9134,2001,6.134378777402431e-09,2.1709855942360308e-07,0.45280200000000004,2.469852,SCG,846390
26989930,189,9135,2001,3.544624243406424e-09,1.496695094273376e-07,0.45280200000000004,2.469852,SCG,846410
26996456,189,9136,2001,5.753461219570348e-09,3.7253997458405525e-07,0.45280200000000004,2.469852,SCG,846420
27002982,189,9137,2001,6.7992420406352e-09,2.3039598290441216e-07,0.45280200000000004,2.469852,SCG,846490
27009508,189,9138,2001,3.8442066600116724e-08,2.2853100940109686e-07,0.45280200000000004,2.469852,SCG,846510
27016034,189,9139,2001,5.1022649267896295e-08,5.862973579125949e-07,0.45280200000000004,2.469852,SCG,846591
27022560,189,9140,2001,2.782455786999525e-08,1.7517990760579465e-07,0.45280200000000004,2.469852,SCG,846592
27029086,189,9141,2001,3.49856261350151e-09,4.554022023272332e-08,0.45280200000000004,2.469852,SCG,846593
27035612,189,9142,2001,1.7199170176863724e-08,7.723350106700883e-08,0.45280200000000004,2.469852,SCG,846594
27042138,189,9143,2001,4.508403241758975e-08,2.576659588914885e-07,0.45280200000000004,2.469852,SCG,846595
27048664,189,9144,2001,3.4631072799562805e-09,1.934905866777086e-08,0.45280200000000004,2.469852,SCG,846596
27055190,189,9145,2001,4.643921405531853e-08,1.5556275278255344e-06,0.45280200000000004,2.469852,SCG,846599
27061716,189,9146,2001,2.3441733177134935e-08,6.74777706475872e-08,0.45280200000000004,2.469852,SCG,846610
27068242,189,9147,2001,3.1376758039372877e-08,3.07221821378729e-08,0.45280200000000004,2.469852,SCG,846620
27074768,189,9148,2001,3.894995667722617e-08,3.2805238556628294e-09,0.45280200000000004,2.469852,SCG,846630
27081294,189,9149,2001,1.4764873643796801e-08,1.1025052531203566e-07,0.45280200000000004,2.469852,SCG,846691
27087820,189,9150,2001,4.5746168347472885e-08,1.884349076623236e-07,0.45280200000000004,2.469852,SCG,846692
27094346,189,9151,2001,4.912681924915859e-07,2.6968637101486494e-07,0.45280200000000004,2.469852,SCG,846693
27100872,189,9152,2001,8.928622705213148e-08,1.8127728054705845e-07,0.45280200000000004,2.469852,SCG,846694
27107398,189,9153,2001,1.294180281808653e-08,9.414851576670657e-08,0.45280200000000004,2.469852,SCG,846711
27113924,189,9154,2001,6.925608485834865e-09,8.357878589390972e-08,0.45280200000000004,2.469852,SCG,846719
27120450,189,9155,2001,1.9406491967833408e-09,6.004846790042805e-07,0.45280200000000004,2.469852,SCG,846781
27126976,189,9156,2001,4.596132464505505e-08,1.0855126830981467e-07,0.45280200000000004,2.469852,SCG,846789
27133502,189,9157,2001,1.0750845027214644e-08,6.027669266573512e-07,0.45280200000000004,2.469852,SCG,846791
27140028,189,9158,2001,7.670776564362384e-09,5.670255231343341e-08,0.45280200000000004,2.469852,SCG,846792
27146554,189,9159,2001,3.2640119454330676e-09,3.344158992083042e-08,0.45280200000000004,2.469852,SCG,846799
27153080,189,9160,2001,1.9133758632870102e-09,7.948426258487166e-09,0.45280200000000004,2.469852,SCG,846810
27159606,189,9161,2001,2.5849059413744373e-10,4.7075086465858755e-08,0.45280200000000004,2.469852,SCG,846820
27166132,189,9162,2001,1.1845717848572892e-09,2.882472820034313e-08,0.45280200000000004,2.469852,SCG,846880
27172658,189,9163,2001,4.023331853674794e-08,2.607681717919739e-08,0.45280200000000004,2.469852,SCG,846890
27179184,189,9164,2001,0.0,3.552298917457487e-09,0.45280200000000004,2.469852,SCG,846910
27185710,189,9165,2001,2.921277054495847e-10,1.217485990239628e-08,0.45280200000000004,2.469852,SCG,846921
27192236,189,9166,2001,0.0,0.0,0.45280200000000004,2.469852,SCG,846929
27198762,189,9167,2001,2.110046901499438e-09,1.5748370531993838e-08,0.45280200000000004,2.469852,SCG,846931
27205288,189,9168,2001,0.0,0.0,0.45280200000000004,2.469852,SCG,846939
27211814,189,9169,2001,9.30323709263719e-10,6.345384256801532e-08,0.45280200000000004,2.469852,SCG,847010
27218340,189,9170,2001,0.0,7.66090812908855e-08,0.45280200000000004,2.469852,SCG,847021
27224866,189,9171,2001,0.0,3.884394785650471e-09,0.45280200000000004,2.469852,SCG,847029
27231392,189,9172,2001,7.742596342569388e-10,3.542123924290297e-08,0.45280200000000004,2.469852,SCG,847030
27237918,189,9173,2001,0.0,3.5774215390233835e-08,0.45280200000000004,2.469852,SCG,847040
27244444,189,9174,2001,9.3820267227377e-10,1.0259548354708584e-06,0.45280200000000004,2.469852,SCG,847050
27250970,189,9175,2001,0.0,1.4667236078854602e-08,0.45280200000000004,2.469852,SCG,847090
27257496,189,9176,2001,1.2557854889865967e-09,3.96086963657547e-07,0.45280200000000004,2.469852,SCG,847110
27264022,189,9177,2001,3.224677737790582e-08,1.66535107466409e-06,0.45280200000000004,2.469852,SCG,847120
27270548,189,9178,2001,2.6579378677368338e-08,4.2916397727597e-06,0.45280200000000004,2.469852,SCG,847191
27277074,189,9179,2001,5.309208920619009e-08,5.10184000963083e-06,0.45280200000000004,2.469852,SCG,847192
27283600,189,9180,2001,3.1922224709299485e-08,3.913014025389457e-06,0.45280200000000004,2.469852,SCG,847193
27290126,189,9181,2001,1.0030162341426054e-07,1.4921803139175628e-06,0.45280200000000004,2.469852,SCG,847199
27296652,189,9182,2001,0.0,9.372925301893799e-09,0.45280200000000004,2.469852,SCG,847210
27303178,189,9183,2001,0.0,3.0687381672643096e-09,0.45280200000000004,2.469852,SCG,847220
27309704,189,9184,2001,2.232564776305732e-08,4.87438516318784e-09,0.45280200000000004,2.469852,SCG,847230
27316230,189,9185,2001,2.480055125932989e-09,3.9475924305077944e-07,0.45280200000000004,2.469852,SCG,847290
27322756,189,9186,2001,0.0,4.208237972088959e-08,0.45280200000000004,2.469852,SCG,847310
27329282,189,9187,2001,0.0,1.0999532190035043e-07,0.45280200000000004,2.469852,SCG,847321
27335808,189,9188,2001,1.1912385997119477e-09,1.0708500870813227e-07,0.45280200000000004,2.469852,SCG,847329
27342334,189,9189,2001,9.544484879264176e-08,5.574931785583875e-06,0.45280200000000004,2.469852,SCG,847330
27348860,189,9190,2001,1.4160920825372506e-09,2.187961592608131e-07,0.45280200000000004,2.469852,SCG,847340
27355386,189,9191,2001,5.261116942553813e-08,2.5032438646000873e-07,0.45280200000000004,2.469852,SCG,847410
27361912,189,9192,2001,2.8675182838041913e-08,5.516215114916142e-07,0.45280200000000004,2.469852,SCG,847420
27368438,189,9193,2001,4.160910669311839e-08,4.46740200815034e-07,0.45280200000000004,2.469852,SCG,847431
27374964,189,9194,2001,4.800106695354173e-10,2.4055705588551047e-07,0.45280200000000004,2.469852,SCG,847432
27381490,189,9195,2001,6.271048481922932e-09,5.543067816753463e-07,0.45280200000000004,2.469852,SCG,847439
27388016,189,9196,2001,5.3641798394660576e-08,2.235091365519351e-06,0.45280200000000004,2.469852,SCG,847480
27394542,189,9197,2001,1.60384171032599e-07,1.3286482877406846e-06,0.45280200000000004,2.469852,SCG,847490
27401068,189,9198,2001,0.0,1.681359620102802e-09,0.45280200000000004,2.469852,SCG,847510
27407594,189,9199,2001,0.0,8.20376224337327e-08,0.45280200000000004,2.469852,SCG,847520
27414120,189,9200,2001,5.852857368312531e-09,7.563301109944006e-09,0.45280200000000004,2.469852,SCG,847590
27420646,189,9201,2001,0.0,4.6699572874379066e-08,0.45280200000000004,2.469852,SCG,847611
27427172,189,9202,2001,4.56070743466416e-10,2.1651192300972923e-08,0.45280200000000004,2.469852,SCG,847619
27433698,189,9203,2001,0.0,1.0108043700748128e-08,0.45280200000000004,2.469852,SCG,847690
27440224,189,9204,2001,5.805795716179418e-08,5.150150678328848e-07,0.45280200000000004,2.469852,SCG,847710
27446750,189,9205,2001,1.0578719989148914e-08,3.863438276922085e-07,0.45280200000000004,2.469852,SCG,847720
27453276,189,9206,2001,1.0429322728996792e-08,9.257871649514046e-07,0.45280200000000004,2.469852,SCG,847730
27459802,189,9207,2001,1.7109471213364682e-09,7.950116566798329e-08,0.45280200000000004,2.469852,SCG,847740
27466328,189,9208,2001,0.0,1.0912663600161409e-07,0.45280200000000004,2.469852,SCG,847751
27472854,189,9209,2001,6.60287403946162e-08,1.62445588795704e-07,0.45280200000000004,2.469852,SCG,847759
27479380,189,9210,2001,1.8685263815374892e-08,9.84918458304876e-07,0.45280200000000004,2.469852,SCG,847780
27485906,189,9211,2001,8.760558363467982e-08,6.263268416179283e-07,0.45280200000000004,2.469852,SCG,847790
27492432,189,9212,2001,1.8991634261650338e-08,1.1877604271393363e-06,0.45280200000000004,2.469852,SCG,847810
27498958,189,9213,2001,7.590774786106482e-09,1.4742438227051198e-07,0.45280200000000004,2.469852,SCG,847890
27505484,189,9214,2001,3.371832523855228e-08,2.6270354166495406e-06,0.45280200000000004,2.469852,SCG,847910
27512010,189,9215,2001,0.0,5.544148288340597e-07,0.45280200000000004,2.469852,SCG,847920
27518536,189,9216,2001,7.575016860086379e-09,5.982962268908291e-08,0.45280200000000004,2.469852,SCG,847930
27525062,189,9217,2001,6.554630542877e-08,2.1568334050425773e-08,0.45280200000000004,2.469852,SCG,847940
27531588,189,9218,2001,3.017248884699046e-08,5.538444326372932e-08,0.45280200000000004,2.469852,SCG,847981
27538114,189,9219,2001,2.1266230275244303e-08,6.755363566178817e-07,0.45280200000000004,2.469852,SCG,847982
27544640,189,9220,2001,1.9710650243725263e-07,2.708709457079872e-06,0.45280200000000004,2.469852,SCG,847989
27551166,189,9221,2001,1.6758130070524175e-07,1.3221638010528645e-06,0.45280200000000004,2.469852,SCG,847990
27557692,189,9222,2001,7.624048252972005e-08,8.936428038011403e-09,0.45280200000000004,2.469852,SCG,848010
27564218,189,9223,2001,1.2527551185981155e-09,2.5431185690933984e-08,0.45280200000000004,2.469852,SCG,848020
27570744,189,9224,2001,1.5885807650495987e-08,2.5537575684636525e-08,0.45280200000000004,2.469852,SCG,848030
27577270,189,9225,2001,1.56834698196571e-07,2.152359059513031e-08,0.45280200000000004,2.469852,SCG,848041
27583796,189,9226,2001,5.511031588491855e-08,8.364706109236057e-09,0.45280200000000004,2.469852,SCG,848049
27590322,189,9227,2001,0.0,1.6290926356576588e-08,0.45280200000000004,2.469852,SCG,848050
27596848,189,9228,2001,1.133419132699727e-08,1.0836235149856716e-07,0.45280200000000004,2.469852,SCG,848060
27603374,189,9229,2001,8.794892459969474e-08,5.588566939293914e-07,0.45280200000000004,2.469852,SCG,848071
27609900,189,9230,2001,2.529995629935159e-08,4.698182121904288e-07,0.45280200000000004,2.469852,SCG,848079
27616426,189,9231,2001,3.9743913719008236e-08,3.487623081410402e-07,0.45280200000000004,2.469852,SCG,848110
27622952,189,9232,2001,1.2776314291171573e-07,1.9215391737988197e-07,0.45280200000000004,2.469852,SCG,848120
27629478,189,9233,2001,3.989118971988842e-08,2.400373689380787e-07,0.45280200000000004,2.469852,SCG,848130
27636004,189,9234,2001,5.498667677306851e-08,2.918532730672433e-07,0.45280200000000004,2.469852,SCG,848140
27642530,189,9235,2001,1.8019415681765865e-06,3.994419605088016e-06,0.45280200000000004,2.469852,SCG,848180
27649056,189,9236,2001,4.3995705196270623e-07,8.34482012910474e-07,0.45280200000000004,2.469852,SCG,848190
27655582,189,9237,2001,6.661663224998155e-07,1.104790483670447e-06,0.45280200000000004,2.469852,SCG,848210
27662108,189,9238,2001,3.026127869937296e-09,3.831630651702045e-07,0.45280200000000004,2.469852,SCG,848220
27668634,189,9239,2001,1.4304863418825361e-08,4.2892832841141384e-07,0.45280200000000004,2.469852,SCG,848230
27675160,189,9240,2001,1.759736084591015e-09,7.922044191512954e-08,0.45280200000000004,2.469852,SCG,848240
27681686,189,9241,2001,7.0453081161798705e-09,3.147460133944148e-07,0.45280200000000004,2.469852,SCG,848250
27688212,189,9242,2001,1.4530322975728359e-08,1.7928735680191807e-07,0.45280200000000004,2.469852,SCG,848280
27694738,189,9243,2001,3.2537086861122318e-09,8.298054932495928e-08,0.45280200000000004,2.469852,SCG,848291
27701264,189,9244,2001,4.083878654036648e-08,1.44235002490451e-07,0.45280200000000004,2.469852,SCG,848299
27707790,189,9245,2001,1.4562778242588993e-07,2.8169054292113407e-07,0.45280200000000004,2.469852,SCG,848310
27714316,189,9246,2001,2.0495425263230232e-07,2.2293178026212255e-08,0.45280200000000004,2.469852,SCG,848320
27720842,189,9247,2001,5.425132709459967e-07,2.9754563487983266e-07,0.45280200000000004,2.469852,SCG,848330
27727368,189,9248,2001,4.804531036121355e-07,5.010852701838998e-07,0.45280200000000004,2.469852,SCG,848340
27733894,189,9249,2001,8.282002271719036e-09,5.916576238569913e-08,0.45280200000000004,2.469852,SCG,848350
27740420,189,9250,2001,2.2723383876545473e-07,1.907423442235607e-07,0.45280200000000004,2.469852,SCG,848360
27746946,189,9251,2001,2.4463392249907475e-07,4.726695303082574e-07,0.45280200000000004,2.469852,SCG,848390
27753472,189,9252,2001,6.015830687805047e-08,3.566325162110109e-07,0.45280200000000004,2.469852,SCG,848410
27759998,189,9253,2001,1.2634826297733387e-08,2.73773934230857e-07,0.45280200000000004,2.469852,SCG,848490
27766524,189,9254,2001,7.154704487204041e-10,1.779132355748441e-09,0.45280200000000004,2.469852,SCG,848510
27773050,189,9255,2001,3.767780718814177e-08,2.2327176423576763e-06,0.45280200000000004,2.469852,SCG,848590
27779576,189,9256,2001,1.1968417545602494e-07,1.748004168182887e-07,0.45280200000000004,2.469852,SCG,850110
27786102,189,9257,2001,5.5624266702804956e-08,1.819656668926042e-07,0.45280200000000004,2.469852,SCG,850120
27792628,189,9258,2001,2.3304457398536736e-08,8.453861586824793e-08,0.45280200000000004,2.469852,SCG,850131
27799154,189,9259,2001,6.216198777891423e-09,5.7163907052479946e-08,0.45280200000000004,2.469852,SCG,850132
27805680,189,9260,2001,9.684760724546969e-09,2.372861435869111e-08,0.45280200000000004,2.469852,SCG,850133
27812206,189,9261,2001,1.502760675647812e-09,2.263024538943807e-08,0.45280200000000004,2.469852,SCG,850134
27818732,189,9262,2001,2.8215990813075363e-07,8.915647188774178e-08,0.45280200000000004,2.469852,SCG,850140
27825258,189,9263,2001,9.652153939166912e-08,1.669785979666376e-07,0.45280200000000004,2.469852,SCG,850151
27831784,189,9264,2001,3.58834642737143e-07,2.3684765772501558e-07,0.45280200000000004,2.469852,SCG,850152
27838310,189,9265,2001,2.7369184111718184e-07,1.7274288074070182e-07,0.45280200000000004,2.469852,SCG,850153
27844836,189,9266,2001,1.5637620315679378e-07,1.9225467301254729e-07,0.45280200000000004,2.469852,SCG,850161
27851362,189,9267,2001,0.0,5.656692992893783e-07,0.45280200000000004,2.469852,SCG,850162
27857888,189,9268,2001,0.0,2.8934763957069745e-08,0.45280200000000004,2.469852,SCG,850163
27864414,189,9269,2001,0.0,1.1457804602161229e-07,0.45280200000000004,2.469852,SCG,850164
27870940,189,9270,2001,1.0569022803905774e-08,3.0911562955323473e-07,0.45280200000000004,2.469852,SCG,850211
27877466,189,9271,2001,6.067104554778149e-09,3.826413896247596e-07,0.45280200000000004,2.469852,SCG,850212
27883992,189,9272,2001,0.0,1.1897904542777414e-06,0.45280200000000004,2.469852,SCG,850213
27890518,189,9273,2001,2.614906608220401e-09,2.1514343614369247e-07,0.45280200000000004,2.469852,SCG,850220
27897044,189,9274,2001,2.347324902917514e-09,5.206776006752771e-07,0.45280200000000004,2.469852,SCG,850230
27903570,189,9275,2001,2.6958174975928485e-09,3.432784176868276e-08,0.45280200000000004,2.469852,SCG,850240
27910096,189,9276,2001,1.0451656558759899e-07,5.111257015522014e-07,0.45280200000000004,2.469852,SCG,850300
27916622,189,9277,2001,2.0569154174781978e-07,9.36560063254543e-08,0.45280200000000004,2.469852,SCG,850410
27923148,189,9278,2001,1.4283038691287519e-06,6.101495967811025e-07,0.45280200000000004,2.469852,SCG,850421
27929674,189,9279,2001,5.257904749942022e-08,2.523882197646372e-07,0.45280200000000004,2.469852,SCG,850422
27936200,189,9280,2001,3.563988310188818e-08,2.6288138861392843e-06,0.45280200000000004,2.469852,SCG,850423
27942726,189,9281,2001,8.060360981505524e-08,3.1380441223519694e-07,0.45280200000000004,2.469852,SCG,850431
27949252,189,9282,2001,2.5740875190875598e-08,3.5003633660145324e-08,0.45280200000000004,2.469852,SCG,850432
27955778,189,9283,2001,4.5522860353545706e-07,2.653982908325487e-08,0.45280200000000004,2.469852,SCG,850433
27962304,189,9284,2001,8.528250169487016e-08,1.8615696863828131e-07,0.45280200000000004,2.469852,SCG,850434
27968830,189,9285,2001,4.979474318648373e-08,8.387458984836305e-07,0.45280200000000004,2.469852,SCG,850440
27975356,189,9286,2001,4.7981369546016595e-08,9.185102219553515e-08,0.45280200000000004,2.469852,SCG,850450
27981882,189,9287,2001,5.944035152561153e-07,8.793898589750215e-07,0.45280200000000004,2.469852,SCG,850490
27988408,189,9288,2001,7.533500785764187e-10,1.9854493996108488e-08,0.45280200000000004,2.469852,SCG,850511
27994934,189,9289,2001,1.4477291493929938e-08,7.713440259935445e-09,0.45280200000000004,2.469852,SCG,850519
28001460,189,9290,2001,2.165502679608644e-09,7.495423631095779e-08,0.45280200000000004,2.469852,SCG,850520
28007986,189,9291,2001,0.0,0.0,0.45280200000000004,2.469852,SCG,850530
28014512,189,9292,2001,7.754717824123313e-09,1.1754635998921345e-07,0.45280200000000004,2.469852,SCG,850590
28021038,189,9293,2001,9.651729687312525e-10,3.799011015626642e-07,0.45280200000000004,2.469852,SCG,850611
28027564,189,9294,2001,0.0,6.7029010362623825e-09,0.45280200000000004,2.469852,SCG,850612
28034090,189,9295,2001,1.1339645993696535e-09,1.4453461792442951e-08,0.45280200000000004,2.469852,SCG,850613
28040616,189,9296,2001,1.0694783175027743e-08,1.1381641298258288e-07,0.45280200000000004,2.469852,SCG,850619
28047142,189,9297,2001,0.0,0.0,0.45280200000000004,2.469852,SCG,850620
28053668,189,9298,2001,0.0,4.070991565882656e-09,0.45280200000000004,2.469852,SCG,850690
28060194,189,9299,2001,1.11834910075781e-06,1.8278692472872734e-06,0.45280200000000004,2.469852,SCG,850710
28066720,189,9300,2001,9.131415091610308e-09,6.660991333135633e-07,0.45280200000000004,2.469852,SCG,850720
28073246,189,9301,2001,1.6903345419540193e-07,7.713672263036976e-08,0.45280200000000004,2.469852,SCG,850730
28079772,189,9302,2001,1.160934895827136e-09,6.688980850170461e-09,0.45280200000000004,2.469852,SCG,850740
28086298,189,9303,2001,1.6037326169920045e-08,2.384995198079236e-07,0.45280200000000004,2.469852,SCG,850780
28092824,189,9304,2001,4.804379517601931e-08,7.005598797161237e-07,0.45280200000000004,2.469852,SCG,850790
28099350,189,9305,2001,1.311241267095802e-09,3.05847700151655e-07,0.45280200000000004,2.469852,SCG,850810
28105876,189,9306,2001,1.3912430453517049e-09,1.3224044214124532e-07,0.45280200000000004,2.469852,SCG,850820
28112402,189,9307,2001,2.7679403128387e-09,4.1932638290500774e-07,0.45280200000000004,2.469852,SCG,850880
28118928,189,9308,2001,6.283169963476857e-09,1.2874713829817741e-07,0.45280200000000004,2.469852,SCG,850890
28125454,189,9309,2001,1.539913016610591e-07,6.778524104371757e-07,0.45280200000000004,2.469852,SCG,850910
28131980,189,9310,2001,0.0,1.3254005757522384e-09,0.45280200000000004,2.469852,SCG,850920
28138506,189,9311,2001,0.0,3.78231342097638e-09,0.45280200000000004,2.469852,SCG,850930
28145032,189,9312,2001,1.0927515620863097e-09,4.403862987300762e-07,0.45280200000000004,2.469852,SCG,850940
28151558,189,9313,2001,7.507439600423249e-09,6.454375999571255e-07,0.45280200000000004,2.469852,SCG,850980
28158084,189,9314,2001,3.792872185630801e-08,1.2658553225790334e-07,0.45280200000000004,2.469852,SCG,850990
28164610,189,9315,2001,0.0,8.634028566814519e-08,0.45280200000000004,2.469852,SCG,851010
28171136,189,9316,2001,2.31096045825574e-09,3.370806205459006e-08,0.45280200000000004,2.469852,SCG,851020
28177662,189,9317,2001,0.0,5.750031154970138e-09,0.45280200000000004,2.469852,SCG,851090
28184188,189,9318,2001,8.08502819646776e-10,3.0897808485732645e-07,0.45280200000000004,2.469852,SCG,851110
28190714,189,9319,2001,0.0,1.5638334775267222e-08,0.45280200000000004,2.469852,SCG,851120
28197240,189,9320,2001,1.054871932230295e-09,1.356860196319981e-07,0.45280200000000004,2.469852,SCG,851130
28203766,189,9321,2001,1.0725086878912555e-08,2.46639845774678e-07,0.45280200000000004,2.469852,SCG,851140
28210292,189,9322,2001,5.836493368214732e-10,1.1532675317355635e-07,0.45280200000000004,2.469852,SCG,851150
28216818,189,9323,2001,7.934418788160246e-09,1.2303820483547867e-07,0.45280200000000004,2.469852,SCG,851180
28223344,189,9324,2001,2.1810181759976674e-08,2.496678176826731e-07,0.45280200000000004,2.469852,SCG,851190
28229870,189,9325,2001,0.0,4.26289127414986e-09,0.45280200000000004,2.469852,SCG,851210
28236396,189,9326,2001,7.166219894680269e-09,2.9577876554516516e-07,0.45280200000000004,2.469852,SCG,851220
28242922,189,9327,2001,3.2940126122790314e-10,4.213110037221131e-08,0.45280200000000004,2.469852,SCG,851230
28249448,189,9328,2001,1.204875266460113e-09,6.017696447537657e-08,0.45280200000000004,2.469852,SCG,851240
28255974,189,9329,2001,3.73190113341456e-09,9.425888295643538e-08,0.45280200000000004,2.469852,SCG,851290
28262500,189,9330,2001,9.218386721759717e-09,1.6373917180324613e-07,0.45280200000000004,2.469852,SCG,851310
28269026,189,9331,2001,3.469774094810939e-09,4.954194230114856e-08,0.45280200000000004,2.469852,SCG,851390
28275552,189,9332,2001,1.929164093010997e-08,1.771419909787512e-07,0.45280200000000004,2.469852,SCG,851410
28282078,189,9333,2001,9.066868202335659e-10,1.0442128166954243e-08,0.45280200000000004,2.469852,SCG,851420
28288604,189,9334,2001,2.77278890546027e-09,3.2378949429213307e-07,0.45280200000000004,2.469852,SCG,851430
28295130,189,9335,2001,0.0,3.429502990146608e-08,0.45280200000000004,2.469852,SCG,851440
28301656,189,9336,2001,5.086476697065643e-09,1.4808923687290232e-07,0.45280200000000004,2.469852,SCG,851490
28308182,189,9337,2001,0.0,3.133699035693277e-08,0.45280200000000004,2.469852,SCG,851511
28314708,189,9338,2001,1.5621559352620429e-09,5.357614480378828e-09,0.45280200000000004,2.469852,SCG,851519
28321234,189,9339,2001,4.942534103612787e-10,2.8749824341848504e-08,0.45280200000000004,2.469852,SCG,851521
28327760,189,9340,2001,2.971884239983483e-09,4.3552947951600434e-08,0.45280200000000004,2.469852,SCG,851529
28334286,189,9341,2001,2.0985314940232096e-09,2.3786383130972584e-07,0.45280200000000004,2.469852,SCG,851531
28340812,189,9342,2001,2.5933606747583e-08,1.6461780069204814e-07,0.45280200000000004,2.469852,SCG,851539
28347338,189,9343,2001,1.3610908599863172e-08,1.7011925709537683e-07,0.45280200000000004,2.469852,SCG,851580
28353864,189,9344,2001,2.8849732172418428e-08,1.0854596538177964e-07,0.45280200000000004,2.469852,SCG,851590
28360390,189,9345,2001,1.5185640572237412e-07,1.410940119287096e-06,0.45280200000000004,2.469852,SCG,851610
28366916,189,9346,2001,8.141635515324589e-08,9.321221753552375e-09,0.45280200000000004,2.469852,SCG,851621
28373442,189,9347,2001,1.5410797092101563e-07,3.567654208448885e-07,0.45280200000000004,2.469852,SCG,851629
28379968,189,9348,2001,3.936148097598191e-09,1.5569297280911334e-07,0.45280200000000004,2.469852,SCG,851631
28386494,189,9349,2001,1.3703334896711847e-09,3.5396381767738825e-08,0.45280200000000004,2.469852,SCG,851632
28393020,189,9350,2001,0.0,9.651991889736606e-09,0.45280200000000004,2.469852,SCG,851633
28399546,189,9351,2001,8.838075238005331e-09,3.718847315387284e-07,0.45280200000000004,2.469852,SCG,851640
28406072,189,9352,2001,2.850366387405388e-09,1.2776874807571664e-07,0.45280200000000004,2.469852,SCG,851650
28412598,189,9353,2001,5.8641515587504e-07,2.325935162821235e-06,0.45280200000000004,2.469852,SCG,851660
28419124,189,9354,2001,2.0324694195543205e-09,1.339019157812168e-07,0.45280200000000004,2.469852,SCG,851671
28425650,189,9355,2001,0.0,4.0957496111461456e-08,0.45280200000000004,2.469852,SCG,851672
28432176,189,9356,2001,3.876449800945112e-09,2.451172425626235e-07,0.45280200000000004,2.469852,SCG,851679
28438702,189,9357,2001,9.041382787368533e-08,1.3854496070887702e-07,0.45280200000000004,2.469852,SCG,851680
28445228,189,9358,2001,4.77455158186811e-07,3.763083678189397e-07,0.45280200000000004,2.469852,SCG,851690
28451754,189,9359,2001,3.25401172315108e-09,1.0788740800643088e-06,0.45280200000000004,2.469852,SCG,851710
28458280,189,9360,2001,0.0,0.0,0.45280200000000004,2.469852,SCG,851720
28464806,189,9361,2001,1.1034760428911446e-07,5.006250423170607e-06,0.45280200000000004,2.469852,SCG,851730
28471332,189,9362,2001,1.7580784719885158e-07,1.074303618964128e-06,0.45280200000000004,2.469852,SCG,851740
28477858,189,9363,2001,0.0,0.0,0.45280200000000004,2.469852,SCG,851781
28484384,189,9364,2001,3.329164908785413e-09,5.289021106245873e-07,0.45280200000000004,2.469852,SCG,851782
28490910,189,9365,2001,1.6739099344484513e-07,2.122384590228096e-06,0.45280200000000004,2.469852,SCG,851790
28497436,189,9366,2001,5.327391142949896e-10,6.007190021368278e-08,0.45280200000000004,2.469852,SCG,851810
28503962,189,9367,2001,1.009173946771999e-08,9.209992838017879e-08,0.45280200000000004,2.469852,SCG,851821
28510488,189,9368,2001,2.168836087035973e-09,4.893661306595129e-07,0.45280200000000004,2.469852,SCG,851822
28517014,189,9369,2001,5.997678769178045e-08,1.0403715082000584e-07,0.45280200000000004,2.469852,SCG,851829
28523540,189,9370,2001,0.0,5.347207484110106e-08,0.45280200000000004,2.469852,SCG,851830
28530066,189,9371,2001,1.369666808185719e-08,7.576160710428924e-08,0.45280200000000004,2.469852,SCG,851840
28536592,189,9372,2001,1.8421015517499333e-08,1.7082023789500572e-07,0.45280200000000004,2.469852,SCG,851850
28543118,189,9373,2001,0.0,5.604001774205838e-08,0.45280200000000004,2.469852,SCG,851890
28549644,189,9374,2001,0.0,0.0,0.45280200000000004,2.469852,SCG,851910
28556170,189,9375,2001,0.0,3.7518215847750284e-10,0.45280200000000004,2.469852,SCG,851921
28562696,189,9376,2001,0.0,1.2306107371262967e-09,0.45280200000000004,2.469852,SCG,851929
28569222,189,9377,2001,0.0,0.0,0.45280200000000004,2.469852,SCG,851931
28575748,189,9378,2001,0.0,2.606720562213392e-09,0.45280200000000004,2.469852,SCG,851939
28582274,189,9379,2001,0.0,0.0,0.45280200000000004,2.469852,SCG,851940
28588800,189,9380,2001,0.0,6.103902171406913e-08,0.45280200000000004,2.469852,SCG,851991
28595326,189,9381,2001,2.572784459820513e-10,3.701480226072601e-07,0.45280200000000004,2.469852,SCG,851999
28601852,189,9382,2001,0.0,1.109737121228112e-08,0.45280200000000004,2.469852,SCG,852010
28608378,189,9383,2001,0.0,0.0,0.45280200000000004,2.469852,SCG,852020
28614904,189,9384,2001,0.0,5.5932302016347085e-08,0.45280200000000004,2.469852,SCG,852031
28621430,189,9385,2001,0.0,3.801834824805289e-08,0.45280200000000004,2.469852,SCG,852039
28627956,189,9386,2001,1.663673343276162e-09,4.4062691908966514e-08,0.45280200000000004,2.469852,SCG,852090
28634482,189,9387,2001,4.817682843607363e-09,4.918207234737217e-07,0.45280200000000004,2.469852,SCG,852110
28641008,189,9388,2001,1.2918468966095226e-09,1.5717679835991172e-07,0.45280200000000004,2.469852,SCG,852190
28647534,189,9389,2001,0.0,1.1407923935331844e-09,0.45280200000000004,2.469852,SCG,852210
28654060,189,9390,2001,2.380265029040304e-08,9.900533498077842e-08,0.45280200000000004,2.469852,SCG,852290
28660586,189,9391,2001,6.240744778038121e-09,1.4792915473284523e-07,0.45280200000000004,2.469852,SCG,852311
28667112,189,9392,2001,0.0,3.206216576572144e-08,0.45280200000000004,2.469852,SCG,852312
28673638,189,9393,2001,0.0,4.2957727422969916e-07,0.45280200000000004,2.469852,SCG,852313
28680164,189,9394,2001,1.1439648216516415e-09,2.837954739180339e-07,0.45280200000000004,2.469852,SCG,852320
28686690,189,9395,2001,1.254270303792356e-09,3.0260625224695027e-06,0.45280200000000004,2.469852,SCG,852390
28693216,189,9396,2001,5.278905216734197e-10,3.9314582719612534e-09,0.45280200000000004,2.469852,SCG,852410
28699742,189,9397,2001,7.221827191308899e-08,1.6531878149167703e-08,0.45280200000000004,2.469852,SCG,852421
28706268,189,9398,2001,7.097430486861747e-09,8.227757992731724e-08,0.45280200000000004,2.469852,SCG,852422
28712794,189,9399,2001,1.5129427201531088e-08,1.2282148079534753e-06,0.45280200000000004,2.469852,SCG,852423
28719320,189,9400,2001,1.2317998043247293e-06,6.096016717418843e-06,0.45280200000000004,2.469852,SCG,852490
28725846,189,9401,2001,4.982474385332969e-08,2.8202595311934893e-07,0.45280200000000004,2.469852,SCG,852510
28732372,189,9402,2001,2.281959813637975e-08,1.1084302477571821e-05,0.45280200000000004,2.469852,SCG,852520
28738898,189,9403,2001,0.0,3.171681257744091e-08,0.45280200000000004,2.469852,SCG,852530
28745424,189,9404,2001,0.0,1.6033038337573632e-07,0.45280200000000004,2.469852,SCG,852610
28751950,189,9405,2001,4.016149875854094e-09,4.410365702803702e-07,0.45280200000000004,2.469852,SCG,852691
28758476,189,9406,2001,0.0,1.0388767453601878e-08,0.45280200000000004,2.469852,SCG,852692
28765002,189,9407,2001,0.0,3.718804229096999e-07,0.45280200000000004,2.469852,SCG,852711
28771528,189,9408,2001,0.0,1.9452465764453707e-08,0.45280200000000004,2.469852,SCG,852719
28778054,189,9409,2001,0.0,9.377996226827285e-08,0.45280200000000004,2.469852,SCG,852721
28784580,189,9410,2001,0.0,1.1151726224640051e-08,0.45280200000000004,2.469852,SCG,852729
28791106,189,9411,2001,3.630383725400441e-10,6.171272557761791e-07,0.45280200000000004,2.469852,SCG,852731
28797632,189,9412,2001,0.0,1.27124442319462e-08,0.45280200000000004,2.469852,SCG,852732
28804158,189,9413,2001,0.0,4.526977090293742e-08,0.45280200000000004,2.469852,SCG,852739
28810684,189,9414,2001,1.4354561493196452e-08,1.206986192730293e-07,0.45280200000000004,2.469852,SCG,852790
28817210,189,9415,2001,1.9658618784155043e-08,2.2990423575906494e-06,0.45280200000000004,2.469852,SCG,852810
28823736,189,9416,2001,0.0,2.0253539330743568e-08,0.45280200000000004,2.469852,SCG,852820
28830262,189,9417,2001,6.643723432298346e-08,8.171699414741543e-07,0.45280200000000004,2.469852,SCG,852910
28836788,189,9418,2001,1.1676380751264564e-07,3.5242431138222213e-06,0.45280200000000004,2.469852,SCG,852990
28843314,189,9419,2001,1.4850633125790819e-08,0.0,0.45280200000000004,2.469852,SCG,853010
28849840,189,9420,2001,3.072795573919906e-09,1.315805590338878e-07,0.45280200000000004,2.469852,SCG,853080
28856366,189,9421,2001,4.25179147726239e-08,3.5699974397743584e-08,0.45280200000000004,2.469852,SCG,853090
28862892,189,9422,2001,1.1042669695625381e-08,2.512480902371084e-07,0.45280200000000004,2.469852,SCG,853110
28869418,189,9423,2001,7.95957086238464e-09,6.057203261398539e-08,0.45280200000000004,2.469852,SCG,853120
28875944,189,9424,2001,1.9621345228376724e-08,6.514514517818378e-08,0.45280200000000004,2.469852,SCG,853180
28882470,189,9425,2001,6.159833888665673e-09,2.471913502903198e-07,0.45280200000000004,2.469852,SCG,853190
28888996,189,9426,2001,6.1037720364787714e-09,3.2696197098908246e-08,0.45280200000000004,2.469852,SCG,853210
28895522,189,9427,2001,0.0,1.2344553599516846e-08,0.45280200000000004,2.469852,SCG,853221
28902048,189,9428,2001,2.6030881637053245e-10,5.388404606282149e-08,0.45280200000000004,2.469852,SCG,853222
28908574,189,9429,2001,0.0,1.783374698176455e-08,0.45280200000000004,2.469852,SCG,853223
28915100,189,9430,2001,1.0163862282965843e-09,4.3520136084383764e-08,0.45280200000000004,2.469852,SCG,853224
28921626,189,9431,2001,1.1079034140287155e-09,4.88048353042811e-08,0.45280200000000004,2.469852,SCG,853225
28928152,189,9432,2001,1.4199709566345063e-08,2.5842162613647854e-08,0.45280200000000004,2.469852,SCG,853229
28934678,189,9433,2001,1.9197396411028206e-09,1.6209725271040378e-08,0.45280200000000004,2.469852,SCG,853230
28941204,189,9434,2001,0.0,9.164122510514977e-10,0.45280200000000004,2.469852,SCG,853290
28947730,189,9435,2001,0.0,8.945708162072684e-09,0.45280200000000004,2.469852,SCG,853310
28954256,189,9436,2001,0.0,5.962479709373035e-08,0.45280200000000004,2.469852,SCG,853321
28960782,189,9437,2001,1.0319320283894927e-08,2.7586163071164306e-08,0.45280200000000004,2.469852,SCG,853329
28967308,189,9438,2001,0.0,4.704691466067273e-09,0.45280200000000004,2.469852,SCG,853331
28973834,189,9439,2001,7.736535601792425e-10,7.572249801003099e-09,0.45280200000000004,2.469852,SCG,853339
28980360,189,9440,2001,6.615298558054393e-10,7.812107864686992e-08,0.45280200000000004,2.469852,SCG,853340
28986886,189,9441,2001,0.0,3.7946095853575775e-08,0.45280200000000004,2.469852,SCG,853390
28993412,189,9442,2001,3.80187238568459e-08,2.3003041230299813e-07,0.45280200000000004,2.469852,SCG,853400
28999938,189,9443,2001,3.148857870670783e-09,7.516138193732567e-08,0.45280200000000004,2.469852,SCG,853510
29006464,189,9444,2001,1.1624500810213766e-09,1.0541160348008199e-07,0.45280200000000004,2.469852,SCG,853521
29012990,189,9445,2001,1.5824594168648666e-09,1.9394995281874202e-07,0.45280200000000004,2.469852,SCG,853529
29019516,189,9446,2001,8.74637623004989e-08,3.0656293257037807e-07,0.45280200000000004,2.469852,SCG,853530
29026042,189,9447,2001,2.0677126271723565e-08,1.5297654792317552e-07,0.45280200000000004,2.469852,SCG,853540
29032568,189,9448,2001,2.938822899045153e-08,2.492167373666944e-07,0.45280200000000004,2.469852,SCG,853590
29039094,189,9449,2001,2.547177830037847e-08,2.3281875815041088e-07,0.45280200000000004,2.469852,SCG,853610
29045620,189,9450,2001,4.294731825667168e-08,7.233382756575401e-07,0.45280200000000004,2.469852,SCG,853620
29052146,189,9451,2001,5.151508445602449e-08,5.599126394743644e-07,0.45280200000000004,2.469852,SCG,853630
29058672,189,9452,2001,4.000391949833992e-09,2.5905598890266755e-07,0.45280200000000004,2.469852,SCG,853641
29065198,189,9453,2001,1.599126454001513e-08,5.398937547091703e-07,0.45280200000000004,2.469852,SCG,853649
29071724,189,9454,2001,1.7156957117352182e-07,8.518852284223956e-07,0.45280200000000004,2.469852,SCG,853650
29078250,189,9455,2001,2.915549654461618e-08,1.7266300538717437e-07,0.45280200000000004,2.469852,SCG,853661
29084776,189,9456,2001,1.7228534465928107e-07,3.4243724072727285e-07,0.45280200000000004,2.469852,SCG,853669
29091302,189,9457,2001,2.679674714533409e-07,1.3057296956393423e-06,0.45280200000000004,2.469852,SCG,853690
29097828,189,9458,2001,2.2009277094499884e-07,1.148033541765001e-06,0.45280200000000004,2.469852,SCG,853710
29104354,189,9459,2001,1.831695259835889e-07,6.52867996433192e-07,0.45280200000000004,2.469852,SCG,853720
29110880,189,9460,2001,4.376066966894002e-08,2.4454220630382627e-07,0.45280200000000004,2.469852,SCG,853810
29117406,189,9461,2001,2.2682958735563135e-07,1.9261696242723967e-06,0.45280200000000004,2.469852,SCG,853890
29123932,189,9462,2001,0.0,6.823642078959692e-08,0.45280200000000004,2.469852,SCG,853910
29130458,189,9463,2001,6.740452855098665e-09,1.6951571759839138e-07,0.45280200000000004,2.469852,SCG,853921
29136984,189,9464,2001,1.3224869716074557e-07,3.3811999444076407e-07,0.45280200000000004,2.469852,SCG,853922
29143510,189,9465,2001,2.1769877833809872e-08,1.6851180703476208e-07,0.45280200000000004,2.469852,SCG,853929
29150036,189,9466,2001,1.358393830340569e-08,3.6492762138978733e-07,0.45280200000000004,2.469852,SCG,853931
29156562,189,9467,2001,3.929481282743532e-09,4.359378049747007e-07,0.45280200000000004,2.469852,SCG,853939
29163088,189,9468,2001,4.806167436131134e-10,6.605028870716087e-08,0.45280200000000004,2.469852,SCG,853940
29169614,189,9469,2001,4.625405842458233e-08,7.485480641030121e-08,0.45280200000000004,2.469852,SCG,853990
29176140,189,9470,2001,5.978163183876228e-08,2.8836825504923014e-07,0.45280200000000004,2.469852,SCG,854011
29182666,189,9471,2001,0.0,0.0,0.45280200000000004,2.469852,SCG,854012
29189192,189,9472,2001,0.0,2.3176115544042703e-08,0.45280200000000004,2.469852,SCG,854020
29195718,189,9473,2001,0.0,2.401894966860833e-09,0.45280200000000004,2.469852,SCG,854030
29202244,189,9474,2001,0.0,2.270084061890424e-08,0.45280200000000004,2.469852,SCG,854041
29208770,189,9475,2001,0.0,0.0,0.45280200000000004,2.469852,SCG,854042
29215296,189,9476,2001,0.0,6.947830024879763e-09,0.45280200000000004,2.469852,SCG,854049
29221822,189,9477,2001,6.270230281918042e-08,3.8160533005991805e-08,0.45280200000000004,2.469852,SCG,854081
29228348,189,9478,2001,2.1524720869381745e-09,2.2137735948185798e-08,0.45280200000000004,2.469852,SCG,854089
29234874,189,9479,2001,0.0,1.33786245663453e-08,0.45280200000000004,2.469852,SCG,854091
29241400,189,9480,2001,1.4239407418434167e-08,1.8725301757651904e-08,0.45280200000000004,2.469852,SCG,854099
29247926,189,9481,2001,3.4479554280138747e-09,8.055810551196275e-08,0.45280200000000004,2.469852,SCG,854110
29254452,189,9482,2001,5.6561863301001026e-09,4.606554154119226e-08,0.45280200000000004,2.469852,SCG,854121
29260978,189,9483,2001,1.4157890454984024e-08,6.869512406462595e-08,0.45280200000000004,2.469852,SCG,854129
29267504,189,9484,2001,5.512243736647248e-10,4.331000756099619e-08,0.45280200000000004,2.469852,SCG,854130
29274030,189,9485,2001,1.593459661375053e-08,1.3484649983745435e-07,0.45280200000000004,2.469852,SCG,854140
29280556,189,9486,2001,4.672831139037964e-10,1.1628326881787268e-08,0.45280200000000004,2.469852,SCG,854150
29287082,189,9487,2001,5.0673550599143266e-08,2.0654573263391782e-08,0.45280200000000004,2.469852,SCG,854160
29293608,189,9488,2001,2.9885512771201292e-09,2.6474868214825907e-08,0.45280200000000004,2.469852,SCG,854190
29300134,189,9489,2001,5.924161983553493e-08,2.7460046185171497e-06,0.45280200000000004,2.469852,SCG,854211
29306660,189,9490,2001,4.728589954186017e-09,3.924180003233191e-07,0.45280200000000004,2.469852,SCG,854219
29313186,189,9491,2001,1.8079189737678658e-08,1.2681587819442442e-07,0.45280200000000004,2.469852,SCG,854220
29319712,189,9492,2001,2.883700461678681e-09,6.449288502987661e-08,0.45280200000000004,2.469852,SCG,854280
29326238,189,9493,2001,2.604603348899565e-09,2.5468306187179106e-08,0.45280200000000004,2.469852,SCG,854290
29332764,189,9494,2001,0.0,1.4311608467506228e-08,0.45280200000000004,2.469852,SCG,854310
29339290,189,9495,2001,0.0,1.0321155121155402e-08,0.45280200000000004,2.469852,SCG,854320
29345816,189,9496,2001,1.1741170070170291e-08,2.799356051745454e-07,0.45280200000000004,2.469852,SCG,854330
29352342,189,9497,2001,2.0353785751272623e-08,9.691124184305014e-07,0.45280200000000004,2.469852,SCG,854380
29358868,189,9498,2001,3.037522062597985e-08,2.508656165525827e-07,0.45280200000000004,2.469852,SCG,854390
29365394,189,9499,2001,6.766532222661934e-07,1.8743663145973152e-07,0.45280200000000004,2.469852,SCG,854411
29371920,189,9500,2001,1.4435472382568899e-08,2.7509270614656547e-08,0.45280200000000004,2.469852,SCG,854419
29378446,189,9501,2001,4.089727268886417e-08,1.524966329360064e-07,0.45280200000000004,2.469852,SCG,854420
29384972,189,9502,2001,8.063815603748392e-10,7.540564805993867e-08,0.45280200000000004,2.469852,SCG,854430
29391498,189,9503,2001,9.681972783789566e-08,2.723723040646014e-07,0.45280200000000004,2.469852,SCG,854441
29398024,189,9504,2001,1.0553937620111915e-06,2.5645258267047607e-07,0.45280200000000004,2.469852,SCG,854449
29404550,189,9505,2001,2.8708819949354057e-07,8.42837770328651e-07,0.45280200000000004,2.469852,SCG,854451
29411076,189,9506,2001,3.0512266096428522e-06,1.7449652589858197e-06,0.45280200000000004,2.469852,SCG,854459
29417602,189,9507,2001,4.686907209492458e-07,4.621372523647079e-07,0.45280200000000004,2.469852,SCG,854460
29424128,189,9508,2001,9.201113610545376e-09,4.631090139271249e-07,0.45280200000000004,2.469852,SCG,854470
29430654,189,9509,2001,1.0348714876663194e-08,6.462893827727503e-07,0.45280200000000004,2.469852,SCG,854511
29437180,189,9510,2001,3.6576570588967717e-10,1.6719253796955033e-06,0.45280200000000004,2.469852,SCG,854519
29443706,189,9511,2001,1.9236488189039616e-08,8.680362900520486e-08,0.45280200000000004,2.469852,SCG,854520
29450232,189,9512,2001,6.745604484759083e-10,7.26123307174931e-08,0.45280200000000004,2.469852,SCG,854590
29456758,189,9513,2001,6.1995317407547766e-09,1.9494690328932536e-07,0.45280200000000004,2.469852,SCG,854610
29463284,189,9514,2001,2.9862512259952723e-07,1.2098033732488962e-07,0.45280200000000004,2.469852,SCG,854620
29469810,189,9515,2001,5.789007464227232e-08,5.935699922796196e-08,0.45280200000000004,2.469852,SCG,854690
29476336,189,9516,2001,5.533729062701579e-08,8.784300290006834e-09,0.45280200000000004,2.469852,SCG,854710
29482862,189,9517,2001,1.7934034996070407e-08,9.426816308049665e-08,0.45280200000000004,2.469852,SCG,854720
29489388,189,9518,2001,4.07872702437623e-08,1.502916091724456e-08,0.45280200000000004,2.469852,SCG,854790
29495914,189,9519,2001,4.0806967651287425e-09,6.495871411445269e-07,0.45280200000000004,2.469852,SCG,854800
29502440,189,9520,2001,2.055803271545625e-09,2.7785354305479657e-08,0.45280200000000004,2.469852,SCG,860110
29508966,189,9521,2001,0.0,1.8099556249519814e-09,0.45280200000000004,2.469852,SCG,860120
29515492,189,9522,2001,0.0,3.8432970933790834e-08,0.45280200000000004,2.469852,SCG,860210
29522018,189,9523,2001,0.0,9.810748297784948e-08,0.45280200000000004,2.469852,SCG,860290
29528544,189,9524,2001,0.0,4.8052813822315146e-08,0.45280200000000004,2.469852,SCG,860310
29535070,189,9525,2001,9.392542107985731e-08,0.0,0.45280200000000004,2.469852,SCG,860390
29541596,189,9526,2001,5.306784624308224e-09,1.1488462154863676e-08,0.45280200000000004,2.469852,SCG,860400
29548122,189,9527,2001,0.0,1.2209660367626084e-08,0.45280200000000004,2.469852,SCG,860500
29554648,189,9528,2001,4.170092691588937e-09,5.251555919678474e-09,0.45280200000000004,2.469852,SCG,860610
29561174,189,9529,2001,0.0,0.0,0.45280200000000004,2.469852,SCG,860620
29567700,189,9530,2001,0.0,0.0,0.45280200000000004,2.469852,SCG,860630
29574226,189,9531,2001,9.866598099707781e-07,1.6108866894144363e-06,0.45280200000000004,2.469852,SCG,860691
29580752,189,9532,2001,9.146869980591563e-09,0.0,0.45280200000000004,2.469852,SCG,860692
29587278,189,9533,2001,5.709587517085918e-07,9.5784237062408e-07,0.45280200000000004,2.469852,SCG,860699
29593804,189,9534,2001,0.0,0.0,0.45280200000000004,2.469852,SCG,860711
29600330,189,9535,2001,1.1205703622525668e-08,6.485149553824468e-09,0.45280200000000004,2.469852,SCG,860712
29606856,189,9536,2001,6.804727011038351e-08,4.458111941098993e-07,0.45280200000000004,2.469852,SCG,860719
29613382,189,9537,2001,5.739642730598874e-08,6.129634629696838e-07,0.45280200000000004,2.469852,SCG,860721
29619908,189,9538,2001,3.2364355748978886e-08,1.4233058845987528e-08,0.45280200000000004,2.469852,SCG,860729
29626434,189,9539,2001,5.866494035060696e-09,2.1921310197756638e-08,0.45280200000000004,2.469852,SCG,860730
29632960,189,9540,2001,6.516963038948179e-08,6.6770492620916716e-09,0.45280200000000004,2.469852,SCG,860791
29639486,189,9541,2001,1.1486982601984491e-07,2.0852935915201664e-07,0.45280200000000004,2.469852,SCG,860799
29646012,189,9542,2001,3.634292903201582e-08,2.4917133104539453e-08,0.45280200000000004,2.469852,SCG,860800
29652538,189,9543,2001,1.8257799768375737e-07,1.4193253742424677e-07,0.45280200000000004,2.469852,SCG,860900
29659064,189,9544,2001,2.7365790096883087e-07,8.153119280638851e-08,0.45280200000000004,2.469852,SCG,870110
29665590,189,9545,2001,1.6545398069252797e-07,5.954708599770719e-06,0.45280200000000004,2.469852,SCG,870120
29672116,189,9546,2001,3.223071641484687e-08,1.2645759911905854e-07,0.45280200000000004,2.469852,SCG,870130
29678642,189,9547,2001,1.1523459170350638e-06,4.170661092599821e-06,0.45280200000000004,2.469852,SCG,870190
29685168,189,9548,2001,2.759303757231529e-07,3.5428885402263458e-06,0.45280200000000004,2.469852,SCG,870210
29691694,189,9549,2001,3.925238764199659e-09,1.3732860159084482e-07,0.45280200000000004,2.469852,SCG,870290
29698220,189,9550,2001,3.503108169084232e-10,8.808494899166601e-09,0.45280200000000004,2.469852,SCG,870310
29704746,189,9551,2001,2.1105014570577104e-08,6.676681371459242e-07,0.45280200000000004,2.469852,SCG,870321
29711272,189,9552,2001,1.0876384181298254e-06,4.996989522223453e-06,0.45280200000000004,2.469852,SCG,870322
29717798,189,9553,2001,6.478416727606698e-08,7.798895619487746e-06,0.45280200000000004,2.469852,SCG,870323
29724324,189,9554,2001,5.287966024195756e-08,2.2518323778928996e-06,0.45280200000000004,2.469852,SCG,870324
29730850,189,9555,2001,3.0485526108120566e-10,1.2595083805871215e-07,0.45280200000000004,2.469852,SCG,870331
29737376,189,9556,2001,6.743755958822109e-08,8.500616840443539e-06,0.45280200000000004,2.469852,SCG,870332
29743902,189,9557,2001,9.38932991537394e-08,2.165716140934234e-06,0.45280200000000004,2.469852,SCG,870333
29750428,189,9558,2001,0.0,3.092203623819263e-08,0.45280200000000004,2.469852,SCG,870390
29756954,189,9559,2001,1.9777106266344656e-08,3.0058156117988026e-07,0.45280200000000004,2.469852,SCG,870410
29763480,189,9560,2001,1.7779273980330677e-07,3.30838809102283e-06,0.45280200000000004,2.469852,SCG,870421
29770006,189,9561,2001,1.3100624530146828e-07,5.76359239912069e-06,0.45280200000000004,2.469852,SCG,870422
29776532,189,9562,2001,1.8660414778189345e-08,1.9904311690667457e-06,0.45280200000000004,2.469852,SCG,870423
29783058,189,9563,2001,7.987480573662551e-08,2.113955917549437e-07,0.45280200000000004,2.469852,SCG,870431
29789584,189,9564,2001,0.0,4.425757451425341e-08,0.45280200000000004,2.469852,SCG,870432
29796110,189,9565,2001,1.935800604161771e-09,1.4497542381734035e-08,0.45280200000000004,2.469852,SCG,870490
29802636,189,9566,2001,1.0588417174392054e-08,9.271003025060758e-07,0.45280200000000004,2.469852,SCG,870510
29809162,189,9567,2001,0.0,2.699521802826202e-09,0.45280200000000004,2.469852,SCG,870520
29815688,189,9568,2001,2.0125235216573374e-07,7.399805209964366e-08,0.45280200000000004,2.469852,SCG,870530
29822214,189,9569,2001,7.460105214955174e-08,1.863783658837433e-07,0.45280200000000004,2.469852,SCG,870540
29828740,189,9570,2001,1.798927864825242e-07,5.76173736860744e-07,0.45280200000000004,2.469852,SCG,870590
29835266,189,9571,2001,6.75742292927416e-09,1.6276277017879852e-07,0.45280200000000004,2.469852,SCG,870600
29841792,189,9572,2001,4.220396840037724e-09,1.7963337285620296e-08,0.45280200000000004,2.469852,SCG,870710
29848318,189,9573,2001,2.112016642251951e-08,1.2954423466844101e-07,0.45280200000000004,2.469852,SCG,870790
29854844,189,9574,2001,2.2245645984801416e-08,2.2197990467983688e-07,0.45280200000000004,2.469852,SCG,870810
29861370,189,9575,2001,1.009173946771999e-08,7.444946384862454e-08,0.45280200000000004,2.469852,SCG,870821
29867896,189,9576,2001,2.0656519753081892e-07,5.940754276079572e-07,0.45280200000000004,2.469852,SCG,870829
29874422,189,9577,2001,2.297705618176523e-07,4.092793228766623e-07,0.45280200000000004,2.469852,SCG,870831
29880948,189,9578,2001,1.5564488387094163e-06,5.555198264633566e-07,0.45280200000000004,2.469852,SCG,870839
29887474,189,9579,2001,4.675285739052633e-08,7.14896014225792e-07,0.45280200000000004,2.469852,SCG,870840
29894000,189,9580,2001,5.00647491880974e-08,3.8221649251595384e-07,0.45280200000000004,2.469852,SCG,870850
29900526,189,9581,2001,1.3524906688238077e-07,1.8099622536120252e-07,0.45280200000000004,2.469852,SCG,870860
29907052,189,9582,2001,5.047769776093572e-07,3.797234534734911e-07,0.45280200000000004,2.469852,SCG,870870
29913578,189,9583,2001,4.0076648387663464e-08,1.03172475260596e-06,0.45280200000000004,2.469852,SCG,870880
29920104,189,9584,2001,9.895826022104682e-08,2.316862515819324e-07,0.45280200000000004,2.469852,SCG,870891
29926630,189,9585,2001,4.7579239395465143e-08,3.1066839316848836e-07,0.45280200000000004,2.469852,SCG,870892
29933156,189,9586,2001,7.349587606887264e-08,8.186882360571803e-07,0.45280200000000004,2.469852,SCG,870893
29939682,189,9587,2001,2.1911396130951945e-07,1.7293444901596686e-07,0.45280200000000004,2.469852,SCG,870894
29946208,189,9588,2001,2.2634915243424154e-06,6.867908602165005e-06,0.45280200000000004,2.469852,SCG,870899
29952734,189,9589,2001,2.213685568785494e-09,8.616263757897209e-09,0.45280200000000004,2.469852,SCG,870911
29959260,189,9590,2001,0.0,2.337729537637119e-08,0.45280200000000004,2.469852,SCG,870919
29965786,189,9591,2001,4.571313731023844e-09,1.915682752650147e-08,0.45280200000000004,2.469852,SCG,870990
29972312,189,9592,2001,0.0,4.085607761279174e-08,0.45280200000000004,2.469852,SCG,871000
29978838,189,9593,2001,1.3523936969713764e-08,4.087997393224954e-07,0.45280200000000004,2.469852,SCG,871110
29985364,189,9594,2001,3.918268912306152e-10,1.3835836392864483e-07,0.45280200000000004,2.469852,SCG,871120
29991890,189,9595,2001,4.5819200273835284e-10,8.24737882646129e-09,0.45280200000000004,2.469852,SCG,871130
29998416,189,9596,2001,0.0,4.2660730309708704e-08,0.45280200000000004,2.469852,SCG,871140
30004942,189,9597,2001,0.0,1.0119743285725386e-07,0.45280200000000004,2.469852,SCG,871150
30011468,189,9598,2001,0.0,1.1848729828242691e-09,0.45280200000000004,2.469852,SCG,871190
30017994,189,9599,2001,4.6374061091966184e-08,1.8006125286202845e-07,0.45280200000000004,2.469852,SCG,871200
30024520,189,9600,2001,3.6394748365658846e-10,4.8850573058583126e-08,0.45280200000000004,2.469852,SCG,871310
30031046,189,9601,2001,5.4843643290732206e-09,2.106886451612754e-08,0.45280200000000004,2.469852,SCG,871390
30037572,189,9602,2001,0.0,0.0,0.45280200000000004,2.469852,SCG,871411
30044098,189,9603,2001,1.4627294828159756e-08,2.45492424721101e-08,0.45280200000000004,2.469852,SCG,871419
30050624,189,9604,2001,3.7046277999182295e-09,3.81810818521275e-09,0.45280200000000004,2.469852,SCG,871420
30057150,189,9605,2001,1.8126463515738964e-08,3.767067502875704e-08,0.45280200000000004,2.469852,SCG,871491
30063676,189,9606,2001,0.0,2.114509410663092e-08,0.45280200000000004,2.469852,SCG,871492
30070202,189,9607,2001,1.279725415055598e-09,3.206548009574333e-08,0.45280200000000004,2.469852,SCG,871493
30076728,189,9608,2001,9.56081857565809e-10,2.219971391959507e-08,0.45280200000000004,2.469852,SCG,871494
30083254,189,9609,2001,0.0,9.523395884887426e-09,0.45280200000000004,2.469852,SCG,871495
30089780,189,9610,2001,0.0,1.3676582835312857e-08,0.45280200000000004,2.469852,SCG,871496
30096306,189,9611,2001,7.573501674892139e-09,6.436561475703618e-08,0.45280200000000004,2.469852,SCG,871499
30102832,189,9612,2001,1.6967043805106068e-09,2.2649766793266978e-07,0.45280200000000004,2.469852,SCG,871500
30109358,189,9613,2001,6.933790485883764e-09,4.099428517470439e-08,0.45280200000000004,2.469852,SCG,871610
30115884,189,9614,2001,8.433217754104246e-08,8.202171364962764e-08,0.45280200000000004,2.469852,SCG,871620
30122410,189,9615,2001,5.4947584995057106e-08,2.122540032306122e-07,0.45280200000000004,2.469852,SCG,871631
30128936,189,9616,2001,1.3844701675334494e-07,2.980894170065235e-06,0.45280200000000004,2.469852,SCG,871639
30135462,189,9617,2001,1.4241831714744951e-08,2.877136748699076e-07,0.45280200000000004,2.469852,SCG,871640
30141988,189,9618,2001,4.7049530651558634e-09,3.7958624021058504e-07,0.45280200000000004,2.469852,SCG,871680
30148514,189,9619,2001,1.0501930403504801e-07,2.2252908916446338e-07,0.45280200000000004,2.469852,SCG,871690
30155040,189,9620,2001,0.0,8.86583280854523e-10,0.45280200000000004,2.469852,SCG,880110
30161566,189,9621,2001,0.0,7.917934422285815e-10,0.45280200000000004,2.469852,SCG,880190
30168092,189,9622,2001,7.637957653055133e-08,9.306638701456077e-10,0.45280200000000004,2.469852,SCG,880211
30174618,189,9623,2001,0.0,0.0,0.45280200000000004,2.469852,SCG,880212
30181144,189,9624,2001,6.650753891599622e-09,2.323875638145635e-08,0.45280200000000004,2.469852,SCG,880220
30187670,189,9625,2001,2.9729721429529474e-07,6.422074539177955e-07,0.45280200000000004,2.469852,SCG,880230
30194196,189,9626,2001,5.152860596869789e-06,1.5456738324739053e-05,0.45280200000000004,2.469852,SCG,880240
30200722,189,9627,2001,0.0,0.0,0.45280200000000004,2.469852,SCG,880250
30207248,189,9628,2001,1.054568895191447e-09,1.1343294499905065e-08,0.45280200000000004,2.469852,SCG,880310
30213774,189,9629,2001,2.349385554781681e-08,5.0469623274274467e-08,0.45280200000000004,2.469852,SCG,880320
30220300,189,9630,2001,3.075371388750115e-08,1.3057989651367999e-06,0.45280200000000004,2.469852,SCG,880330
30226826,189,9631,2001,3.9788763200757753e-10,2.008218846861206e-08,0.45280200000000004,2.469852,SCG,880390
30233352,189,9632,2001,0.0,7.441665198140787e-09,0.45280200000000004,2.469852,SCG,880400
30239878,189,9633,2001,4.0622115057590074e-09,0.0,0.45280200000000004,2.469852,SCG,880510
30246404,189,9634,2001,0.0,0.0,0.45280200000000004,2.469852,SCG,880520
30252930,189,9635,2001,0.0,2.669692832629227e-09,0.45280200000000004,2.469852,SCG,890110
30259456,189,9636,2001,2.0233798235740712e-06,0.0,0.45280200000000004,2.469852,SCG,890120
30265982,189,9637,2001,0.0,0.0,0.45280200000000004,2.469852,SCG,890130
30272508,189,9638,2001,3.5894946347116257e-06,1.4559957844706194e-06,0.45280200000000004,2.469852,SCG,890190
30279034,189,9639,2001,0.0,0.0,0.45280200000000004,2.469852,SCG,890200
30285560,189,9640,2001,0.0,2.0231001886594744e-08,0.45280200000000004,2.469852,SCG,890310
30292086,189,9641,2001,4.766772621080879e-10,8.916044908376804e-08,0.45280200000000004,2.469852,SCG,890391
30298612,189,9642,2001,1.5572164315288187e-08,1.2181190272738083e-07,0.45280200000000004,2.469852,SCG,890392
30305138,189,9643,2001,6.850152263161683e-09,6.709761699407687e-08,0.45280200000000004,2.469852,SCG,890399
30311664,189,9644,2001,3.678375701242817e-07,3.521091185971408e-07,0.45280200000000004,2.469852,SCG,890400
30318190,189,9645,2001,3.995361534989113e-08,7.818802811331203e-08,0.45280200000000004,2.469852,SCG,890510
30324716,189,9646,2001,0.0,0.0,0.45280200000000004,2.469852,SCG,890520
30331242,189,9647,2001,5.6100034853796496e-08,1.509756868889629e-07,0.45280200000000004,2.469852,SCG,890590
30337768,189,9648,2001,0.0,1.9607244976475788e-08,0.45280200000000004,2.469852,SCG,890600
30344294,189,9649,2001,2.4788429777775966e-09,4.274756575628212e-08,0.45280200000000004,2.469852,SCG,890710
30350820,189,9650,2001,5.935071316952025e-08,2.5125604462916088e-08,0.45280200000000004,2.469852,SCG,890790
30357346,189,9651,2001,5.618609737282936e-07,1.3263948747588042e-09,0.45280200000000004,2.469852,SCG,890800
30363872,189,9652,2001,0.0,2.453151080649301e-07,0.45280200000000004,2.469852,SCG,900110
30370398,189,9653,2001,0.0,1.2670352240668247e-08,0.45280200000000004,2.469852,SCG,900120
30376924,189,9654,2001,8.527462273186011e-10,2.1812997892641402e-07,0.45280200000000004,2.469852,SCG,900130
30383450,189,9655,2001,1.4141859795628958e-07,1.4867255895675427e-07,0.45280200000000004,2.469852,SCG,900140
30389976,189,9656,2001,1.7651907512902812e-09,1.4245388153668945e-07,0.45280200000000004,2.469852,SCG,900150
30396502,189,9657,2001,0.0,3.0399697826743385e-08,0.45280200000000004,2.469852,SCG,900190
30403028,189,9658,2001,0.0,1.9201239548794742e-08,0.45280200000000004,2.469852,SCG,900211
30409554,189,9659,2001,6.26983633376754e-10,1.4872393107209351e-08,0.45280200000000004,2.469852,SCG,900219
30416080,189,9660,2001,0.0,1.5292318720982315e-09,0.45280200000000004,2.469852,SCG,900220
30422606,189,9661,2001,2.46066075544671e-10,2.8182742475103796e-08,0.45280200000000004,2.469852,SCG,900290
30429132,189,9662,2001,9.253842055304947e-09,7.907825715719062e-08,0.45280200000000004,2.469852,SCG,900311
30435658,189,9663,2001,1.4854875644334692e-09,2.4347764350079646e-07,0.45280200000000004,2.469852,SCG,900319
30442184,189,9664,2001,0.0,1.7232858948796608e-08,0.45280200000000004,2.469852,SCG,900390
30448710,189,9665,2001,7.931085380732916e-09,5.73641588724023e-07,0.45280200000000004,2.469852,SCG,900410
30455236,189,9666,2001,2.3436884584513363e-09,1.0325563180084511e-07,0.45280200000000004,2.469852,SCG,900490
30461762,189,9667,2001,9.515363019830872e-11,2.4041487112757155e-08,0.45280200000000004,2.469852,SCG,900510
30468288,189,9668,2001,0.0,3.3169814859035763e-09,0.45280200000000004,2.469852,SCG,900580
30474814,189,9669,2001,0.0,0.0,0.45280200000000004,2.469852,SCG,900590
30481340,189,9670,2001,4.04251409823388e-10,1.792223959334891e-08,0.45280200000000004,2.469852,SCG,900610
30487866,189,9671,2001,0.0,2.769454166287998e-09,0.45280200000000004,2.469852,SCG,900620
30494392,189,9672,2001,0.0,1.3373653071312471e-08,0.45280200000000004,2.469852,SCG,900630
30500918,189,9673,2001,0.0,1.4423632822245976e-08,0.45280200000000004,2.469852,SCG,900640
30507444,189,9674,2001,0.0,2.14453724066138e-08,0.45280200000000004,2.469852,SCG,900651
30513970,189,9675,2001,0.0,8.660775210091139e-08,0.45280200000000004,2.469852,SCG,900652
30520496,189,9676,2001,2.433387421950379e-10,5.414322667053298e-08,0.45280200000000004,2.469852,SCG,900653
30527022,189,9677,2001,4.945564474001269e-10,6.059092429511014e-08,0.45280200000000004,2.469852,SCG,900659
30533548,189,9678,2001,0.0,8.991777349376901e-09,0.45280200000000004,2.469852,SCG,900661
30540074,189,9679,2001,0.0,3.2414147614045737e-10,0.45280200000000004,2.469852,SCG,900662
30546600,189,9680,2001,4.675861509426444e-10,7.1268038460616105e-09,0.45280200000000004,2.469852,SCG,900669
30553126,189,9681,2001,0.0,1.303128278005164e-08,0.45280200000000004,2.469852,SCG,900691
30559652,189,9682,2001,0.0,1.073345777587803e-08,0.45280200000000004,2.469852,SCG,900699
30566178,189,9683,2001,0.0,2.8045860645199903e-09,0.45280200000000004,2.469852,SCG,900711
30572704,189,9684,2001,0.0,6.774391134834465e-08,0.45280200000000004,2.469852,SCG,900719
30579230,189,9685,2001,0.0,0.0,0.45280200000000004,2.469852,SCG,900721
30585756,189,9686,2001,2.3458097177232732e-09,5.5135205646083486e-08,0.45280200000000004,2.469852,SCG,900729
30592282,189,9687,2001,0.0,3.346180733396392e-08,0.45280200000000004,2.469852,SCG,900791
30598808,189,9688,2001,0.0,2.751888217172002e-09,0.45280200000000004,2.469852,SCG,900792
30605334,189,9689,2001,0.0,1.9495883487740415e-08,0.45280200000000004,2.469852,SCG,900810
30611860,189,9690,2001,7.672897823634321e-10,2.8934101091065367e-09,0.45280200000000004,2.469852,SCG,900820
30618386,189,9691,2001,3.8364489118171605e-09,7.859204494297994e-08,0.45280200000000004,2.469852,SCG,900830
30624912,189,9692,2001,0.0,1.07284862808452e-09,0.45280200000000004,2.469852,SCG,900840
30631438,189,9693,2001,1.5306400832218387e-08,5.674464430471136e-09,0.45280200000000004,2.469852,SCG,900890
30637964,189,9694,2001,8.517462050904023e-09,2.2518651897601165e-07,0.45280200000000004,2.469852,SCG,900911
30644490,189,9695,2001,0.0,1.1194381652021724e-07,0.45280200000000004,2.469852,SCG,900912
30651016,189,9696,2001,8.788074126595391e-10,1.4546826469159483e-07,0.45280200000000004,2.469852,SCG,900921
30657542,189,9697,2001,6.903183744960104e-10,4.906733024201447e-08,0.45280200000000004,2.469852,SCG,900922
30664068,189,9698,2001,0.0,2.2181485104474696e-08,0.45280200000000004,2.469852,SCG,900930
30670594,189,9699,2001,6.036800850893338e-09,1.4461780760797886e-07,0.45280200000000004,2.469852,SCG,900990
30677120,189,9700,2001,2.048803115948234e-08,9.399343826498252e-07,0.45280200000000004,2.469852,SCG,901010
30683646,189,9701,2001,4.2076692844061036e-09,3.711353615207799e-08,0.45280200000000004,2.469852,SCG,901020
30690172,189,9702,2001,0.0,1.4191961153716141e-08,0.45280200000000004,2.469852,SCG,901030
30696698,189,9703,2001,6.650147817521926e-09,7.354763464966935e-08,0.45280200000000004,2.469852,SCG,901090
30703224,189,9704,2001,2.094288975479336e-09,3.772735007213129e-08,0.45280200000000004,2.469852,SCG,901110
30709750,189,9705,2001,1.513366972007496e-09,3.420322295985984e-08,0.45280200000000004,2.469852,SCG,901120
30716276,189,9706,2001,2.2748384432250442e-08,3.4197588598822635e-08,0.45280200000000004,2.469852,SCG,901180
30722802,189,9707,2001,1.8300406776037783e-09,4.454326976213999e-08,0.45280200000000004,2.469852,SCG,901190
30729328,189,9708,2001,5.804371442096832e-09,1.0933643309199948e-08,0.45280200000000004,2.469852,SCG,901210
30735854,189,9709,2001,4.0152407647375495e-10,5.098102439665149e-09,0.45280200000000004,2.469852,SCG,901290
30742380,189,9710,2001,1.611854009633134e-09,7.304418791934484e-08,0.45280200000000004,2.469852,SCG,901310
30748906,189,9711,2001,0.0,2.1834806184185413e-08,0.45280200000000004,2.469852,SCG,901320
30755432,189,9712,2001,0.0,1.0339682225977746e-07,0.45280200000000004,2.469852,SCG,901380
30761958,189,9713,2001,1.603338668841502e-08,1.0088820586621188e-08,0.45280200000000004,2.469852,SCG,901390
30768484,189,9714,2001,0.0,5.5945890769436816e-08,0.45280200000000004,2.469852,SCG,901410
30775010,189,9715,2001,6.847061285365432e-08,3.4785683317906096e-07,0.45280200000000004,2.469852,SCG,901420
30781536,189,9716,2001,0.0,4.966556681096491e-08,0.45280200000000004,2.469852,SCG,901480
30788062,189,9717,2001,5.0701733043756144e-08,8.275550631647321e-08,0.45280200000000004,2.469852,SCG,901490
30794588,189,9718,2001,8.877773090094433e-09,1.661175350269516e-08,0.45280200000000004,2.469852,SCG,901510
30801114,189,9719,2001,5.326178994794504e-09,1.6223512883931424e-07,0.45280200000000004,2.469852,SCG,901520
30807640,189,9720,2001,0.0,2.5489849332321366e-08,0.45280200000000004,2.469852,SCG,901530
30814166,189,9721,2001,0.0,6.011200360694761e-09,0.45280200000000004,2.469852,SCG,901540
30820692,189,9722,2001,2.4230841626295433e-09,7.971825428441682e-08,0.45280200000000004,2.469852,SCG,901580
30827218,189,9723,2001,5.450121143683383e-09,5.934904483590943e-08,0.45280200000000004,2.469852,SCG,901590
30833744,189,9724,2001,8.945350349757563e-09,4.5591260915060365e-08,0.45280200000000004,2.469852,SCG,901600
30840270,189,9725,2001,0.0,4.4145218726511474e-08,0.45280200000000004,2.469852,SCG,901710
30846796,189,9726,2001,8.115937974430269e-09,5.313169314785336e-08,0.45280200000000004,2.469852,SCG,901720
30853322,189,9727,2001,3.817660615408577e-09,5.2618303427463206e-08,0.45280200000000004,2.469852,SCG,901730
30859848,189,9728,2001,4.8598049920072516e-09,9.261166093555801e-08,0.45280200000000004,2.469852,SCG,901780
30866374,189,9729,2001,4.3697941001898466e-10,1.9423631093263298e-08,0.45280200000000004,2.469852,SCG,901790
30872900,189,9730,2001,2.6733927567180876e-09,1.5038971334109345e-07,0.45280200000000004,2.469852,SCG,901811
30879426,189,9731,2001,2.160138924021032e-08,9.491001623253512e-07,0.45280200000000004,2.469852,SCG,901819
30885952,189,9732,2001,1.471850897685304e-09,1.2769218705221108e-07,0.45280200000000004,2.469852,SCG,901820
30892478,189,9733,2001,7.45410508158598e-09,3.848613278734189e-07,0.45280200000000004,2.469852,SCG,901831
30899004,189,9734,2001,1.0571750137255408e-08,4.983695081639664e-07,0.45280200000000004,2.469852,SCG,901832
30905530,189,9735,2001,3.8348428155112655e-08,8.479053809321148e-07,0.45280200000000004,2.469852,SCG,901839
30912056,189,9736,2001,1.1456012216614213e-08,3.73518364806516e-08,0.45280200000000004,2.469852,SCG,901841
30918582,189,9737,2001,3.0646135738710065e-09,4.2799534451025293e-07,0.45280200000000004,2.469852,SCG,901849
30925108,189,9738,2001,1.9136789003258586e-08,1.400002830214872e-07,0.45280200000000004,2.469852,SCG,901850
30931634,189,9739,2001,1.1118847146451021e-06,5.047075346081193e-06,0.45280200000000004,2.469852,SCG,901890
30938160,189,9740,2001,6.706512706747676e-09,3.508221642496424e-07,0.45280200000000004,2.469852,SCG,901910
30944686,189,9741,2001,9.890522873924841e-09,1.8957039712782178e-07,0.45280200000000004,2.469852,SCG,901920
30951212,189,9742,2001,2.809895790867222e-07,4.819466714725187e-08,0.45280200000000004,2.469852,SCG,902000
30957738,189,9743,2001,0.0,2.7313957146466804e-07,0.45280200000000004,2.469852,SCG,902111
30964264,189,9744,2001,6.0589225547292505e-09,1.3952434523034434e-07,0.45280200000000004,2.469852,SCG,902119
30970790,189,9745,2001,0.0,4.122131678120359e-08,0.45280200000000004,2.469852,SCG,902121
30977316,189,9746,2001,1.0733571916000301e-09,6.939577343125267e-08,0.45280200000000004,2.469852,SCG,902129
30983842,189,9747,2001,1.5145791201628886e-09,3.275088354426936e-07,0.45280200000000004,2.469852,SCG,902130
30990368,189,9748,2001,0.0,1.571980100720518e-07,0.45280200000000004,2.469852,SCG,902140
30996894,189,9749,2001,0.0,3.3343187462480624e-07,0.45280200000000004,2.469852,SCG,902150
31003420,189,9750,2001,4.542525212333273e-09,4.878912537997735e-07,0.45280200000000004,2.469852,SCG,902190
31009946,189,9751,2001,3.696221552460583e-07,3.632170956654919e-07,0.45280200000000004,2.469852,SCG,902211
31016472,189,9752,2001,0.0,2.144421239110614e-07,0.45280200000000004,2.469852,SCG,902219
31022998,189,9753,2001,4.270094914408816e-09,1.1488528441464113e-07,0.45280200000000004,2.469852,SCG,902221
31029524,189,9754,2001,0.0,1.6840442274205297e-08,0.45280200000000004,2.469852,SCG,902229
31036050,189,9755,2001,5.540123144221274e-09,8.236176390987315e-08,0.45280200000000004,2.469852,SCG,902230
31042576,189,9756,2001,2.1160621867205735e-07,3.3405762013293834e-07,0.45280200000000004,2.469852,SCG,902290
31049102,189,9757,2001,2.8751548171831638e-08,1.1877895932435289e-07,0.45280200000000004,2.469852,SCG,902300
31055628,189,9758,2001,1.2297243036456586e-09,2.9503834421827583e-08,0.45280200000000004,2.469852,SCG,902410
31062154,189,9759,2001,4.918291140504938e-10,3.73054358603452e-08,0.45280200000000004,2.469852,SCG,902480
31068680,189,9760,2001,0.0,1.4226430185943756e-08,0.45280200000000004,2.469852,SCG,902490
31075206,189,9761,2001,2.4012654958324785e-09,6.348963733225169e-08,0.45280200000000004,2.469852,SCG,902511
31081732,189,9762,2001,1.2096632516739132e-08,1.015918381298583e-07,0.45280200000000004,2.469852,SCG,902519
31088258,189,9763,2001,0.0,0.0,0.45280200000000004,2.469852,SCG,902520
31094784,189,9764,2001,5.711945145248156e-09,6.300143652002787e-08,0.45280200000000004,2.469852,SCG,902580
31101310,189,9765,2001,1.0191135616462174e-09,2.643343908955233e-08,0.45280200000000004,2.469852,SCG,902590
31107836,189,9766,2001,2.6694229715091774e-08,2.811977020468796e-07,0.45280200000000004,2.469852,SCG,902610
31114362,189,9767,2001,5.828553797796912e-08,2.353141172238889e-07,0.45280200000000004,2.469852,SCG,902620
31120888,189,9768,2001,1.2785435706040902e-08,2.3749461494528774e-07,0.45280200000000004,2.469852,SCG,902680
31127414,189,9769,2001,3.8726315342556254e-08,1.818115505465865e-07,0.45280200000000004,2.469852,SCG,902690
31133940,189,9770,2001,2.1901092871631107e-08,2.49890872093146e-07,0.45280200000000004,2.469852,SCG,902710
31140466,189,9771,2001,0.0,8.81346639419943e-08,0.45280200000000004,2.469852,SCG,902720
31146992,189,9772,2001,1.617975357817866e-08,1.8691595021329323e-07,0.45280200000000004,2.469852,SCG,902730
31153518,189,9773,2001,0.0,5.766934238081757e-10,0.45280200000000004,2.469852,SCG,902740
31160044,189,9774,2001,3.6397778736047326e-09,3.75287885605201e-07,0.45280200000000004,2.469852,SCG,902750
31166570,189,9775,2001,2.6294826897889956e-08,5.774109762579141e-07,0.45280200000000004,2.469852,SCG,902780
31173096,189,9776,2001,1.2580279630740727e-08,2.457966802171101e-07,0.45280200000000004,2.469852,SCG,902790
31179622,189,9777,2001,0.0,6.921050238302924e-08,0.45280200000000004,2.469852,SCG,902810
31186148,189,9778,2001,5.47472775123785e-08,2.6729176757405224e-07,0.45280200000000004,2.469852,SCG,902820
31192674,189,9779,2001,8.151423611679382e-07,6.991314034766909e-07,0.45280200000000004,2.469852,SCG,902830
31199200,189,9780,2001,6.456870794144598e-08,1.7664848723849237e-07,0.45280200000000004,2.469852,SCG,902890
31205726,189,9781,2001,4.477372248980928e-09,2.9120366438295365e-08,0.45280200000000004,2.469852,SCG,902910
31212252,189,9782,2001,2.6058761044627273e-08,5.190737963776864e-08,0.45280200000000004,2.469852,SCG,902920
31218778,189,9783,2001,2.6585742455184148e-08,2.0321814529194424e-08,0.45280200000000004,2.469852,SCG,902990
31225304,189,9784,2001,0.0,6.45979492915704e-08,0.45280200000000004,2.469852,SCG,903010
31231830,189,9785,2001,6.981973375060615e-10,6.713772038734169e-08,0.45280200000000004,2.469852,SCG,903020
31238356,189,9786,2001,8.237152789969516e-09,2.0394497786574384e-07,0.45280200000000004,2.469852,SCG,903031
31244882,189,9787,2001,1.0302047172680584e-08,1.558421176600982e-07,0.45280200000000004,2.469852,SCG,903039
31251408,189,9788,2001,4.011301283232524e-09,1.240179207899482e-07,0.45280200000000004,2.469852,SCG,903040
31257934,189,9789,2001,0.0,3.255997813500873e-08,0.45280200000000004,2.469852,SCG,903081
31264460,189,9790,2001,1.2297243036456586e-09,1.929268191409858e-07,0.45280200000000004,2.469852,SCG,903089
31270986,189,9791,2001,1.9882260118824952e-09,7.712479104229097e-08,0.45280200000000004,2.469852,SCG,903090
31277512,189,9792,2001,8.638373829404422e-09,1.2858407326110061e-07,0.45280200000000004,2.469852,SCG,903110
31284038,189,9793,2001,1.2075116886980916e-08,1.6461945785705908e-07,0.45280200000000004,2.469852,SCG,903120
31290564,189,9794,2001,0.0,2.516570785618091e-09,0.45280200000000004,2.469852,SCG,903130
31297090,189,9795,2001,2.6018760155499323e-09,5.140956726848136e-08,0.45280200000000004,2.469852,SCG,903140
31303616,189,9796,2001,9.464543708416043e-08,1.1270309638493112e-06,0.45280200000000004,2.469852,SCG,903180
31310142,189,9797,2001,2.6961205346316966e-09,2.0684998812992698e-07,0.45280200000000004,2.469852,SCG,903190
31316668,189,9798,2001,5.638064715176985e-08,3.0119073503790296e-07,0.45280200000000004,2.469852,SCG,903210
31323194,189,9799,2001,6.0995295179348975e-09,8.952966544820614e-08,0.45280200000000004,2.469852,SCG,903220
31329720,189,9800,2001,2.4939948297200025e-08,1.2802262575539312e-08,0.45280200000000004,2.469852,SCG,903281
31336246,189,9801,2001,2.7037267643067842e-08,8.436524326480306e-07,0.45280200000000004,2.469852,SCG,903289
31342772,189,9802,2001,3.321740501333634e-07,2.580852216392571e-07,0.45280200000000004,2.469852,SCG,903290
31349298,189,9803,2001,2.56917831905822e-08,3.048335151649579e-07,0.45280200000000004,2.469852,SCG,903300
31355824,189,9804,2001,0.0,4.353173623946036e-08,0.45280200000000004,2.469852,SCG,910111
31362350,189,9805,2001,0.0,0.0,0.45280200000000004,2.469852,SCG,910112
31368876,189,9806,2001,0.0,6.608111197636441e-09,0.45280200000000004,2.469852,SCG,910119
31375402,189,9807,2001,3.684930392393102e-10,2.4055738731851266e-08,0.45280200000000004,2.469852,SCG,910121
31381928,189,9808,2001,0.0,1.8686192663393647e-09,0.45280200000000004,2.469852,SCG,910129
31388454,189,9809,2001,0.0,0.0,0.45280200000000004,2.469852,SCG,910191
31394980,189,9810,2001,0.0,2.2462208857328444e-08,0.45280200000000004,2.469852,SCG,910199
31401506,189,9811,2001,4.254640025427562e-10,6.424029993890867e-07,0.45280200000000004,2.469852,SCG,910211
31408032,189,9812,2001,0.0,1.0219570905984595e-07,0.45280200000000004,2.469852,SCG,910212
31414558,189,9813,2001,6.221350407551841e-10,4.9904530005542896e-08,0.45280200000000004,2.469852,SCG,910219
31421084,189,9814,2001,1.7845851217765607e-09,8.560450440328647e-08,0.45280200000000004,2.469852,SCG,910221
31427610,189,9815,2001,0.0,1.0956180753348772e-08,0.45280200000000004,2.469852,SCG,910229
31434136,189,9816,2001,0.0,4.061114862417436e-08,0.45280200000000004,2.469852,SCG,910291
31440662,189,9817,2001,0.0,3.5390084540697237e-08,0.45280200000000004,2.469852,SCG,910299
31447188,189,9818,2001,0.0,8.648412759109504e-09,0.45280200000000004,2.469852,SCG,910310
31453714,189,9819,2001,4.706165213311256e-10,2.0074565509561723e-08,0.45280200000000004,2.469852,SCG,910390
31460240,189,9820,2001,0.0,2.3558257795566167e-09,0.45280200000000004,2.469852,SCG,910400
31466766,189,9821,2001,5.816492923650757e-09,1.1452004524622929e-08,0.45280200000000004,2.469852,SCG,910511
31473292,189,9822,2001,7.512591230083667e-08,2.043417031693636e-08,0.45280200000000004,2.469852,SCG,910519
31479818,189,9823,2001,2.593997052539881e-09,2.3409444377583482e-08,0.45280200000000004,2.469852,SCG,910521
31486344,189,9824,2001,5.9319500354518894e-09,1.5344353702325926e-08,0.45280200000000004,2.469852,SCG,910529
31492870,189,9825,2001,4.3940370632976957e-10,1.1702899307279704e-08,0.45280200000000004,2.469852,SCG,910591
31499396,189,9826,2001,5.481940032762436e-10,2.7621957835400674e-08,0.45280200000000004,2.469852,SCG,910599
31505922,189,9827,2001,4.584950397772009e-10,7.349526823532355e-09,0.45280200000000004,2.469852,SCG,910610
31512448,189,9828,2001,0.0,0.0,0.45280200000000004,2.469852,SCG,910620
31518974,189,9829,2001,2.8599120541291037e-08,5.235315702571232e-09,0.45280200000000004,2.469852,SCG,910690
31525500,189,9830,2001,5.1261745491547464e-09,5.9536635915148185e-08,0.45280200000000004,2.469852,SCG,910700
31532026,189,9831,2001,0.0,0.0,0.45280200000000004,2.469852,SCG,910811
31538552,189,9832,2001,0.0,0.0,0.45280200000000004,2.469852,SCG,910812
31545078,189,9833,2001,0.0,8.629189644982565e-09,0.45280200000000004,2.469852,SCG,910819
31551604,189,9834,2001,0.0,0.0,0.45280200000000004,2.469852,SCG,910820
31558130,189,9835,2001,0.0,0.0,0.45280200000000004,2.469852,SCG,910891
31564656,189,9836,2001,0.0,2.9132960892378533e-10,0.45280200000000004,2.469852,SCG,910899
31571182,189,9837,2001,0.0,0.0,0.45280200000000004,2.469852,SCG,910911
31577708,189,9838,2001,0.0,1.639930494829226e-09,0.45280200000000004,2.469852,SCG,910919
31584234,189,9839,2001,0.0,0.0,0.45280200000000004,2.469852,SCG,910990
31590760,189,9840,2001,0.0,8.000792672832967e-10,0.45280200000000004,2.469852,SCG,911011
31597286,189,9841,2001,0.0,0.0,0.45280200000000004,2.469852,SCG,911012
31603812,189,9842,2001,0.0,0.0,0.45280200000000004,2.469852,SCG,911019
31610338,189,9843,2001,0.0,1.2276278401065993e-09,0.45280200000000004,2.469852,SCG,911090
31616864,189,9844,2001,0.0,0.0,0.45280200000000004,2.469852,SCG,911110
31623390,189,9845,2001,0.0,0.0,0.45280200000000004,2.469852,SCG,911120
31629916,189,9846,2001,0.0,6.409914262327655e-10,0.45280200000000004,2.469852,SCG,911180
31636442,189,9847,2001,0.0,1.1222321454106225e-09,0.45280200000000004,2.469852,SCG,911190
31642968,189,9848,2001,0.0,0.0,0.45280200000000004,2.469852,SCG,911210
31649494,189,9849,2001,0.0,0.0,0.45280200000000004,2.469852,SCG,911280
31656020,189,9850,2001,0.0,0.0,0.45280200000000004,2.469852,SCG,911290
31662546,189,9851,2001,0.0,1.0705285970691998e-09,0.45280200000000004,2.469852,SCG,911310
31669072,189,9852,2001,0.0,5.154777483039401e-09,0.45280200000000004,2.469852,SCG,911320
31675598,189,9853,2001,0.0,8.95366255412521e-09,0.45280200000000004,2.469852,SCG,911390
31682124,189,9854,2001,0.0,6.164653840708085e-10,0.45280200000000004,2.469852,SCG,911410
31688650,189,9855,2001,0.0,0.0,0.45280200000000004,2.469852,SCG,911420
31695176,189,9856,2001,0.0,3.0823269203540427e-10,0.45280200000000004,2.469852,SCG,911430
31701702,189,9857,2001,0.0,3.503246833133573e-09,0.45280200000000004,2.469852,SCG,911440
31708228,189,9858,2001,0.0,6.964103385287224e-08,0.45280200000000004,2.469852,SCG,911490
31714754,189,9859,2001,1.4636688976364048e-09,2.314628657384573e-08,0.45280200000000004,2.469852,SCG,920110
31721280,189,9860,2001,0.0,4.3407780296641825e-09,0.45280200000000004,2.469852,SCG,920120
31727806,189,9861,2001,0.0,0.0,0.45280200000000004,2.469852,SCG,920190
31734332,189,9862,2001,0.0,2.8204948486250434e-10,0.45280200000000004,2.469852,SCG,920210
31740858,189,9863,2001,9.048685980004772e-10,2.5885248903932375e-08,0.45280200000000004,2.469852,SCG,920290
31747384,189,9864,2001,0.0,2.2365098987687182e-09,0.45280200000000004,2.469852,SCG,920300
31753910,189,9865,2001,0.0,2.1281313070530438e-09,0.45280200000000004,2.469852,SCG,920410
31760436,189,9866,2001,0.0,0.0,0.45280200000000004,2.469852,SCG,920420
31766962,189,9867,2001,0.0,4.6533193507280386e-10,0.45280200000000004,2.469852,SCG,920510
31773488,189,9868,2001,0.0,4.2310737059397535e-09,0.45280200000000004,2.469852,SCG,920590
31780014,189,9869,2001,3.850388615604174e-09,6.22066601807796e-09,0.45280200000000004,2.469852,SCG,920600
31786540,189,9870,2001,0.0,3.99903746110751e-08,0.45280200000000004,2.469852,SCG,920710
31793066,189,9871,2001,0.0,2.5100746987751943e-08,0.45280200000000004,2.469852,SCG,920790
31799592,189,9872,2001,0.0,4.665250938806828e-09,0.45280200000000004,2.469852,SCG,920810
31806118,189,9873,2001,0.0,6.0208119177582296e-09,0.45280200000000004,2.469852,SCG,920890
31812644,189,9874,2001,0.0,0.0,0.45280200000000004,2.469852,SCG,920910
31819170,189,9875,2001,0.0,0.0,0.45280200000000004,2.469852,SCG,920920
31825696,189,9876,2001,0.0,9.252283689097146e-09,0.45280200000000004,2.469852,SCG,920930
31832222,189,9877,2001,0.0,9.207208800799495e-10,0.45280200000000004,2.469852,SCG,920991
31838748,189,9878,2001,6.463780038630334e-10,3.370342199255942e-09,0.45280200000000004,2.469852,SCG,920992
31845274,189,9879,2001,0.0,0.0,0.45280200000000004,2.469852,SCG,920993
31851800,189,9880,2001,1.5860958613310441e-09,2.8002774354915385e-08,0.45280200000000004,2.469852,SCG,920994
31858326,189,9881,2001,8.451703013473982e-10,3.574736931705656e-08,0.45280200000000004,2.469852,SCG,920999
31864852,189,9882,2001,2.651407419549657e-07,6.595516743553274e-10,0.45280200000000004,2.469852,SCG,930100
31871378,189,9883,2001,1.3766972674869954e-09,0.0,0.45280200000000004,2.469852,SCG,930200
31877904,189,9884,2001,0.0,0.0,0.45280200000000004,2.469852,SCG,930310
31884430,189,9885,2001,7.033280576107989e-07,2.797261395171622e-08,0.45280200000000004,2.469852,SCG,930320
31890956,189,9886,2001,2.3765710075367455e-07,1.842237199365152e-08,0.45280200000000004,2.469852,SCG,930330
31897482,189,9887,2001,4.778591065595956e-09,1.2495024182510475e-09,0.45280200000000004,2.469852,SCG,930390
31904008,189,9888,2001,6.757725966313008e-10,2.5413951174820175e-08,0.45280200000000004,2.469852,SCG,930400
31910534,189,9889,2001,1.7751909735722691e-09,7.765475241279055e-09,0.45280200000000004,2.469852,SCG,930510
31917060,189,9890,2001,0.0,0.0,0.45280200000000004,2.469852,SCG,930521
31923586,189,9891,2001,5.131598912150127e-08,1.238896562181012e-09,0.45280200000000004,2.469852,SCG,930529
31930112,189,9892,2001,1.3783427586079406e-07,2.0220727463526896e-09,0.45280200000000004,2.469852,SCG,930590
31936638,189,9893,2001,0.0,3.10247804688711e-08,0.45280200000000004,2.469852,SCG,930610
31943164,189,9894,2001,1.815403988627414e-08,3.114608494767213e-08,0.45280200000000004,2.469852,SCG,930621
31949690,189,9895,2001,4.608526679394393e-08,2.7926876197414193e-08,0.45280200000000004,2.469852,SCG,930629
31956216,189,9896,2001,3.678157514574847e-07,1.6265174012306531e-07,0.45280200000000004,2.469852,SCG,930630
31962742,189,9897,2001,0.0,2.8554278870557224e-08,0.45280200000000004,2.469852,SCG,930690
31969268,189,9898,2001,2.5923606525301013e-08,9.230409110952697e-10,0.45280200000000004,2.469852,SCG,930700
31975794,189,9899,2001,0.0,3.889498853884176e-08,0.45280200000000004,2.469852,SCG,940110
31982320,189,9900,2001,8.940804794174843e-09,2.6858004765355935e-08,0.45280200000000004,2.469852,SCG,940120
31988846,189,9901,2001,3.7608411706245553e-08,2.494063170439463e-07,0.45280200000000004,2.469852,SCG,940130
31995372,189,9902,2001,3.934472302773361e-07,2.360034978684412e-08,0.45280200000000004,2.469852,SCG,940140
32001898,189,9903,2001,3.2791637973754734e-09,1.3413756464577293e-08,0.45280200000000004,2.469852,SCG,940150
32008424,189,9904,2001,2.9956611321255836e-06,1.0049767835973305e-06,0.45280200000000004,2.469852,SCG,940161
32014950,189,9905,2001,4.5553709524100444e-07,4.4631099507719973e-07,0.45280200000000004,2.469852,SCG,940169
32021476,189,9906,2001,2.9059433803301326e-08,2.7811073506449495e-07,0.45280200000000004,2.469852,SCG,940171
32028002,189,9907,2001,2.1696845907447475e-08,1.6667401103762625e-07,0.45280200000000004,2.469852,SCG,940179
32034528,189,9908,2001,1.9187668922081183e-07,4.258198182838869e-07,0.45280200000000004,2.469852,SCG,940180
32041054,189,9909,2001,2.8272961776378806e-07,7.229753565201435e-07,0.45280200000000004,2.469852,SCG,940190
32047580,189,9910,2001,1.8005551737238563e-08,4.47640041415976e-08,0.45280200000000004,2.469852,SCG,940210
32054106,189,9911,2001,2.139229368340512e-08,2.511884322967144e-07,0.45280200000000004,2.469852,SCG,940290
32060632,189,9912,2001,4.2075904947760033e-07,2.4608502692901426e-07,0.45280200000000004,2.469852,SCG,940310
32067158,189,9913,2001,1.1890658241434067e-07,6.437588918010403e-07,0.45280200000000004,2.469852,SCG,940320
32073684,189,9914,2001,7.613896512170593e-08,2.519446298345079e-06,0.45280200000000004,2.469852,SCG,940330
32080210,189,9915,2001,1.0307410928268196e-07,2.4069039138229093e-06,0.45280200000000004,2.469852,SCG,940340
32086736,189,9916,2001,6.670375539865038e-07,1.8817022526677578e-06,0.45280200000000004,2.469852,SCG,940350
32093262,189,9917,2001,1.0234206270793655e-06,4.578417149398424e-06,0.45280200000000004,2.469852,SCG,940360
32099788,189,9918,2001,1.2728767779776304e-08,3.1001613302018116e-07,0.45280200000000004,2.469852,SCG,940370
32106314,189,9919,2001,2.151108420263358e-08,2.804824696281566e-07,0.45280200000000004,2.469852,SCG,940380
32112840,189,9920,2001,3.5285602499770854e-07,1.642158387469938e-06,0.45280200000000004,2.469852,SCG,940390
32119366,189,9921,2001,7.454711155663677e-10,1.9293046490400985e-08,0.45280200000000004,2.469852,SCG,940410
32125892,189,9922,2001,5.292541883482362e-09,1.8108803230280877e-07,0.45280200000000004,2.469852,SCG,940421
32132418,189,9923,2001,3.059213453838733e-07,1.8737100772529818e-07,0.45280200000000004,2.469852,SCG,940429
32138944,189,9924,2001,6.315291889594757e-08,1.445379322544514e-09,0.45280200000000004,2.469852,SCG,940430
32145470,189,9925,2001,8.350579553610365e-08,9.232132562564078e-08,0.45280200000000004,2.469852,SCG,940490
32151996,189,9926,2001,2.6318312268400685e-07,7.254034346941773e-07,0.45280200000000004,2.469852,SCG,940510
32158522,189,9927,2001,1.5439737129311557e-08,1.5074699811745275e-07,0.45280200000000004,2.469852,SCG,940520
32165048,189,9928,2001,0.0,2.9564818094230286e-08,0.45280200000000004,2.469852,SCG,940530
32171574,189,9929,2001,1.4762570562301557e-07,7.094552100618638e-07,0.45280200000000004,2.469852,SCG,940540
32178100,189,9930,2001,7.79865819475629e-09,1.7673333408705265e-08,0.45280200000000004,2.469852,SCG,940550
32184626,189,9931,2001,2.697029645748241e-09,2.1268586043246397e-07,0.45280200000000004,2.469852,SCG,940560
32191152,189,9932,2001,2.608094335587095e-07,1.1861423712226515e-07,0.45280200000000004,2.469852,SCG,940591
32197678,189,9933,2001,4.0623630242784314e-08,7.608409141541875e-08,0.45280200000000004,2.469852,SCG,940592
32204204,189,9934,2001,6.329413415605079e-08,3.253459036704108e-07,0.45280200000000004,2.469852,SCG,940599
32210730,189,9935,2001,7.893478484211866e-08,2.78263393105303e-06,0.45280200000000004,2.469852,SCG,940600
32217256,189,9936,2001,1.2285424591941509e-08,1.6992304875808117e-07,0.45280200000000004,2.469852,SCG,950100
32223782,189,9937,2001,6.61257122470476e-09,2.049260195522221e-07,0.45280200000000004,2.469852,SCG,950210
32230308,189,9938,2001,0.0,9.470366604537249e-09,0.45280200000000004,2.469852,SCG,950291
32236834,189,9939,2001,0.0,1.1961417048986818e-09,0.45280200000000004,2.469852,SCG,950299
32243360,189,9940,2001,2.1709573463079096e-09,3.163793152292002e-08,0.45280200000000004,2.469852,SCG,950310
32249886,189,9941,2001,1.7885246032815861e-09,6.393309468918005e-08,0.45280200000000004,2.469852,SCG,950320
32256412,189,9942,2001,6.808333151800643e-09,1.0379918192443442e-07,0.45280200000000004,2.469852,SCG,950330
32262938,189,9943,2001,3.6782635775384436e-09,2.2102140043750742e-07,0.45280200000000004,2.469852,SCG,950341
32269464,189,9944,2001,6.000739443270412e-09,1.1436460316820283e-07,0.45280200000000004,2.469852,SCG,950349
32275990,189,9945,2001,4.918291140504938e-10,1.930630381048853e-08,0.45280200000000004,2.469852,SCG,950350
32282516,189,9946,2001,2.829759868763716e-09,7.429269603858934e-08,0.45280200000000004,2.469852,SCG,950360
32289042,189,9947,2001,1.771978780960479e-08,2.5998201271078253e-07,0.45280200000000004,2.469852,SCG,950370
32295568,189,9948,2001,0.0,4.814057728129469e-07,0.45280200000000004,2.469852,SCG,950380
32302094,189,9949,2001,4.3541876926891684e-08,5.629737546825784e-07,0.45280200000000004,2.469852,SCG,950390
32308620,189,9950,2001,3.413712242624037e-09,1.9685297448491202e-07,0.45280200000000004,2.469852,SCG,950410
32315146,189,9951,2001,1.0625387693131524e-08,3.9511453922912565e-08,0.45280200000000004,2.469852,SCG,950420
32321672,189,9952,2001,8.777164793196859e-09,2.5510829041359904e-07,0.45280200000000004,2.469852,SCG,950430
32328198,189,9953,2001,1.3212414893777899e-09,3.12226459711777e-08,0.45280200000000004,2.469852,SCG,950440
32334724,189,9954,2001,1.9519827820362606e-08,1.240059892018694e-07,0.45280200000000004,2.469852,SCG,950490
32341250,189,9955,2001,5.10314373420229e-10,6.641920678189701e-07,0.45280200000000004,2.469852,SCG,950510
32347776,189,9956,2001,9.000503090827921e-09,6.151065087618352e-08,0.45280200000000004,2.469852,SCG,950590
32354302,189,9957,2001,6.688027447377941e-10,8.204657112479179e-08,0.45280200000000004,2.469852,SCG,950611
32360828,189,9958,2001,4.421310396794026e-10,3.121933164115581e-08,0.45280200000000004,2.469852,SCG,950612
32367354,189,9959,2001,1.0976001547078795e-09,1.469408215203188e-08,0.45280200000000004,2.469852,SCG,950619
32373880,189,9960,2001,0.0,2.0161069523132948e-09,0.45280200000000004,2.469852,SCG,950621
32380406,189,9961,2001,8.403217087258283e-10,3.1439734587611234e-07,0.45280200000000004,2.469852,SCG,950629
32386932,189,9962,2001,0.0,0.0,0.45280200000000004,2.469852,SCG,950631
32393458,189,9963,2001,0.0,0.0,0.45280200000000004,2.469852,SCG,950632
32399984,189,9964,2001,0.0,9.513452894821768e-09,0.45280200000000004,2.469852,SCG,950639
32406510,189,9965,2001,4.291004470089336e-10,2.0148143636047594e-08,0.45280200000000004,2.469852,SCG,950640
32413036,189,9966,2001,0.0,3.3147608847889126e-08,0.45280200000000004,2.469852,SCG,950651
32419562,189,9967,2001,0.0,1.2049909660571175e-08,0.45280200000000004,2.469852,SCG,950659
32426088,189,9968,2001,0.0,2.007953700459455e-08,0.45280200000000004,2.469852,SCG,950661
32432614,189,9969,2001,1.0291743913359748e-08,3.0640152469831224e-07,0.45280200000000004,2.469852,SCG,950662
32439140,189,9970,2001,0.0,2.5617782471166168e-08,0.45280200000000004,2.469852,SCG,950669
32445666,189,9971,2001,1.8773144556640843e-09,2.60910687982915e-08,0.45280200000000004,2.469852,SCG,950670
32452192,189,9972,2001,1.2825133558130005e-08,2.4934632767055015e-07,0.45280200000000004,2.469852,SCG,950691
32458718,189,9973,2001,4.781015361906741e-09,4.888775984142868e-07,0.45280200000000004,2.469852,SCG,950699
32465244,189,9974,2001,1.3463935636021837e-09,1.1171976781073774e-07,0.45280200000000004,2.469852,SCG,950710
32471770,189,9975,2001,3.051189033050035e-08,3.1458957701738177e-08,0.45280200000000004,2.469852,SCG,950720
32478296,189,9976,2001,5.072840030317478e-10,5.252517075384821e-08,0.45280200000000004,2.469852,SCG,950730
32484822,189,9977,2001,6.293382311686038e-08,2.94235613486975e-07,0.45280200000000004,2.469852,SCG,950790
32491348,189,9978,2001,1.5702773279031723e-08,1.390745906463744e-07,0.45280200000000004,2.469852,SCG,950800
32497874,189,9979,2001,0.0,0.0,0.45280200000000004,2.469852,SCG,960110
32504400,189,9980,2001,1.2918468966095226e-09,2.152856209016314e-08,0.45280200000000004,2.469852,SCG,960190
32510926,189,9981,2001,0.0,1.568947488750492e-07,0.45280200000000004,2.469852,SCG,960200
32517452,189,9982,2001,7.350160346890688e-07,1.2844023133815077e-08,0.45280200000000004,2.469852,SCG,960310
32523978,189,9983,2001,4.746772176516904e-09,1.743291190891765e-07,0.45280200000000004,2.469852,SCG,960321
32530504,189,9984,2001,9.286570055500544e-09,4.0270104064922286e-08,0.45280200000000004,2.469852,SCG,960329
32537030,189,9985,2001,0.0,2.137411431114325e-08,0.45280200000000004,2.469852,SCG,960330
32543556,189,9986,2001,1.3061805485470385e-08,1.438422543828575e-07,0.45280200000000004,2.469852,SCG,960340
32550082,189,9987,2001,4.482220841602497e-09,4.544045889906455e-08,0.45280200000000004,2.469852,SCG,960350
32556608,189,9988,2001,3.806902800529469e-08,1.2864107973747706e-07,0.45280200000000004,2.469852,SCG,960390
32563134,189,9989,2001,0.0,2.2689903329832017e-09,0.45280200000000004,2.469852,SCG,960400
32569660,189,9990,2001,2.4070231995705928e-09,2.2222582796746082e-08,0.45280200000000004,2.469852,SCG,960500
32576186,189,9991,2001,4.127061432072505e-09,1.1617389592715043e-07,0.45280200000000004,2.469852,SCG,960610
32582712,189,9992,2001,3.361286834903313e-09,3.1285618241593535e-07,0.45280200000000004,2.469852,SCG,960621
32589238,189,9993,2001,0.0,1.3067408977290197e-07,0.45280200000000004,2.469852,SCG,960622
32595764,189,9994,2001,4.3516118778589594e-10,4.6059575747152864e-08,0.45280200000000004,2.469852,SCG,960629
32602290,189,9995,2001,0.0,5.415946688764023e-09,0.45280200000000004,2.469852,SCG,960630
32608816,189,9996,2001,0.0,1.1009276320299387e-07,0.45280200000000004,2.469852,SCG,960711
32615342,189,9997,2001,7.828658861602253e-09,4.3079959914177076e-07,0.45280200000000004,2.469852,SCG,960719
32621868,189,9998,2001,2.6703623863296064e-09,7.947929108983883e-08,0.45280200000000004,2.469852,SCG,960720
32628394,189,9999,2001,4.4676750637377883e-08,4.4753464572128005e-07,0.45280200000000004,2.469852,SCG,960810
32634920,189,10000,2001,3.366135427524883e-09,1.5911269852569537e-07,0.45280200000000004,2.469852,SCG,960820
32641446,189,10001,2001,2.376416458646933e-09,2.355925209457273e-08,0.45280200000000004,2.469852,SCG,960831
32647972,189,10002,2001,2.2527773467969012e-09,6.452768549510642e-08,0.45280200000000004,2.469852,SCG,960839
32654498,189,10003,2001,1.0454777840260035e-09,5.412798075243231e-08,0.45280200000000004,2.469852,SCG,960840
32661024,189,10004,2001,8.766861533876023e-10,4.790598900234559e-07,0.45280200000000004,2.469852,SCG,960850
32667550,189,10005,2001,5.060718548763553e-10,2.771840483903756e-08,0.45280200000000004,2.469852,SCG,960860
32674076,189,10006,2001,0.0,5.243932960628136e-09,0.45280200000000004,2.469852,SCG,960891
32680602,189,10007,2001,8.197151900841563e-10,2.0071582612542023e-07,0.45280200000000004,2.469852,SCG,960899
32687128,189,10008,2001,2.9840057215374077e-09,1.965019869355943e-07,0.45280200000000004,2.469852,SCG,960910
32693654,189,10009,2001,9.827491169844433e-10,4.9578068498387116e-08,0.45280200000000004,2.469852,SCG,960920
32700180,189,10010,2001,2.223079716989786e-09,4.5629044277309864e-08,0.45280200000000004,2.469852,SCG,960990
32706706,189,10011,2001,6.978033893555589e-09,3.121303441411423e-08,0.45280200000000004,2.469852,SCG,961000
32713232,189,10012,2001,4.436462248736432e-09,2.7065481824726003e-08,0.45280200000000004,2.469852,SCG,961100
32719758,189,10013,2001,5.386180328486431e-09,5.502125897993104e-07,0.45280200000000004,2.469852,SCG,961210
32726284,189,10014,2001,3.787962985601462e-10,1.1186526689869854e-08,0.45280200000000004,2.469852,SCG,961220
32732810,189,10015,2001,4.281307284846196e-09,8.22643226072297e-08,0.45280200000000004,2.469852,SCG,961310
32739336,189,10016,2001,2.355203865927565e-09,9.013121634717847e-08,0.45280200000000004,2.469852,SCG,961320
32745862,189,10017,2001,1.010931561597318e-09,1.8205614810220167e-09,0.45280200000000004,2.469852,SCG,961330
32752388,189,10018,2001,0.0,6.029694322216885e-08,0.45280200000000004,2.469852,SCG,961380
32758914,189,10019,2001,0.0,6.164653840708085e-10,0.45280200000000004,2.469852,SCG,961390
32765440,189,10020,2001,0.0,0.0,0.45280200000000004,2.469852,SCG,961410
32771966,189,10021,2001,0.0,4.349063854718898e-09,0.45280200000000004,2.469852,SCG,961420
32778492,189,10022,2001,0.0,4.897916906343231e-09,0.45280200000000004,2.469852,SCG,961490
32785018,189,10023,2001,4.018271135126031e-10,3.623424439727162e-08,0.45280200000000004,2.469852,SCG,961511
32791544,189,10024,2001,0.0,1.4227093051948132e-08,0.45280200000000004,2.469852,SCG,961519
32798070,189,10025,2001,0.0,9.176054098593766e-09,0.45280200000000004,2.469852,SCG,961590
32804596,189,10026,2001,0.0,2.1254135564350974e-08,0.45280200000000004,2.469852,SCG,961610
32811122,189,10027,2001,0.0,1.7860924487944018e-09,0.45280200000000004,2.469852,SCG,961620
32817648,189,10028,2001,2.184897050094923e-09,2.048852532929529e-08,0.45280200000000004,2.469852,SCG,961700
32824174,189,10029,2001,3.5749279472912357e-09,2.332426609602101e-08,0.45280200000000004,2.469852,SCG,961800
32830700,189,10030,2001,6.159470244219055e-08,2.2996478856856478e-07,0.45280200000000004,2.469852,SCG,970110
32837226,189,10031,2001,6.762020001153486e-07,2.5752344270054743e-09,0.45280200000000004,2.469852,SCG,970190
32843752,189,10032,2001,0.0,1.9110426906195064e-09,0.45280200000000004,2.469852,SCG,970200
32850278,189,10033,2001,8.398520013156137e-08,1.4052759292796926e-09,0.45280200000000004,2.469852,SCG,970300
32856804,189,10034,2001,2.5098133631478742e-08,2.3416404470629445e-08,0.45280200000000004,2.469852,SCG,970400
32863330,189,10035,2001,6.469477134960679e-08,8.038576035082467e-09,0.45280200000000004,2.469852,SCG,970500
32869856,189,10036,2001,1.6836343930250875e-07,2.15762884424783e-09,0.45280200000000004,2.469852,SCG,970600
32876382,189,10037,2001,8.506298166392858e-06,3.545394836588896e-05,0.45280200000000004,2.469852,SCG,999999
32882908,189,10038,2001,0.0,0.0,0.45280200000000004,2.469852,SCG,9999AA
32889434,189,10039,2001,0.0,0.0,0.45280200000000004,2.469852,SCG,XXXXXX
