,location_id,product_id,year,export_value,import_value,hs_eci,hs_coi,location_code,hs_product_code
4650,178,5000,2017,0.0,0.0,-0.353642,-0.08027000000000001,PRK,010111
11176,178,5001,2017,0.0,0.0,-0.353642,-0.08027000000000001,PRK,010119
17702,178,5002,2017,0.0,0.0,-0.353642,-0.08027000000000001,PRK,010120
24228,178,5003,2017,0.0,0.0,-0.353642,-0.08027000000000001,PRK,010210
30754,178,5004,2017,0.0,0.0,-0.353642,-0.08027000000000001,PRK,010290
37280,178,5005,2017,0.0,0.0,-0.353642,-0.08027000000000001,PRK,010310
43806,178,5006,2017,0.0,0.0,-0.353642,-0.08027000000000001,PRK,010391
50332,178,5007,2017,0.0,0.0,-0.353642,-0.08027000000000001,PRK,010392
56858,178,5008,2017,0.0,0.0,-0.353642,-0.08027000000000001,PRK,010410
63384,178,5009,2017,0.0,0.0,-0.353642,-0.08027000000000001,PRK,010420
69910,178,5010,2017,0.0,0.0,-0.353642,-0.08027000000000001,PRK,010511
76436,178,5011,2017,0.0,0.0,-0.353642,-0.08027000000000001,PRK,010519
82962,178,5012,2017,0.0,0.0,-0.353642,-0.08027000000000001,PRK,010591
89488,178,5013,2017,0.0,0.0,-0.353642,-0.08027000000000001,PRK,010599
96014,178,5014,2017,0.0,0.0,-0.353642,-0.08027000000000001,PRK,010600
102540,178,5015,2017,0.0,0.0,-0.353642,-0.08027000000000001,PRK,020110
109066,178,5016,2017,0.0,0.0,-0.353642,-0.08027000000000001,PRK,020120
115592,178,5017,2017,0.0,0.0,-0.353642,-0.08027000000000001,PRK,020130
122118,178,5018,2017,0.0,0.0,-0.353642,-0.08027000000000001,PRK,020210
128644,178,5019,2017,0.0,0.0,-0.353642,-0.08027000000000001,PRK,020220
135170,178,5020,2017,0.0,4.885955489294244e-07,-0.353642,-0.08027000000000001,PRK,020230
141696,178,5021,2017,0.0,0.0,-0.353642,-0.08027000000000001,PRK,020311
148222,178,5022,2017,0.0,0.0,-0.353642,-0.08027000000000001,PRK,020312
154748,178,5023,2017,0.0,0.0,-0.353642,-0.08027000000000001,PRK,020319
161274,178,5024,2017,0.0,0.0,-0.353642,-0.08027000000000001,PRK,020321
167800,178,5025,2017,0.0,0.0,-0.353642,-0.08027000000000001,PRK,020322
174326,178,5026,2017,0.0,7.13585196702136e-08,-0.353642,-0.08027000000000001,PRK,020329
180852,178,5027,2017,0.0,0.0,-0.353642,-0.08027000000000001,PRK,020410
187378,178,5028,2017,0.0,0.0,-0.353642,-0.08027000000000001,PRK,020421
193904,178,5029,2017,0.0,0.0,-0.353642,-0.08027000000000001,PRK,020422
200430,178,5030,2017,0.0,0.0,-0.353642,-0.08027000000000001,PRK,020423
206956,178,5031,2017,0.0,0.0,-0.353642,-0.08027000000000001,PRK,020430
213482,178,5032,2017,0.0,0.0,-0.353642,-0.08027000000000001,PRK,020441
220008,178,5033,2017,0.0,0.0,-0.353642,-0.08027000000000001,PRK,020442
226534,178,5034,2017,0.0,5.119990275129684e-07,-0.353642,-0.08027000000000001,PRK,020443
233060,178,5035,2017,0.0,0.0,-0.353642,-0.08027000000000001,PRK,020450
239586,178,5036,2017,0.0,0.0,-0.353642,-0.08027000000000001,PRK,020500
246112,178,5037,2017,0.0,0.0,-0.353642,-0.08027000000000001,PRK,020610
252638,178,5038,2017,0.0,0.0,-0.353642,-0.08027000000000001,PRK,020621
259164,178,5039,2017,0.0,0.0,-0.353642,-0.08027000000000001,PRK,020622
265690,178,5040,2017,0.0,0.0,-0.353642,-0.08027000000000001,PRK,020629
272216,178,5041,2017,0.0,0.0,-0.353642,-0.08027000000000001,PRK,020630
278742,178,5042,2017,0.0,0.0,-0.353642,-0.08027000000000001,PRK,020641
285268,178,5043,2017,0.0,3.9518082582956334e-08,-0.353642,-0.08027000000000001,PRK,020649
291794,178,5044,2017,0.0,0.0,-0.353642,-0.08027000000000001,PRK,020680
298320,178,5045,2017,0.0,0.0,-0.353642,-0.08027000000000001,PRK,020690
304846,178,5046,2017,0.0,0.0,-0.353642,-0.08027000000000001,PRK,020710
311372,178,5047,2017,0.0,0.0,-0.353642,-0.08027000000000001,PRK,020721
317898,178,5048,2017,0.0,0.0,-0.353642,-0.08027000000000001,PRK,020722
324424,178,5049,2017,0.0,0.0,-0.353642,-0.08027000000000001,PRK,020723
330950,178,5050,2017,0.0,0.0,-0.353642,-0.08027000000000001,PRK,020731
337476,178,5051,2017,0.0,0.0,-0.353642,-0.08027000000000001,PRK,020739
344002,178,5052,2017,0.0,1.3731269280673978e-08,-0.353642,-0.08027000000000001,PRK,020741
350528,178,5053,2017,0.0,0.0,-0.353642,-0.08027000000000001,PRK,020742
357054,178,5054,2017,0.0,0.0,-0.353642,-0.08027000000000001,PRK,020743
363580,178,5055,2017,0.0,0.0,-0.353642,-0.08027000000000001,PRK,020750
370106,178,5056,2017,0.0,0.0,-0.353642,-0.08027000000000001,PRK,020810
376632,178,5057,2017,0.0,0.0,-0.353642,-0.08027000000000001,PRK,020820
383158,178,5058,2017,0.0,0.0,-0.353642,-0.08027000000000001,PRK,020890
389684,178,5059,2017,0.0,0.0,-0.353642,-0.08027000000000001,PRK,020900
396210,178,5060,2017,0.0,0.0,-0.353642,-0.08027000000000001,PRK,021011
402736,178,5061,2017,0.0,0.0,-0.353642,-0.08027000000000001,PRK,021012
409262,178,5062,2017,0.0,0.0,-0.353642,-0.08027000000000001,PRK,021019
415788,178,5063,2017,0.0,0.0,-0.353642,-0.08027000000000001,PRK,021020
422314,178,5064,2017,0.0,0.0,-0.353642,-0.08027000000000001,PRK,021090
428840,178,5065,2017,0.0,3.6235570129280374e-09,-0.353642,-0.08027000000000001,PRK,030110
435366,178,5066,2017,0.0,0.0,-0.353642,-0.08027000000000001,PRK,030191
441892,178,5067,2017,0.0,0.0,-0.353642,-0.08027000000000001,PRK,030192
448418,178,5068,2017,0.0,0.0,-0.353642,-0.08027000000000001,PRK,030193
454944,178,5069,2017,0.0,0.0,-0.353642,-0.08027000000000001,PRK,030199
461470,178,5070,2017,0.0,0.0,-0.353642,-0.08027000000000001,PRK,030211
467996,178,5071,2017,0.0,0.0,-0.353642,-0.08027000000000001,PRK,030212
474522,178,5072,2017,0.0,0.0,-0.353642,-0.08027000000000001,PRK,030219
481048,178,5073,2017,0.0,0.0,-0.353642,-0.08027000000000001,PRK,030221
487574,178,5074,2017,0.0,0.0,-0.353642,-0.08027000000000001,PRK,030222
494100,178,5075,2017,0.0,0.0,-0.353642,-0.08027000000000001,PRK,030223
500626,178,5076,2017,0.0,0.0,-0.353642,-0.08027000000000001,PRK,030229
507152,178,5077,2017,0.0,0.0,-0.353642,-0.08027000000000001,PRK,030231
513678,178,5078,2017,0.0,0.0,-0.353642,-0.08027000000000001,PRK,030232
520204,178,5079,2017,0.0,0.0,-0.353642,-0.08027000000000001,PRK,030233
526730,178,5080,2017,0.0,0.0,-0.353642,-0.08027000000000001,PRK,030239
533256,178,5081,2017,0.0,0.0,-0.353642,-0.08027000000000001,PRK,030240
539782,178,5082,2017,0.0,0.0,-0.353642,-0.08027000000000001,PRK,030250
546308,178,5083,2017,0.0,0.0,-0.353642,-0.08027000000000001,PRK,030261
552834,178,5084,2017,0.0,0.0,-0.353642,-0.08027000000000001,PRK,030262
559360,178,5085,2017,0.0,0.0,-0.353642,-0.08027000000000001,PRK,030263
565886,178,5086,2017,0.0,0.0,-0.353642,-0.08027000000000001,PRK,030264
572412,178,5087,2017,0.0,0.0,-0.353642,-0.08027000000000001,PRK,030265
578938,178,5088,2017,0.0,0.0,-0.353642,-0.08027000000000001,PRK,030266
585464,178,5089,2017,0.0,0.0,-0.353642,-0.08027000000000001,PRK,030269
591990,178,5090,2017,0.0,0.0,-0.353642,-0.08027000000000001,PRK,030270
598516,178,5091,2017,0.0,0.0,-0.353642,-0.08027000000000001,PRK,030310
605042,178,5092,2017,0.0,0.0,-0.353642,-0.08027000000000001,PRK,030321
611568,178,5093,2017,0.0,0.0,-0.353642,-0.08027000000000001,PRK,030322
618094,178,5094,2017,0.0,0.0,-0.353642,-0.08027000000000001,PRK,030329
624620,178,5095,2017,0.0,0.0,-0.353642,-0.08027000000000001,PRK,030331
631146,178,5096,2017,0.0,0.0,-0.353642,-0.08027000000000001,PRK,030332
637672,178,5097,2017,0.0,0.0,-0.353642,-0.08027000000000001,PRK,030333
644198,178,5098,2017,3.5823826584468994e-08,1.859785582532032e-06,-0.353642,-0.08027000000000001,PRK,030339
650724,178,5099,2017,0.0,0.0,-0.353642,-0.08027000000000001,PRK,030341
657250,178,5100,2017,0.0,0.0,-0.353642,-0.08027000000000001,PRK,030342
663776,178,5101,2017,0.0,0.0,-0.353642,-0.08027000000000001,PRK,030343
670302,178,5102,2017,0.0,0.0,-0.353642,-0.08027000000000001,PRK,030349
676828,178,5103,2017,0.0,3.1862669613044073e-06,-0.353642,-0.08027000000000001,PRK,030350
683354,178,5104,2017,0.0,0.0,-0.353642,-0.08027000000000001,PRK,030360
689880,178,5105,2017,0.0,0.0,-0.353642,-0.08027000000000001,PRK,030371
696406,178,5106,2017,0.0,0.0,-0.353642,-0.08027000000000001,PRK,030372
702932,178,5107,2017,0.0,0.0,-0.353642,-0.08027000000000001,PRK,030373
709458,178,5108,2017,1.4094434499049227e-07,1.3200413041068487e-07,-0.353642,-0.08027000000000001,PRK,030374
715984,178,5109,2017,0.0,0.0,-0.353642,-0.08027000000000001,PRK,030375
722510,178,5110,2017,0.0,0.0,-0.353642,-0.08027000000000001,PRK,030376
729036,178,5111,2017,0.0,0.0,-0.353642,-0.08027000000000001,PRK,030377
735562,178,5112,2017,0.0,0.0,-0.353642,-0.08027000000000001,PRK,030378
742088,178,5113,2017,1.5692257893783693e-07,1.365559285185125e-05,-0.353642,-0.08027000000000001,PRK,030379
748614,178,5114,2017,0.0,3.4396779833137986e-08,-0.353642,-0.08027000000000001,PRK,030380
755140,178,5115,2017,0.0,0.0,-0.353642,-0.08027000000000001,PRK,030410
761666,178,5116,2017,9.643547687263625e-09,3.728621274621826e-08,-0.353642,-0.08027000000000001,PRK,030420
768192,178,5117,2017,0.0,7.721659798389722e-08,-0.353642,-0.08027000000000001,PRK,030490
774718,178,5118,2017,0.0,5.2634772333341956e-06,-0.353642,-0.08027000000000001,PRK,030510
781244,178,5119,2017,0.0,0.0,-0.353642,-0.08027000000000001,PRK,030520
787770,178,5120,2017,0.0,0.0,-0.353642,-0.08027000000000001,PRK,030530
794296,178,5121,2017,0.0,0.0,-0.353642,-0.08027000000000001,PRK,030541
800822,178,5122,2017,0.0,0.0,-0.353642,-0.08027000000000001,PRK,030542
807348,178,5123,2017,0.0,0.0,-0.353642,-0.08027000000000001,PRK,030549
813874,178,5124,2017,6.481659223922373e-09,8.215435313710352e-07,-0.353642,-0.08027000000000001,PRK,030551
820400,178,5125,2017,7.065563111856479e-07,4.010937894484094e-06,-0.353642,-0.08027000000000001,PRK,030559
826926,178,5126,2017,0.0,0.0,-0.353642,-0.08027000000000001,PRK,030561
833452,178,5127,2017,0.0,0.0,-0.353642,-0.08027000000000001,PRK,030562
839978,178,5128,2017,0.0,0.0,-0.353642,-0.08027000000000001,PRK,030563
846504,178,5129,2017,0.0,5.403716810983263e-08,-0.353642,-0.08027000000000001,PRK,030569
853030,178,5130,2017,0.0,0.0,-0.353642,-0.08027000000000001,PRK,030611
859556,178,5131,2017,0.0,0.0,-0.353642,-0.08027000000000001,PRK,030612
866082,178,5132,2017,4.437371359852976e-09,6.890458972200915e-08,-0.353642,-0.08027000000000001,PRK,030613
872608,178,5133,2017,4.532985909387373e-06,1.6196136517950647e-08,-0.353642,-0.08027000000000001,PRK,030614
879134,178,5134,2017,0.0,0.0,-0.353642,-0.08027000000000001,PRK,030619
885660,178,5135,2017,0.0,0.0,-0.353642,-0.08027000000000001,PRK,030621
892186,178,5136,2017,0.0,0.0,-0.353642,-0.08027000000000001,PRK,030622
898712,178,5137,2017,0.0,0.0,-0.353642,-0.08027000000000001,PRK,030623
905238,178,5138,2017,0.0,0.0,-0.353642,-0.08027000000000001,PRK,030624
911764,178,5139,2017,0.0,0.0,-0.353642,-0.08027000000000001,PRK,030629
918290,178,5140,2017,0.0,0.0,-0.353642,-0.08027000000000001,PRK,030710
924816,178,5141,2017,8.584402932785572e-07,4.003833296649179e-07,-0.353642,-0.08027000000000001,PRK,030721
931342,178,5142,2017,0.0,0.0,-0.353642,-0.08027000000000001,PRK,030729
937868,178,5143,2017,0.0,0.0,-0.353642,-0.08027000000000001,PRK,030731
944394,178,5144,2017,0.0,0.0,-0.353642,-0.08027000000000001,PRK,030739
950920,178,5145,2017,6.5931768542184805e-09,0.0,-0.353642,-0.08027000000000001,PRK,030741
957446,178,5146,2017,4.8541785033069585e-06,0.0,-0.353642,-0.08027000000000001,PRK,030749
963972,178,5147,2017,0.0,0.0,-0.353642,-0.08027000000000001,PRK,030751
970498,178,5148,2017,0.0,0.0,-0.353642,-0.08027000000000001,PRK,030759
977024,178,5149,2017,0.0,0.0,-0.353642,-0.08027000000000001,PRK,030760
983550,178,5150,2017,1.3210505760433156e-06,0.0,-0.353642,-0.08027000000000001,PRK,030791
990076,178,5151,2017,2.9448647000071876e-05,5.587260430399288e-06,-0.353642,-0.08027000000000001,PRK,030799
996602,178,5152,2017,0.0,1.3423036588638573e-09,-0.353642,-0.08027000000000001,PRK,040110
1003128,178,5153,2017,0.0,1.2718078592983406e-08,-0.353642,-0.08027000000000001,PRK,040120
1009654,178,5154,2017,0.0,3.7120496245123956e-10,-0.353642,-0.08027000000000001,PRK,040130
1016180,178,5155,2017,0.0,1.7754269347839722e-06,-0.353642,-0.08027000000000001,PRK,040210
1022706,178,5156,2017,0.0,2.458072860731802e-07,-0.353642,-0.08027000000000001,PRK,040221
1029232,178,5157,2017,0.0,2.2478449074435686e-08,-0.353642,-0.08027000000000001,PRK,040229
1035758,178,5158,2017,0.0,0.0,-0.353642,-0.08027000000000001,PRK,040291
1042284,178,5159,2017,0.0,6.240817144611027e-08,-0.353642,-0.08027000000000001,PRK,040299
1048810,178,5160,2017,0.0,9.554219154090966e-09,-0.353642,-0.08027000000000001,PRK,040310
1055336,178,5161,2017,0.0,6.628660043772134e-10,-0.353642,-0.08027000000000001,PRK,040390
1061862,178,5162,2017,0.0,4.945378112256639e-08,-0.353642,-0.08027000000000001,PRK,040410
1068388,178,5163,2017,0.0,8.963936977193057e-09,-0.353642,-0.08027000000000001,PRK,040490
1074914,178,5164,2017,0.0,4.947863859773053e-07,-0.353642,-0.08027000000000001,PRK,040500
1081440,178,5165,2017,0.0,0.0,-0.353642,-0.08027000000000001,PRK,040610
1087966,178,5166,2017,0.0,0.0,-0.353642,-0.08027000000000001,PRK,040620
1094492,178,5167,2017,0.0,1.3605324739842307e-09,-0.353642,-0.08027000000000001,PRK,040630
1101018,178,5168,2017,0.0,3.9075950958036734e-10,-0.353642,-0.08027000000000001,PRK,040640
1107544,178,5169,2017,0.0,5.342368562278152e-09,-0.353642,-0.08027000000000001,PRK,040690
1114070,178,5170,2017,0.0,3.215761847035176e-08,-0.353642,-0.08027000000000001,PRK,040700
1120596,178,5171,2017,0.0,0.0,-0.353642,-0.08027000000000001,PRK,040811
1127122,178,5172,2017,0.0,0.0,-0.353642,-0.08027000000000001,PRK,040819
1133648,178,5173,2017,0.0,0.0,-0.353642,-0.08027000000000001,PRK,040891
1140174,178,5174,2017,0.0,0.0,-0.353642,-0.08027000000000001,PRK,040899
1146700,178,5175,2017,0.0,3.722655480582431e-09,-0.353642,-0.08027000000000001,PRK,040900
1153226,178,5176,2017,0.0,0.0,-0.353642,-0.08027000000000001,PRK,041000
1159752,178,5177,2017,0.0,0.0,-0.353642,-0.08027000000000001,PRK,050100
1166278,178,5178,2017,0.0,0.0,-0.353642,-0.08027000000000001,PRK,050210
1172804,178,5179,2017,0.0,0.0,-0.353642,-0.08027000000000001,PRK,050290
1179330,178,5180,2017,0.0,0.0,-0.353642,-0.08027000000000001,PRK,050300
1185856,178,5181,2017,0.0,0.0,-0.353642,-0.08027000000000001,PRK,050400
1192382,178,5182,2017,0.0,9.182625089295158e-06,-0.353642,-0.08027000000000001,PRK,050510
1198908,178,5183,2017,0.0,0.0,-0.353642,-0.08027000000000001,PRK,050590
1205434,178,5184,2017,0.0,0.0,-0.353642,-0.08027000000000001,PRK,050610
1211960,178,5185,2017,0.0,0.0,-0.353642,-0.08027000000000001,PRK,050690
1218486,178,5186,2017,0.0,0.0,-0.353642,-0.08027000000000001,PRK,050710
1225012,178,5187,2017,0.0,0.0,-0.353642,-0.08027000000000001,PRK,050790
1231538,178,5188,2017,4.809440236150694e-08,0.0,-0.353642,-0.08027000000000001,PRK,050800
1238064,178,5189,2017,0.0,0.0,-0.353642,-0.08027000000000001,PRK,050900
1244590,178,5190,2017,0.0,0.0,-0.353642,-0.08027000000000001,PRK,051000
1251116,178,5191,2017,0.0,2.6027433661871287e-09,-0.353642,-0.08027000000000001,PRK,051110
1257642,178,5192,2017,4.835713547418826e-08,9.250626524086202e-09,-0.353642,-0.08027000000000001,PRK,051191
1264168,178,5193,2017,0.0,0.0,-0.353642,-0.08027000000000001,PRK,051199
1270694,178,5194,2017,0.0,0.0,-0.353642,-0.08027000000000001,PRK,060110
1277220,178,5195,2017,0.0,0.0,-0.353642,-0.08027000000000001,PRK,060120
1283746,178,5196,2017,0.0,1.2057532619621513e-09,-0.353642,-0.08027000000000001,PRK,060210
1290272,178,5197,2017,0.0,1.4583052096298696e-09,-0.353642,-0.08027000000000001,PRK,060220
1296798,178,5198,2017,0.0,0.0,-0.353642,-0.08027000000000001,PRK,060230
1303324,178,5199,2017,0.0,0.0,-0.353642,-0.08027000000000001,PRK,060240
1309850,178,5200,2017,0.0,0.0,-0.353642,-0.08027000000000001,PRK,060291
1316376,178,5201,2017,0.0,1.0351315524354565e-08,-0.353642,-0.08027000000000001,PRK,060299
1322902,178,5202,2017,0.0,1.7521868526705072e-08,-0.353642,-0.08027000000000001,PRK,060310
1329428,178,5203,2017,0.0,0.0,-0.353642,-0.08027000000000001,PRK,060390
1335954,178,5204,2017,0.0,0.0,-0.353642,-0.08027000000000001,PRK,060410
1342480,178,5205,2017,0.0,1.0347338328328302e-09,-0.353642,-0.08027000000000001,PRK,060491
1349006,178,5206,2017,9.00735172790589e-08,0.0,-0.353642,-0.08027000000000001,PRK,060499
1355532,178,5207,2017,0.0,0.0,-0.353642,-0.08027000000000001,PRK,070110
1362058,178,5208,2017,0.0,1.5574036772842631e-09,-0.353642,-0.08027000000000001,PRK,070190
1368584,178,5209,2017,0.0,1.9666902916869734e-08,-0.353642,-0.08027000000000001,PRK,070200
1375110,178,5210,2017,0.0,4.245663386696096e-07,-0.353642,-0.08027000000000001,PRK,070310
1381636,178,5211,2017,0.0,4.4553709901708933e-07,-0.353642,-0.08027000000000001,PRK,070320
1388162,178,5212,2017,0.0,8.328911344999687e-10,-0.353642,-0.08027000000000001,PRK,070390
1394688,178,5213,2017,0.0,0.0,-0.353642,-0.08027000000000001,PRK,070410
1401214,178,5214,2017,0.0,0.0,-0.353642,-0.08027000000000001,PRK,070420
1407740,178,5215,2017,0.0,1.523928944063214e-08,-0.353642,-0.08027000000000001,PRK,070490
1414266,178,5216,2017,0.0,0.0,-0.353642,-0.08027000000000001,PRK,070511
1420792,178,5217,2017,0.0,0.0,-0.353642,-0.08027000000000001,PRK,070519
1427318,178,5218,2017,0.0,0.0,-0.353642,-0.08027000000000001,PRK,070521
1433844,178,5219,2017,0.0,0.0,-0.353642,-0.08027000000000001,PRK,070529
1440370,178,5220,2017,0.0,4.989326128346848e-08,-0.353642,-0.08027000000000001,PRK,070610
1446896,178,5221,2017,0.0,0.0,-0.353642,-0.08027000000000001,PRK,070690
1453422,178,5222,2017,0.0,8.162200544898818e-09,-0.353642,-0.08027000000000001,PRK,070700
1459948,178,5223,2017,0.0,0.0,-0.353642,-0.08027000000000001,PRK,070810
1466474,178,5224,2017,0.0,0.0,-0.353642,-0.08027000000000001,PRK,070820
1473000,178,5225,2017,0.0,0.0,-0.353642,-0.08027000000000001,PRK,070890
1479526,178,5226,2017,0.0,0.0,-0.353642,-0.08027000000000001,PRK,070910
1486052,178,5227,2017,0.0,0.0,-0.353642,-0.08027000000000001,PRK,070920
1492578,178,5228,2017,0.0,1.764880736654331e-09,-0.353642,-0.08027000000000001,PRK,070930
1499104,178,5229,2017,0.0,0.0,-0.353642,-0.08027000000000001,PRK,070940
1505630,178,5230,2017,5.405453484157171e-08,1.7215292999680612e-08,-0.353642,-0.08027000000000001,PRK,070951
1512156,178,5231,2017,0.0,0.0,-0.353642,-0.08027000000000001,PRK,070952
1518682,178,5232,2017,0.0,1.21190134415275e-07,-0.353642,-0.08027000000000001,PRK,070960
1525208,178,5233,2017,0.0,0.0,-0.353642,-0.08027000000000001,PRK,070970
1531734,178,5234,2017,0.0,9.140259334357396e-09,-0.353642,-0.08027000000000001,PRK,070990
1538260,178,5235,2017,0.0,0.0,-0.353642,-0.08027000000000001,PRK,071010
1544786,178,5236,2017,0.0,0.0,-0.353642,-0.08027000000000001,PRK,071021
1551312,178,5237,2017,0.0,0.0,-0.353642,-0.08027000000000001,PRK,071022
1557838,178,5238,2017,0.0,0.0,-0.353642,-0.08027000000000001,PRK,071029
1564364,178,5239,2017,0.0,0.0,-0.353642,-0.08027000000000001,PRK,071030
1570890,178,5240,2017,0.0,0.0,-0.353642,-0.08027000000000001,PRK,071040
1577416,178,5241,2017,0.0,0.0,-0.353642,-0.08027000000000001,PRK,071080
1583942,178,5242,2017,0.0,0.0,-0.353642,-0.08027000000000001,PRK,071090
1590468,178,5243,2017,0.0,0.0,-0.353642,-0.08027000000000001,PRK,071110
1596994,178,5244,2017,0.0,0.0,-0.353642,-0.08027000000000001,PRK,071120
1603520,178,5245,2017,0.0,0.0,-0.353642,-0.08027000000000001,PRK,071130
1610046,178,5246,2017,0.0,1.4008347270503653e-08,-0.353642,-0.08027000000000001,PRK,071140
1616572,178,5247,2017,2.7727737536083277e-07,4.063368606832319e-09,-0.353642,-0.08027000000000001,PRK,071190
1623098,178,5248,2017,0.0,0.0,-0.353642,-0.08027000000000001,PRK,071210
1629624,178,5249,2017,0.0,0.0,-0.353642,-0.08027000000000001,PRK,071220
1636150,178,5250,2017,3.5181872921373143e-07,3.421747457895395e-08,-0.353642,-0.08027000000000001,PRK,071230
1642676,178,5251,2017,1.3803579549162806e-07,1.0332914364073055e-06,-0.353642,-0.08027000000000001,PRK,071290
1649202,178,5252,2017,0.0,0.0,-0.353642,-0.08027000000000001,PRK,071310
1655728,178,5253,2017,0.0,0.0,-0.353642,-0.08027000000000001,PRK,071320
1662254,178,5254,2017,0.0,0.0,-0.353642,-0.08027000000000001,PRK,071331
1668780,178,5255,2017,1.5476137938417993e-06,0.0,-0.353642,-0.08027000000000001,PRK,071332
1675306,178,5256,2017,1.074087510863654e-06,0.0,-0.353642,-0.08027000000000001,PRK,071333
1681832,178,5257,2017,0.0,0.0,-0.353642,-0.08027000000000001,PRK,071339
1688358,178,5258,2017,0.0,0.0,-0.353642,-0.08027000000000001,PRK,071340
1694884,178,5259,2017,0.0,0.0,-0.353642,-0.08027000000000001,PRK,071350
1701410,178,5260,2017,0.0,0.0,-0.353642,-0.08027000000000001,PRK,071390
1707936,178,5261,2017,0.0,0.0,-0.353642,-0.08027000000000001,PRK,071410
1714462,178,5262,2017,9.53657561255024e-10,0.0,-0.353642,-0.08027000000000001,PRK,071420
1720988,178,5263,2017,0.0,1.0486540189247517e-09,-0.353642,-0.08027000000000001,PRK,071490
1727514,178,5264,2017,0.0,0.0,-0.353642,-0.08027000000000001,PRK,080110
1734040,178,5265,2017,0.0,0.0,-0.353642,-0.08027000000000001,PRK,080120
1740566,178,5266,2017,0.0,5.730841184143418e-08,-0.353642,-0.08027000000000001,PRK,080130
1747092,178,5267,2017,0.0,0.0,-0.353642,-0.08027000000000001,PRK,080211
1753618,178,5268,2017,0.0,0.0,-0.353642,-0.08027000000000001,PRK,080212
1760144,178,5269,2017,0.0,0.0,-0.353642,-0.08027000000000001,PRK,080221
1766670,178,5270,2017,0.0,0.0,-0.353642,-0.08027000000000001,PRK,080222
1773196,178,5271,2017,0.0,0.0,-0.353642,-0.08027000000000001,PRK,080231
1779722,178,5272,2017,0.0,0.0,-0.353642,-0.08027000000000001,PRK,080232
1786248,178,5273,2017,0.0,0.0,-0.353642,-0.08027000000000001,PRK,080240
1792774,178,5274,2017,0.0,0.0,-0.353642,-0.08027000000000001,PRK,080250
1799300,178,5275,2017,2.0776493328910016e-05,0.0,-0.353642,-0.08027000000000001,PRK,080290
1805826,178,5276,2017,0.0,1.6440697615935596e-06,-0.353642,-0.08027000000000001,PRK,080300
1812352,178,5277,2017,0.0,5.965959755896015e-08,-0.353642,-0.08027000000000001,PRK,080410
1818878,178,5278,2017,0.0,0.0,-0.353642,-0.08027000000000001,PRK,080420
1825404,178,5279,2017,0.0,6.02926345931404e-08,-0.353642,-0.08027000000000001,PRK,080430
1831930,178,5280,2017,0.0,0.0,-0.353642,-0.08027000000000001,PRK,080440
1838456,178,5281,2017,0.0,4.9430912245415375e-08,-0.353642,-0.08027000000000001,PRK,080450
1844982,178,5282,2017,0.0,2.046267355512458e-09,-0.353642,-0.08027000000000001,PRK,080510
1851508,178,5283,2017,0.0,4.016536460757064e-06,-0.353642,-0.08027000000000001,PRK,080520
1858034,178,5284,2017,0.0,0.0,-0.353642,-0.08027000000000001,PRK,080530
1864560,178,5285,2017,0.0,0.0,-0.353642,-0.08027000000000001,PRK,080540
1871086,178,5286,2017,0.0,0.0,-0.353642,-0.08027000000000001,PRK,080590
1877612,178,5287,2017,0.0,3.0686884523139816e-07,-0.353642,-0.08027000000000001,PRK,080610
1884138,178,5288,2017,0.0,0.0,-0.353642,-0.08027000000000001,PRK,080620
1890664,178,5289,2017,0.0,6.319744599752222e-07,-0.353642,-0.08027000000000001,PRK,080710
1897190,178,5290,2017,0.0,0.0,-0.353642,-0.08027000000000001,PRK,080720
1903716,178,5291,2017,0.0,1.3694461657182919e-05,-0.353642,-0.08027000000000001,PRK,080810
1910242,178,5292,2017,8.982017831458187e-10,8.341393111862111e-07,-0.353642,-0.08027000000000001,PRK,080820
1916768,178,5293,2017,0.0,0.0,-0.353642,-0.08027000000000001,PRK,080910
1923294,178,5294,2017,0.0,0.0,-0.353642,-0.08027000000000001,PRK,080920
1929820,178,5295,2017,0.0,7.872196667983787e-08,-0.353642,-0.08027000000000001,PRK,080930
1936346,178,5296,2017,0.0,0.0,-0.353642,-0.08027000000000001,PRK,080940
1942872,178,5297,2017,6.798332929518656e-09,1.5244260935664967e-08,-0.353642,-0.08027000000000001,PRK,081010
1949398,178,5298,2017,0.0,0.0,-0.353642,-0.08027000000000001,PRK,081020
1955924,178,5299,2017,0.0,0.0,-0.353642,-0.08027000000000001,PRK,081030
1962450,178,5300,2017,1.0607084255985099e-07,0.0,-0.353642,-0.08027000000000001,PRK,081040
1968976,178,5301,2017,5.3588160838784456e-08,8.049248177752941e-08,-0.353642,-0.08027000000000001,PRK,081090
1975502,178,5302,2017,0.0,0.0,-0.353642,-0.08027000000000001,PRK,081110
1982028,178,5303,2017,0.0,0.0,-0.353642,-0.08027000000000001,PRK,081120
1988554,178,5304,2017,4.6237391387445684e-09,0.0,-0.353642,-0.08027000000000001,PRK,081190
1995080,178,5305,2017,0.0,0.0,-0.353642,-0.08027000000000001,PRK,081210
2001606,178,5306,2017,0.0,0.0,-0.353642,-0.08027000000000001,PRK,081220
2008132,178,5307,2017,0.0,0.0,-0.353642,-0.08027000000000001,PRK,081290
2014658,178,5308,2017,0.0,0.0,-0.353642,-0.08027000000000001,PRK,081310
2021184,178,5309,2017,0.0,0.0,-0.353642,-0.08027000000000001,PRK,081320
2027710,178,5310,2017,0.0,0.0,-0.353642,-0.08027000000000001,PRK,081330
2034236,178,5311,2017,0.0,3.573046623394494e-08,-0.353642,-0.08027000000000001,PRK,081340
2040762,178,5312,2017,0.0,0.0,-0.353642,-0.08027000000000001,PRK,081350
2047288,178,5313,2017,0.0,0.0,-0.353642,-0.08027000000000001,PRK,081400
2053814,178,5314,2017,0.0,3.3063010574080483e-06,-0.353642,-0.08027000000000001,PRK,090111
2060340,178,5315,2017,0.0,0.0,-0.353642,-0.08027000000000001,PRK,090112
2066866,178,5316,2017,0.0,1.6387373360213472e-08,-0.353642,-0.08027000000000001,PRK,090121
2073392,178,5317,2017,0.0,0.0,-0.353642,-0.08027000000000001,PRK,090122
2079918,178,5318,2017,4.397067433686177e-10,0.0,-0.353642,-0.08027000000000001,PRK,090130
2086444,178,5319,2017,0.0,0.0,-0.353642,-0.08027000000000001,PRK,090140
2092970,178,5320,2017,0.0,0.0,-0.353642,-0.08027000000000001,PRK,090210
2099496,178,5321,2017,0.0,0.0,-0.353642,-0.08027000000000001,PRK,090220
2106022,178,5322,2017,0.0,4.431259239261672e-10,-0.353642,-0.08027000000000001,PRK,090230
2112548,178,5323,2017,0.0,1.7652121696565196e-09,-0.353642,-0.08027000000000001,PRK,090240
2119074,178,5324,2017,0.0,0.0,-0.353642,-0.08027000000000001,PRK,090300
2125600,178,5325,2017,8.178969678510677e-10,1.752627658563418e-07,-0.353642,-0.08027000000000001,PRK,090411
2132126,178,5326,2017,0.0,0.0,-0.353642,-0.08027000000000001,PRK,090412
2138652,178,5327,2017,7.433498562944308e-09,2.2136327357926498e-06,-0.353642,-0.08027000000000001,PRK,090420
2145178,178,5328,2017,0.0,0.0,-0.353642,-0.08027000000000001,PRK,090500
2151704,178,5329,2017,0.0,4.313600523484717e-09,-0.353642,-0.08027000000000001,PRK,090610
2158230,178,5330,2017,0.0,0.0,-0.353642,-0.08027000000000001,PRK,090620
2164756,178,5331,2017,0.0,1.2269649741022222e-09,-0.353642,-0.08027000000000001,PRK,090700
2171282,178,5332,2017,0.0,0.0,-0.353642,-0.08027000000000001,PRK,090810
2177808,178,5333,2017,0.0,0.0,-0.353642,-0.08027000000000001,PRK,090820
2184334,178,5334,2017,0.0,2.623623645325011e-09,-0.353642,-0.08027000000000001,PRK,090830
2190860,178,5335,2017,0.0,1.935568732781463e-09,-0.353642,-0.08027000000000001,PRK,090910
2197386,178,5336,2017,0.0,6.343627661889933e-10,-0.353642,-0.08027000000000001,PRK,090920
2203912,178,5337,2017,0.0,2.6905731117671094e-09,-0.353642,-0.08027000000000001,PRK,090930
2210438,178,5338,2017,0.0,0.0,-0.353642,-0.08027000000000001,PRK,090940
2216964,178,5339,2017,0.0,0.0,-0.353642,-0.08027000000000001,PRK,090950
2223490,178,5340,2017,0.0,6.138802066537374e-09,-0.353642,-0.08027000000000001,PRK,091010
2230016,178,5341,2017,0.0,0.0,-0.353642,-0.08027000000000001,PRK,091020
2236542,178,5342,2017,0.0,1.697301547508074e-08,-0.353642,-0.08027000000000001,PRK,091030
2243068,178,5343,2017,0.0,0.0,-0.353642,-0.08027000000000001,PRK,091040
2249594,178,5344,2017,0.0,0.0,-0.353642,-0.08027000000000001,PRK,091050
2256120,178,5345,2017,0.0,0.0,-0.353642,-0.08027000000000001,PRK,091091
2262646,178,5346,2017,0.0,1.557933970087765e-08,-0.353642,-0.08027000000000001,PRK,091099
2269172,178,5347,2017,0.0,0.0,-0.353642,-0.08027000000000001,PRK,100110
2275698,178,5348,2017,0.0,1.759697124500101e-07,-0.353642,-0.08027000000000001,PRK,100190
2282224,178,5349,2017,0.0,0.0,-0.353642,-0.08027000000000001,PRK,100200
2288750,178,5350,2017,0.0,0.0,-0.353642,-0.08027000000000001,PRK,100300
2295276,178,5351,2017,0.0,1.195114262591897e-08,-0.353642,-0.08027000000000001,PRK,100400
2301802,178,5352,2017,0.0,0.0,-0.353642,-0.08027000000000001,PRK,100510
2308328,178,5353,2017,0.0,2.5931430778457337e-06,-0.353642,-0.08027000000000001,PRK,100590
2314854,178,5354,2017,0.0,7.272302934022409e-09,-0.353642,-0.08027000000000001,PRK,100610
2321380,178,5355,2017,0.0,0.0,-0.353642,-0.08027000000000001,PRK,100620
2327906,178,5356,2017,4.4758570637866875e-10,6.933270835959622e-06,-0.353642,-0.08027000000000001,PRK,100630
2334432,178,5357,2017,4.18585061760904e-09,0.0,-0.353642,-0.08027000000000001,PRK,100640
2340958,178,5358,2017,0.0,0.0,-0.353642,-0.08027000000000001,PRK,100700
2347484,178,5359,2017,0.0,0.0,-0.353642,-0.08027000000000001,PRK,100810
2354010,178,5360,2017,0.0,0.0,-0.353642,-0.08027000000000001,PRK,100820
2360536,178,5361,2017,0.0,0.0,-0.353642,-0.08027000000000001,PRK,100830
2367062,178,5362,2017,8.709284496494881e-10,0.0,-0.353642,-0.08027000000000001,PRK,100890
2373588,178,5363,2017,0.0,1.2131970151882058e-05,-0.353642,-0.08027000000000001,PRK,110100
2380114,178,5364,2017,0.0,0.0,-0.353642,-0.08027000000000001,PRK,110210
2386640,178,5365,2017,0.0,6.340545334969579e-08,-0.353642,-0.08027000000000001,PRK,110220
2393166,178,5366,2017,0.0,0.0,-0.353642,-0.08027000000000001,PRK,110230
2399692,178,5367,2017,0.0,2.66902996662485e-09,-0.353642,-0.08027000000000001,PRK,110290
2406218,178,5368,2017,0.0,0.0,-0.353642,-0.08027000000000001,PRK,110311
2412744,178,5369,2017,0.0,0.0,-0.353642,-0.08027000000000001,PRK,110312
2419270,178,5370,2017,0.0,0.0,-0.353642,-0.08027000000000001,PRK,110313
2425796,178,5371,2017,0.0,0.0,-0.353642,-0.08027000000000001,PRK,110314
2432322,178,5372,2017,0.0,0.0,-0.353642,-0.08027000000000001,PRK,110319
2438848,178,5373,2017,0.0,0.0,-0.353642,-0.08027000000000001,PRK,110321
2445374,178,5374,2017,0.0,0.0,-0.353642,-0.08027000000000001,PRK,110329
2451900,178,5375,2017,0.0,0.0,-0.353642,-0.08027000000000001,PRK,110411
2458426,178,5376,2017,0.0,0.0,-0.353642,-0.08027000000000001,PRK,110412
2464952,178,5377,2017,0.0,0.0,-0.353642,-0.08027000000000001,PRK,110419
2471478,178,5378,2017,0.0,0.0,-0.353642,-0.08027000000000001,PRK,110421
2478004,178,5379,2017,0.0,0.0,-0.353642,-0.08027000000000001,PRK,110422
2484530,178,5380,2017,0.0,0.0,-0.353642,-0.08027000000000001,PRK,110423
2491056,178,5381,2017,0.0,0.0,-0.353642,-0.08027000000000001,PRK,110429
2497582,178,5382,2017,0.0,0.0,-0.353642,-0.08027000000000001,PRK,110430
2504108,178,5383,2017,0.0,0.0,-0.353642,-0.08027000000000001,PRK,110510
2510634,178,5384,2017,0.0,4.2555997481017106e-10,-0.353642,-0.08027000000000001,PRK,110520
2517160,178,5385,2017,0.0,1.2196734480540728e-09,-0.353642,-0.08027000000000001,PRK,110610
2523686,178,5386,2017,0.0,0.0,-0.353642,-0.08027000000000001,PRK,110620
2530212,178,5387,2017,0.0,0.0,-0.353642,-0.08027000000000001,PRK,110630
2536738,178,5388,2017,0.0,7.189113250473068e-09,-0.353642,-0.08027000000000001,PRK,110710
2543264,178,5389,2017,0.0,2.0197825443075665e-07,-0.353642,-0.08027000000000001,PRK,110720
2549790,178,5390,2017,0.0,0.0,-0.353642,-0.08027000000000001,PRK,110811
2556316,178,5391,2017,0.0,6.63200751709424e-07,-0.353642,-0.08027000000000001,PRK,110812
2562842,178,5392,2017,1.741320523740215e-07,0.0,-0.353642,-0.08027000000000001,PRK,110813
2569368,178,5393,2017,0.0,8.506228001170591e-09,-0.353642,-0.08027000000000001,PRK,110814
2575894,178,5394,2017,0.0,0.0,-0.353642,-0.08027000000000001,PRK,110819
2582420,178,5395,2017,0.0,0.0,-0.353642,-0.08027000000000001,PRK,110820
2588946,178,5396,2017,0.0,0.0,-0.353642,-0.08027000000000001,PRK,110900
2595472,178,5397,2017,0.0,2.2144464038130228e-07,-0.353642,-0.08027000000000001,PRK,120100
2601998,178,5398,2017,0.0,0.0,-0.353642,-0.08027000000000001,PRK,120210
2608524,178,5399,2017,2.3201727842367226e-08,0.0,-0.353642,-0.08027000000000001,PRK,120220
2615050,178,5400,2017,0.0,0.0,-0.353642,-0.08027000000000001,PRK,120300
2621576,178,5401,2017,0.0,0.0,-0.353642,-0.08027000000000001,PRK,120400
2628102,178,5402,2017,0.0,0.0,-0.353642,-0.08027000000000001,PRK,120500
2634628,178,5403,2017,0.0,3.728621274621826e-10,-0.353642,-0.08027000000000001,PRK,120600
2641154,178,5404,2017,0.0,0.0,-0.353642,-0.08027000000000001,PRK,120710
2647680,178,5405,2017,0.0,0.0,-0.353642,-0.08027000000000001,PRK,120720
2654206,178,5406,2017,0.0,0.0,-0.353642,-0.08027000000000001,PRK,120730
2660732,178,5407,2017,9.071777402364999e-08,2.2001980990489345e-07,-0.353642,-0.08027000000000001,PRK,120740
2667258,178,5408,2017,0.0,1.2884457960082087e-08,-0.353642,-0.08027000000000001,PRK,120750
2673784,178,5409,2017,0.0,0.0,-0.353642,-0.08027000000000001,PRK,120760
2680310,178,5410,2017,0.0,0.0,-0.353642,-0.08027000000000001,PRK,120791
2686836,178,5411,2017,0.0,0.0,-0.353642,-0.08027000000000001,PRK,120792
2693362,178,5412,2017,2.829909569060907e-06,6.441864403738636e-08,-0.353642,-0.08027000000000001,PRK,120799
2699888,178,5413,2017,0.0,3.977196026263281e-09,-0.353642,-0.08027000000000001,PRK,120810
2706414,178,5414,2017,0.0,0.0,-0.353642,-0.08027000000000001,PRK,120890
2712940,178,5415,2017,0.0,0.0,-0.353642,-0.08027000000000001,PRK,120911
2719466,178,5416,2017,0.0,0.0,-0.353642,-0.08027000000000001,PRK,120919
2725992,178,5417,2017,0.0,0.0,-0.353642,-0.08027000000000001,PRK,120921
2732518,178,5418,2017,0.0,0.0,-0.353642,-0.08027000000000001,PRK,120922
2739044,178,5419,2017,0.0,0.0,-0.353642,-0.08027000000000001,PRK,120923
2745570,178,5420,2017,0.0,0.0,-0.353642,-0.08027000000000001,PRK,120924
2752096,178,5421,2017,0.0,0.0,-0.353642,-0.08027000000000001,PRK,120925
2758622,178,5422,2017,0.0,0.0,-0.353642,-0.08027000000000001,PRK,120926
2765148,178,5423,2017,0.0,4.494562942679696e-09,-0.353642,-0.08027000000000001,PRK,120929
2771674,178,5424,2017,4.888441992178398e-08,7.390293082801553e-09,-0.353642,-0.08027000000000001,PRK,120930
2778200,178,5425,2017,1.2049358738678826e-08,0.0,-0.353642,-0.08027000000000001,PRK,120991
2784726,178,5426,2017,0.0,0.0,-0.353642,-0.08027000000000001,PRK,120999
2791252,178,5427,2017,0.0,0.0,-0.353642,-0.08027000000000001,PRK,121010
2797778,178,5428,2017,0.0,5.8130034253859736e-09,-0.353642,-0.08027000000000001,PRK,121020
2804304,178,5429,2017,0.0,0.0,-0.353642,-0.08027000000000001,PRK,121110
2810830,178,5430,2017,3.5861191051358964e-07,2.5027566580868696e-07,-0.353642,-0.08027000000000001,PRK,121120
2817356,178,5431,2017,2.525034913609215e-07,3.380517192423132e-08,-0.353642,-0.08027000000000001,PRK,121190
2823882,178,5432,2017,0.0,0.0,-0.353642,-0.08027000000000001,PRK,121210
2830408,178,5433,2017,0.0,0.0,-0.353642,-0.08027000000000001,PRK,121220
2836934,178,5434,2017,0.0,0.0,-0.353642,-0.08027000000000001,PRK,121230
2843460,178,5435,2017,0.0,0.0,-0.353642,-0.08027000000000001,PRK,121291
2849986,178,5436,2017,0.0,0.0,-0.353642,-0.08027000000000001,PRK,121292
2856512,178,5437,2017,3.360226205267345e-08,1.800310924588293e-08,-0.353642,-0.08027000000000001,PRK,121299
2863038,178,5438,2017,0.0,0.0,-0.353642,-0.08027000000000001,PRK,121300
2869564,178,5439,2017,0.0,0.0,-0.353642,-0.08027000000000001,PRK,121410
2876090,178,5440,2017,0.0,0.0,-0.353642,-0.08027000000000001,PRK,121490
2882616,178,5441,2017,0.0,0.0,-0.353642,-0.08027000000000001,PRK,130110
2889142,178,5442,2017,0.0,0.0,-0.353642,-0.08027000000000001,PRK,130120
2895668,178,5443,2017,0.0,4.5258502180863e-08,-0.353642,-0.08027000000000001,PRK,130190
2902194,178,5444,2017,0.0,0.0,-0.353642,-0.08027000000000001,PRK,130211
2908720,178,5445,2017,0.0,6.104995900314136e-10,-0.353642,-0.08027000000000001,PRK,130212
2915246,178,5446,2017,0.0,0.0,-0.353642,-0.08027000000000001,PRK,130213
2921772,178,5447,2017,0.0,0.0,-0.353642,-0.08027000000000001,PRK,130214
2928298,178,5448,2017,0.0,1.1529692420335938e-07,-0.353642,-0.08027000000000001,PRK,130219
2934824,178,5449,2017,0.0,0.0,-0.353642,-0.08027000000000001,PRK,130220
2941350,178,5450,2017,0.0,0.0,-0.353642,-0.08027000000000001,PRK,130231
2947876,178,5451,2017,0.0,1.133911844407749e-07,-0.353642,-0.08027000000000001,PRK,130232
2954402,178,5452,2017,0.0,2.181160587403221e-09,-0.353642,-0.08027000000000001,PRK,130239
2960928,178,5453,2017,0.0,7.334280905431678e-09,-0.353642,-0.08027000000000001,PRK,140110
2967454,178,5454,2017,0.0,0.0,-0.353642,-0.08027000000000001,PRK,140120
2973980,178,5455,2017,0.0,2.0818367453073392e-07,-0.353642,-0.08027000000000001,PRK,140190
2980506,178,5456,2017,0.0,0.0,-0.353642,-0.08027000000000001,PRK,140210
2987032,178,5457,2017,0.0,0.0,-0.353642,-0.08027000000000001,PRK,140291
2993558,178,5458,2017,0.0,0.0,-0.353642,-0.08027000000000001,PRK,140299
3000084,178,5459,2017,0.0,0.0,-0.353642,-0.08027000000000001,PRK,140310
3006610,178,5460,2017,0.0,0.0,-0.353642,-0.08027000000000001,PRK,140390
3013136,178,5461,2017,0.0,0.0,-0.353642,-0.08027000000000001,PRK,140410
3019662,178,5462,2017,0.0,1.5222121211118768e-07,-0.353642,-0.08027000000000001,PRK,140420
3026188,178,5463,2017,4.989262415003167e-08,1.1591869251546521e-08,-0.353642,-0.08027000000000001,PRK,140490
3032714,178,5464,2017,0.0,0.0,-0.353642,-0.08027000000000001,PRK,150100
3039240,178,5465,2017,0.0,0.0,-0.353642,-0.08027000000000001,PRK,150200
3045766,178,5466,2017,0.0,0.0,-0.353642,-0.08027000000000001,PRK,150300
3052292,178,5467,2017,0.0,0.0,-0.353642,-0.08027000000000001,PRK,150410
3058818,178,5468,2017,0.0,0.0,-0.353642,-0.08027000000000001,PRK,150420
3065344,178,5469,2017,0.0,0.0,-0.353642,-0.08027000000000001,PRK,150430
3071870,178,5470,2017,0.0,0.0,-0.353642,-0.08027000000000001,PRK,150510
3078396,178,5471,2017,0.0,4.2953717083643434e-10,-0.353642,-0.08027000000000001,PRK,150590
3084922,178,5472,2017,2.053936563386321e-07,0.0,-0.353642,-0.08027000000000001,PRK,150600
3091448,178,5473,2017,0.0,2.088543623539628e-06,-0.353642,-0.08027000000000001,PRK,150710
3097974,178,5474,2017,0.0,3.45166883161338e-05,-0.353642,-0.08027000000000001,PRK,150790
3104500,178,5475,2017,0.0,0.0,-0.353642,-0.08027000000000001,PRK,150810
3111026,178,5476,2017,0.0,0.0,-0.353642,-0.08027000000000001,PRK,150890
3117552,178,5477,2017,0.0,0.0,-0.353642,-0.08027000000000001,PRK,150910
3124078,178,5478,2017,0.0,1.3260634417566155e-09,-0.353642,-0.08027000000000001,PRK,150990
3130604,178,5479,2017,0.0,0.0,-0.353642,-0.08027000000000001,PRK,151000
3137130,178,5480,2017,0.0,2.727329031709826e-08,-0.353642,-0.08027000000000001,PRK,151110
3143656,178,5481,2017,5.108901437940404e-09,2.481293388298138e-06,-0.353642,-0.08027000000000001,PRK,151190
3150182,178,5482,2017,0.0,0.0,-0.353642,-0.08027000000000001,PRK,151211
3156708,178,5483,2017,0.0,2.543009196202676e-07,-0.353642,-0.08027000000000001,PRK,151219
3163234,178,5484,2017,0.0,0.0,-0.353642,-0.08027000000000001,PRK,151221
3169760,178,5485,2017,0.0,0.0,-0.353642,-0.08027000000000001,PRK,151229
3176286,178,5486,2017,0.0,2.838392230743228e-09,-0.353642,-0.08027000000000001,PRK,151311
3182812,178,5487,2017,0.0,2.6063891292112032e-09,-0.353642,-0.08027000000000001,PRK,151319
3189338,178,5488,2017,0.0,0.0,-0.353642,-0.08027000000000001,PRK,151321
3195864,178,5489,2017,0.0,0.0,-0.353642,-0.08027000000000001,PRK,151329
3202390,178,5490,2017,0.0,0.0,-0.353642,-0.08027000000000001,PRK,151410
3208916,178,5491,2017,0.0,0.0,-0.353642,-0.08027000000000001,PRK,151490
3215442,178,5492,2017,0.0,2.6073171416173316e-08,-0.353642,-0.08027000000000001,PRK,151511
3221968,178,5493,2017,0.0,4.576426894220282e-09,-0.353642,-0.08027000000000001,PRK,151519
3228494,178,5494,2017,0.0,0.0,-0.353642,-0.08027000000000001,PRK,151521
3235020,178,5495,2017,0.0,0.0,-0.353642,-0.08027000000000001,PRK,151529
3241546,178,5496,2017,0.0,2.5547187241699995e-08,-0.353642,-0.08027000000000001,PRK,151530
3248072,178,5497,2017,0.0,0.0,-0.353642,-0.08027000000000001,PRK,151540
3254598,178,5498,2017,0.0,1.040732770172444e-08,-0.353642,-0.08027000000000001,PRK,151550
3261124,178,5499,2017,0.0,0.0,-0.353642,-0.08027000000000001,PRK,151560
3267650,178,5500,2017,4.2273666919312314e-10,3.822019094638575e-08,-0.353642,-0.08027000000000001,PRK,151590
3274176,178,5501,2017,0.0,0.0,-0.353642,-0.08027000000000001,PRK,151610
3280702,178,5502,2017,0.0,6.392016880209469e-08,-0.353642,-0.08027000000000001,PRK,151620
3287228,178,5503,2017,0.0,2.122626204886691e-07,-0.353642,-0.08027000000000001,PRK,151710
3293754,178,5504,2017,0.0,2.544547045332831e-07,-0.353642,-0.08027000000000001,PRK,151790
3300280,178,5505,2017,1.7788274180384465e-09,0.0,-0.353642,-0.08027000000000001,PRK,151800
3306806,178,5506,2017,0.0,2.8708726649577114e-08,-0.353642,-0.08027000000000001,PRK,151911
3313332,178,5507,2017,0.0,0.0,-0.353642,-0.08027000000000001,PRK,151912
3319858,178,5508,2017,0.0,0.0,-0.353642,-0.08027000000000001,PRK,151913
3326384,178,5509,2017,6.545600039119326e-08,3.6955475753334247e-07,-0.353642,-0.08027000000000001,PRK,151919
3332910,178,5510,2017,0.0,0.0,-0.353642,-0.08027000000000001,PRK,151920
3339436,178,5511,2017,0.0,2.659749842563569e-09,-0.353642,-0.08027000000000001,PRK,151930
3345962,178,5512,2017,0.0,2.2915940637324648e-08,-0.353642,-0.08027000000000001,PRK,152010
3352488,178,5513,2017,0.0,2.0893337598168455e-07,-0.353642,-0.08027000000000001,PRK,152090
3359014,178,5514,2017,0.0,4.772635231515937e-10,-0.353642,-0.08027000000000001,PRK,152110
3365540,178,5515,2017,0.0,0.0,-0.353642,-0.08027000000000001,PRK,152190
3372066,178,5516,2017,0.0,0.0,-0.353642,-0.08027000000000001,PRK,152200
3378592,178,5517,2017,0.0,2.9287952221522013e-06,-0.353642,-0.08027000000000001,PRK,160100
3385118,178,5518,2017,0.0,0.0,-0.353642,-0.08027000000000001,PRK,160210
3391644,178,5519,2017,0.0,0.0,-0.353642,-0.08027000000000001,PRK,160220
3398170,178,5520,2017,0.0,7.712777393931068e-09,-0.353642,-0.08027000000000001,PRK,160231
3404696,178,5521,2017,0.0,0.0,-0.353642,-0.08027000000000001,PRK,160239
3411222,178,5522,2017,0.0,4.524060479874482e-10,-0.353642,-0.08027000000000001,PRK,160241
3417748,178,5523,2017,0.0,0.0,-0.353642,-0.08027000000000001,PRK,160242
3424274,178,5524,2017,0.0,2.8373979317366622e-09,-0.353642,-0.08027000000000001,PRK,160249
3430800,178,5525,2017,0.0,4.136283867313812e-10,-0.353642,-0.08027000000000001,PRK,160250
3437326,178,5526,2017,0.0,0.0,-0.353642,-0.08027000000000001,PRK,160290
3443852,178,5527,2017,0.0,0.0,-0.353642,-0.08027000000000001,PRK,160300
3450378,178,5528,2017,0.0,0.0,-0.353642,-0.08027000000000001,PRK,160411
3456904,178,5529,2017,0.0,0.0,-0.353642,-0.08027000000000001,PRK,160412
3463430,178,5530,2017,0.0,0.0,-0.353642,-0.08027000000000001,PRK,160413
3469956,178,5531,2017,0.0,9.843891598003809e-09,-0.353642,-0.08027000000000001,PRK,160414
3476482,178,5532,2017,0.0,4.547260790027685e-09,-0.353642,-0.08027000000000001,PRK,160415
3483008,178,5533,2017,0.0,0.0,-0.353642,-0.08027000000000001,PRK,160416
3489534,178,5534,2017,1.544579787008852e-09,2.2235243537429687e-07,-0.353642,-0.08027000000000001,PRK,160419
3496060,178,5535,2017,4.739499287584549e-10,8.17002236375047e-08,-0.353642,-0.08027000000000001,PRK,160420
3502586,178,5536,2017,0.0,0.0,-0.353642,-0.08027000000000001,PRK,160430
3509112,178,5537,2017,1.856072165314909e-06,6.620685765739476e-07,-0.353642,-0.08027000000000001,PRK,160510
3515638,178,5538,2017,5.191024475468243e-10,0.0,-0.353642,-0.08027000000000001,PRK,160520
3522164,178,5539,2017,0.0,0.0,-0.353642,-0.08027000000000001,PRK,160530
3528690,178,5540,2017,0.0,0.0,-0.353642,-0.08027000000000001,PRK,160540
3535216,178,5541,2017,1.4737570006596587e-07,6.310716364772605e-08,-0.353642,-0.08027000000000001,PRK,160590
3541742,178,5542,2017,0.0,8.052313933023185e-07,-0.353642,-0.08027000000000001,PRK,170111
3548268,178,5543,2017,0.0,0.0,-0.353642,-0.08027000000000001,PRK,170112
3554794,178,5544,2017,0.0,0.0,-0.353642,-0.08027000000000001,PRK,170191
3561320,178,5545,2017,0.0,1.095178562030675e-05,-0.353642,-0.08027000000000001,PRK,170199
3567846,178,5546,2017,0.0,1.9885980131316404e-09,-0.353642,-0.08027000000000001,PRK,170210
3574372,178,5547,2017,0.0,0.0,-0.353642,-0.08027000000000001,PRK,170220
3580898,178,5548,2017,0.0,2.8745117993217425e-07,-0.353642,-0.08027000000000001,PRK,170230
3587424,178,5549,2017,0.0,0.0,-0.353642,-0.08027000000000001,PRK,170240
3593950,178,5550,2017,0.0,0.0,-0.353642,-0.08027000000000001,PRK,170250
3600476,178,5551,2017,0.0,7.445178387963987e-08,-0.353642,-0.08027000000000001,PRK,170260
3607002,178,5552,2017,0.0,1.8894796594971156e-07,-0.353642,-0.08027000000000001,PRK,170290
3613528,178,5553,2017,0.0,0.0,-0.353642,-0.08027000000000001,PRK,170310
3620054,178,5554,2017,0.0,0.0,-0.353642,-0.08027000000000001,PRK,170390
3626580,178,5555,2017,1.5981870391810838e-08,1.6233754163699052e-07,-0.353642,-0.08027000000000001,PRK,170410
3633106,178,5556,2017,0.0,5.820115977612941e-07,-0.353642,-0.08027000000000001,PRK,170490
3639632,178,5557,2017,0.0,1.1257453352338217e-08,-0.353642,-0.08027000000000001,PRK,180100
3646158,178,5558,2017,0.0,0.0,-0.353642,-0.08027000000000001,PRK,180200
3652684,178,5559,2017,0.0,3.1734709959559096e-09,-0.353642,-0.08027000000000001,PRK,180310
3659210,178,5560,2017,0.0,0.0,-0.353642,-0.08027000000000001,PRK,180320
3665736,178,5561,2017,0.0,1.5889892423928374e-08,-0.353642,-0.08027000000000001,PRK,180400
3672262,178,5562,2017,0.0,9.237336060698439e-08,-0.353642,-0.08027000000000001,PRK,180500
3678788,178,5563,2017,0.0,1.5908784105053124e-09,-0.353642,-0.08027000000000001,PRK,180610
3685314,178,5564,2017,0.0,1.1137607178746816e-07,-0.353642,-0.08027000000000001,PRK,180620
3691840,178,5565,2017,0.0,7.0147794913218616e-09,-0.353642,-0.08027000000000001,PRK,180631
3698366,178,5566,2017,0.0,2.747665760724119e-07,-0.353642,-0.08027000000000001,PRK,180632
3704892,178,5567,2017,0.0,1.0490318525472468e-07,-0.353642,-0.08027000000000001,PRK,180690
3711418,178,5568,2017,0.0,1.4209560246132357e-07,-0.353642,-0.08027000000000001,PRK,190110
3717944,178,5569,2017,0.0,1.2649803394532554e-08,-0.353642,-0.08027000000000001,PRK,190120
3724470,178,5570,2017,0.0,1.027873169687526e-07,-0.353642,-0.08027000000000001,PRK,190190
3730996,178,5571,2017,2.000499011955844e-08,8.852575488457686e-10,-0.353642,-0.08027000000000001,PRK,190211
3737522,178,5572,2017,9.827491169844433e-10,2.8990941850940714e-07,-0.353642,-0.08027000000000001,PRK,190219
3744048,178,5573,2017,2.146411346161212e-09,9.446834861381858e-09,-0.353642,-0.08027000000000001,PRK,190220
3750574,178,5574,2017,3.810781674626725e-08,1.4908989939311016e-06,-0.353642,-0.08027000000000001,PRK,190230
3757100,178,5575,2017,0.0,0.0,-0.353642,-0.08027000000000001,PRK,190240
3763626,178,5576,2017,0.0,6.761233244647578e-10,-0.353642,-0.08027000000000001,PRK,190300
3770152,178,5577,2017,1.8867086038683763e-09,2.507350319497204e-07,-0.353642,-0.08027000000000001,PRK,190410
3776678,178,5578,2017,0.0,1.1246217773564023e-07,-0.353642,-0.08027000000000001,PRK,190490
3783204,178,5579,2017,0.0,0.0,-0.353642,-0.08027000000000001,PRK,190510
3789730,178,5580,2017,0.0,0.0,-0.353642,-0.08027000000000001,PRK,190520
3796256,178,5581,2017,5.842554108991695e-10,7.100832756010112e-07,-0.353642,-0.08027000000000001,PRK,190530
3802782,178,5582,2017,0.0,1.3708400403522964e-08,-0.353642,-0.08027000000000001,PRK,190540
3809308,178,5583,2017,1.5446100907127368e-08,2.6321149588410833e-07,-0.353642,-0.08027000000000001,PRK,190590
3815834,178,5584,2017,0.0,1.2783370894414562e-09,-0.353642,-0.08027000000000001,PRK,200110
3822360,178,5585,2017,0.0,0.0,-0.353642,-0.08027000000000001,PRK,200120
3828886,178,5586,2017,0.0,1.3310349367894446e-09,-0.353642,-0.08027000000000001,PRK,200190
3835412,178,5587,2017,0.0,1.8493961522124255e-09,-0.353642,-0.08027000000000001,PRK,200210
3841938,178,5588,2017,0.0,1.6704223310305779e-09,-0.353642,-0.08027000000000001,PRK,200290
3848464,178,5589,2017,0.0,0.0,-0.353642,-0.08027000000000001,PRK,200310
3854990,178,5590,2017,0.0,0.0,-0.353642,-0.08027000000000001,PRK,200320
3861516,178,5591,2017,0.0,4.420388236789886e-08,-0.353642,-0.08027000000000001,PRK,200410
3868042,178,5592,2017,0.0,0.0,-0.353642,-0.08027000000000001,PRK,200490
3874568,178,5593,2017,0.0,0.0,-0.353642,-0.08027000000000001,PRK,200510
3881094,178,5594,2017,0.0,9.578413763250735e-10,-0.353642,-0.08027000000000001,PRK,200520
3887620,178,5595,2017,0.0,0.0,-0.353642,-0.08027000000000001,PRK,200530
3894146,178,5596,2017,0.0,2.1458629726701344e-08,-0.353642,-0.08027000000000001,PRK,200540
3900672,178,5597,2017,0.0,1.378761289104604e-09,-0.353642,-0.08027000000000001,PRK,200551
3907198,178,5598,2017,0.0,0.0,-0.353642,-0.08027000000000001,PRK,200559
3913724,178,5599,2017,0.0,0.0,-0.353642,-0.08027000000000001,PRK,200560
3920250,178,5600,2017,0.0,3.5165041532211174e-10,-0.353642,-0.08027000000000001,PRK,200570
3926776,178,5601,2017,0.0,3.610299692840493e-09,-0.353642,-0.08027000000000001,PRK,200580
3933302,178,5602,2017,0.0,1.3015042562944398e-08,-0.353642,-0.08027000000000001,PRK,200590
3939828,178,5603,2017,0.0,2.765808403263923e-09,-0.353642,-0.08027000000000001,PRK,200600
3946354,178,5604,2017,0.0,0.0,-0.353642,-0.08027000000000001,PRK,200710
3952880,178,5605,2017,0.0,0.0,-0.353642,-0.08027000000000001,PRK,200791
3959406,178,5606,2017,0.0,1.5354959558395963e-08,-0.353642,-0.08027000000000001,PRK,200799
3965932,178,5607,2017,0.0,1.5687983438995075e-07,-0.353642,-0.08027000000000001,PRK,200811
3972458,178,5608,2017,0.0,1.290036674418714e-07,-0.353642,-0.08027000000000001,PRK,200819
3978984,178,5609,2017,0.0,5.352642985345999e-10,-0.353642,-0.08027000000000001,PRK,200820
3985510,178,5610,2017,0.0,3.934109735978762e-10,-0.353642,-0.08027000000000001,PRK,200830
3992036,178,5611,2017,0.0,0.0,-0.353642,-0.08027000000000001,PRK,200840
3998562,178,5612,2017,0.0,0.0,-0.353642,-0.08027000000000001,PRK,200850
4005088,178,5613,2017,0.0,0.0,-0.353642,-0.08027000000000001,PRK,200860
4011614,178,5614,2017,0.0,1.3615267729907964e-09,-0.353642,-0.08027000000000001,PRK,200870
4018140,178,5615,2017,0.0,0.0,-0.353642,-0.08027000000000001,PRK,200880
4024666,178,5616,2017,0.0,0.0,-0.353642,-0.08027000000000001,PRK,200891
4031192,178,5617,2017,0.0,3.937424066000648e-10,-0.353642,-0.08027000000000001,PRK,200892
4037718,178,5618,2017,7.614411675136635e-09,7.169326700242408e-08,-0.353642,-0.08027000000000001,PRK,200899
4044244,178,5619,2017,0.0,0.0,-0.353642,-0.08027000000000001,PRK,200911
4050770,178,5620,2017,0.0,3.911837438231688e-08,-0.353642,-0.08027000000000001,PRK,200919
4057296,178,5621,2017,0.0,0.0,-0.353642,-0.08027000000000001,PRK,200920
4063822,178,5622,2017,0.0,4.108675498231501e-08,-0.353642,-0.08027000000000001,PRK,200930
4070348,178,5623,2017,0.0,2.0283036867938354e-08,-0.353642,-0.08027000000000001,PRK,200940
4076874,178,5624,2017,0.0,3.536390133352434e-10,-0.353642,-0.08027000000000001,PRK,200950
4083400,178,5625,2017,0.0,1.1510668166010313e-09,-0.353642,-0.08027000000000001,PRK,200960
4089926,178,5626,2017,0.0,2.658755543557003e-09,-0.353642,-0.08027000000000001,PRK,200970
4096452,178,5627,2017,3.8634192082746426e-09,2.0688047996612833e-08,-0.353642,-0.08027000000000001,PRK,200980
4102978,178,5628,2017,7.866841528497115e-10,1.0139198402953858e-08,-0.353642,-0.08027000000000001,PRK,200990
4109504,178,5629,2017,0.0,1.1720299539894606e-07,-0.353642,-0.08027000000000001,PRK,210110
4116030,178,5630,2017,3.8000844671553864e-10,1.6129518484510735e-08,-0.353642,-0.08027000000000001,PRK,210120
4122556,178,5631,2017,0.0,0.0,-0.353642,-0.08027000000000001,PRK,210130
4129082,178,5632,2017,0.0,1.0700718823921839e-06,-0.353642,-0.08027000000000001,PRK,210210
4135608,178,5633,2017,0.0,1.083785917156744e-09,-0.353642,-0.08027000000000001,PRK,210220
4142134,178,5634,2017,0.0,0.0,-0.353642,-0.08027000000000001,PRK,210230
4148660,178,5635,2017,5.7013388488884725e-09,7.299182150499905e-08,-0.353642,-0.08027000000000001,PRK,210310
4155186,178,5636,2017,0.0,2.9812398546865178e-09,-0.353642,-0.08027000000000001,PRK,210320
4161712,178,5637,2017,0.0,5.965794039394922e-09,-0.353642,-0.08027000000000001,PRK,210330
4168238,178,5638,2017,4.682528324281103e-09,3.956640551467543e-06,-0.353642,-0.08027000000000001,PRK,210390
4174764,178,5639,2017,0.0,9.055478772397551e-08,-0.353642,-0.08027000000000001,PRK,210410
4181290,178,5640,2017,0.0,0.0,-0.353642,-0.08027000000000001,PRK,210420
4187816,178,5641,2017,0.0,8.795569012081246e-09,-0.353642,-0.08027000000000001,PRK,210500
4194342,178,5642,2017,0.0,1.0202170673369692e-08,-0.353642,-0.08027000000000001,PRK,210610
4200868,178,5643,2017,2.452903007252198e-08,1.3246392741462112e-06,-0.353642,-0.08027000000000001,PRK,210690
4207394,178,5644,2017,1.2821497113663828e-08,5.83288940551729e-09,-0.353642,-0.08027000000000001,PRK,220110
4213920,178,5645,2017,0.0,4.7619962321456825e-08,-0.353642,-0.08027000000000001,PRK,220190
4220446,178,5646,2017,4.068878320613666e-09,6.645490211623272e-07,-0.353642,-0.08027000000000001,PRK,220210
4226972,178,5647,2017,2.474751977753147e-08,2.1721224094335377e-07,-0.353642,-0.08027000000000001,PRK,220290
4233498,178,5648,2017,4.8648051031482454e-08,3.533650839589345e-06,-0.353642,-0.08027000000000001,PRK,220300
4240024,178,5649,2017,0.0,1.1638269871852926e-08,-0.353642,-0.08027000000000001,PRK,220410
4246550,178,5650,2017,0.0,1.102548339410641e-07,-0.353642,-0.08027000000000001,PRK,220421
4253076,178,5651,2017,0.0,0.0,-0.353642,-0.08027000000000001,PRK,220429
4259602,178,5652,2017,0.0,0.0,-0.353642,-0.08027000000000001,PRK,220430
4266128,178,5653,2017,0.0,7.642513597467083e-09,-0.353642,-0.08027000000000001,PRK,220510
4272654,178,5654,2017,0.0,0.0,-0.353642,-0.08027000000000001,PRK,220590
4279180,178,5655,2017,0.0,6.245854926244294e-09,-0.353642,-0.08027000000000001,PRK,220600
4285706,178,5656,2017,0.0,6.248276375758284e-06,-0.353642,-0.08027000000000001,PRK,220710
4292232,178,5657,2017,0.0,0.0,-0.353642,-0.08027000000000001,PRK,220720
4298758,178,5658,2017,0.0,0.0,-0.353642,-0.08027000000000001,PRK,220810
4305284,178,5659,2017,0.0,1.4048417520468255e-07,-0.353642,-0.08027000000000001,PRK,220820
4311810,178,5660,2017,0.0,1.7721291764121956e-07,-0.353642,-0.08027000000000001,PRK,220830
4318336,178,5661,2017,0.0,7.261697077952374e-10,-0.353642,-0.08027000000000001,PRK,220840
4324862,178,5662,2017,0.0,3.6530545501228236e-09,-0.353642,-0.08027000000000001,PRK,220850
4331388,178,5663,2017,9.251114721955314e-09,3.9587451510314413e-07,-0.353642,-0.08027000000000001,PRK,220890
4337914,178,5664,2017,3.9243296530831144e-10,1.4698059348058142e-08,-0.353642,-0.08027000000000001,PRK,220900
4344440,178,5665,2017,0.0,0.0,-0.353642,-0.08027000000000001,PRK,230110
4350966,178,5666,2017,0.0,1.9272133067962885e-07,-0.353642,-0.08027000000000001,PRK,230120
4357492,178,5667,2017,0.0,0.0,-0.353642,-0.08027000000000001,PRK,230210
4364018,178,5668,2017,0.0,0.0,-0.353642,-0.08027000000000001,PRK,230220
4370544,178,5669,2017,0.0,0.0,-0.353642,-0.08027000000000001,PRK,230230
4377070,178,5670,2017,0.0,0.0,-0.353642,-0.08027000000000001,PRK,230240
4383596,178,5671,2017,0.0,0.0,-0.353642,-0.08027000000000001,PRK,230250
4390122,178,5672,2017,0.0,0.0,-0.353642,-0.08027000000000001,PRK,230310
4396648,178,5673,2017,0.0,0.0,-0.353642,-0.08027000000000001,PRK,230320
4403174,178,5674,2017,0.0,0.0,-0.353642,-0.08027000000000001,PRK,230330
4409700,178,5675,2017,0.0,3.4935825782227557e-06,-0.353642,-0.08027000000000001,PRK,230400
4416226,178,5676,2017,0.0,0.0,-0.353642,-0.08027000000000001,PRK,230500
4422752,178,5677,2017,0.0,9.559853515128173e-09,-0.353642,-0.08027000000000001,PRK,230610
4429278,178,5678,2017,0.0,0.0,-0.353642,-0.08027000000000001,PRK,230620
4435804,178,5679,2017,0.0,0.0,-0.353642,-0.08027000000000001,PRK,230630
4442330,178,5680,2017,0.0,0.0,-0.353642,-0.08027000000000001,PRK,230640
4448856,178,5681,2017,0.0,0.0,-0.353642,-0.08027000000000001,PRK,230650
4455382,178,5682,2017,0.0,0.0,-0.353642,-0.08027000000000001,PRK,230660
4461908,178,5683,2017,0.0,0.0,-0.353642,-0.08027000000000001,PRK,230690
4468434,178,5684,2017,0.0,0.0,-0.353642,-0.08027000000000001,PRK,230700
4474960,178,5685,2017,0.0,0.0,-0.353642,-0.08027000000000001,PRK,230810
4481486,178,5686,2017,9.167143158490501e-08,0.0,-0.353642,-0.08027000000000001,PRK,230890
4488012,178,5687,2017,0.0,0.0,-0.353642,-0.08027000000000001,PRK,230910
4494538,178,5688,2017,9.862946503389662e-09,3.6743424918533977e-07,-0.353642,-0.08027000000000001,PRK,230990
4501064,178,5689,2017,0.0,0.0,-0.353642,-0.08027000000000001,PRK,240110
4507590,178,5690,2017,0.0,8.722570893349205e-07,-0.353642,-0.08027000000000001,PRK,240120
4514116,178,5691,2017,0.0,1.297891636570584e-09,-0.353642,-0.08027000000000001,PRK,240130
4520642,178,5692,2017,0.0,0.0,-0.353642,-0.08027000000000001,PRK,240210
4527168,178,5693,2017,1.233348626630282e-07,3.9824588509050335e-06,-0.353642,-0.08027000000000001,PRK,240220
4533694,178,5694,2017,0.0,0.0,-0.353642,-0.08027000000000001,PRK,240290
4540220,178,5695,2017,0.0,7.971294804205179e-06,-0.353642,-0.08027000000000001,PRK,240310
4546746,178,5696,2017,0.0,0.0,-0.353642,-0.08027000000000001,PRK,240391
4553272,178,5697,2017,0.0,0.0,-0.353642,-0.08027000000000001,PRK,240399
4559798,178,5698,2017,1.0265803942834349e-07,1.531164126500991e-07,-0.353642,-0.08027000000000001,PRK,250100
4566324,178,5699,2017,6.450052460770515e-08,0.0,-0.353642,-0.08027000000000001,PRK,250200
4572850,178,5700,2017,3.2303748341209266e-09,1.2202037408575746e-08,-0.353642,-0.08027000000000001,PRK,250310
4579376,178,5701,2017,0.0,0.0,-0.353642,-0.08027000000000001,PRK,250390
4585902,178,5702,2017,4.889451105517763e-07,1.557403677284263e-08,-0.353642,-0.08027000000000001,PRK,250410
4592428,178,5703,2017,3.228624189147501e-06,0.0,-0.353642,-0.08027000000000001,PRK,250490
4598954,178,5704,2017,2.5440565485377112e-08,0.0,-0.353642,-0.08027000000000001,PRK,250510
4605480,178,5705,2017,2.915519350757733e-09,0.0,-0.353642,-0.08027000000000001,PRK,250590
4612006,178,5706,2017,2.744133723066792e-07,3.3980831415391284e-08,-0.353642,-0.08027000000000001,PRK,250610
4618532,178,5707,2017,1.374818437846137e-08,9.730872944257493e-10,-0.353642,-0.08027000000000001,PRK,250621
4625058,178,5708,2017,0.0,0.0,-0.353642,-0.08027000000000001,PRK,250629
4631584,178,5709,2017,6.14186379226198e-08,8.916873490882275e-09,-0.353642,-0.08027000000000001,PRK,250700
4638110,178,5710,2017,0.0,0.0,-0.353642,-0.08027000000000001,PRK,250810
4644636,178,5711,2017,0.0,0.0,-0.353642,-0.08027000000000001,PRK,250820
4651162,178,5712,2017,0.0,0.0,-0.353642,-0.08027000000000001,PRK,250830
4657688,178,5713,2017,0.0,0.0,-0.353642,-0.08027000000000001,PRK,250840
4664214,178,5714,2017,0.0,0.0,-0.353642,-0.08027000000000001,PRK,250850
4670740,178,5715,2017,0.0,0.0,-0.353642,-0.08027000000000001,PRK,250860
4677266,178,5716,2017,0.0,0.0,-0.353642,-0.08027000000000001,PRK,250870
4683792,178,5717,2017,2.770667646188333e-09,0.0,-0.353642,-0.08027000000000001,PRK,250900
4690318,178,5718,2017,0.0,0.0,-0.353642,-0.08027000000000001,PRK,251010
4696844,178,5719,2017,0.0,0.0,-0.353642,-0.08027000000000001,PRK,251020
4703370,178,5720,2017,4.4977363379915214e-08,0.0,-0.353642,-0.08027000000000001,PRK,251110
4709896,178,5721,2017,0.0,0.0,-0.353642,-0.08027000000000001,PRK,251120
4716422,178,5722,2017,7.55883468221189e-08,3.9208524158912175e-09,-0.353642,-0.08027000000000001,PRK,251200
4722948,178,5723,2017,4.175547358288203e-08,0.0,-0.353642,-0.08027000000000001,PRK,251311
4729474,178,5724,2017,0.0,0.0,-0.353642,-0.08027000000000001,PRK,251319
4736000,178,5725,2017,0.0,0.0,-0.353642,-0.08027000000000001,PRK,251321
4742526,178,5726,2017,3.924935727160811e-09,0.0,-0.353642,-0.08027000000000001,PRK,251329
4749052,178,5727,2017,0.0,0.0,-0.353642,-0.08027000000000001,PRK,251400
4755578,178,5728,2017,2.275353606191086e-08,0.0,-0.353642,-0.08027000000000001,PRK,251511
4762104,178,5729,2017,0.0,1.9034197315691685e-09,-0.353642,-0.08027000000000001,PRK,251512
4768630,178,5730,2017,0.0,0.0,-0.353642,-0.08027000000000001,PRK,251520
4775156,178,5731,2017,1.2197240813636707e-09,5.36921463545543e-10,-0.353642,-0.08027000000000001,PRK,251611
4781682,178,5732,2017,0.0,0.0,-0.353642,-0.08027000000000001,PRK,251612
4788208,178,5733,2017,0.0,0.0,-0.353642,-0.08027000000000001,PRK,251621
4794734,178,5734,2017,0.0,9.020910310269279e-08,-0.353642,-0.08027000000000001,PRK,251622
4801260,178,5735,2017,9.302752233375033e-08,4.25735634301331e-08,-0.353642,-0.08027000000000001,PRK,251690
4807786,178,5736,2017,2.953671713948711e-08,5.226698444514328e-10,-0.353642,-0.08027000000000001,PRK,251710
4814312,178,5737,2017,0.0,0.0,-0.353642,-0.08027000000000001,PRK,251720
4820838,178,5738,2017,0.0,1.1343957365909442e-08,-0.353642,-0.08027000000000001,PRK,251730
4827364,178,5739,2017,0.0,0.0,-0.353642,-0.08027000000000001,PRK,251741
4833890,178,5740,2017,0.0,0.0,-0.353642,-0.08027000000000001,PRK,251749
4840416,178,5741,2017,0.0,0.0,-0.353642,-0.08027000000000001,PRK,251810
4846942,178,5742,2017,0.0,0.0,-0.353642,-0.08027000000000001,PRK,251820
4853468,178,5743,2017,0.0,0.0,-0.353642,-0.08027000000000001,PRK,251830
4859994,178,5744,2017,1.4720933273163824e-08,0.0,-0.353642,-0.08027000000000001,PRK,251910
4866520,178,5745,2017,6.682843089717327e-06,1.2196734480540728e-09,-0.353642,-0.08027000000000001,PRK,251990
4873046,178,5746,2017,0.0,1.2697198313845524e-09,-0.353642,-0.08027000000000001,PRK,252010
4879572,178,5747,2017,0.0,8.701442039459682e-09,-0.353642,-0.08027000000000001,PRK,252020
4886098,178,5748,2017,0.0,2.1718473200417212e-08,-0.353642,-0.08027000000000001,PRK,252100
4892624,178,5749,2017,0.0,2.816849085600969e-09,-0.353642,-0.08027000000000001,PRK,252210
4899150,178,5750,2017,0.0,0.0,-0.353642,-0.08027000000000001,PRK,252220
4905676,178,5751,2017,0.0,0.0,-0.353642,-0.08027000000000001,PRK,252230
4912202,178,5752,2017,0.0,4.4326976584911704e-07,-0.353642,-0.08027000000000001,PRK,252310
4918728,178,5753,2017,0.0,3.6702559229364124e-08,-0.353642,-0.08027000000000001,PRK,252321
4925254,178,5754,2017,1.3738275067291037e-07,8.359386609550929e-07,-0.353642,-0.08027000000000001,PRK,252329
4931780,178,5755,2017,0.0,0.0,-0.353642,-0.08027000000000001,PRK,252330
4938306,178,5756,2017,0.0,2.845352323789189e-09,-0.353642,-0.08027000000000001,PRK,252390
4944832,178,5757,2017,0.0,1.2268058862611717e-07,-0.353642,-0.08027000000000001,PRK,252400
4951358,178,5758,2017,3.454622242868533e-10,5.965794039394922e-09,-0.353642,-0.08027000000000001,PRK,252510
4957884,178,5759,2017,0.0,0.0,-0.353642,-0.08027000000000001,PRK,252520
4964410,178,5760,2017,0.0,0.0,-0.353642,-0.08027000000000001,PRK,252530
4970936,178,5761,2017,2.526831923249584e-07,3.141089991642083e-08,-0.353642,-0.08027000000000001,PRK,252610
4977462,178,5762,2017,2.3470218658786655e-09,1.9779258704611674e-08,-0.353642,-0.08027000000000001,PRK,252620
4983988,178,5763,2017,0.0,0.0,-0.353642,-0.08027000000000001,PRK,252700
4990514,178,5764,2017,0.0,0.0,-0.353642,-0.08027000000000001,PRK,252810
4997040,178,5765,2017,0.0,2.2763812889320075e-08,-0.353642,-0.08027000000000001,PRK,252890
5003566,178,5766,2017,6.348383534236971e-08,0.0,-0.353642,-0.08027000000000001,PRK,252910
5010092,178,5767,2017,4.751257124691856e-08,0.0,-0.353642,-0.08027000000000001,PRK,252921
5016618,178,5768,2017,0.0,0.0,-0.353642,-0.08027000000000001,PRK,252922
5023144,178,5769,2017,0.0,0.0,-0.353642,-0.08027000000000001,PRK,252930
5029670,178,5770,2017,7.834477172748137e-08,0.0,-0.353642,-0.08027000000000001,PRK,253010
5036196,178,5771,2017,0.0,0.0,-0.353642,-0.08027000000000001,PRK,253020
5042722,178,5772,2017,0.0,0.0,-0.353642,-0.08027000000000001,PRK,253030
5049248,178,5773,2017,0.0,0.0,-0.353642,-0.08027000000000001,PRK,253040
5055774,178,5774,2017,5.6147914705934497e-08,4.461784218763243e-08,-0.353642,-0.08027000000000001,PRK,253090
5062300,178,5775,2017,2.716726083554844e-05,1.5381139451238839e-06,-0.353642,-0.08027000000000001,PRK,260111
5068826,178,5776,2017,2.1757604833736523e-07,0.0,-0.353642,-0.08027000000000001,PRK,260112
5075352,178,5777,2017,0.0,0.0,-0.353642,-0.08027000000000001,PRK,260120
5081878,178,5778,2017,0.0,7.689908516780054e-09,-0.353642,-0.08027000000000001,PRK,260200
5088404,178,5779,2017,2.6544226380861954e-08,0.0,-0.353642,-0.08027000000000001,PRK,260300
5094930,178,5780,2017,0.0,0.0,-0.353642,-0.08027000000000001,PRK,260400
5101456,178,5781,2017,0.0,0.0,-0.353642,-0.08027000000000001,PRK,260500
5107982,178,5782,2017,0.0,6.331033207806766e-09,-0.353642,-0.08027000000000001,PRK,260600
5114508,178,5783,2017,1.9732757401783313e-05,0.0,-0.353642,-0.08027000000000001,PRK,260700
5121034,178,5784,2017,1.803303719666209e-07,7.518657084549201e-08,-0.353642,-0.08027000000000001,PRK,260800
5127560,178,5785,2017,0.0,0.0,-0.353642,-0.08027000000000001,PRK,260900
5134086,178,5786,2017,0.0,0.0,-0.353642,-0.08027000000000001,PRK,261000
5140612,178,5787,2017,1.0437953223863186e-06,0.0,-0.353642,-0.08027000000000001,PRK,261100
5147138,178,5788,2017,0.0,0.0,-0.353642,-0.08027000000000001,PRK,261210
5153664,178,5789,2017,0.0,0.0,-0.353642,-0.08027000000000001,PRK,261220
5160190,178,5790,2017,5.5638206406591966e-08,0.0,-0.353642,-0.08027000000000001,PRK,261310
5166716,178,5791,2017,1.1798934990515519e-06,8.439749169591601e-07,-0.353642,-0.08027000000000001,PRK,261390
5173242,178,5792,2017,0.0,0.0,-0.353642,-0.08027000000000001,PRK,261400
5179768,178,5793,2017,0.0,2.598434737158677e-09,-0.353642,-0.08027000000000001,PRK,261510
5186294,178,5794,2017,0.0,0.0,-0.353642,-0.08027000000000001,PRK,261590
5192820,178,5795,2017,3.316376745746022e-08,1.2174197036391902e-08,-0.353642,-0.08027000000000001,PRK,261610
5199346,178,5796,2017,0.0,0.0,-0.353642,-0.08027000000000001,PRK,261690
5205872,178,5797,2017,0.0,0.0,-0.353642,-0.08027000000000001,PRK,261710
5212398,178,5798,2017,0.0,0.0,-0.353642,-0.08027000000000001,PRK,261790
5218924,178,5799,2017,0.0,0.0,-0.353642,-0.08027000000000001,PRK,261800
5225450,178,5800,2017,0.0,0.0,-0.353642,-0.08027000000000001,PRK,261900
5231976,178,5801,2017,0.0,0.0,-0.353642,-0.08027000000000001,PRK,262011
5238502,178,5802,2017,0.0,0.0,-0.353642,-0.08027000000000001,PRK,262019
5245028,178,5803,2017,0.0,0.0,-0.353642,-0.08027000000000001,PRK,262020
5251554,178,5804,2017,0.0,0.0,-0.353642,-0.08027000000000001,PRK,262030
5258080,178,5805,2017,0.0,0.0,-0.353642,-0.08027000000000001,PRK,262040
5264606,178,5806,2017,0.0,0.0,-0.353642,-0.08027000000000001,PRK,262050
5271132,178,5807,2017,0.0,0.0,-0.353642,-0.08027000000000001,PRK,262090
5277658,178,5808,2017,0.0,1.01030722057153e-08,-0.353642,-0.08027000000000001,PRK,262100
5284184,178,5809,2017,0.0001086734891985907,1.5685497691478659e-07,-0.353642,-0.08027000000000001,PRK,270111
5290710,178,5810,2017,0.0,1.547205284947118e-05,-0.353642,-0.08027000000000001,PRK,270112
5297236,178,5811,2017,0.0,0.0,-0.353642,-0.08027000000000001,PRK,270119
5303762,178,5812,2017,2.358719095578203e-07,1.022868531354478e-08,-0.353642,-0.08027000000000001,PRK,270120
5310288,178,5813,2017,0.0,4.657370124880787e-06,-0.353642,-0.08027000000000001,PRK,270210
5316814,178,5814,2017,0.0,0.0,-0.353642,-0.08027000000000001,PRK,270220
5323340,178,5815,2017,0.0,0.0,-0.353642,-0.08027000000000001,PRK,270300
5329866,178,5816,2017,0.0,9.979248836097636e-08,-0.353642,-0.08027000000000001,PRK,270400
5336392,178,5817,2017,0.0,0.0,-0.353642,-0.08027000000000001,PRK,270500
5342918,178,5818,2017,0.0,0.0,-0.353642,-0.08027000000000001,PRK,270600
5349444,178,5819,2017,0.0,0.0,-0.353642,-0.08027000000000001,PRK,270710
5355970,178,5820,2017,0.0,0.0,-0.353642,-0.08027000000000001,PRK,270720
5362496,178,5821,2017,0.0,0.0,-0.353642,-0.08027000000000001,PRK,270730
5369022,178,5822,2017,0.0,0.0,-0.353642,-0.08027000000000001,PRK,270740
5375548,178,5823,2017,1.0996001991642771e-08,0.0,-0.353642,-0.08027000000000001,PRK,270750
5382074,178,5824,2017,0.0,0.0,-0.353642,-0.08027000000000001,PRK,270760
5388600,178,5825,2017,0.0,0.0,-0.353642,-0.08027000000000001,PRK,270791
5395126,178,5826,2017,0.0,2.715695733333006e-07,-0.353642,-0.08027000000000001,PRK,270799
5401652,178,5827,2017,0.0,1.7392533426261013e-06,-0.353642,-0.08027000000000001,PRK,270810
5408178,178,5828,2017,0.0,0.0,-0.353642,-0.08027000000000001,PRK,270820
5414704,178,5829,2017,0.0,2.5299606789065108e-08,-0.353642,-0.08027000000000001,PRK,270900
5421230,178,5830,2017,7.658850541698517e-06,2.365770327357385e-05,-0.353642,-0.08027000000000001,PRK,271000
5427756,178,5831,2017,0.0,0.0,-0.353642,-0.08027000000000001,PRK,271011
5434282,178,5832,2017,0.0,0.0,-0.353642,-0.08027000000000001,PRK,271012
5440808,178,5833,2017,0.0,0.0,-0.353642,-0.08027000000000001,PRK,271013
5447334,178,5834,2017,0.0,0.0,-0.353642,-0.08027000000000001,PRK,271014
5453860,178,5835,2017,0.0,0.0,-0.353642,-0.08027000000000001,PRK,271015
5460386,178,5836,2017,0.0,0.0,-0.353642,-0.08027000000000001,PRK,271016
5466912,178,5837,2017,0.0,0.0,-0.353642,-0.08027000000000001,PRK,271019
5473438,178,5838,2017,0.0,0.0,-0.353642,-0.08027000000000001,PRK,271021
5479964,178,5839,2017,0.0,0.0,-0.353642,-0.08027000000000001,PRK,271022
5486490,178,5840,2017,0.0,0.0,-0.353642,-0.08027000000000001,PRK,271025
5493016,178,5841,2017,0.0,0.0,-0.353642,-0.08027000000000001,PRK,271026
5499542,178,5842,2017,0.0,0.0,-0.353642,-0.08027000000000001,PRK,271027
5506068,178,5843,2017,0.0,0.0,-0.353642,-0.08027000000000001,PRK,271029
5512594,178,5844,2017,0.0,0.0,-0.353642,-0.08027000000000001,PRK,271091
5519120,178,5845,2017,0.0,0.0,-0.353642,-0.08027000000000001,PRK,271093
5525646,178,5846,2017,0.0,0.0,-0.353642,-0.08027000000000001,PRK,271094
5532172,178,5847,2017,0.0,0.0,-0.353642,-0.08027000000000001,PRK,271095
5538698,178,5848,2017,0.0,0.0,-0.353642,-0.08027000000000001,PRK,271096
5545224,178,5849,2017,0.0,0.0,-0.353642,-0.08027000000000001,PRK,271099
5551750,178,5850,2017,0.0,0.0,-0.353642,-0.08027000000000001,PRK,271111
5558276,178,5851,2017,0.0,1.2132138188414168e-07,-0.353642,-0.08027000000000001,PRK,271112
5564802,178,5852,2017,1.0417504284481716e-08,1.0786251738796652e-06,-0.353642,-0.08027000000000001,PRK,271113
5571328,178,5853,2017,0.0,1.2673898573791666e-07,-0.353642,-0.08027000000000001,PRK,271114
5577854,178,5854,2017,0.0,6.928142904549759e-07,-0.353642,-0.08027000000000001,PRK,271119
5584380,178,5855,2017,0.0,0.0,-0.353642,-0.08027000000000001,PRK,271121
5590906,178,5856,2017,0.0,0.0,-0.353642,-0.08027000000000001,PRK,271129
5597432,178,5857,2017,0.0,1.6679365835141634e-08,-0.353642,-0.08027000000000001,PRK,271210
5603958,178,5858,2017,0.0,1.4550240229082024e-08,-0.353642,-0.08027000000000001,PRK,271220
5610484,178,5859,2017,7.491681674403147e-09,1.0337395338262645e-09,-0.353642,-0.08027000000000001,PRK,271290
5617010,178,5860,2017,0.0,6.439577516023535e-08,-0.353642,-0.08027000000000001,PRK,271311
5623536,178,5861,2017,0.0,4.102146268088386e-09,-0.353642,-0.08027000000000001,PRK,271312
5630062,178,5862,2017,0.0,1.0208872248673946e-06,-0.353642,-0.08027000000000001,PRK,271320
5636588,178,5863,2017,0.0,0.0,-0.353642,-0.08027000000000001,PRK,271390
5643114,178,5864,2017,0.0,0.0,-0.353642,-0.08027000000000001,PRK,271410
5649640,178,5865,2017,0.0,0.0,-0.353642,-0.08027000000000001,PRK,271490
5656166,178,5866,2017,0.0,3.3309016719954976e-10,-0.353642,-0.08027000000000001,PRK,271500
5662692,178,5867,2017,2.909109511312018e-06,4.382008295136445e-08,-0.353642,-0.08027000000000001,PRK,271600
5669218,178,5868,2017,0.0,0.0,-0.353642,-0.08027000000000001,PRK,280110
5675744,178,5869,2017,0.0,8.574503199621445e-09,-0.353642,-0.08027000000000001,PRK,280120
5682270,178,5870,2017,0.0,0.0,-0.353642,-0.08027000000000001,PRK,280130
5688796,178,5871,2017,0.0,6.115800616185485e-08,-0.353642,-0.08027000000000001,PRK,280200
5695322,178,5872,2017,3.248708574971238e-08,2.2977653462332166e-07,-0.353642,-0.08027000000000001,PRK,280300
5701848,178,5873,2017,0.0,0.0,-0.353642,-0.08027000000000001,PRK,280410
5708374,178,5874,2017,0.0,1.7957040058578714e-09,-0.353642,-0.08027000000000001,PRK,280421
5714900,178,5875,2017,0.0,0.0,-0.353642,-0.08027000000000001,PRK,280429
5721426,178,5876,2017,0.0,0.0,-0.353642,-0.08027000000000001,PRK,280430
5727952,178,5877,2017,0.0,0.0,-0.353642,-0.08027000000000001,PRK,280440
5734478,178,5878,2017,0.0,0.0,-0.353642,-0.08027000000000001,PRK,280450
5741004,178,5879,2017,0.0,0.0,-0.353642,-0.08027000000000001,PRK,280461
5747530,178,5880,2017,7.537506935417759e-07,0.0,-0.353642,-0.08027000000000001,PRK,280469
5754056,178,5881,2017,0.0,8.605889904928705e-08,-0.353642,-0.08027000000000001,PRK,280470
5760582,178,5882,2017,0.0,0.0,-0.353642,-0.08027000000000001,PRK,280480
5767108,178,5883,2017,1.1859354515321057e-08,0.0,-0.353642,-0.08027000000000001,PRK,280490
5773634,178,5884,2017,0.0,0.0,-0.353642,-0.08027000000000001,PRK,280511
5780160,178,5885,2017,0.0,0.0,-0.353642,-0.08027000000000001,PRK,280519
5786686,178,5886,2017,0.0,0.0,-0.353642,-0.08027000000000001,PRK,280521
5793212,178,5887,2017,0.0,0.0,-0.353642,-0.08027000000000001,PRK,280522
5799738,178,5888,2017,0.0,0.0,-0.353642,-0.08027000000000001,PRK,280530
5806264,178,5889,2017,0.0,0.0,-0.353642,-0.08027000000000001,PRK,280540
5812790,178,5890,2017,1.1879051922846184e-09,0.0,-0.353642,-0.08027000000000001,PRK,280610
5819316,178,5891,2017,0.0,0.0,-0.353642,-0.08027000000000001,PRK,280620
5825842,178,5892,2017,4.683134398358799e-08,0.0,-0.353642,-0.08027000000000001,PRK,280700
5832368,178,5893,2017,1.3417267932039226e-08,0.0,-0.353642,-0.08027000000000001,PRK,280800
5838894,178,5894,2017,0.0,1.636450448306246e-08,-0.353642,-0.08027000000000001,PRK,280910
5845420,178,5895,2017,1.4173042306926429e-09,4.975770518557334e-08,-0.353642,-0.08027000000000001,PRK,280920
5851946,178,5896,2017,0.0,8.524788249293154e-09,-0.353642,-0.08027000000000001,PRK,281000
5858472,178,5897,2017,0.0,0.0,-0.353642,-0.08027000000000001,PRK,281111
5864998,178,5898,2017,0.0,0.0,-0.353642,-0.08027000000000001,PRK,281119
5871524,178,5899,2017,0.0,0.0,-0.353642,-0.08027000000000001,PRK,281121
5878050,178,5900,2017,1.6345211801389733e-08,5.7147998268374894e-08,-0.353642,-0.08027000000000001,PRK,281122
5884576,178,5901,2017,0.0,0.0,-0.353642,-0.08027000000000001,PRK,281123
5891102,178,5902,2017,8.921410423688563e-10,1.2727027284042498e-09,-0.353642,-0.08027000000000001,PRK,281129
5897628,178,5903,2017,0.0,5.763155901856807e-08,-0.353642,-0.08027000000000001,PRK,281210
5904154,178,5904,2017,0.0,0.0,-0.353642,-0.08027000000000001,PRK,281290
5910680,178,5905,2017,0.0,0.0,-0.353642,-0.08027000000000001,PRK,281310
5917206,178,5906,2017,0.0,0.0,-0.353642,-0.08027000000000001,PRK,281390
5923732,178,5907,2017,0.0,0.0,-0.353642,-0.08027000000000001,PRK,281410
5930258,178,5908,2017,0.0,0.0,-0.353642,-0.08027000000000001,PRK,281420
5936784,178,5909,2017,0.0,1.33972511010683e-06,-0.353642,-0.08027000000000001,PRK,281511
5943310,178,5910,2017,0.0,0.0,-0.353642,-0.08027000000000001,PRK,281512
5949836,178,5911,2017,5.6340646262641906e-09,2.4927076094605113e-08,-0.353642,-0.08027000000000001,PRK,281520
5956362,178,5912,2017,0.0,0.0,-0.353642,-0.08027000000000001,PRK,281530
5962888,178,5913,2017,0.0,0.0,-0.353642,-0.08027000000000001,PRK,281610
5969414,178,5914,2017,0.0,0.0,-0.353642,-0.08027000000000001,PRK,281620
5975940,178,5915,2017,0.0,3.937424066000648e-10,-0.353642,-0.08027000000000001,PRK,281630
5982466,178,5916,2017,0.0,4.75072751007127e-08,-0.353642,-0.08027000000000001,PRK,281700
5988992,178,5917,2017,0.0,0.0,-0.353642,-0.08027000000000001,PRK,281810
5995518,178,5918,2017,0.0,3.2982952932401823e-07,-0.353642,-0.08027000000000001,PRK,281820
6002044,178,5919,2017,5.157387364156102e-09,4.935700268592731e-09,-0.353642,-0.08027000000000001,PRK,281830
6008570,178,5920,2017,6.849243152045139e-09,3.452637013699373e-08,-0.353642,-0.08027000000000001,PRK,281910
6015096,178,5921,2017,0.0,6.041360763893924e-09,-0.353642,-0.08027000000000001,PRK,281990
6021622,178,5922,2017,0.0,1.8025315257029566e-08,-0.353642,-0.08027000000000001,PRK,282010
6028148,178,5923,2017,0.0,0.0,-0.353642,-0.08027000000000001,PRK,282090
6034674,178,5924,2017,0.0,3.09432479503327e-08,-0.353642,-0.08027000000000001,PRK,282110
6041200,178,5925,2017,0.0,0.0,-0.353642,-0.08027000000000001,PRK,282120
6047726,178,5926,2017,0.0,0.0,-0.353642,-0.08027000000000001,PRK,282200
6054252,178,5927,2017,3.6697482367468114e-08,0.0,-0.353642,-0.08027000000000001,PRK,282300
6060778,178,5928,2017,0.0,0.0,-0.353642,-0.08027000000000001,PRK,282410
6067304,178,5929,2017,0.0,0.0,-0.353642,-0.08027000000000001,PRK,282420
6073830,178,5930,2017,0.0,0.0,-0.353642,-0.08027000000000001,PRK,282490
6080356,178,5931,2017,0.0,0.0,-0.353642,-0.08027000000000001,PRK,282510
6086882,178,5932,2017,0.0,0.0,-0.353642,-0.08027000000000001,PRK,282520
6093408,178,5933,2017,1.8544351592310516e-08,0.0,-0.353642,-0.08027000000000001,PRK,282530
6099934,178,5934,2017,3.5867463918063123e-09,0.0,-0.353642,-0.08027000000000001,PRK,282540
6106460,178,5935,2017,0.0,0.0,-0.353642,-0.08027000000000001,PRK,282550
6112986,178,5936,2017,7.639563749361028e-10,0.0,-0.353642,-0.08027000000000001,PRK,282560
6119512,178,5937,2017,0.0,0.0,-0.353642,-0.08027000000000001,PRK,282570
6126038,178,5938,2017,0.0,0.0,-0.353642,-0.08027000000000001,PRK,282580
6132564,178,5939,2017,2.2438680578547667e-08,2.8073038151379367e-08,-0.353642,-0.08027000000000001,PRK,282590
6139090,178,5940,2017,0.0,0.0,-0.353642,-0.08027000000000001,PRK,282611
6145616,178,5941,2017,0.0,5.269784734798847e-09,-0.353642,-0.08027000000000001,PRK,282612
6152142,178,5942,2017,0.0,0.0,-0.353642,-0.08027000000000001,PRK,282619
6158668,178,5943,2017,0.0,0.0,-0.353642,-0.08027000000000001,PRK,282620
6165194,178,5944,2017,0.0,0.0,-0.353642,-0.08027000000000001,PRK,282630
6171720,178,5945,2017,0.0,3.6600146431687844e-08,-0.353642,-0.08027000000000001,PRK,282690
6178246,178,5946,2017,0.0,1.2540761936812502e-08,-0.353642,-0.08027000000000001,PRK,282710
6184772,178,5947,2017,0.0,7.330966575409792e-09,-0.353642,-0.08027000000000001,PRK,282720
6191298,178,5948,2017,0.0,6.628660043772134e-10,-0.353642,-0.08027000000000001,PRK,282731
6197824,178,5949,2017,0.0,0.0,-0.353642,-0.08027000000000001,PRK,282732
6204350,178,5950,2017,0.0,0.0,-0.353642,-0.08027000000000001,PRK,282733
6210876,178,5951,2017,0.0,0.0,-0.353642,-0.08027000000000001,PRK,282734
6217402,178,5952,2017,0.0,0.0,-0.353642,-0.08027000000000001,PRK,282735
6223928,178,5953,2017,0.0,0.0,-0.353642,-0.08027000000000001,PRK,282736
6230454,178,5954,2017,0.0,0.0,-0.353642,-0.08027000000000001,PRK,282737
6236980,178,5955,2017,0.0,0.0,-0.353642,-0.08027000000000001,PRK,282738
6243506,178,5956,2017,0.0,1.5991642355600276e-09,-0.353642,-0.08027000000000001,PRK,282739
6250032,178,5957,2017,0.0,2.2868877151013863e-09,-0.353642,-0.08027000000000001,PRK,282741
6256558,178,5958,2017,0.0,0.0,-0.353642,-0.08027000000000001,PRK,282749
6263084,178,5959,2017,0.0,2.2802590550576145e-09,-0.353642,-0.08027000000000001,PRK,282751
6269610,178,5960,2017,0.0,0.0,-0.353642,-0.08027000000000001,PRK,282759
6276136,178,5961,2017,0.0,5.46460105348531e-08,-0.353642,-0.08027000000000001,PRK,282760
6282662,178,5962,2017,0.0,3.109603856434165e-08,-0.353642,-0.08027000000000001,PRK,282810
6289188,178,5963,2017,0.0,0.0,-0.353642,-0.08027000000000001,PRK,282890
6295714,178,5964,2017,0.0,0.0,-0.353642,-0.08027000000000001,PRK,282911
6302240,178,5965,2017,0.0,0.0,-0.353642,-0.08027000000000001,PRK,282919
6308766,178,5966,2017,0.0,1.5583979762908289e-09,-0.353642,-0.08027000000000001,PRK,282990
6315292,178,5967,2017,0.0,0.0,-0.353642,-0.08027000000000001,PRK,283010
6321818,178,5968,2017,0.0,0.0,-0.353642,-0.08027000000000001,PRK,283020
6328344,178,5969,2017,0.0,0.0,-0.353642,-0.08027000000000001,PRK,283030
6334870,178,5970,2017,0.0,2.021741313350501e-09,-0.353642,-0.08027000000000001,PRK,283090
6341396,178,5971,2017,0.0,5.455320929424029e-08,-0.353642,-0.08027000000000001,PRK,283110
6347922,178,5972,2017,0.0,1.1174263668788877e-08,-0.353642,-0.08027000000000001,PRK,283190
6354448,178,5973,2017,0.0,4.128660908263474e-09,-0.353642,-0.08027000000000001,PRK,283210
6360974,178,5974,2017,0.0,0.0,-0.353642,-0.08027000000000001,PRK,283220
6367500,178,5975,2017,0.0,0.0,-0.353642,-0.08027000000000001,PRK,283230
6374026,178,5976,2017,0.0,3.543051936696425e-08,-0.353642,-0.08027000000000001,PRK,283311
6380552,178,5977,2017,0.0,0.0,-0.353642,-0.08027000000000001,PRK,283319
6387078,178,5978,2017,0.0,0.0,-0.353642,-0.08027000000000001,PRK,283321
6393604,178,5979,2017,0.0,0.0,-0.353642,-0.08027000000000001,PRK,283322
6400130,178,5980,2017,0.0,0.0,-0.353642,-0.08027000000000001,PRK,283323
6406656,178,5981,2017,0.0,0.0,-0.353642,-0.08027000000000001,PRK,283324
6413182,178,5982,2017,0.0,4.626075557948135e-08,-0.353642,-0.08027000000000001,PRK,283325
6419708,178,5983,2017,0.0,0.0,-0.353642,-0.08027000000000001,PRK,283326
6426234,178,5984,2017,0.0,1.4460421885488913e-09,-0.353642,-0.08027000000000001,PRK,283327
6432760,178,5985,2017,0.0,4.004804395345592e-08,-0.353642,-0.08027000000000001,PRK,283329
6439286,178,5986,2017,0.0,7.490385849462512e-10,-0.353642,-0.08027000000000001,PRK,283330
6445812,178,5987,2017,0.0,6.340313331868047e-10,-0.353642,-0.08027000000000001,PRK,283340
6452338,178,5988,2017,0.0,1.6406265041338222e-08,-0.353642,-0.08027000000000001,PRK,283410
6458864,178,5989,2017,0.0,6.91389128545565e-08,-0.353642,-0.08027000000000001,PRK,283421
6465390,178,5990,2017,0.0,0.0,-0.353642,-0.08027000000000001,PRK,283422
6471916,178,5991,2017,0.0,7.212313560626271e-09,-0.353642,-0.08027000000000001,PRK,283429
6478442,178,5992,2017,0.0,3.728621274621826e-10,-0.353642,-0.08027000000000001,PRK,283510
6484968,178,5993,2017,0.0,0.0,-0.353642,-0.08027000000000001,PRK,283521
6491494,178,5994,2017,0.0,7.291526048149348e-10,-0.353642,-0.08027000000000001,PRK,283522
6498020,178,5995,2017,0.0,0.0,-0.353642,-0.08027000000000001,PRK,283523
6504546,178,5996,2017,0.0,4.090214680009596e-09,-0.353642,-0.08027000000000001,PRK,283524
6511072,178,5997,2017,0.0,4.035962411881343e-07,-0.353642,-0.08027000000000001,PRK,283525
6517598,178,5998,2017,0.0,1.9885980131316404e-09,-0.353642,-0.08027000000000001,PRK,283526
6524124,178,5999,2017,0.0,1.037882446353622e-08,-0.353642,-0.08027000000000001,PRK,283529
6530650,178,6000,2017,0.0,1.1681687595139634e-08,-0.353642,-0.08027000000000001,PRK,283531
6537176,178,6001,2017,0.0,4.971495032829101e-10,-0.353642,-0.08027000000000001,PRK,283539
6543702,178,6002,2017,0.0,0.0,-0.353642,-0.08027000000000001,PRK,283610
6550228,178,6003,2017,0.0,4.658207324644316e-06,-0.353642,-0.08027000000000001,PRK,283620
6556754,178,6004,2017,0.0,8.841273623083054e-08,-0.353642,-0.08027000000000001,PRK,283630
6563280,178,6005,2017,3.700688318413204e-09,5.235978568575609e-09,-0.353642,-0.08027000000000001,PRK,283640
6569806,178,6006,2017,4.386158100287645e-09,1.4854429438490727e-07,-0.353642,-0.08027000000000001,PRK,283650
6576332,178,6007,2017,0.0,3.845285691392215e-09,-0.353642,-0.08027000000000001,PRK,283660
6582858,178,6008,2017,0.0,0.0,-0.353642,-0.08027000000000001,PRK,283670
6589384,178,6009,2017,0.0,0.0,-0.353642,-0.08027000000000001,PRK,283691
6595910,178,6010,2017,0.0,7.954392052526562e-10,-0.353642,-0.08027000000000001,PRK,283692
6602436,178,6011,2017,0.0,0.0,-0.353642,-0.08027000000000001,PRK,283693
6608962,178,6012,2017,0.0,0.0,-0.353642,-0.08027000000000001,PRK,283699
6615488,178,6013,2017,1.95675258502773e-07,0.0,-0.353642,-0.08027000000000001,PRK,283711
6622014,178,6014,2017,0.0,0.0,-0.353642,-0.08027000000000001,PRK,283719
6628540,178,6015,2017,0.0,0.0,-0.353642,-0.08027000000000001,PRK,283720
6635066,178,6016,2017,0.0,0.0,-0.353642,-0.08027000000000001,PRK,283800
6641592,178,6017,2017,0.0,0.0,-0.353642,-0.08027000000000001,PRK,283911
6648118,178,6018,2017,0.0,1.3252680025513628e-08,-0.353642,-0.08027000000000001,PRK,283919
6654644,178,6019,2017,0.0,0.0,-0.353642,-0.08027000000000001,PRK,283920
6661170,178,6020,2017,0.0,3.8679225654416974e-08,-0.353642,-0.08027000000000001,PRK,283990
6667696,178,6021,2017,0.0,0.0,-0.353642,-0.08027000000000001,PRK,284011
6674222,178,6022,2017,0.0,6.106288489022672e-08,-0.353642,-0.08027000000000001,PRK,284019
6680748,178,6023,2017,0.0,0.0,-0.353642,-0.08027000000000001,PRK,284020
6687274,178,6024,2017,0.0,0.0,-0.353642,-0.08027000000000001,PRK,284030
6693800,178,6025,2017,0.0,0.0,-0.353642,-0.08027000000000001,PRK,284110
6700326,178,6026,2017,0.0,0.0,-0.353642,-0.08027000000000001,PRK,284120
6706852,178,6027,2017,0.0,0.0,-0.353642,-0.08027000000000001,PRK,284130
6713378,178,6028,2017,0.0,0.0,-0.353642,-0.08027000000000001,PRK,284140
6719904,178,6029,2017,0.0,4.057369669492705e-08,-0.353642,-0.08027000000000001,PRK,284150
6726430,178,6030,2017,0.0,0.0,-0.353642,-0.08027000000000001,PRK,284160
6732956,178,6031,2017,0.0,9.28675272132476e-10,-0.353642,-0.08027000000000001,PRK,284170
6739482,178,6032,2017,4.310368536871731e-08,0.0,-0.353642,-0.08027000000000001,PRK,284180
6746008,178,6033,2017,0.0,0.0,-0.353642,-0.08027000000000001,PRK,284190
6752534,178,6034,2017,0.0,1.4980771698925024e-09,-0.353642,-0.08027000000000001,PRK,284210
6759060,178,6035,2017,0.0,0.0,-0.353642,-0.08027000000000001,PRK,284290
6765586,178,6036,2017,0.0,0.0,-0.353642,-0.08027000000000001,PRK,284310
6772112,178,6037,2017,0.0,0.0,-0.353642,-0.08027000000000001,PRK,284321
6778638,178,6038,2017,0.0,0.0,-0.353642,-0.08027000000000001,PRK,284329
6785164,178,6039,2017,0.0,0.0,-0.353642,-0.08027000000000001,PRK,284330
6791690,178,6040,2017,0.0,5.269784734798847e-10,-0.353642,-0.08027000000000001,PRK,284390
6798216,178,6041,2017,0.0,0.0,-0.353642,-0.08027000000000001,PRK,284410
6804742,178,6042,2017,0.0,0.0,-0.353642,-0.08027000000000001,PRK,284420
6811268,178,6043,2017,0.0,0.0,-0.353642,-0.08027000000000001,PRK,284430
6817794,178,6044,2017,0.0,0.0,-0.353642,-0.08027000000000001,PRK,284440
6824320,178,6045,2017,0.0,0.0,-0.353642,-0.08027000000000001,PRK,284450
6830846,178,6046,2017,0.0,0.0,-0.353642,-0.08027000000000001,PRK,284510
6837372,178,6047,2017,0.0,0.0,-0.353642,-0.08027000000000001,PRK,284590
6843898,178,6048,2017,0.0,0.0,-0.353642,-0.08027000000000001,PRK,284610
6850424,178,6049,2017,2.3842954216569842e-09,0.0,-0.353642,-0.08027000000000001,PRK,284690
6856950,178,6050,2017,2.243171072665416e-08,3.475207601148417e-08,-0.353642,-0.08027000000000001,PRK,284700
6863476,178,6051,2017,0.0,0.0,-0.353642,-0.08027000000000001,PRK,284810
6870002,178,6052,2017,0.0,0.0,-0.353642,-0.08027000000000001,PRK,284890
6876528,178,6053,2017,0.0,0.0,-0.353642,-0.08027000000000001,PRK,284910
6883054,178,6054,2017,3.8276608376905655e-09,0.0,-0.353642,-0.08027000000000001,PRK,284920
6889580,178,6055,2017,0.0,0.0,-0.353642,-0.08027000000000001,PRK,284990
6896106,178,6056,2017,0.0,1.0589284419925985e-09,-0.353642,-0.08027000000000001,PRK,285000
6902632,178,6057,2017,0.0,1.3008248186399532e-07,-0.353642,-0.08027000000000001,PRK,285100
6909158,178,6058,2017,1.6628248395673873e-08,2.1229609522189016e-08,-0.353642,-0.08027000000000001,PRK,290110
6915684,178,6059,2017,0.0,0.0,-0.353642,-0.08027000000000001,PRK,290121
6922210,178,6060,2017,0.0,0.0,-0.353642,-0.08027000000000001,PRK,290122
6928736,178,6061,2017,0.0,0.0,-0.353642,-0.08027000000000001,PRK,290123
6935262,178,6062,2017,0.0,0.0,-0.353642,-0.08027000000000001,PRK,290124
6941788,178,6063,2017,0.0,0.0,-0.353642,-0.08027000000000001,PRK,290129
6948314,178,6064,2017,0.0,0.0,-0.353642,-0.08027000000000001,PRK,290211
6954840,178,6065,2017,3.220374611838939e-09,5.4986392228100804e-08,-0.353642,-0.08027000000000001,PRK,290219
6961366,178,6066,2017,0.0,2.9665905159897813e-08,-0.353642,-0.08027000000000001,PRK,290220
6967892,178,6067,2017,2.4547515331891712e-08,2.1305043673487142e-07,-0.353642,-0.08027000000000001,PRK,290230
6974418,178,6068,2017,0.0,0.0,-0.353642,-0.08027000000000001,PRK,290241
6980944,178,6069,2017,0.0,0.0,-0.353642,-0.08027000000000001,PRK,290242
6987470,178,6070,2017,0.0,0.0,-0.353642,-0.08027000000000001,PRK,290243
6993996,178,6071,2017,0.0,1.4596044269984489e-07,-0.353642,-0.08027000000000001,PRK,290244
7000522,178,6072,2017,0.0,8.508216599183724e-09,-0.353642,-0.08027000000000001,PRK,290250
7007048,178,6073,2017,0.0,0.0,-0.353642,-0.08027000000000001,PRK,290260
7013574,178,6074,2017,0.0,0.0,-0.353642,-0.08027000000000001,PRK,290270
7020100,178,6075,2017,0.0,6.96042447896293e-09,-0.353642,-0.08027000000000001,PRK,290290
7026626,178,6076,2017,0.0,0.0,-0.353642,-0.08027000000000001,PRK,290311
7033152,178,6077,2017,4.838895436326731e-09,0.0,-0.353642,-0.08027000000000001,PRK,290312
7039678,178,6078,2017,0.0,0.0,-0.353642,-0.08027000000000001,PRK,290313
7046204,178,6079,2017,0.0,0.0,-0.353642,-0.08027000000000001,PRK,290314
7052730,178,6080,2017,0.0,0.0,-0.353642,-0.08027000000000001,PRK,290315
7059256,178,6081,2017,0.0,0.0,-0.353642,-0.08027000000000001,PRK,290316
7065782,178,6082,2017,0.0,0.0,-0.353642,-0.08027000000000001,PRK,290319
7072308,178,6083,2017,0.0,0.0,-0.353642,-0.08027000000000001,PRK,290321
7078834,178,6084,2017,0.0,0.0,-0.353642,-0.08027000000000001,PRK,290322
7085360,178,6085,2017,0.0,0.0,-0.353642,-0.08027000000000001,PRK,290323
7091886,178,6086,2017,0.0,0.0,-0.353642,-0.08027000000000001,PRK,290329
7098412,178,6087,2017,4.592192983000479e-08,1.8739221943743827e-09,-0.353642,-0.08027000000000001,PRK,290330
7104938,178,6088,2017,0.0,0.0,-0.353642,-0.08027000000000001,PRK,290340
7111464,178,6089,2017,0.0,0.0,-0.353642,-0.08027000000000001,PRK,290351
7117990,178,6090,2017,0.0,0.0,-0.353642,-0.08027000000000001,PRK,290359
7124516,178,6091,2017,0.0,0.0,-0.353642,-0.08027000000000001,PRK,290361
7131042,178,6092,2017,0.0,0.0,-0.353642,-0.08027000000000001,PRK,290362
7137568,178,6093,2017,0.0,5.9193934190885166e-09,-0.353642,-0.08027000000000001,PRK,290369
7144094,178,6094,2017,4.526767286313171e-09,1.3435962475723928e-08,-0.353642,-0.08027000000000001,PRK,290410
7150620,178,6095,2017,0.0,1.3920186091921482e-09,-0.353642,-0.08027000000000001,PRK,290420
7157146,178,6096,2017,0.0,2.830570411891577e-08,-0.353642,-0.08027000000000001,PRK,290490
7163672,178,6097,2017,0.0,2.2432147884029938e-07,-0.353642,-0.08027000000000001,PRK,290511
7170198,178,6098,2017,1.5850958391028453e-08,2.51106899778176e-08,-0.353642,-0.08027000000000001,PRK,290512
7176724,178,6099,2017,0.0,1.7756755095356137e-07,-0.353642,-0.08027000000000001,PRK,290513
7183250,178,6100,2017,0.0,4.7003828370388205e-08,-0.353642,-0.08027000000000001,PRK,290514
7189776,178,6101,2017,0.0,0.0,-0.353642,-0.08027000000000001,PRK,290515
7196302,178,6102,2017,0.0,8.120108553620865e-10,-0.353642,-0.08027000000000001,PRK,290516
7202828,178,6103,2017,0.0,3.0210118149491503e-09,-0.353642,-0.08027000000000001,PRK,290517
7209354,178,6104,2017,0.0,1.7072113942735134e-09,-0.353642,-0.08027000000000001,PRK,290519
7215880,178,6105,2017,0.0,0.0,-0.353642,-0.08027000000000001,PRK,290521
7222406,178,6106,2017,0.0,0.0,-0.353642,-0.08027000000000001,PRK,290522
7228932,178,6107,2017,0.0,0.0,-0.353642,-0.08027000000000001,PRK,290529
7235458,178,6108,2017,0.0,2.9182012976702445e-08,-0.353642,-0.08027000000000001,PRK,290531
7241984,178,6109,2017,2.6625440307273252e-08,2.5200508321410712e-08,-0.353642,-0.08027000000000001,PRK,290532
7248510,178,6110,2017,1.433062156712745e-09,0.0,-0.353642,-0.08027000000000001,PRK,290539
7255036,178,6111,2017,0.0,0.0,-0.353642,-0.08027000000000001,PRK,290541
7261562,178,6112,2017,0.0,1.7359797788634842e-08,-0.353642,-0.08027000000000001,PRK,290542
7268088,178,6113,2017,0.0,0.0,-0.353642,-0.08027000000000001,PRK,290543
7274614,178,6114,2017,0.0,7.48955726695704e-08,-0.353642,-0.08027000000000001,PRK,290544
7281140,178,6115,2017,0.0,1.975340693044096e-09,-0.353642,-0.08027000000000001,PRK,290549
7287666,178,6116,2017,0.0,0.0,-0.353642,-0.08027000000000001,PRK,290550
7294192,178,6117,2017,0.0,4.549149958140159e-08,-0.353642,-0.08027000000000001,PRK,290611
7300718,178,6118,2017,0.0,0.0,-0.353642,-0.08027000000000001,PRK,290612
7307244,178,6119,2017,0.0,0.0,-0.353642,-0.08027000000000001,PRK,290613
7313770,178,6120,2017,0.0,0.0,-0.353642,-0.08027000000000001,PRK,290614
7320296,178,6121,2017,0.0,0.0,-0.353642,-0.08027000000000001,PRK,290619
7326822,178,6122,2017,0.0,0.0,-0.353642,-0.08027000000000001,PRK,290621
7333348,178,6123,2017,0.0,0.0,-0.353642,-0.08027000000000001,PRK,290629
7339874,178,6124,2017,0.0,4.814064356789513e-08,-0.353642,-0.08027000000000001,PRK,290711
7346400,178,6125,2017,0.0,8.027638746010244e-09,-0.353642,-0.08027000000000001,PRK,290712
7352926,178,6126,2017,0.0,0.0,-0.353642,-0.08027000000000001,PRK,290713
7359452,178,6127,2017,0.0,0.0,-0.353642,-0.08027000000000001,PRK,290714
7365978,178,6128,2017,0.0,0.0,-0.353642,-0.08027000000000001,PRK,290715
7372504,178,6129,2017,0.0,1.0605856070035416e-09,-0.353642,-0.08027000000000001,PRK,290719
7379030,178,6130,2017,0.0,8.830700910313239e-09,-0.353642,-0.08027000000000001,PRK,290721
7385556,178,6131,2017,0.0,0.0,-0.353642,-0.08027000000000001,PRK,290722
7392082,178,6132,2017,3.259711849851813e-07,0.0,-0.353642,-0.08027000000000001,PRK,290723
7398608,178,6133,2017,0.0,0.0,-0.353642,-0.08027000000000001,PRK,290729
7405134,178,6134,2017,0.0,0.0,-0.353642,-0.08027000000000001,PRK,290730
7411660,178,6135,2017,0.0,7.291526048149348e-10,-0.353642,-0.08027000000000001,PRK,290810
7418186,178,6136,2017,0.0,0.0,-0.353642,-0.08027000000000001,PRK,290820
7424712,178,6137,2017,0.0,0.0,-0.353642,-0.08027000000000001,PRK,290890
7431238,178,6138,2017,0.0,0.0,-0.353642,-0.08027000000000001,PRK,290911
7437764,178,6139,2017,0.0,0.0,-0.353642,-0.08027000000000001,PRK,290919
7444290,178,6140,2017,0.0,0.0,-0.353642,-0.08027000000000001,PRK,290920
7450816,178,6141,2017,0.0,0.0,-0.353642,-0.08027000000000001,PRK,290930
7457342,178,6142,2017,0.0,1.5908784105053124e-09,-0.353642,-0.08027000000000001,PRK,290941
7463868,178,6143,2017,0.0,0.0,-0.353642,-0.08027000000000001,PRK,290942
7470394,178,6144,2017,9.309600870453e-09,0.0,-0.353642,-0.08027000000000001,PRK,290943
7476920,178,6145,2017,0.0,0.0,-0.353642,-0.08027000000000001,PRK,290944
7483446,178,6146,2017,1.0957213250670213e-08,2.7116853940065236e-08,-0.353642,-0.08027000000000001,PRK,290949
7489972,178,6147,2017,0.0,0.0,-0.353642,-0.08027000000000001,PRK,290950
7496498,178,6148,2017,0.0,6.39665694224011e-10,-0.353642,-0.08027000000000001,PRK,290960
7503024,178,6149,2017,0.0,0.0,-0.353642,-0.08027000000000001,PRK,291010
7509550,178,6150,2017,0.0,0.0,-0.353642,-0.08027000000000001,PRK,291020
7516076,178,6151,2017,0.0,0.0,-0.353642,-0.08027000000000001,PRK,291030
7522602,178,6152,2017,0.0,1.8264941317611927e-08,-0.353642,-0.08027000000000001,PRK,291090
7529128,178,6153,2017,0.0,0.0,-0.353642,-0.08027000000000001,PRK,291100
7535654,178,6154,2017,0.0,2.0613475571120395e-08,-0.353642,-0.08027000000000001,PRK,291211
7542180,178,6155,2017,0.0,0.0,-0.353642,-0.08027000000000001,PRK,291212
7548706,178,6156,2017,0.0,0.0,-0.353642,-0.08027000000000001,PRK,291213
7555232,178,6157,2017,0.0,4.929734474553337e-09,-0.353642,-0.08027000000000001,PRK,291219
7561758,178,6158,2017,0.0,0.0,-0.353642,-0.08027000000000001,PRK,291221
7568284,178,6159,2017,0.0,0.0,-0.353642,-0.08027000000000001,PRK,291229
7574810,178,6160,2017,0.0,0.0,-0.353642,-0.08027000000000001,PRK,291230
7581336,178,6161,2017,0.0,1.7930525418403624e-09,-0.353642,-0.08027000000000001,PRK,291241
7587862,178,6162,2017,0.0,2.068141933656906e-09,-0.353642,-0.08027000000000001,PRK,291242
7594388,178,6163,2017,0.0,0.0,-0.353642,-0.08027000000000001,PRK,291249
7600914,178,6164,2017,0.0,0.0,-0.353642,-0.08027000000000001,PRK,291250
7607440,178,6165,2017,0.0,4.761035076439336e-09,-0.353642,-0.08027000000000001,PRK,291260
7613966,178,6166,2017,0.0,0.0,-0.353642,-0.08027000000000001,PRK,291300
7620492,178,6167,2017,0.0,9.350421001045192e-08,-0.353642,-0.08027000000000001,PRK,291411
7627018,178,6168,2017,0.0,0.0,-0.353642,-0.08027000000000001,PRK,291412
7633544,178,6169,2017,0.0,0.0,-0.353642,-0.08027000000000001,PRK,291413
7640070,178,6170,2017,0.0,3.03208167722225e-08,-0.353642,-0.08027000000000001,PRK,291419
7646596,178,6171,2017,0.0,0.0,-0.353642,-0.08027000000000001,PRK,291421
7653122,178,6172,2017,0.0,2.7638198052507916e-09,-0.353642,-0.08027000000000001,PRK,291422
7659648,178,6173,2017,0.0,0.0,-0.353642,-0.08027000000000001,PRK,291423
7666174,178,6174,2017,0.0,3.596048073746383e-09,-0.353642,-0.08027000000000001,PRK,291429
7672700,178,6175,2017,0.0,0.0,-0.353642,-0.08027000000000001,PRK,291430
7679226,178,6176,2017,0.0,0.0,-0.353642,-0.08027000000000001,PRK,291441
7685752,178,6177,2017,0.0,0.0,-0.353642,-0.08027000000000001,PRK,291449
7692278,178,6178,2017,2.9733994251777234e-09,2.004838230238882e-09,-0.353642,-0.08027000000000001,PRK,291450
7698804,178,6179,2017,0.0,1.524591810067591e-09,-0.353642,-0.08027000000000001,PRK,291461
7705330,178,6180,2017,0.0,0.0,-0.353642,-0.08027000000000001,PRK,291469
7711856,178,6181,2017,6.445597816299448e-10,0.0,-0.353642,-0.08027000000000001,PRK,291470
7718382,178,6182,2017,0.0,0.0,-0.353642,-0.08027000000000001,PRK,291511
7724908,178,6183,2017,0.0,1.9885980131316404e-09,-0.353642,-0.08027000000000001,PRK,291512
7731434,178,6184,2017,0.0,0.0,-0.353642,-0.08027000000000001,PRK,291513
7737960,178,6185,2017,1.9750439006926022e-08,3.368562404034189e-07,-0.353642,-0.08027000000000001,PRK,291521
7744486,178,6186,2017,0.0,0.0,-0.353642,-0.08027000000000001,PRK,291522
7751012,178,6187,2017,0.0,0.0,-0.353642,-0.08027000000000001,PRK,291523
7757538,178,6188,2017,0.0,0.0,-0.353642,-0.08027000000000001,PRK,291524
7764064,178,6189,2017,0.0,3.1247503446341845e-09,-0.353642,-0.08027000000000001,PRK,291529
7770590,178,6190,2017,0.0,1.3041126340216642e-07,-0.353642,-0.08027000000000001,PRK,291531
7777116,178,6191,2017,0.0,1.3394864783452541e-08,-0.353642,-0.08027000000000001,PRK,291532
7783642,178,6192,2017,0.0,1.3882071296669793e-08,-0.353642,-0.08027000000000001,PRK,291533
7790168,178,6193,2017,0.0,0.0,-0.353642,-0.08027000000000001,PRK,291534
7796694,178,6194,2017,0.0,0.0,-0.353642,-0.08027000000000001,PRK,291535
7803220,178,6195,2017,0.0,1.1559256244131161e-07,-0.353642,-0.08027000000000001,PRK,291539
7809746,178,6196,2017,0.0,2.2802590550576145e-09,-0.353642,-0.08027000000000001,PRK,291540
7816272,178,6197,2017,0.0,0.0,-0.353642,-0.08027000000000001,PRK,291550
7822798,178,6198,2017,0.0,3.4137599225426496e-10,-0.353642,-0.08027000000000001,PRK,291560
7829324,178,6199,2017,0.0,1.6407922206349164e-07,-0.353642,-0.08027000000000001,PRK,291570
7835850,178,6200,2017,1.007901191208837e-09,5.253213084689417e-10,-0.353642,-0.08027000000000001,PRK,291590
7842376,178,6201,2017,0.0,3.2208659152688804e-09,-0.353642,-0.08027000000000001,PRK,291611
7848902,178,6202,2017,7.000761671469198e-09,9.202568738768855e-09,-0.353642,-0.08027000000000001,PRK,291612
7855428,178,6203,2017,0.0,8.338522902063157e-09,-0.353642,-0.08027000000000001,PRK,291613
7861954,178,6204,2017,0.0,3.6989911642261644e-08,-0.353642,-0.08027000000000001,PRK,291614
7868480,178,6205,2017,0.0,0.0,-0.353642,-0.08027000000000001,PRK,291615
7875006,178,6206,2017,0.0,9.538973235990291e-09,-0.353642,-0.08027000000000001,PRK,291619
7881532,178,6207,2017,0.0,3.59207087772012e-09,-0.353642,-0.08027000000000001,PRK,291620
7888058,178,6208,2017,0.0,0.0,-0.353642,-0.08027000000000001,PRK,291631
7894584,178,6209,2017,0.0,0.0,-0.353642,-0.08027000000000001,PRK,291632
7901110,178,6210,2017,0.0,0.0,-0.353642,-0.08027000000000001,PRK,291633
7907636,178,6211,2017,0.0,0.0,-0.353642,-0.08027000000000001,PRK,291639
7914162,178,6212,2017,0.0,7.0764260297289425e-09,-0.353642,-0.08027000000000001,PRK,291711
7920688,178,6213,2017,0.0,8.705087802483756e-09,-0.353642,-0.08027000000000001,PRK,291712
7927214,178,6214,2017,0.0,0.0,-0.353642,-0.08027000000000001,PRK,291713
7933740,178,6215,2017,0.0,0.0,-0.353642,-0.08027000000000001,PRK,291714
7940266,178,6216,2017,0.0,6.363513642021249e-10,-0.353642,-0.08027000000000001,PRK,291719
7946792,178,6217,2017,0.0,0.0,-0.353642,-0.08027000000000001,PRK,291720
7953318,178,6218,2017,0.0,0.0,-0.353642,-0.08027000000000001,PRK,291731
7959844,178,6219,2017,1.9765590858868428e-08,4.379698207111191e-07,-0.353642,-0.08027000000000001,PRK,291732
7966370,178,6220,2017,1.1332979178841878e-08,0.0,-0.353642,-0.08027000000000001,PRK,291733
7972896,178,6221,2017,0.0,3.017432338525513e-08,-0.353642,-0.08027000000000001,PRK,291734
7979422,178,6222,2017,0.0,6.454989150625304e-08,-0.353642,-0.08027000000000001,PRK,291735
7985948,178,6223,2017,5.318687919194178e-07,0.0,-0.353642,-0.08027000000000001,PRK,291736
7992474,178,6224,2017,9.014139757576087e-09,0.0,-0.353642,-0.08027000000000001,PRK,291737
7999000,178,6225,2017,0.0,2.4327182360643734e-09,-0.353642,-0.08027000000000001,PRK,291739
8005526,178,6226,2017,0.0,1.6462608651710284e-08,-0.353642,-0.08027000000000001,PRK,291811
8012052,178,6227,2017,0.0,4.179370157598331e-09,-0.353642,-0.08027000000000001,PRK,291812
8018578,178,6228,2017,0.0,0.0,-0.353642,-0.08027000000000001,PRK,291813
8025104,178,6229,2017,0.0,6.855028784266953e-09,-0.353642,-0.08027000000000001,PRK,291814
8031630,178,6230,2017,0.0,1.1624349685761003e-08,-0.353642,-0.08027000000000001,PRK,291815
8038156,178,6231,2017,0.0,5.965794039394922e-10,-0.353642,-0.08027000000000001,PRK,291816
8044682,178,6232,2017,0.0,0.0,-0.353642,-0.08027000000000001,PRK,291817
8051208,178,6233,2017,0.0,3.861194475497269e-09,-0.353642,-0.08027000000000001,PRK,291819
8057734,178,6234,2017,0.0,4.234056602959451e-09,-0.353642,-0.08027000000000001,PRK,291821
8064260,178,6235,2017,0.0,9.004802666362913e-08,-0.353642,-0.08027000000000001,PRK,291822
8070786,178,6236,2017,0.0,0.0,-0.353642,-0.08027000000000001,PRK,291823
8077312,178,6237,2017,0.0,0.0,-0.353642,-0.08027000000000001,PRK,291829
8083838,178,6238,2017,0.0,0.0,-0.353642,-0.08027000000000001,PRK,291830
8090364,178,6239,2017,0.0,0.0,-0.353642,-0.08027000000000001,PRK,291890
8096890,178,6240,2017,0.0,5.456050082028844e-09,-0.353642,-0.08027000000000001,PRK,291900
8103416,178,6241,2017,0.0,5.461541926875109e-07,-0.353642,-0.08027000000000001,PRK,292010
8109942,178,6242,2017,0.0,4.694350756398988e-08,-0.353642,-0.08027000000000001,PRK,292090
8116468,178,6243,2017,0.0,2.4741473613379493e-09,-0.353642,-0.08027000000000001,PRK,292111
8122994,178,6244,2017,0.0,0.0,-0.353642,-0.08027000000000001,PRK,292112
8129520,178,6245,2017,0.0,2.1532207853187214e-08,-0.353642,-0.08027000000000001,PRK,292119
8136046,178,6246,2017,0.0,1.8586762762737067e-09,-0.353642,-0.08027000000000001,PRK,292121
8142572,178,6247,2017,0.0,0.0,-0.353642,-0.08027000000000001,PRK,292122
8149098,178,6248,2017,0.0,6.462943542677831e-10,-0.353642,-0.08027000000000001,PRK,292129
8155624,178,6249,2017,0.0,2.2143038876220814e-09,-0.353642,-0.08027000000000001,PRK,292130
8162150,178,6250,2017,0.0,0.0,-0.353642,-0.08027000000000001,PRK,292141
8168676,178,6251,2017,0.0,0.0,-0.353642,-0.08027000000000001,PRK,292142
8175202,178,6252,2017,0.0,0.0,-0.353642,-0.08027000000000001,PRK,292143
8181728,178,6253,2017,0.0,0.0,-0.353642,-0.08027000000000001,PRK,292144
8188254,178,6254,2017,0.0,0.0,-0.353642,-0.08027000000000001,PRK,292145
8194780,178,6255,2017,0.0,1.421847579389123e-09,-0.353642,-0.08027000000000001,PRK,292149
8201306,178,6256,2017,0.0,0.0,-0.353642,-0.08027000000000001,PRK,292151
8207832,178,6257,2017,4.278276914457715e-09,3.2146018315275154e-08,-0.353642,-0.08027000000000001,PRK,292159
8214358,178,6258,2017,0.0,1.574339903696101e-08,-0.353642,-0.08027000000000001,PRK,292211
8220884,178,6259,2017,0.0,0.0,-0.353642,-0.08027000000000001,PRK,292212
8227410,178,6260,2017,0.0,0.0,-0.353642,-0.08027000000000001,PRK,292213
8233936,178,6261,2017,0.0,1.0126272515868502e-08,-0.353642,-0.08027000000000001,PRK,292219
8240462,178,6262,2017,0.0,1.0253874221711115e-08,-0.353642,-0.08027000000000001,PRK,292221
8246988,178,6263,2017,0.0,0.0,-0.353642,-0.08027000000000001,PRK,292222
8253514,178,6264,2017,0.0,1.9521403828908935e-09,-0.353642,-0.08027000000000001,PRK,292229
8260040,178,6265,2017,0.0,0.0,-0.353642,-0.08027000000000001,PRK,292230
8266566,178,6266,2017,4.839501510404428e-10,8.008647634984836e-08,-0.353642,-0.08027000000000001,PRK,292241
8273092,178,6267,2017,0.0,3.95125642234699e-06,-0.353642,-0.08027000000000001,PRK,292242
8279618,178,6268,2017,0.0,4.271773678608514e-08,-0.353642,-0.08027000000000001,PRK,292249
8286144,178,6269,2017,0.0,3.3149928878904444e-09,-0.353642,-0.08027000000000001,PRK,292250
8292670,178,6270,2017,0.0,0.0,-0.353642,-0.08027000000000001,PRK,292310
8299196,178,6271,2017,0.0,5.711916359718448e-09,-0.353642,-0.08027000000000001,PRK,292320
8305722,178,6272,2017,0.0,1.890891564086439e-08,-0.353642,-0.08027000000000001,PRK,292390
8312248,178,6273,2017,0.0,3.4356013573868787e-08,-0.353642,-0.08027000000000001,PRK,292410
8318774,178,6274,2017,0.0,0.0,-0.353642,-0.08027000000000001,PRK,292421
8325300,178,6275,2017,1.1315706067627534e-07,3.1303184190709526e-08,-0.353642,-0.08027000000000001,PRK,292429
8331826,178,6276,2017,6.3801418159082544e-09,4.250429393267568e-08,-0.353642,-0.08027000000000001,PRK,292511
8338352,178,6277,2017,0.0,0.0,-0.353642,-0.08027000000000001,PRK,292519
8344878,178,6278,2017,2.397022977288605e-09,6.6777121280960485e-09,-0.353642,-0.08027000000000001,PRK,292520
8351404,178,6279,2017,0.0,0.0,-0.353642,-0.08027000000000001,PRK,292610
8357930,178,6280,2017,0.0,1.9985410031972987e-09,-0.353642,-0.08027000000000001,PRK,292620
8364456,178,6281,2017,0.0,2.298769588229848e-07,-0.353642,-0.08027000000000001,PRK,292690
8370982,178,6282,2017,0.0,1.2036320907481442e-08,-0.353642,-0.08027000000000001,PRK,292700
8377508,178,6283,2017,4.908593955261798e-09,0.0,-0.353642,-0.08027000000000001,PRK,292800
8384034,178,6284,2017,1.1426929751995958e-06,0.0,-0.353642,-0.08027000000000001,PRK,292910
8390560,178,6285,2017,7.255009747062768e-09,2.3154572398900443e-08,-0.353642,-0.08027000000000001,PRK,292990
8397086,178,6286,2017,0.0,0.0,-0.353642,-0.08027000000000001,PRK,293010
8403612,178,6287,2017,0.0,0.0,-0.353642,-0.08027000000000001,PRK,293020
8410138,178,6288,2017,0.0,1.1008878600696761e-08,-0.353642,-0.08027000000000001,PRK,293030
8416664,178,6289,2017,0.0,1.6134125403241157e-07,-0.353642,-0.08027000000000001,PRK,293040
8423190,178,6290,2017,2.4040231328859966e-08,1.6223115164328797e-07,-0.353642,-0.08027000000000001,PRK,293090
8429716,178,6291,2017,0.0,1.4878027468246556e-08,-0.353642,-0.08027000000000001,PRK,293100
8436242,178,6292,2017,0.0,0.0,-0.353642,-0.08027000000000001,PRK,293211
8442768,178,6293,2017,0.0,1.2471161006352894e-08,-0.353642,-0.08027000000000001,PRK,293212
8449294,178,6294,2017,0.0,0.0,-0.353642,-0.08027000000000001,PRK,293213
8455820,178,6295,2017,0.0,0.0,-0.353642,-0.08027000000000001,PRK,293219
8462346,178,6296,2017,0.0,0.0,-0.353642,-0.08027000000000001,PRK,293221
8468872,178,6297,2017,0.0,7.939809000430264e-09,-0.353642,-0.08027000000000001,PRK,293229
8475398,178,6298,2017,0.0,3.429237843744857e-08,-0.353642,-0.08027000000000001,PRK,293290
8481924,178,6299,2017,0.0,0.0,-0.353642,-0.08027000000000001,PRK,293311
8488450,178,6300,2017,0.0,6.690571728580966e-08,-0.353642,-0.08027000000000001,PRK,293319
8494976,178,6301,2017,0.0,0.0,-0.353642,-0.08027000000000001,PRK,293321
8501502,178,6302,2017,0.0,1.8361056888246625e-08,-0.353642,-0.08027000000000001,PRK,293329
8508028,178,6303,2017,0.0,0.0,-0.353642,-0.08027000000000001,PRK,293331
8514554,178,6304,2017,8.754740052322099e-10,3.383924323685631e-07,-0.353642,-0.08027000000000001,PRK,293339
8521080,178,6305,2017,1.0359927247100574e-08,0.0,-0.353642,-0.08027000000000001,PRK,293340
8527606,178,6306,2017,0.0,0.0,-0.353642,-0.08027000000000001,PRK,293351
8534132,178,6307,2017,0.0,8.248737701770264e-08,-0.353642,-0.08027000000000001,PRK,293359
8540658,178,6308,2017,0.0,0.0,-0.353642,-0.08027000000000001,PRK,293361
8547184,178,6309,2017,0.0,4.603571257099529e-08,-0.353642,-0.08027000000000001,PRK,293369
8553710,178,6310,2017,3.426891323443542e-07,0.0,-0.353642,-0.08027000000000001,PRK,293371
8560236,178,6311,2017,0.0,1.5142842436995254e-08,-0.353642,-0.08027000000000001,PRK,293379
8566762,178,6312,2017,2.181866679706442e-08,1.989393452336893e-08,-0.353642,-0.08027000000000001,PRK,293390
8573288,178,6313,2017,0.0,1.077157257112972e-09,-0.353642,-0.08027000000000001,PRK,293410
8579814,178,6314,2017,0.0,0.0,-0.353642,-0.08027000000000001,PRK,293420
8586340,178,6315,2017,0.0,6.5494475562490575e-09,-0.353642,-0.08027000000000001,PRK,293430
8592866,178,6316,2017,0.0,4.659185714866777e-08,-0.353642,-0.08027000000000001,PRK,293490
8599392,178,6317,2017,8.736557829991211e-10,1.2783967473818503e-07,-0.353642,-0.08027000000000001,PRK,293500
8605918,178,6318,2017,0.0,0.0,-0.353642,-0.08027000000000001,PRK,293610
8612444,178,6319,2017,0.0,1.1794706248885949e-08,-0.353642,-0.08027000000000001,PRK,293621
8618970,178,6320,2017,0.0,1.4758711587458658e-09,-0.353642,-0.08027000000000001,PRK,293622
8625496,178,6321,2017,1.3090290967122107e-08,0.0,-0.353642,-0.08027000000000001,PRK,293623
8632022,178,6322,2017,0.0,1.3237434107412954e-09,-0.353642,-0.08027000000000001,PRK,293624
8638548,178,6323,2017,0.0,0.0,-0.353642,-0.08027000000000001,PRK,293625
8645074,178,6324,2017,0.0,0.0,-0.353642,-0.08027000000000001,PRK,293626
8651600,178,6325,2017,0.0,2.1301861916666133e-08,-0.353642,-0.08027000000000001,PRK,293627
8658126,178,6326,2017,0.0,1.2030023680439859e-08,-0.353642,-0.08027000000000001,PRK,293628
8664652,178,6327,2017,0.0,4.3296087374904264e-08,-0.353642,-0.08027000000000001,PRK,293629
8671178,178,6328,2017,0.0,5.3957292756305175e-08,-0.353642,-0.08027000000000001,PRK,293690
8677704,178,6329,2017,0.0,0.0,-0.353642,-0.08027000000000001,PRK,293710
8684230,178,6330,2017,0.0,1.4106120006149291e-08,-0.353642,-0.08027000000000001,PRK,293721
8690756,178,6331,2017,0.0,0.0,-0.353642,-0.08027000000000001,PRK,293722
8697282,178,6332,2017,0.0,7.208667797602196e-10,-0.353642,-0.08027000000000001,PRK,293729
8703808,178,6333,2017,0.0,0.0,-0.353642,-0.08027000000000001,PRK,293791
8710334,178,6334,2017,0.0,0.0,-0.353642,-0.08027000000000001,PRK,293792
8716860,178,6335,2017,0.0,0.0,-0.353642,-0.08027000000000001,PRK,293799
8723386,178,6336,2017,0.0,6.777804894757008e-10,-0.353642,-0.08027000000000001,PRK,293810
8729912,178,6337,2017,0.0,5.136217234916838e-09,-0.353642,-0.08027000000000001,PRK,293890
8736438,178,6338,2017,0.0,0.0,-0.353642,-0.08027000000000001,PRK,293910
8742964,178,6339,2017,0.0,0.0,-0.353642,-0.08027000000000001,PRK,293921
8749490,178,6340,2017,0.0,0.0,-0.353642,-0.08027000000000001,PRK,293929
8756016,178,6341,2017,0.0,0.0,-0.353642,-0.08027000000000001,PRK,293930
8762542,178,6342,2017,0.0,0.0,-0.353642,-0.08027000000000001,PRK,293940
8769068,178,6343,2017,0.0,0.0,-0.353642,-0.08027000000000001,PRK,293950
8775594,178,6344,2017,0.0,0.0,-0.353642,-0.08027000000000001,PRK,293960
8782120,178,6345,2017,0.0,0.0,-0.353642,-0.08027000000000001,PRK,293970
8788646,178,6346,2017,0.0,0.0,-0.353642,-0.08027000000000001,PRK,293990
8795172,178,6347,2017,0.0,7.587495719103774e-09,-0.353642,-0.08027000000000001,PRK,294000
8801698,178,6348,2017,8.563220643770088e-09,2.071257403877479e-08,-0.353642,-0.08027000000000001,PRK,294110
8808224,178,6349,2017,0.0,0.0,-0.353642,-0.08027000000000001,PRK,294120
8814750,178,6350,2017,0.0,5.299779421496916e-08,-0.353642,-0.08027000000000001,PRK,294130
8821276,178,6351,2017,0.0,1.1258745941046752e-07,-0.353642,-0.08027000000000001,PRK,294140
8827802,178,6352,2017,0.0,7.434042239090449e-10,-0.353642,-0.08027000000000001,PRK,294150
8834328,178,6353,2017,6.736513373593639e-09,1.2248570602083026e-07,-0.353642,-0.08027000000000001,PRK,294190
8840854,178,6354,2017,0.0,3.21202659710051e-07,-0.353642,-0.08027000000000001,PRK,294200
8847380,178,6355,2017,0.0,0.0,-0.353642,-0.08027000000000001,PRK,300110
8853906,178,6356,2017,0.0,0.0,-0.353642,-0.08027000000000001,PRK,300120
8860432,178,6357,2017,0.0,0.0,-0.353642,-0.08027000000000001,PRK,300190
8866958,178,6358,2017,0.0,0.0,-0.353642,-0.08027000000000001,PRK,300210
8873484,178,6359,2017,2.8529118985317122e-08,3.2051825056053154e-07,-0.353642,-0.08027000000000001,PRK,300220
8880010,178,6360,2017,0.0,0.0,-0.353642,-0.08027000000000001,PRK,300231
8886536,178,6361,2017,3.536654369284718e-08,0.0,-0.353642,-0.08027000000000001,PRK,300239
8893062,178,6362,2017,9.645062872457867e-09,2.0820621197488276e-08,-0.353642,-0.08027000000000001,PRK,300290
8899588,178,6363,2017,0.0,0.0,-0.353642,-0.08027000000000001,PRK,300310
8906114,178,6364,2017,1.0129619097576005e-08,1.1037050405882794e-08,-0.353642,-0.08027000000000001,PRK,300320
8912640,178,6365,2017,0.0,0.0,-0.353642,-0.08027000000000001,PRK,300331
8919166,178,6366,2017,0.0,0.0,-0.353642,-0.08027000000000001,PRK,300339
8925692,178,6367,2017,0.0,0.0,-0.353642,-0.08027000000000001,PRK,300340
8932218,178,6368,2017,0.0,0.0,-0.353642,-0.08027000000000001,PRK,300390
8938744,178,6369,2017,0.0,5.654714337870716e-07,-0.353642,-0.08027000000000001,PRK,300410
8945270,178,6370,2017,0.0,1.4995175777200141e-06,-0.353642,-0.08027000000000001,PRK,300420
8951796,178,6371,2017,0.0,8.339484057769504e-08,-0.353642,-0.08027000000000001,PRK,300431
8958322,178,6372,2017,1.1143581029561805e-08,8.987037857445604e-08,-0.353642,-0.08027000000000001,PRK,300432
8964848,178,6373,2017,0.0,6.132073976592945e-08,-0.353642,-0.08027000000000001,PRK,300439
8971374,178,6374,2017,0.0,1.7121166027059048e-08,-0.353642,-0.08027000000000001,PRK,300440
8977900,178,6375,2017,0.0,6.263599849181472e-07,-0.353642,-0.08027000000000001,PRK,300450
8984426,178,6376,2017,2.1818757708176075e-07,3.838222522682574e-06,-0.353642,-0.08027000000000001,PRK,300490
8990952,178,6377,2017,8.523825828719833e-09,1.0995687567209655e-07,-0.353642,-0.08027000000000001,PRK,300510
8997478,178,6378,2017,0.0,5.748871139462478e-08,-0.353642,-0.08027000000000001,PRK,300590
9004004,178,6379,2017,2.837941868812615e-09,1.1787414722837798e-08,-0.353642,-0.08027000000000001,PRK,300610
9010530,178,6380,2017,1.1001456658342038e-08,0.0,-0.353642,-0.08027000000000001,PRK,300620
9017056,178,6381,2017,3.2302111941199484e-07,0.0,-0.353642,-0.08027000000000001,PRK,300630
9023582,178,6382,2017,1.790342825514675e-09,1.2037646639490197e-09,-0.353642,-0.08027000000000001,PRK,300640
9030108,178,6383,2017,0.0,6.402225016676879e-08,-0.353642,-0.08027000000000001,PRK,300650
9036634,178,6384,2017,0.0,1.78148553006398e-08,-0.353642,-0.08027000000000001,PRK,300660
9043160,178,6385,2017,0.0,3.987139016328939e-09,-0.353642,-0.08027000000000001,PRK,310100
9049686,178,6386,2017,0.0,9.270679546450623e-06,-0.353642,-0.08027000000000001,PRK,310210
9056212,178,6387,2017,0.0,2.9167463067906364e-07,-0.353642,-0.08027000000000001,PRK,310221
9062738,178,6388,2017,0.0,0.0,-0.353642,-0.08027000000000001,PRK,310229
9069264,178,6389,2017,4.559858930955385e-08,0.0,-0.353642,-0.08027000000000001,PRK,310230
9075790,178,6390,2017,1.801130944097668e-08,0.0,-0.353642,-0.08027000000000001,PRK,310240
9082316,178,6391,2017,0.0,0.0,-0.353642,-0.08027000000000001,PRK,310250
9088842,178,6392,2017,0.0,0.0,-0.353642,-0.08027000000000001,PRK,310260
9095368,178,6393,2017,0.0,0.0,-0.353642,-0.08027000000000001,PRK,310270
9101894,178,6394,2017,0.0,0.0,-0.353642,-0.08027000000000001,PRK,310280
9108420,178,6395,2017,0.0,0.0,-0.353642,-0.08027000000000001,PRK,310290
9114946,178,6396,2017,0.0,0.0,-0.353642,-0.08027000000000001,PRK,310310
9121472,178,6397,2017,0.0,0.0,-0.353642,-0.08027000000000001,PRK,310320
9127998,178,6398,2017,0.0,4.971495032829101e-10,-0.353642,-0.08027000000000001,PRK,310390
9134524,178,6399,2017,0.0,0.0,-0.353642,-0.08027000000000001,PRK,310410
9141050,178,6400,2017,0.0,1.5013914999143884e-09,-0.353642,-0.08027000000000001,PRK,310420
9147576,178,6401,2017,1.7367840592686587e-07,0.0,-0.353642,-0.08027000000000001,PRK,310430
9154102,178,6402,2017,0.0,7.875179565003484e-09,-0.353642,-0.08027000000000001,PRK,310490
9160628,178,6403,2017,0.0,1.7353997711096542e-07,-0.353642,-0.08027000000000001,PRK,310510
9167154,178,6404,2017,4.984959289051524e-10,9.622229206140069e-08,-0.353642,-0.08027000000000001,PRK,310520
9173680,178,6405,2017,0.0,3.925015214398707e-07,-0.353642,-0.08027000000000001,PRK,310530
9180206,178,6406,2017,0.0,1.2020375665746149e-06,-0.353642,-0.08027000000000001,PRK,310540
9186732,178,6407,2017,0.0,0.0,-0.353642,-0.08027000000000001,PRK,310551
9193258,178,6408,2017,0.0,8.861855612518967e-09,-0.353642,-0.08027000000000001,PRK,310559
9199784,178,6409,2017,0.0,0.0,-0.353642,-0.08027000000000001,PRK,310560
9206310,178,6410,2017,2.413386977386403e-09,3.910909425825559e-09,-0.353642,-0.08027000000000001,PRK,310590
9212836,178,6411,2017,0.0,0.0,-0.353642,-0.08027000000000001,PRK,320110
9219362,178,6412,2017,0.0,0.0,-0.353642,-0.08027000000000001,PRK,320120
9225888,178,6413,2017,0.0,0.0,-0.353642,-0.08027000000000001,PRK,320130
9232414,178,6414,2017,0.0,0.0,-0.353642,-0.08027000000000001,PRK,320190
9238940,178,6415,2017,0.0,0.0,-0.353642,-0.08027000000000001,PRK,320210
9245466,178,6416,2017,0.0,1.7446964668210447e-08,-0.353642,-0.08027000000000001,PRK,320290
9251992,178,6417,2017,0.0,1.5712907200759656e-08,-0.353642,-0.08027000000000001,PRK,320300
9258518,178,6418,2017,2.2791415691766875e-09,9.02439035679226e-08,-0.353642,-0.08027000000000001,PRK,320411
9265044,178,6419,2017,0.0,1.4993034720006002e-08,-0.353642,-0.08027000000000001,PRK,320412
9271570,178,6420,2017,0.0,1.8967910715253964e-09,-0.353642,-0.08027000000000001,PRK,320413
9278096,178,6421,2017,0.0,3.195975296804516e-08,-0.353642,-0.08027000000000001,PRK,320414
9284622,178,6422,2017,0.0,0.0,-0.353642,-0.08027000000000001,PRK,320415
9291148,178,6423,2017,1.4240104403623518e-07,1.1767097879803637e-07,-0.353642,-0.08027000000000001,PRK,320416
9297674,178,6424,2017,1.517700401663024e-08,1.0722321627004493e-07,-0.353642,-0.08027000000000001,PRK,320417
9304200,178,6425,2017,0.0,3.176917899178671e-08,-0.353642,-0.08027000000000001,PRK,320419
9310726,178,6426,2017,0.0,1.624320000426143e-08,-0.353642,-0.08027000000000001,PRK,320420
9317252,178,6427,2017,0.0,1.5047058299362745e-09,-0.353642,-0.08027000000000001,PRK,320490
9323778,178,6428,2017,0.0,0.0,-0.353642,-0.08027000000000001,PRK,320500
9330304,178,6429,2017,0.0,4.417547855961129e-07,-0.353642,-0.08027000000000001,PRK,320610
9336830,178,6430,2017,0.0,3.5112343684863186e-08,-0.353642,-0.08027000000000001,PRK,320620
9343356,178,6431,2017,0.0,0.0,-0.353642,-0.08027000000000001,PRK,320630
9349882,178,6432,2017,0.0,1.3646422432113693e-08,-0.353642,-0.08027000000000001,PRK,320641
9356408,178,6433,2017,0.0,0.0,-0.353642,-0.08027000000000001,PRK,320642
9362934,178,6434,2017,0.0,0.0,-0.353642,-0.08027000000000001,PRK,320643
9369460,178,6435,2017,2.385143925365759e-08,1.9462408754519364e-08,-0.353642,-0.08027000000000001,PRK,320649
9375986,178,6436,2017,0.0,9.229414811946132e-09,-0.353642,-0.08027000000000001,PRK,320650
9382512,178,6437,2017,0.0,3.2347529580605826e-08,-0.353642,-0.08027000000000001,PRK,320710
9389038,178,6438,2017,0.0,1.6786484981448992e-07,-0.353642,-0.08027000000000001,PRK,320720
9395564,178,6439,2017,0.0,0.0,-0.353642,-0.08027000000000001,PRK,320730
9402090,178,6440,2017,9.173537240010197e-09,0.0,-0.353642,-0.08027000000000001,PRK,320740
9408616,178,6441,2017,8.133817159722306e-09,1.9042019134543336e-07,-0.353642,-0.08027000000000001,PRK,320810
9415142,178,6442,2017,8.569887458624747e-10,2.5094582333911234e-07,-0.353642,-0.08027000000000001,PRK,320820
9421668,178,6443,2017,6.507932535190505e-08,2.0647987689638294e-06,-0.353642,-0.08027000000000001,PRK,320890
9428194,178,6444,2017,3.109766092659376e-09,6.751031736840212e-07,-0.353642,-0.08027000000000001,PRK,320910
9434720,178,6445,2017,3.787962985601462e-10,1.6042219031734257e-07,-0.353642,-0.08027000000000001,PRK,320990
9441246,178,6446,2017,6.809242262917188e-10,3.77416016912254e-08,-0.353642,-0.08027000000000001,PRK,321000
9447772,178,6447,2017,0.0,1.971595500119365e-08,-0.353642,-0.08027000000000001,PRK,321100
9454298,178,6448,2017,1.603944742919198e-08,8.107911819140324e-08,-0.353642,-0.08027000000000001,PRK,321210
9460824,178,6449,2017,0.0,4.6172262967896994e-08,-0.353642,-0.08027000000000001,PRK,321290
9467350,178,6450,2017,0.0,1.202770364942454e-09,-0.353642,-0.08027000000000001,PRK,321310
9473876,178,6451,2017,0.0,8.878128972926427e-08,-0.353642,-0.08027000000000001,PRK,321390
9480402,178,6452,2017,3.030552210704478e-08,1.3487288190442856e-06,-0.353642,-0.08027000000000001,PRK,321410
9486928,178,6453,2017,1.150328599467452e-08,8.713937063642191e-08,-0.353642,-0.08027000000000001,PRK,321490
9493454,178,6454,2017,0.0,6.820427178838462e-08,-0.353642,-0.08027000000000001,PRK,321511
9499980,178,6455,2017,1.0405079765888943e-07,7.297843161171063e-07,-0.353642,-0.08027000000000001,PRK,321519
9506506,178,6456,2017,1.8845873445964393e-09,6.629886345880233e-08,-0.353642,-0.08027000000000001,PRK,321590
9513032,178,6457,2017,0.0,0.0,-0.353642,-0.08027000000000001,PRK,330111
9519558,178,6458,2017,0.0,0.0,-0.353642,-0.08027000000000001,PRK,330112
9526084,178,6459,2017,0.0,0.0,-0.353642,-0.08027000000000001,PRK,330113
9532610,178,6460,2017,0.0,0.0,-0.353642,-0.08027000000000001,PRK,330114
9539136,178,6461,2017,0.0,3.460160542849054e-10,-0.353642,-0.08027000000000001,PRK,330119
9545662,178,6462,2017,0.0,0.0,-0.353642,-0.08027000000000001,PRK,330121
9552188,178,6463,2017,0.0,0.0,-0.353642,-0.08027000000000001,PRK,330122
9558714,178,6464,2017,0.0,0.0,-0.353642,-0.08027000000000001,PRK,330123
9565240,178,6465,2017,0.0,0.0,-0.353642,-0.08027000000000001,PRK,330124
9571766,178,6466,2017,0.0,0.0,-0.353642,-0.08027000000000001,PRK,330125
9578292,178,6467,2017,0.0,0.0,-0.353642,-0.08027000000000001,PRK,330126
9584818,178,6468,2017,2.5965243814438744e-07,4.903551267380437e-09,-0.353642,-0.08027000000000001,PRK,330129
9591344,178,6469,2017,0.0,0.0,-0.353642,-0.08027000000000001,PRK,330130
9597870,178,6470,2017,0.0,7.901296485575947e-08,-0.353642,-0.08027000000000001,PRK,330190
9604396,178,6471,2017,0.0,1.234067583339124e-07,-0.353642,-0.08027000000000001,PRK,330210
9610922,178,6472,2017,0.0,1.1346542543326514e-07,-0.353642,-0.08027000000000001,PRK,330290
9617448,178,6473,2017,0.0,2.8043540614184583e-07,-0.353642,-0.08027000000000001,PRK,330300
9623974,178,6474,2017,1.4803359347730513e-09,2.571522377380962e-08,-0.353642,-0.08027000000000001,PRK,330410
9630500,178,6475,2017,1.7033711953652653e-09,3.457409648930889e-08,-0.353642,-0.08027000000000001,PRK,330420
9637026,178,6476,2017,0.0,4.620176050509178e-10,-0.353642,-0.08027000000000001,PRK,330430
9643552,178,6477,2017,4.487978545340612e-10,1.6224440896337552e-07,-0.353642,-0.08027000000000001,PRK,330491
9650078,178,6478,2017,1.1078034118058956e-07,7.785430822340832e-07,-0.353642,-0.08027000000000001,PRK,330499
9656604,178,6479,2017,5.184357660613584e-09,2.5382862759214886e-07,-0.353642,-0.08027000000000001,PRK,330510
9663130,178,6480,2017,0.0,0.0,-0.353642,-0.08027000000000001,PRK,330520
9669656,178,6481,2017,0.0,1.477581353037159e-07,-0.353642,-0.08027000000000001,PRK,330530
9676182,178,6482,2017,4.820713213995844e-09,1.8599357216820232e-07,-0.353642,-0.08027000000000001,PRK,330590
9682708,178,6483,2017,0.0,1.187464788901384e-07,-0.353642,-0.08027000000000001,PRK,330610
9689234,178,6484,2017,0.0,1.549117852229548e-09,-0.353642,-0.08027000000000001,PRK,330690
9695760,178,6485,2017,0.0,1.7135086213150969e-09,-0.353642,-0.08027000000000001,PRK,330710
9702286,178,6486,2017,0.0,4.792521211647253e-10,-0.353642,-0.08027000000000001,PRK,330720
9708812,178,6487,2017,0.0,1.1271704971432327e-08,-0.353642,-0.08027000000000001,PRK,330730
9715338,178,6488,2017,0.0,9.101150240099142e-10,-0.353642,-0.08027000000000001,PRK,330741
9721864,178,6489,2017,0.0,1.442843860077771e-07,-0.353642,-0.08027000000000001,PRK,330749
9728390,178,6490,2017,2.182472753784138e-09,1.1897119046562227e-07,-0.353642,-0.08027000000000001,PRK,330790
9734916,178,6491,2017,3.5303815025805624e-10,1.8611454521400117e-07,-0.353642,-0.08027000000000001,PRK,340111
9741442,178,6492,2017,0.0,5.167199591961429e-07,-0.353642,-0.08027000000000001,PRK,340119
9747968,178,6493,2017,3.797054096766905e-10,7.935152366749513e-07,-0.353642,-0.08027000000000001,PRK,340120
9754494,178,6494,2017,4.656467138940165e-08,4.141467479468042e-07,-0.353642,-0.08027000000000001,PRK,340211
9761020,178,6495,2017,2.0176509083546474e-08,1.46294527166051e-09,-0.353642,-0.08027000000000001,PRK,340212
9767546,178,6496,2017,6.518326705622995e-10,1.619945084797253e-08,-0.353642,-0.08027000000000001,PRK,340213
9774072,178,6497,2017,1.277937496526394e-08,2.154248227625506e-08,-0.353642,-0.08027000000000001,PRK,340219
9780598,178,6498,2017,0.0,2.0963873169694234e-06,-0.353642,-0.08027000000000001,PRK,340220
9787124,178,6499,2017,1.838586322099295e-08,3.8840600383182603e-07,-0.353642,-0.08027000000000001,PRK,340290
9793650,178,6500,2017,0.0,7.70747446589605e-09,-0.353642,-0.08027000000000001,PRK,340311
9800176,178,6501,2017,3.830388171040198e-10,0.0,-0.353642,-0.08027000000000001,PRK,340319
9806702,178,6502,2017,0.0,9.147550860405546e-10,-0.353642,-0.08027000000000001,PRK,340391
9813228,178,6503,2017,1.316089859717372e-09,1.6282640531521872e-08,-0.353642,-0.08027000000000001,PRK,340399
9819754,178,6504,2017,0.0,0.0,-0.353642,-0.08027000000000001,PRK,340410
9826280,178,6505,2017,1.0802058286779976e-08,9.923104085526885e-10,-0.353642,-0.08027000000000001,PRK,340420
9832806,178,6506,2017,1.0518415618418139e-09,1.645697429067308e-08,-0.353642,-0.08027000000000001,PRK,340490
9839332,178,6507,2017,0.0,1.6646355108123648e-07,-0.353642,-0.08027000000000001,PRK,340510
9845858,178,6508,2017,0.0,0.0,-0.353642,-0.08027000000000001,PRK,340520
9852384,178,6509,2017,0.0,0.0,-0.353642,-0.08027000000000001,PRK,340530
9858910,178,6510,2017,0.0,7.710888225818593e-08,-0.353642,-0.08027000000000001,PRK,340540
9865436,178,6511,2017,4.056150764982045e-09,4.938683165612429e-09,-0.353642,-0.08027000000000001,PRK,340590
9871962,178,6512,2017,3.8134180968647035e-09,6.213705925031999e-09,-0.353642,-0.08027000000000001,PRK,340600
9878488,178,6513,2017,4.657982324134405e-09,1.956581585120221e-08,-0.353642,-0.08027000000000001,PRK,340700
9885014,178,6514,2017,0.0,1.1365169078049514e-08,-0.353642,-0.08027000000000001,PRK,350110
9891540,178,6515,2017,0.0,0.0,-0.353642,-0.08027000000000001,PRK,350190
9898066,178,6516,2017,0.0,0.0,-0.353642,-0.08027000000000001,PRK,350210
9904592,178,6517,2017,0.0,0.0,-0.353642,-0.08027000000000001,PRK,350290
9911118,178,6518,2017,4.387976322520733e-10,4.0892866676034675e-08,-0.353642,-0.08027000000000001,PRK,350300
9917644,178,6519,2017,0.0,5.812340559381597e-09,-0.353642,-0.08027000000000001,PRK,350400
9924170,178,6520,2017,0.0,6.473947118350493e-08,-0.353642,-0.08027000000000001,PRK,350510
9930696,178,6521,2017,0.0,2.077156911316436e-08,-0.353642,-0.08027000000000001,PRK,350520
9937222,178,6522,2017,5.525850099691527e-08,7.348220977503731e-07,-0.353642,-0.08027000000000001,PRK,350610
9943748,178,6523,2017,2.3893561402057477e-08,1.3206358949127749e-06,-0.353642,-0.08027000000000001,PRK,350691
9950274,178,6524,2017,8.207758197201248e-09,3.615125357352359e-07,-0.353642,-0.08027000000000001,PRK,350699
9956800,178,6525,2017,0.0,0.0,-0.353642,-0.08027000000000001,PRK,350710
9963326,178,6526,2017,0.0,8.328646198597936e-08,-0.353642,-0.08027000000000001,PRK,350790
9969852,178,6527,2017,0.0,0.0,-0.353642,-0.08027000000000001,PRK,360100
9976378,178,6528,2017,5.9524959466857914e-08,0.0,-0.353642,-0.08027000000000001,PRK,360200
9982904,178,6529,2017,0.0,0.0,-0.353642,-0.08027000000000001,PRK,360300
9989430,178,6530,2017,0.0,0.0,-0.353642,-0.08027000000000001,PRK,360410
9995956,178,6531,2017,0.0,0.0,-0.353642,-0.08027000000000001,PRK,360490
10002482,178,6532,2017,0.0,0.0,-0.353642,-0.08027000000000001,PRK,360500
10009008,178,6533,2017,0.0,3.6531208367232615e-08,-0.353642,-0.08027000000000001,PRK,360610
10015534,178,6534,2017,0.0,1.2863909113946394e-08,-0.353642,-0.08027000000000001,PRK,360690
10022060,178,6535,2017,0.0,1.4635087077642307e-08,-0.353642,-0.08027000000000001,PRK,370110
10028586,178,6536,2017,0.0,0.0,-0.353642,-0.08027000000000001,PRK,370120
10035112,178,6537,2017,0.0,4.0063621304558785e-08,-0.353642,-0.08027000000000001,PRK,370130
10041638,178,6538,2017,0.0,0.0,-0.353642,-0.08027000000000001,PRK,370191
10048164,178,6539,2017,0.0,0.0,-0.353642,-0.08027000000000001,PRK,370199
10054690,178,6540,2017,0.0,0.0,-0.353642,-0.08027000000000001,PRK,370210
10061216,178,6541,2017,0.0,0.0,-0.353642,-0.08027000000000001,PRK,370220
10067742,178,6542,2017,0.0,0.0,-0.353642,-0.08027000000000001,PRK,370231
10074268,178,6543,2017,0.0,0.0,-0.353642,-0.08027000000000001,PRK,370232
10080794,178,6544,2017,0.0,0.0,-0.353642,-0.08027000000000001,PRK,370239
10087320,178,6545,2017,0.0,0.0,-0.353642,-0.08027000000000001,PRK,370241
10093846,178,6546,2017,0.0,0.0,-0.353642,-0.08027000000000001,PRK,370242
10100372,178,6547,2017,0.0,5.004306900045773e-09,-0.353642,-0.08027000000000001,PRK,370243
10106898,178,6548,2017,0.0,3.7203354495671105e-09,-0.353642,-0.08027000000000001,PRK,370244
10113424,178,6549,2017,0.0,0.0,-0.353642,-0.08027000000000001,PRK,370251
10119950,178,6550,2017,0.0,0.0,-0.353642,-0.08027000000000001,PRK,370252
10126476,178,6551,2017,0.0,0.0,-0.353642,-0.08027000000000001,PRK,370253
10133002,178,6552,2017,0.0,0.0,-0.353642,-0.08027000000000001,PRK,370254
10139528,178,6553,2017,0.0,0.0,-0.353642,-0.08027000000000001,PRK,370255
10146054,178,6554,2017,0.0,0.0,-0.353642,-0.08027000000000001,PRK,370256
10152580,178,6555,2017,0.0,0.0,-0.353642,-0.08027000000000001,PRK,370291
10159106,178,6556,2017,0.0,0.0,-0.353642,-0.08027000000000001,PRK,370292
10165632,178,6557,2017,0.0,0.0,-0.353642,-0.08027000000000001,PRK,370293
10172158,178,6558,2017,0.0,0.0,-0.353642,-0.08027000000000001,PRK,370294
10178684,178,6559,2017,0.0,0.0,-0.353642,-0.08027000000000001,PRK,370295
10185210,178,6560,2017,0.0,1.897089361227366e-08,-0.353642,-0.08027000000000001,PRK,370310
10191736,178,6561,2017,0.0,5.917603680876698e-08,-0.353642,-0.08027000000000001,PRK,370320
10198262,178,6562,2017,0.0,0.0,-0.353642,-0.08027000000000001,PRK,370390
10204788,178,6563,2017,0.0,0.0,-0.353642,-0.08027000000000001,PRK,370400
10211314,178,6564,2017,0.0,0.0,-0.353642,-0.08027000000000001,PRK,370510
10217840,178,6565,2017,0.0,0.0,-0.353642,-0.08027000000000001,PRK,370520
10224366,178,6566,2017,0.0,0.0,-0.353642,-0.08027000000000001,PRK,370590
10230892,178,6567,2017,0.0,0.0,-0.353642,-0.08027000000000001,PRK,370610
10237418,178,6568,2017,0.0,0.0,-0.353642,-0.08027000000000001,PRK,370690
10243944,178,6569,2017,0.0,8.627863912973811e-09,-0.353642,-0.08027000000000001,PRK,370710
10250470,178,6570,2017,1.1847233033767132e-08,1.2866229144961714e-08,-0.353642,-0.08027000000000001,PRK,370790
10256996,178,6571,2017,0.0,0.0,-0.353642,-0.08027000000000001,PRK,380110
10263522,178,6572,2017,0.0,0.0,-0.353642,-0.08027000000000001,PRK,380120
10270048,178,6573,2017,0.0,8.336335444248712e-08,-0.353642,-0.08027000000000001,PRK,380130
10276574,178,6574,2017,2.185078872318232e-08,0.0,-0.353642,-0.08027000000000001,PRK,380190
10283100,178,6575,2017,1.2368274918362584e-07,5.4973466341015446e-08,-0.353642,-0.08027000000000001,PRK,380210
10289626,178,6576,2017,0.0,1.835475966120504e-08,-0.353642,-0.08027000000000001,PRK,380290
10296152,178,6577,2017,0.0,0.0,-0.353642,-0.08027000000000001,PRK,380300
10302678,178,6578,2017,7.604411452854646e-09,0.0,-0.353642,-0.08027000000000001,PRK,380400
10309204,178,6579,2017,0.0,0.0,-0.353642,-0.08027000000000001,PRK,380510
10315730,178,6580,2017,0.0,0.0,-0.353642,-0.08027000000000001,PRK,380520
10322256,178,6581,2017,0.0,2.4268518719256352e-08,-0.353642,-0.08027000000000001,PRK,380590
10328782,178,6582,2017,0.0,2.6784426638870064e-08,-0.353642,-0.08027000000000001,PRK,380610
10335308,178,6583,2017,0.0,0.0,-0.353642,-0.08027000000000001,PRK,380620
10341834,178,6584,2017,0.0,0.0,-0.353642,-0.08027000000000001,PRK,380630
10348360,178,6585,2017,0.0,0.0,-0.353642,-0.08027000000000001,PRK,380690
10354886,178,6586,2017,0.0,0.0,-0.353642,-0.08027000000000001,PRK,380700
10361412,178,6587,2017,3.090462633284751e-08,2.85649510132277e-07,-0.353642,-0.08027000000000001,PRK,380810
10367938,178,6588,2017,1.5819654664915442e-07,8.752681581598039e-08,-0.353642,-0.08027000000000001,PRK,380820
10374464,178,6589,2017,0.0,1.0163843760996602e-06,-0.353642,-0.08027000000000001,PRK,380830
10380990,178,6590,2017,0.0,8.84660969441829e-09,-0.353642,-0.08027000000000001,PRK,380840
10387516,178,6591,2017,1.0325987098749584e-08,8.501389079338639e-08,-0.353642,-0.08027000000000001,PRK,380890
10394042,178,6592,2017,0.0,0.0,-0.353642,-0.08027000000000001,PRK,380910
10400568,178,6593,2017,5.795583367970236e-09,6.598300780771658e-08,-0.353642,-0.08027000000000001,PRK,380991
10407094,178,6594,2017,4.25160965503908e-09,6.313831834993178e-08,-0.353642,-0.08027000000000001,PRK,380992
10413620,178,6595,2017,0.0,2.2760829992300378e-08,-0.353642,-0.08027000000000001,PRK,380993
10420146,178,6596,2017,0.0,0.0,-0.353642,-0.08027000000000001,PRK,380999
10426672,178,6597,2017,1.378515489720084e-09,8.216224124255561e-10,-0.353642,-0.08027000000000001,PRK,381010
10433198,178,6598,2017,1.7870094180873455e-09,9.477658130585398e-09,-0.353642,-0.08027000000000001,PRK,381090
10439724,178,6599,2017,0.0,0.0,-0.353642,-0.08027000000000001,PRK,381111
10446250,178,6600,2017,0.0,0.0,-0.353642,-0.08027000000000001,PRK,381119
10452776,178,6601,2017,0.0,1.9941495159182996e-07,-0.353642,-0.08027000000000001,PRK,381121
10459302,178,6602,2017,0.0,8.892148588919006e-08,-0.353642,-0.08027000000000001,PRK,381129
10465828,178,6603,2017,1.543382790705402e-07,8.40620152111007e-08,-0.353642,-0.08027000000000001,PRK,381190
10472354,178,6604,2017,0.0,8.766005188286022e-08,-0.353642,-0.08027000000000001,PRK,381210
10478880,178,6605,2017,0.0,0.0,-0.353642,-0.08027000000000001,PRK,381220
10485406,178,6606,2017,5.803462330980287e-09,5.8473067411124946e-08,-0.353642,-0.08027000000000001,PRK,381230
10491932,178,6607,2017,0.0,6.466589305701906e-09,-0.353642,-0.08027000000000001,PRK,381300
10498458,178,6608,2017,0.0,6.49137386560557e-07,-0.353642,-0.08027000000000001,PRK,381400
10504984,178,6609,2017,0.0,3.6252141779389804e-09,-0.353642,-0.08027000000000001,PRK,381511
10511510,178,6610,2017,0.0,0.0,-0.353642,-0.08027000000000001,PRK,381512
10518036,178,6611,2017,0.0,3.4062894226733183e-07,-0.353642,-0.08027000000000001,PRK,381519
10524562,178,6612,2017,0.0,1.5179631500238188e-09,-0.353642,-0.08027000000000001,PRK,381590
10531088,178,6613,2017,5.0858706229879466e-09,1.925426882914492e-08,-0.353642,-0.08027000000000001,PRK,381600
10537614,178,6614,2017,0.0,0.0,-0.353642,-0.08027000000000001,PRK,381710
10544140,178,6615,2017,0.0,0.0,-0.353642,-0.08027000000000001,PRK,381720
10550666,178,6616,2017,4.645527501837748e-08,0.0,-0.353642,-0.08027000000000001,PRK,381800
10557192,178,6617,2017,0.0,5.279330005261879e-08,-0.353642,-0.08027000000000001,PRK,381900
10563718,178,6618,2017,0.0,1.2346707914031071e-07,-0.353642,-0.08027000000000001,PRK,382000
10570244,178,6619,2017,0.0,3.712381057514584e-09,-0.353642,-0.08027000000000001,PRK,382100
10576770,178,6620,2017,2.3881773261246284e-07,6.234718777370757e-08,-0.353642,-0.08027000000000001,PRK,382200
10583296,178,6621,2017,1.4754873421514814e-09,1.5023857989209544e-09,-0.353642,-0.08027000000000001,PRK,382310
10589822,178,6622,2017,0.0,0.0,-0.353642,-0.08027000000000001,PRK,382320
10596348,178,6623,2017,0.0,0.0,-0.353642,-0.08027000000000001,PRK,382330
10602874,178,6624,2017,1.3867884008806376e-07,1.0512657109819979e-07,-0.353642,-0.08027000000000001,PRK,382340
10609400,178,6625,2017,0.0,1.1762722964174748e-07,-0.353642,-0.08027000000000001,PRK,382350
10615926,178,6626,2017,0.0,2.720700371666054e-08,-0.353642,-0.08027000000000001,PRK,382360
10622452,178,6627,2017,5.036178609357633e-07,6.471918748377098e-07,-0.353642,-0.08027000000000001,PRK,382390
10628978,178,6628,2017,2.0271056639667086e-07,1.907381350244329e-06,-0.353642,-0.08027000000000001,PRK,390110
10635504,178,6629,2017,3.681227279778378e-07,2.1229543235588578e-06,-0.353642,-0.08027000000000001,PRK,390120
10642030,178,6630,2017,6.576812854120682e-09,5.76540964627169e-08,-0.353642,-0.08027000000000001,PRK,390130
10648556,178,6631,2017,9.433088463783609e-08,4.090552741671828e-07,-0.353642,-0.08027000000000001,PRK,390190
10655082,178,6632,2017,5.917167888696878e-07,1.0015600407777683e-06,-0.353642,-0.08027000000000001,PRK,390210
10661608,178,6633,2017,6.070983428875405e-08,0.0,-0.353642,-0.08027000000000001,PRK,390220
10668134,178,6634,2017,3.154397387740927e-07,1.6233588447197959e-09,-0.353642,-0.08027000000000001,PRK,390230
10674660,178,6635,2017,2.2936570433375124e-08,7.062969849840085e-08,-0.353642,-0.08027000000000001,PRK,390290
10681186,178,6636,2017,0.0,9.130220228721103e-07,-0.353642,-0.08027000000000001,PRK,390311
10687712,178,6637,2017,0.0,1.2072016241817155e-07,-0.353642,-0.08027000000000001,PRK,390319
10694238,178,6638,2017,0.0,4.15351838342762e-09,-0.353642,-0.08027000000000001,PRK,390320
10700764,178,6639,2017,1.365600051124377e-07,1.6857577360418448e-07,-0.353642,-0.08027000000000001,PRK,390330
10707290,178,6640,2017,0.0,9.638734569649062e-09,-0.353642,-0.08027000000000001,PRK,390390
10713816,178,6641,2017,8.86722740114252e-08,3.000771201505492e-07,-0.353642,-0.08027000000000001,PRK,390410
10720342,178,6642,2017,5.6277614558561496e-08,1.0731900040767743e-07,-0.353642,-0.08027000000000001,PRK,390421
10726868,178,6643,2017,6.72530100315626e-09,5.536879962602602e-07,-0.353642,-0.08027000000000001,PRK,390422
10733394,178,6644,2017,6.838333818646607e-09,4.905208432391379e-10,-0.353642,-0.08027000000000001,PRK,390430
10739920,178,6645,2017,0.0,0.0,-0.353642,-0.08027000000000001,PRK,390440
10746446,178,6646,2017,2.8816398098145138e-08,0.0,-0.353642,-0.08027000000000001,PRK,390450
10752972,178,6647,2017,0.0,6.393674045220413e-09,-0.353642,-0.08027000000000001,PRK,390461
10759498,178,6648,2017,0.0,0.0,-0.353642,-0.08027000000000001,PRK,390469
10766024,178,6649,2017,0.0,0.0,-0.353642,-0.08027000000000001,PRK,390490
10772550,178,6650,2017,1.5291855054353676e-08,1.3204290807194093e-09,-0.353642,-0.08027000000000001,PRK,390511
10779076,178,6651,2017,0.0,0.0,-0.353642,-0.08027000000000001,PRK,390519
10785602,178,6652,2017,0.0,2.007841013238711e-07,-0.353642,-0.08027000000000001,PRK,390520
10792128,178,6653,2017,0.0,8.719007988575677e-09,-0.353642,-0.08027000000000001,PRK,390590
10798654,178,6654,2017,7.057732634772643e-09,1.030292630603503e-08,-0.353642,-0.08027000000000001,PRK,390610
10805180,178,6655,2017,4.703559094777162e-08,4.2572966850729163e-07,-0.353642,-0.08027000000000001,PRK,390690
10811706,178,6656,2017,6.488023001738183e-10,6.112287426362285e-09,-0.353642,-0.08027000000000001,PRK,390710
10818232,178,6657,2017,1.1767988848108349e-07,9.602939805412692e-08,-0.353642,-0.08027000000000001,PRK,390720
10824758,178,6658,2017,2.41632643666323e-08,6.626671445759003e-08,-0.353642,-0.08027000000000001,PRK,390730
10831284,178,6659,2017,4.235124440125743e-08,1.798673645557481e-07,-0.353642,-0.08027000000000001,PRK,390740
10837810,178,6660,2017,0.0,1.0901494307987653e-08,-0.353642,-0.08027000000000001,PRK,390750
10844336,178,6661,2017,3.505532465395017e-09,9.27402900837074e-07,-0.353642,-0.08027000000000001,PRK,390760
10850862,178,6662,2017,2.3164151249550058e-09,9.684671183752401e-08,-0.353642,-0.08027000000000001,PRK,390791
10857388,178,6663,2017,8.920471008868134e-08,1.3437255064432464e-07,-0.353642,-0.08027000000000001,PRK,390799
10863914,178,6664,2017,1.4719054443522967e-07,5.927679244143232e-09,-0.353642,-0.08027000000000001,PRK,390810
10870440,178,6665,2017,0.0,0.0,-0.353642,-0.08027000000000001,PRK,390890
10876966,178,6666,2017,0.0,0.0,-0.353642,-0.08027000000000001,PRK,390910
10883492,178,6667,2017,0.0,8.63515543902196e-09,-0.353642,-0.08027000000000001,PRK,390920
10890018,178,6668,2017,0.0,5.652589852326688e-09,-0.353642,-0.08027000000000001,PRK,390930
10896544,178,6669,2017,8.189272937831513e-09,7.544542002020131e-08,-0.353642,-0.08027000000000001,PRK,390940
10903070,178,6670,2017,3.958178890322449e-08,2.511801464716597e-07,-0.353642,-0.08027000000000001,PRK,390950
10909596,178,6671,2017,2.6913022457140113e-08,1.2382005528764158e-08,-0.353642,-0.08027000000000001,PRK,391000
10916122,178,6672,2017,1.0519627766573532e-08,4.30796616244751e-09,-0.353642,-0.08027000000000001,PRK,391110
10922648,178,6673,2017,3.325225427280387e-09,3.2776403885437886e-08,-0.353642,-0.08027000000000001,PRK,391190
10929174,178,6674,2017,0.0,0.0,-0.353642,-0.08027000000000001,PRK,391211
10935700,178,6675,2017,0.0,0.0,-0.353642,-0.08027000000000001,PRK,391212
10942226,178,6676,2017,0.0,3.4144227885470268e-09,-0.353642,-0.08027000000000001,PRK,391220
10948752,178,6677,2017,0.0,8.539305014789015e-08,-0.353642,-0.08027000000000001,PRK,391231
10955278,178,6678,2017,1.0208711764715364e-07,9.88399499126863e-09,-0.353642,-0.08027000000000001,PRK,391239
10961804,178,6679,2017,6.332261963770252e-09,3.497778188597461e-08,-0.353642,-0.08027000000000001,PRK,391290
10968330,178,6680,2017,0.0,1.2859600484917941e-09,-0.353642,-0.08027000000000001,PRK,391310
10974856,178,6681,2017,0.0,1.2110893332973878e-08,-0.353642,-0.08027000000000001,PRK,391390
10981382,178,6682,2017,0.0,5.626240928652694e-08,-0.353642,-0.08027000000000001,PRK,391400
10987908,178,6683,2017,0.0,6.002583102637857e-08,-0.353642,-0.08027000000000001,PRK,391510
10994434,178,6684,2017,0.0,0.0,-0.353642,-0.08027000000000001,PRK,391520
11000960,178,6685,2017,0.0,0.0,-0.353642,-0.08027000000000001,PRK,391530
11007486,178,6686,2017,0.0,0.0,-0.353642,-0.08027000000000001,PRK,391590
11014012,178,6687,2017,0.0,2.9575423950300323e-08,-0.353642,-0.08027000000000001,PRK,391610
11020538,178,6688,2017,0.0,4.0052060921442445e-06,-0.353642,-0.08027000000000001,PRK,391620
11027064,178,6689,2017,3.537957428551765e-09,3.281796558391234e-07,-0.353642,-0.08027000000000001,PRK,391690
11033590,178,6690,2017,0.0,1.5960388223493888e-07,-0.353642,-0.08027000000000001,PRK,391710
11040116,178,6691,2017,0.0,4.914551528723077e-07,-0.353642,-0.08027000000000001,PRK,391721
11046642,178,6692,2017,0.0,2.263826606809103e-07,-0.353642,-0.08027000000000001,PRK,391722
11053168,178,6693,2017,1.6530064395087084e-08,1.4281537551217654e-06,-0.353642,-0.08027000000000001,PRK,391723
11059694,178,6694,2017,0.0,4.731802685646301e-08,-0.353642,-0.08027000000000001,PRK,391729
11066220,178,6695,2017,6.0231641841451726e-09,2.5974868387724176e-07,-0.353642,-0.08027000000000001,PRK,391731
11072746,178,6696,2017,2.6049063859384134e-09,1.2248106595879961e-08,-0.353642,-0.08027000000000001,PRK,391732
11079272,178,6697,2017,0.0,1.511997355984424e-09,-0.353642,-0.08027000000000001,PRK,391733
11085798,178,6698,2017,1.968801337692331e-08,9.995820486207065e-08,-0.353642,-0.08027000000000001,PRK,391739
11092324,178,6699,2017,2.722575668123137e-08,3.77336804424731e-07,-0.353642,-0.08027000000000001,PRK,391740
11098850,178,6700,2017,0.0,9.583114808953778e-06,-0.353642,-0.08027000000000001,PRK,391810
11105376,178,6701,2017,1.3463632598982987e-08,2.116633896207121e-06,-0.353642,-0.08027000000000001,PRK,391890
11111902,178,6702,2017,2.1927760131049744e-09,1.2741858910890439e-06,-0.353642,-0.08027000000000001,PRK,391910
11118428,178,6703,2017,4.922594266456581e-08,2.8047584096811284e-07,-0.353642,-0.08027000000000001,PRK,391990
11124954,178,6704,2017,0.0,6.8415812216361525e-06,-0.353642,-0.08027000000000001,PRK,392010
11131480,178,6705,2017,1.2923923632794491e-08,2.8729563842424713e-06,-0.353642,-0.08027000000000001,PRK,392020
11138006,178,6706,2017,0.0,1.5939607374256663e-08,-0.353642,-0.08027000000000001,PRK,392030
11144532,178,6707,2017,0.0,0.0,-0.353642,-0.08027000000000001,PRK,392041
11151058,178,6708,2017,1.3488178599129685e-09,1.4677006723759122e-06,-0.353642,-0.08027000000000001,PRK,392042
11157584,178,6709,2017,1.0589417196620252e-07,2.061914307545782e-07,-0.353642,-0.08027000000000001,PRK,392051
11164110,178,6710,2017,0.0,0.0,-0.353642,-0.08027000000000001,PRK,392059
11170636,178,6711,2017,1.199420599760847e-09,1.0287050665230194e-07,-0.353642,-0.08027000000000001,PRK,392061
11177162,178,6712,2017,1.0202954060977249e-08,2.915248229620744e-07,-0.353642,-0.08027000000000001,PRK,392062
11183688,178,6713,2017,0.0,0.0,-0.353642,-0.08027000000000001,PRK,392063
11190214,178,6714,2017,2.1930487464399374e-08,6.081132724156557e-09,-0.353642,-0.08027000000000001,PRK,392069
11196740,178,6715,2017,0.0,3.774657318625823e-08,-0.353642,-0.08027000000000001,PRK,392071
11203266,178,6716,2017,0.0,0.0,-0.353642,-0.08027000000000001,PRK,392072
11209792,178,6717,2017,0.0,4.51743181983071e-10,-0.353642,-0.08027000000000001,PRK,392073
11216318,178,6718,2017,0.0,1.1588223488522447e-08,-0.353642,-0.08027000000000001,PRK,392079
11222844,178,6719,2017,0.0,2.1695604323266198e-09,-0.353642,-0.08027000000000001,PRK,392091
11229370,178,6720,2017,1.7591300105133189e-09,7.773628493132895e-08,-0.353642,-0.08027000000000001,PRK,392092
11235896,178,6721,2017,0.0,0.0,-0.353642,-0.08027000000000001,PRK,392093
11242422,178,6722,2017,0.0,7.585016600247404e-07,-0.353642,-0.08027000000000001,PRK,392094
11248948,178,6723,2017,1.0491051373810154e-07,1.6786750127850742e-07,-0.353642,-0.08027000000000001,PRK,392099
11255474,178,6724,2017,0.0,5.115893763222633e-07,-0.353642,-0.08027000000000001,PRK,392111
11262000,178,6725,2017,2.454296977630899e-09,7.040468863321501e-07,-0.353642,-0.08027000000000001,PRK,392112
11268526,178,6726,2017,2.215806828057431e-09,2.3137404169387074e-07,-0.353642,-0.08027000000000001,PRK,392113
11275052,178,6727,2017,0.0,0.0,-0.353642,-0.08027000000000001,PRK,392114
11281578,178,6728,2017,1.568277283446775e-08,2.647002929299395e-07,-0.353642,-0.08027000000000001,PRK,392119
11288104,178,6729,2017,9.680578813410865e-08,6.047309986283209e-07,-0.353642,-0.08027000000000001,PRK,392190
11294630,178,6730,2017,2.584027133961778e-08,5.080536490549153e-08,-0.353642,-0.08027000000000001,PRK,392210
11301156,178,6731,2017,0.0,2.0724505626853577e-09,-0.353642,-0.08027000000000001,PRK,392220
11307682,178,6732,2017,1.0309320061612938e-09,1.0539900902599884e-08,-0.353642,-0.08027000000000001,PRK,392290
11314208,178,6733,2017,7.130461524096191e-09,9.092851157724338e-07,-0.353642,-0.08027000000000001,PRK,392310
11320734,178,6734,2017,1.7637058697999253e-08,2.1155620418780432e-06,-0.353642,-0.08027000000000001,PRK,392321
11327260,178,6735,2017,2.1302897756944924e-08,6.551535584162846e-07,-0.353642,-0.08027000000000001,PRK,392329
11333786,178,6736,2017,4.3249749221442096e-08,2.569638512196522e-06,-0.353642,-0.08027000000000001,PRK,392330
11340312,178,6737,2017,0.0,6.128792789871278e-08,-0.353642,-0.08027000000000001,PRK,392340
11346838,178,6738,2017,9.20990168467197e-09,5.165542426950486e-07,-0.353642,-0.08027000000000001,PRK,392350
11353364,178,6739,2017,3.220980685916635e-09,1.6588208502219679e-06,-0.353642,-0.08027000000000001,PRK,392390
11359890,178,6740,2017,3.151585204020416e-10,4.456214155728461e-06,-0.353642,-0.08027000000000001,PRK,392410
11366416,178,6741,2017,5.2982995872204765e-09,2.160966374579869e-06,-0.353642,-0.08027000000000001,PRK,392490
11372942,178,6742,2017,0.0,7.693885712806317e-09,-0.353642,-0.08027000000000001,PRK,392510
11379468,178,6743,2017,0.0,1.03578778977979e-07,-0.353642,-0.08027000000000001,PRK,392520
11385994,178,6744,2017,1.6851889730343783e-09,4.3409768894654954e-08,-0.353642,-0.08027000000000001,PRK,392530
11392520,178,6745,2017,0.0,5.4278418192125715e-06,-0.353642,-0.08027000000000001,PRK,392590
11399046,178,6746,2017,0.0,3.843330236679303e-07,-0.353642,-0.08027000000000001,PRK,392610
11405572,178,6747,2017,3.4428037983534566e-09,1.456770011963732e-06,-0.353642,-0.08027000000000001,PRK,392620
11412098,178,6748,2017,0.0,2.4980834527560103e-07,-0.353642,-0.08027000000000001,PRK,392630
11418624,178,6749,2017,2.5162074446675695e-08,7.167212157688445e-07,-0.353642,-0.08027000000000001,PRK,392640
11425150,178,6750,2017,8.424156946642688e-08,6.1448785591995e-06,-0.353642,-0.08027000000000001,PRK,392690
11431676,178,6751,2017,0.0,1.8375010217638764e-07,-0.353642,-0.08027000000000001,PRK,400110
11438202,178,6752,2017,0.0,2.934836582916095e-06,-0.353642,-0.08027000000000001,PRK,400121
11444728,178,6753,2017,0.0,1.0657592761677058e-07,-0.353642,-0.08027000000000001,PRK,400122
11451254,178,6754,2017,0.0,6.872727306583824e-08,-0.353642,-0.08027000000000001,PRK,400129
11457780,178,6755,2017,0.0,0.0,-0.353642,-0.08027000000000001,PRK,400130
11464306,178,6756,2017,2.039590789967251e-08,0.0,-0.353642,-0.08027000000000001,PRK,400211
11470832,178,6757,2017,1.8066765219085883e-08,1.3542617615828223e-07,-0.353642,-0.08027000000000001,PRK,400219
11477358,178,6758,2017,1.396697712050971e-08,1.668732022719416e-08,-0.353642,-0.08027000000000001,PRK,400220
11483884,178,6759,2017,0.0,0.0,-0.353642,-0.08027000000000001,PRK,400231
11490410,178,6760,2017,0.0,1.1484153525835223e-09,-0.353642,-0.08027000000000001,PRK,400239
11496936,178,6761,2017,0.0,0.0,-0.353642,-0.08027000000000001,PRK,400241
11503462,178,6762,2017,0.0,8.25467035250944e-09,-0.353642,-0.08027000000000001,PRK,400249
11509988,178,6763,2017,0.0,0.0,-0.353642,-0.08027000000000001,PRK,400251
11516514,178,6764,2017,1.549701112965385e-08,7.179137117107192e-08,-0.353642,-0.08027000000000001,PRK,400259
11523040,178,6765,2017,0.0,0.0,-0.353642,-0.08027000000000001,PRK,400260
11529566,178,6766,2017,4.0752724021333616e-08,4.6147405492732846e-08,-0.353642,-0.08027000000000001,PRK,400270
11536092,178,6767,2017,0.0,0.0,-0.353642,-0.08027000000000001,PRK,400280
11542618,178,6768,2017,0.0,0.0,-0.353642,-0.08027000000000001,PRK,400291
11549144,178,6769,2017,0.0,5.094390390040637e-08,-0.353642,-0.08027000000000001,PRK,400299
11555670,178,6770,2017,0.0,7.872693817487071e-08,-0.353642,-0.08027000000000001,PRK,400300
11562196,178,6771,2017,2.505207200157383e-09,4.872462851775145e-08,-0.353642,-0.08027000000000001,PRK,400400
11568722,178,6772,2017,6.644087076744964e-09,0.0,-0.353642,-0.08027000000000001,PRK,400510
11575248,178,6773,2017,0.0,0.0,-0.353642,-0.08027000000000001,PRK,400520
11581774,178,6774,2017,0.0,0.0,-0.353642,-0.08027000000000001,PRK,400591
11588300,178,6775,2017,0.0,1.0440139568941112e-09,-0.353642,-0.08027000000000001,PRK,400599
11594826,178,6776,2017,0.0,0.0,-0.353642,-0.08027000000000001,PRK,400610
11601352,178,6777,2017,0.0,0.0,-0.353642,-0.08027000000000001,PRK,400690
11607878,178,6778,2017,0.0,1.0511066231409474e-08,-0.353642,-0.08027000000000001,PRK,400700
11614404,178,6779,2017,0.0,2.1725665296564703e-07,-0.353642,-0.08027000000000001,PRK,400811
11620930,178,6780,2017,0.0,2.2938478081473473e-09,-0.353642,-0.08027000000000001,PRK,400819
11627456,178,6781,2017,0.0,5.010537840486919e-08,-0.353642,-0.08027000000000001,PRK,400821
11633982,178,6782,2017,0.0,0.0,-0.353642,-0.08027000000000001,PRK,400829
11640508,178,6783,2017,2.6521801639987194e-09,9.67366760807974e-08,-0.353642,-0.08027000000000001,PRK,400910
11647034,178,6784,2017,3.851297726720718e-09,4.1616384919812404e-08,-0.353642,-0.08027000000000001,PRK,400920
11653560,178,6785,2017,4.1261523209559605e-09,2.3496611257159087e-08,-0.353642,-0.08027000000000001,PRK,400930
11660086,178,6786,2017,3.6767483923442028e-09,5.1350903627093973e-08,-0.353642,-0.08027000000000001,PRK,400940
11666612,178,6787,2017,7.007731523362704e-09,1.5974407839486468e-08,-0.353642,-0.08027000000000001,PRK,400950
11673138,178,6788,2017,1.564368105645634e-08,1.7312303439421218e-07,-0.353642,-0.08027000000000001,PRK,401010
11679664,178,6789,2017,0.0,0.0,-0.353642,-0.08027000000000001,PRK,401091
11686190,178,6790,2017,2.498419170487185e-08,1.0625364216544237e-06,-0.353642,-0.08027000000000001,PRK,401099
11692716,178,6791,2017,1.4181133395863675e-07,1.540463473676399e-06,-0.353642,-0.08027000000000001,PRK,401110
11699242,178,6792,2017,6.859061552103818e-08,7.005495058631552e-06,-0.353642,-0.08027000000000001,PRK,401120
11705768,178,6793,2017,0.0,0.0,-0.353642,-0.08027000000000001,PRK,401130
11712294,178,6794,2017,1.992771567465217e-09,3.281531411989483e-07,-0.353642,-0.08027000000000001,PRK,401140
11718820,178,6795,2017,0.0,2.1235568687568368e-06,-0.353642,-0.08027000000000001,PRK,401150
11725346,178,6796,2017,0.0,2.3398043082308193e-07,-0.353642,-0.08027000000000001,PRK,401191
11731872,178,6797,2017,4.136455580276796e-09,5.883181049269389e-07,-0.353642,-0.08027000000000001,PRK,401199
11738398,178,6798,2017,0.0,3.821223655433322e-08,-0.353642,-0.08027000000000001,PRK,401210
11744924,178,6799,2017,9.74567116935544e-10,2.6007879114742158e-08,-0.353642,-0.08027000000000001,PRK,401220
11751450,178,6800,2017,1.8157979367779167e-09,1.8832354617358822e-08,-0.353642,-0.08027000000000001,PRK,401290
11757976,178,6801,2017,2.2874447840411258e-08,1.5220397759507387e-07,-0.353642,-0.08027000000000001,PRK,401310
11764502,178,6802,2017,0.0,6.247091171342458e-07,-0.353642,-0.08027000000000001,PRK,401320
11771028,178,6803,2017,3.818993978379509e-08,1.025954172604854e-07,-0.353642,-0.08027000000000001,PRK,401390
11777554,178,6804,2017,8.175999915529965e-08,0.0,-0.353642,-0.08027000000000001,PRK,401410
11784080,178,6805,2017,0.0,1.5170682809179096e-08,-0.353642,-0.08027000000000001,PRK,401490
11790606,178,6806,2017,0.0,3.15192785081365e-09,-0.353642,-0.08027000000000001,PRK,401511
11797132,178,6807,2017,3.79796320788345e-09,4.641550164820321e-07,-0.353642,-0.08027000000000001,PRK,401519
11803658,178,6808,2017,6.152742821956628e-08,3.265944117896553e-07,-0.353642,-0.08027000000000001,PRK,401590
11810184,178,6809,2017,0.0,2.0252213598734814e-08,-0.353642,-0.08027000000000001,PRK,401610
11816710,178,6810,2017,0.0,1.1853104743871581e-07,-0.353642,-0.08027000000000001,PRK,401691
11823236,178,6811,2017,0.0,7.933445486788242e-08,-0.353642,-0.08027000000000001,PRK,401692
11829762,178,6812,2017,3.3070432049495003e-08,2.2277103525606108e-07,-0.353642,-0.08027000000000001,PRK,401693
11836288,178,6813,2017,0.0,0.0,-0.353642,-0.08027000000000001,PRK,401694
11842814,178,6814,2017,2.176412013007176e-09,1.528370146292541e-08,-0.353642,-0.08027000000000001,PRK,401695
11849340,178,6815,2017,1.9381642930647864e-08,1.713216960273171e-07,-0.353642,-0.08027000000000001,PRK,401699
11855866,178,6816,2017,0.0,1.5096773249691036e-09,-0.353642,-0.08027000000000001,PRK,401700
11862392,178,6817,2017,0.0,0.0,-0.353642,-0.08027000000000001,PRK,410110
11868918,178,6818,2017,0.0,0.0,-0.353642,-0.08027000000000001,PRK,410121
11875444,178,6819,2017,0.0,0.0,-0.353642,-0.08027000000000001,PRK,410122
11881970,178,6820,2017,0.0,0.0,-0.353642,-0.08027000000000001,PRK,410129
11888496,178,6821,2017,0.0,0.0,-0.353642,-0.08027000000000001,PRK,410130
11895022,178,6822,2017,0.0,0.0,-0.353642,-0.08027000000000001,PRK,410140
11901548,178,6823,2017,0.0,0.0,-0.353642,-0.08027000000000001,PRK,410210
11908074,178,6824,2017,0.0,0.0,-0.353642,-0.08027000000000001,PRK,410221
11914600,178,6825,2017,0.0,0.0,-0.353642,-0.08027000000000001,PRK,410229
11921126,178,6826,2017,0.0,0.0,-0.353642,-0.08027000000000001,PRK,410310
11927652,178,6827,2017,0.0,0.0,-0.353642,-0.08027000000000001,PRK,410320
11934178,178,6828,2017,0.0,0.0,-0.353642,-0.08027000000000001,PRK,410390
11940704,178,6829,2017,0.0,0.0,-0.353642,-0.08027000000000001,PRK,410410
11947230,178,6830,2017,0.0,0.0,-0.353642,-0.08027000000000001,PRK,410421
11953756,178,6831,2017,4.5422221752944245e-09,0.0,-0.353642,-0.08027000000000001,PRK,410422
11960282,178,6832,2017,0.0,0.0,-0.353642,-0.08027000000000001,PRK,410429
11966808,178,6833,2017,0.0,5.78052299117149e-08,-0.353642,-0.08027000000000001,PRK,410431
11973334,178,6834,2017,5.464969958586941e-09,1.3874448337619456e-08,-0.353642,-0.08027000000000001,PRK,410439
11979860,178,6835,2017,0.0,0.0,-0.353642,-0.08027000000000001,PRK,410511
11986386,178,6836,2017,0.0,0.0,-0.353642,-0.08027000000000001,PRK,410512
11992912,178,6837,2017,0.0,0.0,-0.353642,-0.08027000000000001,PRK,410519
11999438,178,6838,2017,4.694043731757332e-10,2.0842164342630533e-08,-0.353642,-0.08027000000000001,PRK,410520
12005964,178,6839,2017,0.0,0.0,-0.353642,-0.08027000000000001,PRK,410611
12012490,178,6840,2017,0.0,0.0,-0.353642,-0.08027000000000001,PRK,410612
12019016,178,6841,2017,0.0,0.0,-0.353642,-0.08027000000000001,PRK,410619
12025542,178,6842,2017,0.0,4.723914580194212e-08,-0.353642,-0.08027000000000001,PRK,410620
12032068,178,6843,2017,2.6697563122519103e-09,2.001755903318528e-08,-0.353642,-0.08027000000000001,PRK,410710
12038594,178,6844,2017,0.0,0.0,-0.353642,-0.08027000000000001,PRK,410721
12045120,178,6845,2017,0.0,1.2839714504786626e-08,-0.353642,-0.08027000000000001,PRK,410729
12051646,178,6846,2017,2.4555091257862915e-09,0.0,-0.353642,-0.08027000000000001,PRK,410790
12058172,178,6847,2017,0.0,0.0,-0.353642,-0.08027000000000001,PRK,410800
12064698,178,6848,2017,0.0,0.0,-0.353642,-0.08027000000000001,PRK,410900
12071224,178,6849,2017,8.766861533876023e-10,0.0,-0.353642,-0.08027000000000001,PRK,411000
12077750,178,6850,2017,0.0,2.6206407483053133e-09,-0.353642,-0.08027000000000001,PRK,411100
12084276,178,6851,2017,3.972815579298813e-10,3.854565815453497e-09,-0.353642,-0.08027000000000001,PRK,420100
12090802,178,6852,2017,0.0,1.80842440448187e-07,-0.353642,-0.08027000000000001,PRK,420211
12097328,178,6853,2017,3.886086378780482e-07,7.775391716704539e-07,-0.353642,-0.08027000000000001,PRK,420212
12103854,178,6854,2017,0.0,0.0,-0.353642,-0.08027000000000001,PRK,420219
12110380,178,6855,2017,1.717613936191127e-09,2.2274551491489255e-07,-0.353642,-0.08027000000000001,PRK,420221
12116906,178,6856,2017,2.593694015501033e-09,2.1585667996440236e-07,-0.353642,-0.08027000000000001,PRK,420222
12123432,178,6857,2017,0.0,2.0001981682082417e-09,-0.353642,-0.08027000000000001,PRK,420229
12129958,178,6858,2017,0.0,7.930031726865699e-08,-0.353642,-0.08027000000000001,PRK,420231
12136484,178,6859,2017,6.82015159631572e-09,3.2107572087021274e-08,-0.353642,-0.08027000000000001,PRK,420232
12143010,178,6860,2017,0.0,0.0,-0.353642,-0.08027000000000001,PRK,420239
12149536,178,6861,2017,4.287671062662006e-09,4.136283867313812e-09,-0.353642,-0.08027000000000001,PRK,420291
12156062,178,6862,2017,1.0421140728947893e-08,4.7413247557991793e-07,-0.353642,-0.08027000000000001,PRK,420292
12162588,178,6863,2017,4.019483283281423e-09,1.7234516113807551e-09,-0.353642,-0.08027000000000001,PRK,420299
12169114,178,6864,2017,0.0,9.300010041412305e-10,-0.353642,-0.08027000000000001,PRK,420310
12175640,178,6865,2017,0.0,5.501787836330872e-10,-0.353642,-0.08027000000000001,PRK,420321
12182166,178,6866,2017,6.900153374571623e-10,1.430047231863269e-07,-0.353642,-0.08027000000000001,PRK,420329
12188692,178,6867,2017,1.1588136365551992e-09,3.4880307440030945e-07,-0.353642,-0.08027000000000001,PRK,420330
12195218,178,6868,2017,0.0,3.083188646159733e-08,-0.353642,-0.08027000000000001,PRK,420340
12201744,178,6869,2017,0.0,0.0,-0.353642,-0.08027000000000001,PRK,420400
12208270,178,6870,2017,0.0,1.5868979001490273e-07,-0.353642,-0.08027000000000001,PRK,420500
12214796,178,6871,2017,0.0,0.0,-0.353642,-0.08027000000000001,PRK,420610
12221322,178,6872,2017,0.0,0.0,-0.353642,-0.08027000000000001,PRK,420690
12227848,178,6873,2017,0.0,0.0,-0.353642,-0.08027000000000001,PRK,430110
12234374,178,6874,2017,0.0,0.0,-0.353642,-0.08027000000000001,PRK,430120
12240900,178,6875,2017,0.0,0.0,-0.353642,-0.08027000000000001,PRK,430130
12247426,178,6876,2017,0.0,0.0,-0.353642,-0.08027000000000001,PRK,430140
12253952,178,6877,2017,0.0,0.0,-0.353642,-0.08027000000000001,PRK,430150
12260478,178,6878,2017,0.0,0.0,-0.353642,-0.08027000000000001,PRK,430160
12267004,178,6879,2017,0.0,0.0,-0.353642,-0.08027000000000001,PRK,430170
12273530,178,6880,2017,0.0,0.0,-0.353642,-0.08027000000000001,PRK,430180
12280056,178,6881,2017,0.0,0.0,-0.353642,-0.08027000000000001,PRK,430190
12286582,178,6882,2017,0.0,0.0,-0.353642,-0.08027000000000001,PRK,430211
12293108,178,6883,2017,0.0,0.0,-0.353642,-0.08027000000000001,PRK,430212
12299634,178,6884,2017,0.0,0.0,-0.353642,-0.08027000000000001,PRK,430213
12306160,178,6885,2017,0.0,0.0,-0.353642,-0.08027000000000001,PRK,430219
12312686,178,6886,2017,0.0,0.0,-0.353642,-0.08027000000000001,PRK,430220
12319212,178,6887,2017,0.0,1.2803919740550256e-08,-0.353642,-0.08027000000000001,PRK,430230
12325738,178,6888,2017,0.0,2.1038803542829035e-06,-0.353642,-0.08027000000000001,PRK,430310
12332264,178,6889,2017,0.0,3.9511321349711686e-07,-0.353642,-0.08027000000000001,PRK,430390
12338790,178,6890,2017,0.0,3.642077489090337e-07,-0.353642,-0.08027000000000001,PRK,430400
12345316,178,6891,2017,0.0,6.870606135369817e-10,-0.353642,-0.08027000000000001,PRK,440110
12351842,178,6892,2017,0.0,0.0,-0.353642,-0.08027000000000001,PRK,440121
12358368,178,6893,2017,0.0,0.0,-0.353642,-0.08027000000000001,PRK,440122
12364894,178,6894,2017,0.0,6.694946644209856e-10,-0.353642,-0.08027000000000001,PRK,440130
12371420,178,6895,2017,3.09385664811985e-08,1.2951738859526374e-08,-0.353642,-0.08027000000000001,PRK,440200
12377946,178,6896,2017,0.0,0.0,-0.353642,-0.08027000000000001,PRK,440310
12384472,178,6897,2017,5.423347821301152e-07,0.0,-0.353642,-0.08027000000000001,PRK,440320
12390998,178,6898,2017,0.0,0.0,-0.353642,-0.08027000000000001,PRK,440331
12397524,178,6899,2017,0.0,0.0,-0.353642,-0.08027000000000001,PRK,440332
12404050,178,6900,2017,0.0,3.6595174936655016e-08,-0.353642,-0.08027000000000001,PRK,440333
12410576,178,6901,2017,0.0,0.0,-0.353642,-0.08027000000000001,PRK,440334
12417102,178,6902,2017,0.0,0.0,-0.353642,-0.08027000000000001,PRK,440335
12423628,178,6903,2017,7.441492680029122e-07,0.0,-0.353642,-0.08027000000000001,PRK,440391
12430154,178,6904,2017,0.0,0.0,-0.353642,-0.08027000000000001,PRK,440392
12436680,178,6905,2017,3.4839077423028154e-07,8.870141437573682e-08,-0.353642,-0.08027000000000001,PRK,440399
12443206,178,6906,2017,0.0,1.6505363508992616e-09,-0.353642,-0.08027000000000001,PRK,440410
12449732,178,6907,2017,0.0,0.0,-0.353642,-0.08027000000000001,PRK,440420
12456258,178,6908,2017,0.0,8.086965253402004e-10,-0.353642,-0.08027000000000001,PRK,440500
12462784,178,6909,2017,0.0,0.0,-0.353642,-0.08027000000000001,PRK,440610
12469310,178,6910,2017,3.3510441829902465e-08,0.0,-0.353642,-0.08027000000000001,PRK,440690
12475836,178,6911,2017,7.138279879698473e-07,5.0681740395675176e-08,-0.353642,-0.08027000000000001,PRK,440710
12482362,178,6912,2017,0.0,0.0,-0.353642,-0.08027000000000001,PRK,440721
12488888,178,6913,2017,2.72127260885609e-08,3.332525693706222e-08,-0.353642,-0.08027000000000001,PRK,440722
12495414,178,6914,2017,0.0,0.0,-0.353642,-0.08027000000000001,PRK,440723
12501940,178,6915,2017,9.866007177482028e-08,0.0,-0.353642,-0.08027000000000001,PRK,440791
12508466,178,6916,2017,0.0,0.0,-0.353642,-0.08027000000000001,PRK,440792
12514992,178,6917,2017,7.021671227149717e-09,2.0092794324682096e-08,-0.353642,-0.08027000000000001,PRK,440799
12521518,178,6918,2017,3.684930392393102e-10,0.0,-0.353642,-0.08027000000000001,PRK,440810
12528044,178,6919,2017,0.0,0.0,-0.353642,-0.08027000000000001,PRK,440820
12534570,178,6920,2017,0.0,1.0844156398609024e-08,-0.353642,-0.08027000000000001,PRK,440890
12541096,178,6921,2017,0.0,0.0,-0.353642,-0.08027000000000001,PRK,440910
12547622,178,6922,2017,0.0,1.51531168600631e-09,-0.353642,-0.08027000000000001,PRK,440920
12554148,178,6923,2017,0.0,2.9921108571583036e-08,-0.353642,-0.08027000000000001,PRK,441010
12560674,178,6924,2017,0.0,3.579476423636953e-10,-0.353642,-0.08027000000000001,PRK,441090
12567200,178,6925,2017,0.0,0.0,-0.353642,-0.08027000000000001,PRK,441111
12573726,178,6926,2017,0.0,1.4543144248505166e-06,-0.353642,-0.08027000000000001,PRK,441119
12580252,178,6927,2017,0.0,0.0,-0.353642,-0.08027000000000001,PRK,441121
12586778,178,6928,2017,0.0,0.0,-0.353642,-0.08027000000000001,PRK,441129
12593304,178,6929,2017,0.0,0.0,-0.353642,-0.08027000000000001,PRK,441131
12599830,178,6930,2017,0.0,0.0,-0.353642,-0.08027000000000001,PRK,441139
12606356,178,6931,2017,0.0,0.0,-0.353642,-0.08027000000000001,PRK,441191
12612882,178,6932,2017,0.0,1.4914485098487304e-09,-0.353642,-0.08027000000000001,PRK,441199
12619408,178,6933,2017,0.0,1.8406463209546463e-08,-0.353642,-0.08027000000000001,PRK,441211
12625934,178,6934,2017,0.0,2.216910608184295e-06,-0.353642,-0.08027000000000001,PRK,441212
12632460,178,6935,2017,4.706165213311256e-10,1.4605254793115311e-06,-0.353642,-0.08027000000000001,PRK,441219
12638986,178,6936,2017,0.0,0.0,-0.353642,-0.08027000000000001,PRK,441221
12645512,178,6937,2017,0.0,0.0,-0.353642,-0.08027000000000001,PRK,441229
12652038,178,6938,2017,0.0,0.0,-0.353642,-0.08027000000000001,PRK,441291
12658564,178,6939,2017,0.0,7.390892976535514e-07,-0.353642,-0.08027000000000001,PRK,441299
12665090,178,6940,2017,0.0,1.0736705819299477e-07,-0.353642,-0.08027000000000001,PRK,441300
12671616,178,6941,2017,0.0,8.996781987709949e-08,-0.353642,-0.08027000000000001,PRK,441400
12678142,178,6942,2017,0.0,2.6541817681268005e-08,-0.353642,-0.08027000000000001,PRK,441510
12684668,178,6943,2017,0.0,1.549780718233925e-08,-0.353642,-0.08027000000000001,PRK,441520
12691194,178,6944,2017,0.0,0.0,-0.353642,-0.08027000000000001,PRK,441600
12697720,178,6945,2017,0.0,0.0,-0.353642,-0.08027000000000001,PRK,441700
12704246,178,6946,2017,0.0,0.0,-0.353642,-0.08027000000000001,PRK,441810
12710772,178,6947,2017,0.0,9.714765300351127e-08,-0.353642,-0.08027000000000001,PRK,441820
12717298,178,6948,2017,0.0,0.0,-0.353642,-0.08027000000000001,PRK,441830
12723824,178,6949,2017,0.0,4.645225756814593e-07,-0.353642,-0.08027000000000001,PRK,441840
12730350,178,6950,2017,0.0,0.0,-0.353642,-0.08027000000000001,PRK,441850
12736876,178,6951,2017,0.0,1.1252919348868276e-06,-0.353642,-0.08027000000000001,PRK,441890
12743402,178,6952,2017,7.006731501134506e-08,1.0056008719404518e-08,-0.353642,-0.08027000000000001,PRK,441900
12749928,178,6953,2017,3.663717799673734e-10,9.386182621981344e-10,-0.353642,-0.08027000000000001,PRK,442010
12756454,178,6954,2017,0.0,0.0,-0.353642,-0.08027000000000001,PRK,442090
12762980,178,6955,2017,3.4061363166528344e-10,7.626273380359841e-10,-0.353642,-0.08027000000000001,PRK,442110
12769506,178,6956,2017,1.1113389449381367e-06,4.1808483487880924e-07,-0.353642,-0.08027000000000001,PRK,442190
12776032,178,6957,2017,0.0,0.0,-0.353642,-0.08027000000000001,PRK,450110
12782558,178,6958,2017,0.0,0.0,-0.353642,-0.08027000000000001,PRK,450190
12789084,178,6959,2017,0.0,0.0,-0.353642,-0.08027000000000001,PRK,450200
12795610,178,6960,2017,0.0,0.0,-0.353642,-0.08027000000000001,PRK,450310
12802136,178,6961,2017,0.0,0.0,-0.353642,-0.08027000000000001,PRK,450390
12808662,178,6962,2017,0.0,0.0,-0.353642,-0.08027000000000001,PRK,450410
12815188,178,6963,2017,0.0,0.0,-0.353642,-0.08027000000000001,PRK,450490
12821714,178,6964,2017,0.0,0.0,-0.353642,-0.08027000000000001,PRK,460110
12828240,178,6965,2017,0.0,4.139598197335698e-09,-0.353642,-0.08027000000000001,PRK,460120
12834766,178,6966,2017,7.715323009073057e-10,1.372132629060832e-09,-0.353642,-0.08027000000000001,PRK,460191
12841292,178,6967,2017,0.0,1.5786153894243338e-09,-0.353642,-0.08027000000000001,PRK,460199
12847818,178,6968,2017,3.445440220591435e-08,1.4876370303235614e-08,-0.353642,-0.08027000000000001,PRK,460210
12854344,178,6969,2017,0.0,5.127268543857746e-09,-0.353642,-0.08027000000000001,PRK,460290
12860870,178,6970,2017,0.0,4.193290343690252e-09,-0.353642,-0.08027000000000001,PRK,470100
12867396,178,6971,2017,0.0,1.2366759610663483e-08,-0.353642,-0.08027000000000001,PRK,470200
12873922,178,6972,2017,0.0,0.0,-0.353642,-0.08027000000000001,PRK,470311
12880448,178,6973,2017,0.0,0.0,-0.353642,-0.08027000000000001,PRK,470319
12886974,178,6974,2017,0.0,1.0880945461851959e-07,-0.353642,-0.08027000000000001,PRK,470321
12893500,178,6975,2017,0.0,1.2375509441921263e-07,-0.353642,-0.08027000000000001,PRK,470329
12900026,178,6976,2017,0.0,0.0,-0.353642,-0.08027000000000001,PRK,470411
12906552,178,6977,2017,0.0,0.0,-0.353642,-0.08027000000000001,PRK,470419
12913078,178,6978,2017,0.0,0.0,-0.353642,-0.08027000000000001,PRK,470421
12919604,178,6979,2017,0.0,0.0,-0.353642,-0.08027000000000001,PRK,470429
12926130,178,6980,2017,0.0,0.0,-0.353642,-0.08027000000000001,PRK,470500
12932656,178,6981,2017,0.0,8.265939074583851e-09,-0.353642,-0.08027000000000001,PRK,470610
12939182,178,6982,2017,0.0,7.751886488189322e-09,-0.353642,-0.08027000000000001,PRK,470691
12945708,178,6983,2017,1.8185252701275497e-09,0.0,-0.353642,-0.08027000000000001,PRK,470692
12952234,178,6984,2017,0.0,0.0,-0.353642,-0.08027000000000001,PRK,470693
12958760,178,6985,2017,0.0,0.0,-0.353642,-0.08027000000000001,PRK,470710
12965286,178,6986,2017,0.0,0.0,-0.353642,-0.08027000000000001,PRK,470720
12971812,178,6987,2017,1.3716668526421166e-08,0.0,-0.353642,-0.08027000000000001,PRK,470730
12978338,178,6988,2017,4.429795433881774e-09,8.108508398544264e-09,-0.353642,-0.08027000000000001,PRK,470790
12984864,178,6989,2017,3.374196212758243e-08,6.686773506375885e-07,-0.353642,-0.08027000000000001,PRK,480100
12991390,178,6990,2017,1.2316940443981714e-08,0.0,-0.353642,-0.08027000000000001,PRK,480210
12997916,178,6991,2017,0.0,2.1315450669755864e-08,-0.353642,-0.08027000000000001,PRK,480220
13004442,178,6992,2017,0.0,0.0,-0.353642,-0.08027000000000001,PRK,480230
13010968,178,6993,2017,0.0,4.3430980606795025e-09,-0.353642,-0.08027000000000001,PRK,480240
13017494,178,6994,2017,0.0,0.0,-0.353642,-0.08027000000000001,PRK,480251
13024020,178,6995,2017,1.4043342454299435e-08,2.4505668975312366e-06,-0.353642,-0.08027000000000001,PRK,480252
13030546,178,6996,2017,4.143425432170303e-08,0.0,-0.353642,-0.08027000000000001,PRK,480253
13037072,178,6997,2017,4.740105361662245e-09,0.0,-0.353642,-0.08027000000000001,PRK,480260
13043598,178,6998,2017,0.0,8.611656839166787e-08,-0.353642,-0.08027000000000001,PRK,480300
13050124,178,6999,2017,0.0,1.4970828708859366e-09,-0.353642,-0.08027000000000001,PRK,480411
13056650,178,7000,2017,0.0,5.4557186490266556e-09,-0.353642,-0.08027000000000001,PRK,480419
13063176,178,7001,2017,0.0,3.789936380026718e-08,-0.353642,-0.08027000000000001,PRK,480421
13069702,178,7002,2017,9.412330426622512e-10,0.0,-0.353642,-0.08027000000000001,PRK,480429
13076228,178,7003,2017,0.0,1.8080830284896159e-07,-0.353642,-0.08027000000000001,PRK,480431
13082754,178,7004,2017,0.0,4.989127268545535e-08,-0.353642,-0.08027000000000001,PRK,480439
13089280,178,7005,2017,0.0,1.1393639172937515e-07,-0.353642,-0.08027000000000001,PRK,480441
13095806,178,7006,2017,0.0,0.0,-0.353642,-0.08027000000000001,PRK,480442
13102332,178,7007,2017,0.0,0.0,-0.353642,-0.08027000000000001,PRK,480449
13108858,178,7008,2017,0.0,1.656833577940845e-09,-0.353642,-0.08027000000000001,PRK,480451
13115384,178,7009,2017,0.0,0.0,-0.353642,-0.08027000000000001,PRK,480452
13121910,178,7010,2017,0.0,0.0,-0.353642,-0.08027000000000001,PRK,480459
13128436,178,7011,2017,0.0,5.391752079604255e-09,-0.353642,-0.08027000000000001,PRK,480510
13134962,178,7012,2017,0.0,0.0,-0.353642,-0.08027000000000001,PRK,480521
13141488,178,7013,2017,0.0,1.3576291208850586e-07,-0.353642,-0.08027000000000001,PRK,480522
13148014,178,7014,2017,0.0,0.0,-0.353642,-0.08027000000000001,PRK,480523
13154540,178,7015,2017,0.0,0.0,-0.353642,-0.08027000000000001,PRK,480529
13161066,178,7016,2017,0.0,5.324471180159967e-09,-0.353642,-0.08027000000000001,PRK,480530
13167592,178,7017,2017,0.0,1.9481631868646306e-09,-0.353642,-0.08027000000000001,PRK,480540
13174118,178,7018,2017,0.0,0.0,-0.353642,-0.08027000000000001,PRK,480550
13180644,178,7019,2017,2.228685902208476e-08,3.791891834739631e-07,-0.353642,-0.08027000000000001,PRK,480560
13187170,178,7020,2017,0.0,0.0,-0.353642,-0.08027000000000001,PRK,480570
13193696,178,7021,2017,0.0,2.2014674874473167e-07,-0.353642,-0.08027000000000001,PRK,480580
13200222,178,7022,2017,0.0,0.0,-0.353642,-0.08027000000000001,PRK,480610
13206748,178,7023,2017,0.0,3.455189047816225e-09,-0.353642,-0.08027000000000001,PRK,480620
13213274,178,7024,2017,0.0,8.071023325996733e-08,-0.353642,-0.08027000000000001,PRK,480630
13219800,178,7025,2017,0.0,1.2456909387258784e-08,-0.353642,-0.08027000000000001,PRK,480640
13226326,178,7026,2017,0.0,0.0,-0.353642,-0.08027000000000001,PRK,480710
13232852,178,7027,2017,0.0,0.0,-0.353642,-0.08027000000000001,PRK,480791
13239378,178,7028,2017,0.0,0.0,-0.353642,-0.08027000000000001,PRK,480799
13245904,178,7029,2017,0.0,5.283913723682148e-07,-0.353642,-0.08027000000000001,PRK,480810
13252430,178,7030,2017,0.0,0.0,-0.353642,-0.08027000000000001,PRK,480820
13258956,178,7031,2017,0.0,0.0,-0.353642,-0.08027000000000001,PRK,480830
13265482,178,7032,2017,0.0,2.2693217659853902e-08,-0.353642,-0.08027000000000001,PRK,480890
13272008,178,7033,2017,0.0,0.0,-0.353642,-0.08027000000000001,PRK,480910
13278534,178,7034,2017,0.0,7.583187090075322e-10,-0.353642,-0.08027000000000001,PRK,480920
13285060,178,7035,2017,4.875259880988505e-09,1.1266733476399497e-08,-0.353642,-0.08027000000000001,PRK,480990
13291586,178,7036,2017,8.411883946569339e-08,2.2613014187654282e-06,-0.353642,-0.08027000000000001,PRK,481011
13298112,178,7037,2017,0.0,0.0,-0.353642,-0.08027000000000001,PRK,481012
13304638,178,7038,2017,0.0,1.968712033000324e-09,-0.353642,-0.08027000000000001,PRK,481021
13311164,178,7039,2017,4.445856396940723e-09,2.1915675836719433e-08,-0.353642,-0.08027000000000001,PRK,481029
13317690,178,7040,2017,0.0,7.060517245623889e-09,-0.353642,-0.08027000000000001,PRK,481031
13324216,178,7041,2017,0.0,1.4596528162167686e-06,-0.353642,-0.08027000000000001,PRK,481032
13330742,178,7042,2017,0.0,2.7528825161785676e-09,-0.353642,-0.08027000000000001,PRK,481039
13337268,178,7043,2017,9.403602959903686e-08,1.0798750077309184e-08,-0.353642,-0.08027000000000001,PRK,481091
13343794,178,7044,2017,1.3141201189648592e-08,8.490650650067728e-09,-0.353642,-0.08027000000000001,PRK,481099
13350320,178,7045,2017,0.0,6.44902335658591e-09,-0.353642,-0.08027000000000001,PRK,481110
13356846,178,7046,2017,0.0,1.7768653540134708e-07,-0.353642,-0.08027000000000001,PRK,481121
13363372,178,7047,2017,5.977708628317955e-09,2.0161069523132948e-09,-0.353642,-0.08027000000000001,PRK,481129
13369898,178,7048,2017,2.1224108126844415e-08,2.413471921627281e-07,-0.353642,-0.08027000000000001,PRK,481131
13376424,178,7049,2017,9.647790205807498e-09,4.4377752120847003e-07,-0.353642,-0.08027000000000001,PRK,481139
13382950,178,7050,2017,0.0,4.509377997877527e-08,-0.353642,-0.08027000000000001,PRK,481140
13389476,178,7051,2017,5.573093574047949e-08,1.2062424570733816e-06,-0.353642,-0.08027000000000001,PRK,481190
13396002,178,7052,2017,0.0,0.0,-0.353642,-0.08027000000000001,PRK,481200
13402528,178,7053,2017,0.0,0.0,-0.353642,-0.08027000000000001,PRK,481310
13409054,178,7054,2017,0.0,3.7459088200159834e-07,-0.353642,-0.08027000000000001,PRK,481320
13415580,178,7055,2017,0.0,5.449885428188136e-07,-0.353642,-0.08027000000000001,PRK,481390
13422106,178,7056,2017,0.0,0.0,-0.353642,-0.08027000000000001,PRK,481410
13428632,178,7057,2017,3.4865017393553554e-08,1.7335387748023653e-06,-0.353642,-0.08027000000000001,PRK,481420
13435158,178,7058,2017,0.0,0.0,-0.353642,-0.08027000000000001,PRK,481430
13441684,178,7059,2017,2.9196709581899525e-08,4.9373242903034556e-08,-0.353642,-0.08027000000000001,PRK,481490
13448210,178,7060,2017,0.0,0.0,-0.353642,-0.08027000000000001,PRK,481500
13454736,178,7061,2017,0.0,0.0,-0.353642,-0.08027000000000001,PRK,481610
13461262,178,7062,2017,0.0,6.711518294319286e-10,-0.353642,-0.08027000000000001,PRK,481620
13467788,178,7063,2017,0.0,0.0,-0.353642,-0.08027000000000001,PRK,481630
13474314,178,7064,2017,2.1339868275684394e-09,7.556341016898045e-09,-0.353642,-0.08027000000000001,PRK,481690
13480840,178,7065,2017,0.0,0.0,-0.353642,-0.08027000000000001,PRK,481710
13487366,178,7066,2017,0.0,0.0,-0.353642,-0.08027000000000001,PRK,481720
13493892,178,7067,2017,0.0,3.710061026499264e-08,-0.353642,-0.08027000000000001,PRK,481730
13500418,178,7068,2017,0.0,3.5917261873978436e-07,-0.353642,-0.08027000000000001,PRK,481810
13506944,178,7069,2017,1.2626038223606792e-08,2.4321879432608716e-08,-0.353642,-0.08027000000000001,PRK,481820
13513470,178,7070,2017,0.0,1.7135086213150969e-09,-0.353642,-0.08027000000000001,PRK,481830
13519996,178,7071,2017,1.539428157348434e-09,8.17056922820408e-07,-0.353642,-0.08027000000000001,PRK,481840
13526522,178,7072,2017,0.0,2.8364036327300965e-09,-0.353642,-0.08027000000000001,PRK,481850
13533048,178,7073,2017,0.0,5.698990472633093e-09,-0.353642,-0.08027000000000001,PRK,481890
13539574,178,7074,2017,7.286343776879664e-08,2.5446358693774177e-06,-0.353642,-0.08027000000000001,PRK,481910
13546100,178,7075,2017,1.7448872696874575e-09,2.816092424056972e-06,-0.353642,-0.08027000000000001,PRK,481920
13552626,178,7076,2017,0.0,5.236641434579986e-10,-0.353642,-0.08027000000000001,PRK,481930
13559152,178,7077,2017,0.0,1.7057530890638834e-08,-0.353642,-0.08027000000000001,PRK,481940
13565678,178,7078,2017,0.0,2.502319166523981e-09,-0.353642,-0.08027000000000001,PRK,481950
13572204,178,7079,2017,0.0,0.0,-0.353642,-0.08027000000000001,PRK,481960
13578730,178,7080,2017,9.857794873729245e-10,4.886214007035951e-07,-0.353642,-0.08027000000000001,PRK,482010
13585256,178,7081,2017,0.0,5.63303530519756e-09,-0.353642,-0.08027000000000001,PRK,482020
13591782,178,7082,2017,0.0,0.0,-0.353642,-0.08027000000000001,PRK,482030
13598308,178,7083,2017,0.0,0.0,-0.353642,-0.08027000000000001,PRK,482040
13604834,178,7084,2017,0.0,3.6111945619464025e-08,-0.353642,-0.08027000000000001,PRK,482050
13611360,178,7085,2017,0.0,1.2673003704685756e-08,-0.353642,-0.08027000000000001,PRK,482090
13617886,178,7086,2017,1.4839723792392286e-09,9.351080552719547e-07,-0.353642,-0.08027000000000001,PRK,482110
13624412,178,7087,2017,0.0,4.079940256941749e-10,-0.353642,-0.08027000000000001,PRK,482190
13630938,178,7088,2017,0.0,5.7268308448169355e-09,-0.353642,-0.08027000000000001,PRK,482210
13637464,178,7089,2017,0.0,9.084976309592337e-08,-0.353642,-0.08027000000000001,PRK,482290
13643990,178,7090,2017,0.0,0.0,-0.353642,-0.08027000000000001,PRK,482311
13650516,178,7091,2017,0.0,0.0,-0.353642,-0.08027000000000001,PRK,482319
13657042,178,7092,2017,0.0,1.7221921659724384e-08,-0.353642,-0.08027000000000001,PRK,482320
13663568,178,7093,2017,0.0,0.0,-0.353642,-0.08027000000000001,PRK,482330
13670094,178,7094,2017,0.0,1.8841966174422293e-09,-0.353642,-0.08027000000000001,PRK,482340
13676620,178,7095,2017,0.0,0.0,-0.353642,-0.08027000000000001,PRK,482351
13683146,178,7096,2017,2.2655049024285224e-09,3.35178195113338e-08,-0.353642,-0.08027000000000001,PRK,482359
13689672,178,7097,2017,0.0,5.293349621254457e-08,-0.353642,-0.08027000000000001,PRK,482360
13696198,178,7098,2017,0.0,3.700449469435794e-09,-0.353642,-0.08027000000000001,PRK,482370
13702724,178,7099,2017,8.008238610823648e-08,5.768429000921628e-07,-0.353642,-0.08027000000000001,PRK,482390
13709250,178,7100,2017,5.4889098846559425e-09,4.0003963364164833e-10,-0.353642,-0.08027000000000001,PRK,490110
13715776,178,7101,2017,0.0,0.0,-0.353642,-0.08027000000000001,PRK,490191
13722302,178,7102,2017,9.489362441897704e-08,1.7566611982000533e-08,-0.353642,-0.08027000000000001,PRK,490199
13728828,178,7103,2017,0.0,0.0,-0.353642,-0.08027000000000001,PRK,490210
13735354,178,7104,2017,0.0,1.1407923935331844e-09,-0.353642,-0.08027000000000001,PRK,490290
13741880,178,7105,2017,0.0,0.0,-0.353642,-0.08027000000000001,PRK,490300
13748406,178,7106,2017,0.0,0.0,-0.353642,-0.08027000000000001,PRK,490400
13754932,178,7107,2017,0.0,0.0,-0.353642,-0.08027000000000001,PRK,490510
13761458,178,7108,2017,0.0,0.0,-0.353642,-0.08027000000000001,PRK,490591
13767984,178,7109,2017,0.0,0.0,-0.353642,-0.08027000000000001,PRK,490599
13774510,178,7110,2017,0.0,0.0,-0.353642,-0.08027000000000001,PRK,490600
13781036,178,7111,2017,0.0,0.0,-0.353642,-0.08027000000000001,PRK,490700
13787562,178,7112,2017,0.0,1.6989255692187982e-09,-0.353642,-0.08027000000000001,PRK,490810
13794088,178,7113,2017,3.930390393860076e-09,3.194782137996637e-08,-0.353642,-0.08027000000000001,PRK,490890
13800614,178,7114,2017,0.0,0.0,-0.353642,-0.08027000000000001,PRK,490900
13807140,178,7115,2017,0.0,0.0,-0.353642,-0.08027000000000001,PRK,491000
13813666,178,7116,2017,1.5197307498233065e-09,4.040168296679116e-10,-0.353642,-0.08027000000000001,PRK,491110
13820192,178,7117,2017,0.0,4.2058847977734195e-10,-0.353642,-0.08027000000000001,PRK,491191
13826718,178,7118,2017,0.0,3.1525907168180273e-09,-0.353642,-0.08027000000000001,PRK,491199
13833244,178,7119,2017,0.0,0.0,-0.353642,-0.08027000000000001,PRK,500100
13839770,178,7120,2017,2.2820507247496295e-08,0.0,-0.353642,-0.08027000000000001,PRK,500200
13846296,178,7121,2017,0.0,0.0,-0.353642,-0.08027000000000001,PRK,500310
13852822,178,7122,2017,3.304255264192098e-08,0.0,-0.353642,-0.08027000000000001,PRK,500390
13859348,178,7123,2017,0.0,0.0,-0.353642,-0.08027000000000001,PRK,500400
13865874,178,7124,2017,0.0,0.0,-0.353642,-0.08027000000000001,PRK,500500
13872400,178,7125,2017,0.0,0.0,-0.353642,-0.08027000000000001,PRK,500600
13878926,178,7126,2017,0.0,0.0,-0.353642,-0.08027000000000001,PRK,500710
13885452,178,7127,2017,0.0,0.0,-0.353642,-0.08027000000000001,PRK,500720
13891978,178,7128,2017,0.0,0.0,-0.353642,-0.08027000000000001,PRK,500790
13898504,178,7129,2017,0.0,0.0,-0.353642,-0.08027000000000001,PRK,510111
13905030,178,7130,2017,0.0,0.0,-0.353642,-0.08027000000000001,PRK,510119
13911556,178,7131,2017,0.0,0.0,-0.353642,-0.08027000000000001,PRK,510121
13918082,178,7132,2017,0.0,0.0,-0.353642,-0.08027000000000001,PRK,510129
13924608,178,7133,2017,0.0,0.0,-0.353642,-0.08027000000000001,PRK,510130
13931134,178,7134,2017,0.0,0.0,-0.353642,-0.08027000000000001,PRK,510210
13937660,178,7135,2017,0.0,0.0,-0.353642,-0.08027000000000001,PRK,510220
13944186,178,7136,2017,0.0,0.0,-0.353642,-0.08027000000000001,PRK,510310
13950712,178,7137,2017,0.0,0.0,-0.353642,-0.08027000000000001,PRK,510320
13957238,178,7138,2017,0.0,0.0,-0.353642,-0.08027000000000001,PRK,510330
13963764,178,7139,2017,0.0,0.0,-0.353642,-0.08027000000000001,PRK,510400
13970290,178,7140,2017,0.0,0.0,-0.353642,-0.08027000000000001,PRK,510510
13976816,178,7141,2017,0.0,0.0,-0.353642,-0.08027000000000001,PRK,510521
13983342,178,7142,2017,0.0,0.0,-0.353642,-0.08027000000000001,PRK,510529
13989868,178,7143,2017,0.0,0.0,-0.353642,-0.08027000000000001,PRK,510530
13996394,178,7144,2017,0.0,0.0,-0.353642,-0.08027000000000001,PRK,510540
14002920,178,7145,2017,2.0475333907554601e-07,2.5556135932759088e-08,-0.353642,-0.08027000000000001,PRK,510610
14009446,178,7146,2017,0.0,5.170354834142265e-09,-0.353642,-0.08027000000000001,PRK,510620
14015972,178,7147,2017,0.0,3.5542875154706185e-09,-0.353642,-0.08027000000000001,PRK,510710
14022498,178,7148,2017,0.0,7.029627689819912e-08,-0.353642,-0.08027000000000001,PRK,510720
14029024,178,7149,2017,0.0,0.0,-0.353642,-0.08027000000000001,PRK,510810
14035550,178,7150,2017,0.0,0.0,-0.353642,-0.08027000000000001,PRK,510820
14042076,178,7151,2017,0.0,1.894205894108325e-08,-0.353642,-0.08027000000000001,PRK,510910
14048602,178,7152,2017,0.0,0.0,-0.353642,-0.08027000000000001,PRK,510990
14055128,178,7153,2017,0.0,0.0,-0.353642,-0.08027000000000001,PRK,511000
14061654,178,7154,2017,0.0,9.283438391302874e-09,-0.353642,-0.08027000000000001,PRK,511111
14068180,178,7155,2017,0.0,9.742605672534971e-08,-0.353642,-0.08027000000000001,PRK,511119
14074706,178,7156,2017,9.175961536320981e-10,5.591609494254006e-07,-0.353642,-0.08027000000000001,PRK,511120
14081232,178,7157,2017,0.0,6.403689950546552e-07,-0.353642,-0.08027000000000001,PRK,511130
14087758,178,7158,2017,0.0,1.2035326608474877e-08,-0.353642,-0.08027000000000001,PRK,511190
14094284,178,7159,2017,0.0,1.3022367232292767e-07,-0.353642,-0.08027000000000001,PRK,511211
14100810,178,7160,2017,0.0,1.0430826301579613e-07,-0.353642,-0.08027000000000001,PRK,511219
14107336,178,7161,2017,0.0,4.150359826916762e-07,-0.353642,-0.08027000000000001,PRK,511220
14113862,178,7162,2017,0.0,9.917655326970904e-07,-0.353642,-0.08027000000000001,PRK,511230
14120388,178,7163,2017,0.0,2.846976345499913e-08,-0.353642,-0.08027000000000001,PRK,511290
14126914,178,7164,2017,0.0,3.903949332779599e-09,-0.353642,-0.08027000000000001,PRK,511300
14133440,178,7165,2017,0.0,1.052875149640626e-06,-0.353642,-0.08027000000000001,PRK,520100
14139966,178,7166,2017,0.0,0.0,-0.353642,-0.08027000000000001,PRK,520210
14146492,178,7167,2017,0.0,0.0,-0.353642,-0.08027000000000001,PRK,520291
14153018,178,7168,2017,0.0,3.661638664879508e-08,-0.353642,-0.08027000000000001,PRK,520299
14159544,178,7169,2017,0.0,3.0276404749929225e-09,-0.353642,-0.08027000000000001,PRK,520300
14166070,178,7170,2017,0.0,1.8679564003349874e-09,-0.353642,-0.08027000000000001,PRK,520411
14172596,178,7171,2017,0.0,0.0,-0.353642,-0.08027000000000001,PRK,520419
14179122,178,7172,2017,0.0,7.689245650775677e-10,-0.353642,-0.08027000000000001,PRK,520420
14185648,178,7173,2017,0.0,1.2342565001503715e-08,-0.353642,-0.08027000000000001,PRK,520511
14192174,178,7174,2017,0.0,6.487144780497644e-07,-0.353642,-0.08027000000000001,PRK,520512
14198700,178,7175,2017,0.0,7.266834289486297e-08,-0.353642,-0.08027000000000001,PRK,520513
14205226,178,7176,2017,0.0,1.3787612891046041e-08,-0.353642,-0.08027000000000001,PRK,520514
14211752,178,7177,2017,0.0,0.0,-0.353642,-0.08027000000000001,PRK,520515
14218278,178,7178,2017,0.0,0.0,-0.353642,-0.08027000000000001,PRK,520521
14224804,178,7179,2017,5.888009664818912e-09,6.751290254581919e-10,-0.353642,-0.08027000000000001,PRK,520522
14231330,178,7180,2017,1.1250068245013032e-07,3.150817550256318e-07,-0.353642,-0.08027000000000001,PRK,520523
14237856,178,7181,2017,8.900379653192504e-08,1.902442004212712e-07,-0.353642,-0.08027000000000001,PRK,520524
14244382,178,7182,2017,0.0,3.715622472275989e-07,-0.353642,-0.08027000000000001,PRK,520525
14250908,178,7183,2017,0.0,3.6536842728269817e-08,-0.353642,-0.08027000000000001,PRK,520531
14257434,178,7184,2017,0.0,7.825398328074756e-08,-0.353642,-0.08027000000000001,PRK,520532
14263960,178,7185,2017,0.0,1.4549908796079835e-09,-0.353642,-0.08027000000000001,PRK,520533
14270486,178,7186,2017,0.0,7.207010632591253e-08,-0.353642,-0.08027000000000001,PRK,520534
14277012,178,7187,2017,0.0,0.0,-0.353642,-0.08027000000000001,PRK,520535
14283538,178,7188,2017,0.0,0.0,-0.353642,-0.08027000000000001,PRK,520541
14290064,178,7189,2017,0.0,3.807767475544465e-08,-0.353642,-0.08027000000000001,PRK,520542
14296590,178,7190,2017,0.0,0.0,-0.353642,-0.08027000000000001,PRK,520543
14303116,178,7191,2017,0.0,2.1586231432543955e-08,-0.353642,-0.08027000000000001,PRK,520544
14309642,178,7192,2017,0.0,6.53277647623897e-08,-0.353642,-0.08027000000000001,PRK,520545
14316168,178,7193,2017,0.0,0.0,-0.353642,-0.08027000000000001,PRK,520611
14322694,178,7194,2017,0.0,5.070924933485683e-10,-0.353642,-0.08027000000000001,PRK,520612
14329220,178,7195,2017,0.0,0.0,-0.353642,-0.08027000000000001,PRK,520613
14335746,178,7196,2017,0.0,0.0,-0.353642,-0.08027000000000001,PRK,520614
14342272,178,7197,2017,0.0,0.0,-0.353642,-0.08027000000000001,PRK,520615
14348798,178,7198,2017,0.0,0.0,-0.353642,-0.08027000000000001,PRK,520621
14355324,178,7199,2017,0.0,1.1367157676062645e-08,-0.353642,-0.08027000000000001,PRK,520622
14361850,178,7200,2017,0.0,0.0,-0.353642,-0.08027000000000001,PRK,520623
14368376,178,7201,2017,9.990131148594217e-08,0.0,-0.353642,-0.08027000000000001,PRK,520624
14374902,178,7202,2017,0.0,0.0,-0.353642,-0.08027000000000001,PRK,520625
14381428,178,7203,2017,0.0,1.3741875136744013e-08,-0.353642,-0.08027000000000001,PRK,520631
14387954,178,7204,2017,0.0,9.310284464480151e-09,-0.353642,-0.08027000000000001,PRK,520632
14394480,178,7205,2017,0.0,0.0,-0.353642,-0.08027000000000001,PRK,520633
14401006,178,7206,2017,0.0,0.0,-0.353642,-0.08027000000000001,PRK,520634
14407532,178,7207,2017,0.0,0.0,-0.353642,-0.08027000000000001,PRK,520635
14414058,178,7208,2017,0.0,0.0,-0.353642,-0.08027000000000001,PRK,520641
14420584,178,7209,2017,0.0,3.761399998538279e-08,-0.353642,-0.08027000000000001,PRK,520642
14427110,178,7210,2017,0.0,0.0,-0.353642,-0.08027000000000001,PRK,520643
14433636,178,7211,2017,0.0,0.0,-0.353642,-0.08027000000000001,PRK,520644
14440162,178,7212,2017,0.0,0.0,-0.353642,-0.08027000000000001,PRK,520645
14446688,178,7213,2017,0.0,0.0,-0.353642,-0.08027000000000001,PRK,520710
14453214,178,7214,2017,0.0,0.0,-0.353642,-0.08027000000000001,PRK,520790
14459740,178,7215,2017,0.0,1.8120469671957915e-07,-0.353642,-0.08027000000000001,PRK,520811
14466266,178,7216,2017,0.0,2.2994589688744003e-07,-0.353642,-0.08027000000000001,PRK,520812
14472792,178,7217,2017,0.0,1.9545267005066517e-08,-0.353642,-0.08027000000000001,PRK,520813
14479318,178,7218,2017,0.0,9.571453670204773e-09,-0.353642,-0.08027000000000001,PRK,520819
14485844,178,7219,2017,0.0,1.2033338010461745e-08,-0.353642,-0.08027000000000001,PRK,520821
14492370,178,7220,2017,0.0,4.7106904034068865e-08,-0.353642,-0.08027000000000001,PRK,520822
14498896,178,7221,2017,0.0,1.5627397486194995e-08,-0.353642,-0.08027000000000001,PRK,520823
14505422,178,7222,2017,0.0,4.5608495431174175e-09,-0.353642,-0.08027000000000001,PRK,520829
14511948,178,7223,2017,0.0,9.241512116526016e-08,-0.353642,-0.08027000000000001,PRK,520831
14518474,178,7224,2017,0.0,9.601315783701967e-07,-0.353642,-0.08027000000000001,PRK,520832
14525000,178,7225,2017,0.0,1.58192971944622e-07,-0.353642,-0.08027000000000001,PRK,520833
14531526,178,7226,2017,0.0,6.922647745373473e-07,-0.353642,-0.08027000000000001,PRK,520839
14538052,178,7227,2017,0.0,1.9573239950451234e-07,-0.353642,-0.08027000000000001,PRK,520841
14544578,178,7228,2017,0.0,2.43961867116994e-07,-0.353642,-0.08027000000000001,PRK,520842
14551104,178,7229,2017,0.0,5.403309148390571e-07,-0.353642,-0.08027000000000001,PRK,520843
14557630,178,7230,2017,0.0,1.4986074626960043e-08,-0.353642,-0.08027000000000001,PRK,520849
14564156,178,7231,2017,0.0,3.329111933783679e-08,-0.353642,-0.08027000000000001,PRK,520851
14570682,178,7232,2017,0.0,1.6437883749747016e-07,-0.353642,-0.08027000000000001,PRK,520852
14577208,178,7233,2017,0.0,0.0,-0.353642,-0.08027000000000001,PRK,520853
14583734,178,7234,2017,0.0,4.2158940744395154e-08,-0.353642,-0.08027000000000001,PRK,520859
14590260,178,7235,2017,0.0,2.9838913187040266e-09,-0.353642,-0.08027000000000001,PRK,520911
14596786,178,7236,2017,1.6597338617711364e-09,0.0,-0.353642,-0.08027000000000001,PRK,520912
14603312,178,7237,2017,0.0,0.0,-0.353642,-0.08027000000000001,PRK,520919
14609838,178,7238,2017,0.0,1.2458235119267538e-08,-0.353642,-0.08027000000000001,PRK,520921
14616364,178,7239,2017,0.0,3.618519231294771e-08,-0.353642,-0.08027000000000001,PRK,520922
14622890,178,7240,2017,0.0,0.0,-0.353642,-0.08027000000000001,PRK,520929
14629416,178,7241,2017,0.0,1.1077843179792166e-06,-0.353642,-0.08027000000000001,PRK,520931
14635942,178,7242,2017,0.0,2.5881337994506547e-07,-0.353642,-0.08027000000000001,PRK,520932
14642468,178,7243,2017,0.0,8.249562969945713e-07,-0.353642,-0.08027000000000001,PRK,520939
14648994,178,7244,2017,5.497091884704842e-10,2.0658219026415856e-08,-0.353642,-0.08027000000000001,PRK,520941
14655520,178,7245,2017,0.0,2.8771036053988575e-08,-0.353642,-0.08027000000000001,PRK,520942
14662046,178,7246,2017,0.0,2.7404537785964946e-08,-0.353642,-0.08027000000000001,PRK,520943
14668572,178,7247,2017,0.0,2.8944044081131024e-09,-0.353642,-0.08027000000000001,PRK,520949
14675098,178,7248,2017,0.0,2.2802590550576145e-09,-0.353642,-0.08027000000000001,PRK,520951
14681624,178,7249,2017,0.0,1.620873097203381e-08,-0.353642,-0.08027000000000001,PRK,520952
14688150,178,7250,2017,1.2160876368974934e-09,0.0,-0.353642,-0.08027000000000001,PRK,520959
14694676,178,7251,2017,0.0,0.0,-0.353642,-0.08027000000000001,PRK,521011
14701202,178,7252,2017,0.0,0.0,-0.353642,-0.08027000000000001,PRK,521012
14707728,178,7253,2017,0.0,0.0,-0.353642,-0.08027000000000001,PRK,521019
14714254,178,7254,2017,0.0,2.1595180123603048e-08,-0.353642,-0.08027000000000001,PRK,521021
14720780,178,7255,2017,0.0,0.0,-0.353642,-0.08027000000000001,PRK,521022
14727306,178,7256,2017,0.0,0.0,-0.353642,-0.08027000000000001,PRK,521029
14733832,178,7257,2017,0.0,8.453158948860152e-07,-0.353642,-0.08027000000000001,PRK,521031
14740358,178,7258,2017,0.0,1.3119278242132714e-07,-0.353642,-0.08027000000000001,PRK,521032
14746884,178,7259,2017,3.600080021515629e-10,3.491746107957628e-08,-0.353642,-0.08027000000000001,PRK,521039
14753410,178,7260,2017,0.0,6.509841312487519e-08,-0.353642,-0.08027000000000001,PRK,521041
14759936,178,7261,2017,0.0,0.0,-0.353642,-0.08027000000000001,PRK,521042
14766462,178,7262,2017,0.0,5.334613030026938e-08,-0.353642,-0.08027000000000001,PRK,521049
14772988,178,7263,2017,0.0,2.2164250588360887e-08,-0.353642,-0.08027000000000001,PRK,521051
14779514,178,7264,2017,0.0,0.0,-0.353642,-0.08027000000000001,PRK,521052
14786040,178,7265,2017,0.0,1.2249763760890905e-09,-0.353642,-0.08027000000000001,PRK,521059
14792566,178,7266,2017,0.0,0.0,-0.353642,-0.08027000000000001,PRK,521111
14799092,178,7267,2017,0.0,0.0,-0.353642,-0.08027000000000001,PRK,521112
14805618,178,7268,2017,0.0,0.0,-0.353642,-0.08027000000000001,PRK,521119
14812144,178,7269,2017,0.0,0.0,-0.353642,-0.08027000000000001,PRK,521121
14818670,178,7270,2017,0.0,0.0,-0.353642,-0.08027000000000001,PRK,521122
14825196,178,7271,2017,0.0,0.0,-0.353642,-0.08027000000000001,PRK,521129
14831722,178,7272,2017,6.214077518619486e-09,2.7540756749864466e-07,-0.353642,-0.08027000000000001,PRK,521131
14838248,178,7273,2017,0.0,2.417913123856608e-07,-0.353642,-0.08027000000000001,PRK,521132
14844774,178,7274,2017,0.0,1.018480358405501e-07,-0.353642,-0.08027000000000001,PRK,521139
14851300,178,7275,2017,0.0,1.8782308234028345e-09,-0.353642,-0.08027000000000001,PRK,521141
14857826,178,7276,2017,0.0,3.6523916841184463e-09,-0.353642,-0.08027000000000001,PRK,521142
14864352,178,7277,2017,0.0,1.8218872130307711e-09,-0.353642,-0.08027000000000001,PRK,521143
14870878,178,7278,2017,0.0,0.0,-0.353642,-0.08027000000000001,PRK,521149
14877404,178,7279,2017,0.0,0.0,-0.353642,-0.08027000000000001,PRK,521151
14883930,178,7280,2017,0.0,1.7064225837283043e-07,-0.353642,-0.08027000000000001,PRK,521152
14890456,178,7281,2017,0.0,0.0,-0.353642,-0.08027000000000001,PRK,521159
14896982,178,7282,2017,7.685625379265942e-09,2.4857475164145506e-09,-0.353642,-0.08027000000000001,PRK,521211
14903508,178,7283,2017,0.0,0.0,-0.353642,-0.08027000000000001,PRK,521212
14910034,178,7284,2017,0.0,2.4165111622573505e-08,-0.353642,-0.08027000000000001,PRK,521213
14916560,178,7285,2017,0.0,7.402224670880343e-09,-0.353642,-0.08027000000000001,PRK,521214
14923086,178,7286,2017,3.2252232044605085e-09,4.587032750290317e-10,-0.353642,-0.08027000000000001,PRK,521215
14929612,178,7287,2017,0.0,0.0,-0.353642,-0.08027000000000001,PRK,521221
14936138,178,7288,2017,0.0,0.0,-0.353642,-0.08027000000000001,PRK,521222
14942664,178,7289,2017,0.0,1.2055212588606194e-08,-0.353642,-0.08027000000000001,PRK,521223
14949190,178,7290,2017,0.0,0.0,-0.353642,-0.08027000000000001,PRK,521224
14955716,178,7291,2017,0.0,1.4954257058749936e-09,-0.353642,-0.08027000000000001,PRK,521225
14962242,178,7292,2017,0.0,0.0,-0.353642,-0.08027000000000001,PRK,530110
14968768,178,7293,2017,0.0,3.8408047172026255e-07,-0.353642,-0.08027000000000001,PRK,530121
14975294,178,7294,2017,0.0,0.0,-0.353642,-0.08027000000000001,PRK,530129
14981820,178,7295,2017,2.6133005119145062e-08,0.0,-0.353642,-0.08027000000000001,PRK,530130
14988346,178,7296,2017,0.0,0.0,-0.353642,-0.08027000000000001,PRK,530210
14994872,178,7297,2017,0.0,0.0,-0.353642,-0.08027000000000001,PRK,530290
15001398,178,7298,2017,0.0,0.0,-0.353642,-0.08027000000000001,PRK,530310
15007924,178,7299,2017,0.0,0.0,-0.353642,-0.08027000000000001,PRK,530390
15014450,178,7300,2017,0.0,0.0,-0.353642,-0.08027000000000001,PRK,530410
15020976,178,7301,2017,0.0,0.0,-0.353642,-0.08027000000000001,PRK,530490
15027502,178,7302,2017,0.0,0.0,-0.353642,-0.08027000000000001,PRK,530511
15034028,178,7303,2017,0.0,0.0,-0.353642,-0.08027000000000001,PRK,530519
15040554,178,7304,2017,0.0,0.0,-0.353642,-0.08027000000000001,PRK,530521
15047080,178,7305,2017,0.0,0.0,-0.353642,-0.08027000000000001,PRK,530529
15053606,178,7306,2017,0.0,0.0,-0.353642,-0.08027000000000001,PRK,530591
15060132,178,7307,2017,0.0,6.317278738215939e-08,-0.353642,-0.08027000000000001,PRK,530599
15066658,178,7308,2017,2.923777110066344e-07,0.0,-0.353642,-0.08027000000000001,PRK,530610
15073184,178,7309,2017,0.0,6.032080639832642e-10,-0.353642,-0.08027000000000001,PRK,530620
15079710,178,7310,2017,0.0,0.0,-0.353642,-0.08027000000000001,PRK,530710
15086236,178,7311,2017,0.0,0.0,-0.353642,-0.08027000000000001,PRK,530720
15092762,178,7312,2017,0.0,0.0,-0.353642,-0.08027000000000001,PRK,530810
15099288,178,7313,2017,0.0,0.0,-0.353642,-0.08027000000000001,PRK,530820
15105814,178,7314,2017,0.0,0.0,-0.353642,-0.08027000000000001,PRK,530830
15112340,178,7315,2017,0.0,0.0,-0.353642,-0.08027000000000001,PRK,530890
15118866,178,7316,2017,0.0,0.0,-0.353642,-0.08027000000000001,PRK,530911
15125392,178,7317,2017,0.0,6.073841198108407e-08,-0.353642,-0.08027000000000001,PRK,530919
15131918,178,7318,2017,1.0591144507741687e-09,4.577089760224659e-10,-0.353642,-0.08027000000000001,PRK,530921
15138444,178,7319,2017,0.0,2.2353299972809268e-07,-0.353642,-0.08027000000000001,PRK,530929
15144970,178,7320,2017,0.0,0.0,-0.353642,-0.08027000000000001,PRK,531010
15151496,178,7321,2017,0.0,0.0,-0.353642,-0.08027000000000001,PRK,531090
15158022,178,7322,2017,0.0,1.4740814205340473e-08,-0.353642,-0.08027000000000001,PRK,531100
15164548,178,7323,2017,3.8412975044387306e-09,1.1246569092546343e-06,-0.353642,-0.08027000000000001,PRK,540110
15171074,178,7324,2017,0.0,9.011663329508218e-10,-0.353642,-0.08027000000000001,PRK,540120
15177600,178,7325,2017,0.0,0.0,-0.353642,-0.08027000000000001,PRK,540210
15184126,178,7326,2017,0.0,6.70210559705713e-08,-0.353642,-0.08027000000000001,PRK,540220
15190652,178,7327,2017,2.456418236902836e-09,1.6919654761728374e-09,-0.353642,-0.08027000000000001,PRK,540231
15197178,178,7328,2017,0.0,1.1825860951091677e-08,-0.353642,-0.08027000000000001,PRK,540232
15203704,178,7329,2017,2.1927457094010895e-08,3.8436616696814914e-07,-0.353642,-0.08027000000000001,PRK,540233
15210230,178,7330,2017,0.0,3.277375242142038e-08,-0.353642,-0.08027000000000001,PRK,540239
15216756,178,7331,2017,1.9059514558352314e-08,8.928539932559315e-08,-0.353642,-0.08027000000000001,PRK,540241
15223282,178,7332,2017,0.0,0.0,-0.353642,-0.08027000000000001,PRK,540242
15229808,178,7333,2017,0.0,3.9097494103179e-08,-0.353642,-0.08027000000000001,PRK,540243
15236334,178,7334,2017,2.7637280979987114e-08,2.713011126015278e-08,-0.353642,-0.08027000000000001,PRK,540249
15242860,178,7335,2017,8.794134867372354e-10,6.210391595010113e-09,-0.353642,-0.08027000000000001,PRK,540251
15249386,178,7336,2017,0.0,0.0,-0.353642,-0.08027000000000001,PRK,540252
15255912,178,7337,2017,0.0,0.0,-0.353642,-0.08027000000000001,PRK,540259
15262438,178,7338,2017,0.0,3.6627522797668623e-07,-0.353642,-0.08027000000000001,PRK,540261
15268964,178,7339,2017,0.0,1.992243776155715e-09,-0.353642,-0.08027000000000001,PRK,540262
15275490,178,7340,2017,0.0,2.284667113986723e-08,-0.353642,-0.08027000000000001,PRK,540269
15282016,178,7341,2017,0.0,0.0,-0.353642,-0.08027000000000001,PRK,540310
15288542,178,7342,2017,0.0,0.0,-0.353642,-0.08027000000000001,PRK,540320
15295068,178,7343,2017,0.0,0.0,-0.353642,-0.08027000000000001,PRK,540331
15301594,178,7344,2017,0.0,0.0,-0.353642,-0.08027000000000001,PRK,540332
15308120,178,7345,2017,0.0,0.0,-0.353642,-0.08027000000000001,PRK,540333
15314646,178,7346,2017,0.0,0.0,-0.353642,-0.08027000000000001,PRK,540339
15321172,178,7347,2017,0.0,4.652325051721473e-08,-0.353642,-0.08027000000000001,PRK,540341
15327698,178,7348,2017,0.0,0.0,-0.353642,-0.08027000000000001,PRK,540342
15334224,178,7349,2017,0.0,0.0,-0.353642,-0.08027000000000001,PRK,540349
15340750,178,7350,2017,2.8870338691060103e-09,1.7627164791500392e-06,-0.353642,-0.08027000000000001,PRK,540410
15347276,178,7351,2017,0.0,7.358806947593635e-09,-0.353642,-0.08027000000000001,PRK,540490
15353802,178,7352,2017,0.0,1.3808824603186111e-08,-0.353642,-0.08027000000000001,PRK,540500
15360328,178,7353,2017,0.0,0.0,-0.353642,-0.08027000000000001,PRK,540610
15366854,178,7354,2017,0.0,0.0,-0.353642,-0.08027000000000001,PRK,540620
15373380,178,7355,2017,0.0,0.0,-0.353642,-0.08027000000000001,PRK,540710
15379906,178,7356,2017,1.1251159178352886e-08,1.6713934297269907e-07,-0.353642,-0.08027000000000001,PRK,540720
15386432,178,7357,2017,0.0,0.0,-0.353642,-0.08027000000000001,PRK,540730
15392958,178,7358,2017,0.0,8.014878575425982e-08,-0.353642,-0.08027000000000001,PRK,540741
15399484,178,7359,2017,2.8847610913146492e-08,8.503274933121091e-06,-0.353642,-0.08027000000000001,PRK,540742
15406010,178,7360,2017,0.0,2.313866361479539e-08,-0.353642,-0.08027000000000001,PRK,540743
15412536,178,7361,2017,0.0,4.1097692271387235e-08,-0.353642,-0.08027000000000001,PRK,540744
15419062,178,7362,2017,3.599473947437933e-09,5.627039682187968e-07,-0.353642,-0.08027000000000001,PRK,540751
15425588,178,7363,2017,4.244821625368883e-08,1.6827757670345534e-05,-0.353642,-0.08027000000000001,PRK,540752
15432114,178,7364,2017,8.88807634941527e-10,7.908057718820595e-08,-0.353642,-0.08027000000000001,PRK,540753
15438640,178,7365,2017,1.627642239357121e-08,4.270802579912102e-07,-0.353642,-0.08027000000000001,PRK,540754
15445166,178,7366,2017,4.44009869320261e-09,5.856514281346296e-06,-0.353642,-0.08027000000000001,PRK,540760
15451692,178,7367,2017,0.0,1.8687087532499556e-07,-0.353642,-0.08027000000000001,PRK,540771
15458218,178,7368,2017,2.0720157531239996e-08,3.1066514512506687e-05,-0.353642,-0.08027000000000001,PRK,540772
15464744,178,7369,2017,0.0,1.5010932102124188e-08,-0.353642,-0.08027000000000001,PRK,540773
15471270,178,7370,2017,0.0,1.0279427706179857e-07,-0.353642,-0.08027000000000001,PRK,540774
15477796,178,7371,2017,0.0,4.6994216813324735e-08,-0.353642,-0.08027000000000001,PRK,540781
15484322,178,7372,2017,0.0,6.642205710571583e-07,-0.353642,-0.08027000000000001,PRK,540782
15490848,178,7373,2017,0.0,1.847871560402358e-08,-0.353642,-0.08027000000000001,PRK,540783
15497374,178,7374,2017,0.0,1.4384855160989909e-08,-0.353642,-0.08027000000000001,PRK,540784
15503900,178,7375,2017,0.0,0.0,-0.353642,-0.08027000000000001,PRK,540791
15510426,178,7376,2017,4.736468917196068e-10,1.8340408612210273e-06,-0.353642,-0.08027000000000001,PRK,540792
15516952,178,7377,2017,0.0,7.10559213392154e-08,-0.353642,-0.08027000000000001,PRK,540793
15523478,178,7378,2017,0.0,0.0,-0.353642,-0.08027000000000001,PRK,540794
15530004,178,7379,2017,0.0,0.0,-0.353642,-0.08027000000000001,PRK,540810
15536530,178,7380,2017,0.0,4.676519660881241e-10,-0.353642,-0.08027000000000001,PRK,540821
15543056,178,7381,2017,1.925679167064244e-08,2.8863539004899416e-07,-0.353642,-0.08027000000000001,PRK,540822
15549582,178,7382,2017,0.0,7.767463839292187e-09,-0.353642,-0.08027000000000001,PRK,540823
15556108,178,7383,2017,0.0,8.80415312683793e-08,-0.353642,-0.08027000000000001,PRK,540824
15562634,178,7384,2017,0.0,0.0,-0.353642,-0.08027000000000001,PRK,540831
15569160,178,7385,2017,0.0,7.285328251008421e-08,-0.353642,-0.08027000000000001,PRK,540832
15575686,178,7386,2017,0.0,0.0,-0.353642,-0.08027000000000001,PRK,540833
15582212,178,7387,2017,0.0,2.5212108476487313e-09,-0.353642,-0.08027000000000001,PRK,540834
15588738,178,7388,2017,3.1752220930505694e-09,0.0,-0.353642,-0.08027000000000001,PRK,550110
15595264,178,7389,2017,5.07253699327863e-09,0.0,-0.353642,-0.08027000000000001,PRK,550120
15601790,178,7390,2017,1.969316500658373e-08,0.0,-0.353642,-0.08027000000000001,PRK,550130
15608316,178,7391,2017,1.9400734264095295e-08,1.7357477757619522e-07,-0.353642,-0.08027000000000001,PRK,550190
15614842,178,7392,2017,0.0,1.8466088006640194e-06,-0.353642,-0.08027000000000001,PRK,550200
15621368,178,7393,2017,0.0,3.977196026263281e-09,-0.353642,-0.08027000000000001,PRK,550310
15627894,178,7394,2017,3.5041687987202004e-08,5.6607318354584534e-06,-0.353642,-0.08027000000000001,PRK,550320
15634420,178,7395,2017,4.1160308838584334e-08,0.0,-0.353642,-0.08027000000000001,PRK,550330
15640946,178,7396,2017,0.0,9.760701914454468e-10,-0.353642,-0.08027000000000001,PRK,550340
15647472,178,7397,2017,5.659519737527432e-09,8.645794438392214e-08,-0.353642,-0.08027000000000001,PRK,550390
15653998,178,7398,2017,0.0,7.80793843751946e-07,-0.353642,-0.08027000000000001,PRK,550410
15660524,178,7399,2017,0.0,0.0,-0.353642,-0.08027000000000001,PRK,550490
15667050,178,7400,2017,0.0,0.0,-0.353642,-0.08027000000000001,PRK,550510
15673576,178,7401,2017,0.0,0.0,-0.353642,-0.08027000000000001,PRK,550520
15680102,178,7402,2017,1.5800654242579664e-08,0.0,-0.353642,-0.08027000000000001,PRK,550610
15686628,178,7403,2017,0.0,1.0636016473234578e-08,-0.353642,-0.08027000000000001,PRK,550620
15693154,178,7404,2017,0.0,0.0,-0.353642,-0.08027000000000001,PRK,550630
15699680,178,7405,2017,2.8897612024556434e-09,0.0,-0.353642,-0.08027000000000001,PRK,550690
15706206,178,7406,2017,0.0,0.0,-0.353642,-0.08027000000000001,PRK,550700
15712732,178,7407,2017,0.0,1.3212815264010384e-06,-0.353642,-0.08027000000000001,PRK,550810
15719258,178,7408,2017,0.0,1.6386047628204717e-09,-0.353642,-0.08027000000000001,PRK,550820
15725784,178,7409,2017,3.522229806235548e-08,2.0797752320337262e-08,-0.353642,-0.08027000000000001,PRK,550911
15732310,178,7410,2017,1.5663984538059165e-09,1.4872393107209351e-08,-0.353642,-0.08027000000000001,PRK,550912
15738836,178,7411,2017,0.0,4.549746537544099e-07,-0.353642,-0.08027000000000001,PRK,550921
15745362,178,7412,2017,0.0,1.0433477765597122e-07,-0.353642,-0.08027000000000001,PRK,550922
15751888,178,7413,2017,0.0,9.481834186412975e-08,-0.353642,-0.08027000000000001,PRK,550931
15758414,178,7414,2017,0.0,1.5290084862547563e-06,-0.353642,-0.08027000000000001,PRK,550932
15764940,178,7415,2017,0.0,2.5536912818632148e-08,-0.353642,-0.08027000000000001,PRK,550941
15771466,178,7416,2017,0.0,3.0374177485574863e-08,-0.353642,-0.08027000000000001,PRK,550942
15777992,178,7417,2017,0.0,1.0072248936511759e-09,-0.353642,-0.08027000000000001,PRK,550951
15784518,178,7418,2017,0.0,3.8386238880482245e-08,-0.353642,-0.08027000000000001,PRK,550952
15791044,178,7419,2017,0.0,2.0309220075111256e-08,-0.353642,-0.08027000000000001,PRK,550953
15797570,178,7420,2017,0.0,2.0721191296831693e-09,-0.353642,-0.08027000000000001,PRK,550959
15804096,178,7421,2017,0.0,1.5853434793687625e-08,-0.353642,-0.08027000000000001,PRK,550961
15810622,178,7422,2017,0.0,1.3030619914047263e-08,-0.353642,-0.08027000000000001,PRK,550962
15817148,178,7423,2017,0.0,2.1064655316999746e-07,-0.353642,-0.08027000000000001,PRK,550969
15823674,178,7424,2017,0.0,0.0,-0.353642,-0.08027000000000001,PRK,550991
15830200,178,7425,2017,0.0,5.4686445361120115e-09,-0.353642,-0.08027000000000001,PRK,550992
15836726,178,7426,2017,0.0,1.5965127715425186e-09,-0.353642,-0.08027000000000001,PRK,550999
15843252,178,7427,2017,0.0,0.0,-0.353642,-0.08027000000000001,PRK,551011
15849778,178,7428,2017,0.0,5.955188183324886e-08,-0.353642,-0.08027000000000001,PRK,551012
15856304,178,7429,2017,0.0,0.0,-0.353642,-0.08027000000000001,PRK,551020
15862830,178,7430,2017,0.0,2.5288338066990692e-09,-0.353642,-0.08027000000000001,PRK,551030
15869356,178,7431,2017,6.078922999293226e-10,2.668367100620473e-09,-0.353642,-0.08027000000000001,PRK,551090
15875882,178,7432,2017,0.0,0.0,-0.353642,-0.08027000000000001,PRK,551110
15882408,178,7433,2017,0.0,0.0,-0.353642,-0.08027000000000001,PRK,551120
15888934,178,7434,2017,0.0,0.0,-0.353642,-0.08027000000000001,PRK,551130
15895460,178,7435,2017,0.0,4.494894375681884e-09,-0.353642,-0.08027000000000001,PRK,551211
15901986,178,7436,2017,1.0074769393544496e-08,1.746696996422255e-06,-0.353642,-0.08027000000000001,PRK,551219
15908512,178,7437,2017,0.0,8.812803528195053e-10,-0.353642,-0.08027000000000001,PRK,551221
15915038,178,7438,2017,2.1700482351913654e-09,4.1390380755619996e-07,-0.353642,-0.08027000000000001,PRK,551229
15921564,178,7439,2017,0.0,1.3582124429689104e-09,-0.353642,-0.08027000000000001,PRK,551291
15928090,178,7440,2017,0.0,4.8039887935229795e-08,-0.353642,-0.08027000000000001,PRK,551299
15934616,178,7441,2017,0.0,2.6935460657967414e-07,-0.353642,-0.08027000000000001,PRK,551311
15941142,178,7442,2017,0.0,2.6410570212401316e-08,-0.353642,-0.08027000000000001,PRK,551312
15947668,178,7443,2017,0.0,6.601482537592669e-09,-0.353642,-0.08027000000000001,PRK,551313
15954194,178,7444,2017,0.0,0.0,-0.353642,-0.08027000000000001,PRK,551319
15960720,178,7445,2017,0.0,1.8073896706490372e-06,-0.353642,-0.08027000000000001,PRK,551321
15967246,178,7446,2017,0.0,0.0,-0.353642,-0.08027000000000001,PRK,551322
15973772,178,7447,2017,0.0,6.081199010756994e-07,-0.353642,-0.08027000000000001,PRK,551323
15980298,178,7448,2017,0.0,1.2908387422840104e-07,-0.353642,-0.08027000000000001,PRK,551329
15986824,178,7449,2017,0.0,3.962016394763043e-08,-0.353642,-0.08027000000000001,PRK,551331
15993350,178,7450,2017,0.0,0.0,-0.353642,-0.08027000000000001,PRK,551332
15999876,178,7451,2017,0.0,0.0,-0.353642,-0.08027000000000001,PRK,551333
16006402,178,7452,2017,0.0,3.5353958343458682e-09,-0.353642,-0.08027000000000001,PRK,551339
16012928,178,7453,2017,0.0,1.703734662080555e-07,-0.353642,-0.08027000000000001,PRK,551341
16019454,178,7454,2017,0.0,0.0,-0.353642,-0.08027000000000001,PRK,551342
16025980,178,7455,2017,0.0,0.0,-0.353642,-0.08027000000000001,PRK,551343
16032506,178,7456,2017,0.0,3.594722341737629e-09,-0.353642,-0.08027000000000001,PRK,551349
16039032,178,7457,2017,0.0,1.22557295549303e-08,-0.353642,-0.08027000000000001,PRK,551411
16045558,178,7458,2017,0.0,3.058397457596025e-08,-0.353642,-0.08027000000000001,PRK,551412
16052084,178,7459,2017,0.0,0.0,-0.353642,-0.08027000000000001,PRK,551413
16058610,178,7460,2017,4.024331875902993e-10,0.0,-0.353642,-0.08027000000000001,PRK,551419
16065136,178,7461,2017,0.0,1.2474853169997276e-06,-0.353642,-0.08027000000000001,PRK,551421
16071662,178,7462,2017,0.0,6.246676880089722e-07,-0.353642,-0.08027000000000001,PRK,551422
16078188,178,7463,2017,0.0,9.323747273029053e-07,-0.353642,-0.08027000000000001,PRK,551423
16084714,178,7464,2017,0.0,2.4454121200481972e-08,-0.353642,-0.08027000000000001,PRK,551429
16091240,178,7465,2017,0.0,0.0,-0.353642,-0.08027000000000001,PRK,551431
16097766,178,7466,2017,0.0,0.0,-0.353642,-0.08027000000000001,PRK,551432
16104292,178,7467,2017,0.0,4.9352362623896676e-08,-0.353642,-0.08027000000000001,PRK,551433
16110818,178,7468,2017,0.0,0.0,-0.353642,-0.08027000000000001,PRK,551439
16117344,178,7469,2017,0.0,8.178076185703653e-08,-0.353642,-0.08027000000000001,PRK,551441
16123870,178,7470,2017,0.0,9.816680948524124e-08,-0.353642,-0.08027000000000001,PRK,551442
16130396,178,7471,2017,0.0,3.8015365351033195e-09,-0.353642,-0.08027000000000001,PRK,551443
16136922,178,7472,2017,0.0,0.0,-0.353642,-0.08027000000000001,PRK,551449
16143448,178,7473,2017,0.0,2.8518699537772276e-06,-0.353642,-0.08027000000000001,PRK,551511
16149974,178,7474,2017,0.0,2.853140999340621e-08,-0.353642,-0.08027000000000001,PRK,551512
16156500,178,7475,2017,0.0,1.43197816053402e-06,-0.353642,-0.08027000000000001,PRK,551513
16163026,178,7476,2017,3.556291169402077e-08,1.7815518166644178e-08,-0.353642,-0.08027000000000001,PRK,551519
16169552,178,7477,2017,1.1939659330615808e-09,9.485943955640114e-09,-0.353642,-0.08027000000000001,PRK,551521
16176078,178,7478,2017,0.0,0.0,-0.353642,-0.08027000000000001,PRK,551522
16182604,178,7479,2017,0.0,9.720929954191836e-10,-0.353642,-0.08027000000000001,PRK,551529
16189130,178,7480,2017,0.0,0.0,-0.353642,-0.08027000000000001,PRK,551591
16195656,178,7481,2017,0.0,0.0,-0.353642,-0.08027000000000001,PRK,551592
16202182,178,7482,2017,5.708308700781979e-09,7.1125522269675e-10,-0.353642,-0.08027000000000001,PRK,551599
16208708,178,7483,2017,0.0,0.0,-0.353642,-0.08027000000000001,PRK,551611
16215234,178,7484,2017,0.0,4.556587314709272e-07,-0.353642,-0.08027000000000001,PRK,551612
16221760,178,7485,2017,0.0,0.0,-0.353642,-0.08027000000000001,PRK,551613
16228286,178,7486,2017,0.0,1.3531846043257093e-07,-0.353642,-0.08027000000000001,PRK,551614
16234812,178,7487,2017,0.0,5.744065360930744e-09,-0.353642,-0.08027000000000001,PRK,551621
16241338,178,7488,2017,7.405013081292586e-09,2.3350946452697193e-07,-0.353642,-0.08027000000000001,PRK,551622
16247864,178,7489,2017,1.5591255648735617e-09,0.0,-0.353642,-0.08027000000000001,PRK,551623
16254390,178,7490,2017,0.0,5.979051359482466e-10,-0.353642,-0.08027000000000001,PRK,551624
16260916,178,7491,2017,0.0,0.0,-0.353642,-0.08027000000000001,PRK,551631
16267442,178,7492,2017,0.0,4.840645283565039e-08,-0.353642,-0.08027000000000001,PRK,551632
16273968,178,7493,2017,0.0,0.0,-0.353642,-0.08027000000000001,PRK,551633
16280494,178,7494,2017,0.0,0.0,-0.353642,-0.08027000000000001,PRK,551634
16287020,178,7495,2017,0.0,1.089254561692856e-08,-0.353642,-0.08027000000000001,PRK,551641
16293546,178,7496,2017,0.0,4.1167293201846844e-08,-0.353642,-0.08027000000000001,PRK,551642
16300072,178,7497,2017,0.0,9.949618725701975e-10,-0.353642,-0.08027000000000001,PRK,551643
16306598,178,7498,2017,0.0,4.160809909475769e-09,-0.353642,-0.08027000000000001,PRK,551644
16313124,178,7499,2017,0.0,0.0,-0.353642,-0.08027000000000001,PRK,551691
16319650,178,7500,2017,0.0,4.876241188000096e-08,-0.353642,-0.08027000000000001,PRK,551692
16326176,178,7501,2017,0.0,0.0,-0.353642,-0.08027000000000001,PRK,551693
16332702,178,7502,2017,0.0,0.0,-0.353642,-0.08027000000000001,PRK,551694
16339228,178,7503,2017,0.0,0.0,-0.353642,-0.08027000000000001,PRK,560110
16345754,178,7504,2017,0.0,1.932585835761766e-09,-0.353642,-0.08027000000000001,PRK,560121
16352280,178,7505,2017,2.2758081617493583e-09,9.144840069880645e-06,-0.353642,-0.08027000000000001,PRK,560122
16358806,178,7506,2017,0.0,0.0,-0.353642,-0.08027000000000001,PRK,560129
16365332,178,7507,2017,0.0,0.0,-0.353642,-0.08027000000000001,PRK,560130
16371858,178,7508,2017,0.0,3.2431382130159547e-08,-0.353642,-0.08027000000000001,PRK,560210
16378384,178,7509,2017,0.0,6.462943542677831e-10,-0.353642,-0.08027000000000001,PRK,560221
16384910,178,7510,2017,0.0,1.669726321725982e-08,-0.353642,-0.08027000000000001,PRK,560229
16391436,178,7511,2017,0.0,5.7854613429041004e-08,-0.353642,-0.08027000000000001,PRK,560290
16397962,178,7512,2017,9.222386810672512e-08,2.0107486749669117e-06,-0.353642,-0.08027000000000001,PRK,560300
16404488,178,7513,2017,0.0,4.412970766200905e-07,-0.353642,-0.08027000000000001,PRK,560410
16411014,178,7514,2017,0.0,0.0,-0.353642,-0.08027000000000001,PRK,560420
16417540,178,7515,2017,0.0,1.316451884693146e-09,-0.353642,-0.08027000000000001,PRK,560490
16424066,178,7516,2017,0.0,0.0,-0.353642,-0.08027000000000001,PRK,560500
16430592,178,7517,2017,2.6491497936102383e-09,8.809820631175355e-09,-0.353642,-0.08027000000000001,PRK,560600
16437118,178,7518,2017,1.6021568243899942e-09,0.0,-0.353642,-0.08027000000000001,PRK,560710
16443644,178,7519,2017,7.637442490089092e-09,0.0,-0.353642,-0.08027000000000001,PRK,560721
16450170,178,7520,2017,0.0,0.0,-0.353642,-0.08027000000000001,PRK,560729
16456696,178,7521,2017,0.0,0.0,-0.353642,-0.08027000000000001,PRK,560730
16463222,178,7522,2017,1.645794157984123e-09,1.270956076482716e-07,-0.353642,-0.08027000000000001,PRK,560741
16469748,178,7523,2017,8.266547382737781e-09,2.9633245751862146e-06,-0.353642,-0.08027000000000001,PRK,560749
16476274,178,7524,2017,0.0,5.752838392498676e-07,-0.353642,-0.08027000000000001,PRK,560750
16482800,178,7525,2017,2.2168674576933996e-08,2.1590374345071313e-07,-0.353642,-0.08027000000000001,PRK,560790
16489326,178,7526,2017,8.85812719886591e-07,4.496968151976579e-06,-0.353642,-0.08027000000000001,PRK,560811
16495852,178,7527,2017,0.0,2.1331293167260482e-07,-0.353642,-0.08027000000000001,PRK,560819
16502378,178,7528,2017,3.580079576951654e-08,4.069997266876091e-10,-0.353642,-0.08027000000000001,PRK,560890
16508904,178,7529,2017,9.170473535547441e-07,6.220334585075771e-09,-0.353642,-0.08027000000000001,PRK,560900
16515430,178,7530,2017,2.1025618866398896e-08,0.0,-0.353642,-0.08027000000000001,PRK,570110
16521956,178,7531,2017,1.658188372873011e-08,5.070924933485683e-10,-0.353642,-0.08027000000000001,PRK,570190
16528482,178,7532,2017,6.223774703862626e-09,0.0,-0.353642,-0.08027000000000001,PRK,570210
16535008,178,7533,2017,0.0,0.0,-0.353642,-0.08027000000000001,PRK,570220
16541534,178,7534,2017,0.0,2.1370799981121363e-09,-0.353642,-0.08027000000000001,PRK,570231
16548060,178,7535,2017,0.0,0.0,-0.353642,-0.08027000000000001,PRK,570232
16554586,178,7536,2017,0.0,0.0,-0.353642,-0.08027000000000001,PRK,570239
16561112,178,7537,2017,0.0,2.1606117412675273e-09,-0.353642,-0.08027000000000001,PRK,570241
16567638,178,7538,2017,0.0,5.250992483574753e-08,-0.353642,-0.08027000000000001,PRK,570242
16574164,178,7539,2017,0.0,5.058661912404705e-09,-0.353642,-0.08027000000000001,PRK,570249
16580690,178,7540,2017,0.0,0.0,-0.353642,-0.08027000000000001,PRK,570251
16587216,178,7541,2017,0.0,0.0,-0.353642,-0.08027000000000001,PRK,570252
16593742,178,7542,2017,0.0,0.0,-0.353642,-0.08027000000000001,PRK,570259
16600268,178,7543,2017,0.0,0.0,-0.353642,-0.08027000000000001,PRK,570291
16606794,178,7544,2017,0.0,4.70999439410229e-09,-0.353642,-0.08027000000000001,PRK,570292
16613320,178,7545,2017,0.0,1.0625742050166733e-09,-0.353642,-0.08027000000000001,PRK,570299
16619846,178,7546,2017,0.0,1.408026823197858e-08,-0.353642,-0.08027000000000001,PRK,570310
16626372,178,7547,2017,1.0866908213093473e-09,6.896789342542717e-09,-0.353642,-0.08027000000000001,PRK,570320
16632898,178,7548,2017,3.9534818162203035e-08,1.2571518919415605e-07,-0.353642,-0.08027000000000001,PRK,570330
16639424,178,7549,2017,0.0,5.204757579769443e-08,-0.353642,-0.08027000000000001,PRK,570390
16645950,178,7550,2017,0.0,0.0,-0.353642,-0.08027000000000001,PRK,570410
16652476,178,7551,2017,0.0,0.0,-0.353642,-0.08027000000000001,PRK,570490
16659002,178,7552,2017,0.0,1.27985505259148e-07,-0.353642,-0.08027000000000001,PRK,570500
16665528,178,7553,2017,3.2837093529581954e-09,1.5066612846491872e-08,-0.353642,-0.08027000000000001,PRK,580110
16672054,178,7554,2017,0.0,3.397652278636283e-08,-0.353642,-0.08027000000000001,PRK,580121
16678580,178,7555,2017,0.0,7.131974200895753e-08,-0.353642,-0.08027000000000001,PRK,580122
16685106,178,7556,2017,0.0,2.3212904607285638e-08,-0.353642,-0.08027000000000001,PRK,580123
16691632,178,7557,2017,0.0,0.0,-0.353642,-0.08027000000000001,PRK,580124
16698158,178,7558,2017,0.0,0.0,-0.353642,-0.08027000000000001,PRK,580125
16704684,178,7559,2017,0.0,0.0,-0.353642,-0.08027000000000001,PRK,580126
16711210,178,7560,2017,0.0,8.525749404999501e-08,-0.353642,-0.08027000000000001,PRK,580131
16717736,178,7561,2017,0.0,0.0,-0.353642,-0.08027000000000001,PRK,580132
16724262,178,7562,2017,0.0,3.252033874794697e-07,-0.353642,-0.08027000000000001,PRK,580133
16730788,178,7563,2017,0.0,0.0,-0.353642,-0.08027000000000001,PRK,580134
16737314,178,7564,2017,0.0,3.7665438387322463e-06,-0.353642,-0.08027000000000001,PRK,580135
16743840,178,7565,2017,0.0,2.869546932948957e-08,-0.353642,-0.08027000000000001,PRK,580136
16750366,178,7566,2017,0.0,0.0,-0.353642,-0.08027000000000001,PRK,580190
16756892,178,7567,2017,0.0,0.0,-0.353642,-0.08027000000000001,PRK,580211
16763418,178,7568,2017,0.0,4.93835173261024e-10,-0.353642,-0.08027000000000001,PRK,580219
16769944,178,7569,2017,0.0,0.0,-0.353642,-0.08027000000000001,PRK,580220
16776470,178,7570,2017,0.0,4.0235966465696856e-10,-0.353642,-0.08027000000000001,PRK,580230
16782996,178,7571,2017,0.0,0.0,-0.353642,-0.08027000000000001,PRK,580310
16789522,178,7572,2017,3.5955344659329074e-09,0.0,-0.353642,-0.08027000000000001,PRK,580390
16796048,178,7573,2017,0.0,3.638922246909501e-07,-0.353642,-0.08027000000000001,PRK,580410
16802574,178,7574,2017,0.0,2.778820462929848e-07,-0.353642,-0.08027000000000001,PRK,580421
16809100,178,7575,2017,0.0,1.4315254230530303e-08,-0.353642,-0.08027000000000001,PRK,580429
16815626,178,7576,2017,2.9361561731032898e-08,0.0,-0.353642,-0.08027000000000001,PRK,580430
16822152,178,7577,2017,0.0,4.169095734530484e-09,-0.353642,-0.08027000000000001,PRK,580500
16828678,178,7578,2017,0.0,1.7498900219653402e-07,-0.353642,-0.08027000000000001,PRK,580610
16835204,178,7579,2017,9.206265240205793e-10,1.0287713531234571e-06,-0.353642,-0.08027000000000001,PRK,580620
16841730,178,7580,2017,0.0,5.7606701543403924e-08,-0.353642,-0.08027000000000001,PRK,580631
16848256,178,7581,2017,1.2963621484883595e-08,1.2177617424974488e-06,-0.353642,-0.08027000000000001,PRK,580632
16854782,178,7582,2017,5.397089661884962e-10,7.932186041379924e-09,-0.353642,-0.08027000000000001,PRK,580639
16861308,178,7583,2017,0.0,0.0,-0.353642,-0.08027000000000001,PRK,580640
16867834,178,7584,2017,6.569843002227175e-10,1.5606540407367267e-06,-0.353642,-0.08027000000000001,PRK,580710
16874360,178,7585,2017,0.0,2.040301561473063e-09,-0.353642,-0.08027000000000001,PRK,580790
16880886,178,7586,2017,0.0,1.832367124559975e-07,-0.353642,-0.08027000000000001,PRK,580810
16887412,178,7587,2017,0.0,2.1489452995904884e-08,-0.353642,-0.08027000000000001,PRK,580890
16893938,178,7588,2017,0.0,0.0,-0.353642,-0.08027000000000001,PRK,580900
16900464,178,7589,2017,0.0,2.2149667536264587e-09,-0.353642,-0.08027000000000001,PRK,581010
16906990,178,7590,2017,0.0,2.7286216204183615e-08,-0.353642,-0.08027000000000001,PRK,581091
16913516,178,7591,2017,6.851334107613191e-07,3.010850741968052e-06,-0.353642,-0.08027000000000001,PRK,581092
16920042,178,7592,2017,0.0,1.3094917916471851e-09,-0.353642,-0.08027000000000001,PRK,581099
16926568,178,7593,2017,3.3782569090788078e-09,1.7499967433920449e-06,-0.353642,-0.08027000000000001,PRK,581100
16933094,178,7594,2017,0.0,7.539769366788615e-09,-0.353642,-0.08027000000000001,PRK,590110
16939620,178,7595,2017,8.831105386111825e-09,1.8242669019864853e-07,-0.353642,-0.08027000000000001,PRK,590190
16946146,178,7596,2017,0.0,7.459960299861598e-08,-0.353642,-0.08027000000000001,PRK,590210
16952672,178,7597,2017,0.0,1.7814523867637613e-09,-0.353642,-0.08027000000000001,PRK,590220
16959198,178,7598,2017,0.0,0.0,-0.353642,-0.08027000000000001,PRK,590290
16965724,178,7599,2017,2.987717925263297e-07,1.8937763569374888e-06,-0.353642,-0.08027000000000001,PRK,590310
16972250,178,7600,2017,1.656430758047692e-08,1.146430731766417e-05,-0.353642,-0.08027000000000001,PRK,590320
16978776,178,7601,2017,1.3919703342449403e-08,6.041857913397207e-07,-0.353642,-0.08027000000000001,PRK,590390
16985302,178,7602,2017,0.0,0.0,-0.353642,-0.08027000000000001,PRK,590410
16991828,178,7603,2017,0.0,0.0,-0.353642,-0.08027000000000001,PRK,590491
16998354,178,7604,2017,0.0,1.1221393441700096e-07,-0.353642,-0.08027000000000001,PRK,590492
17004880,178,7605,2017,0.0,8.617258056903776e-10,-0.353642,-0.08027000000000001,PRK,590500
17011406,178,7606,2017,0.0,1.019090195129528e-08,-0.353642,-0.08027000000000001,PRK,590610
17017932,178,7607,2017,0.0,0.0,-0.353642,-0.08027000000000001,PRK,590691
17024458,178,7608,2017,1.6495518172658398e-08,2.121171214007083e-09,-0.353642,-0.08027000000000001,PRK,590699
17030984,178,7609,2017,2.8721850542024525e-09,1.1264446588684396e-07,-0.353642,-0.08027000000000001,PRK,590700
17037510,178,7610,2017,0.0,0.0,-0.353642,-0.08027000000000001,PRK,590800
17044036,178,7611,2017,0.0,7.023496179279422e-08,-0.353642,-0.08027000000000001,PRK,590900
17050562,178,7612,2017,2.2279283096113557e-09,1.4119708759239024e-08,-0.353642,-0.08027000000000001,PRK,591000
17057088,178,7613,2017,1.0237197246367086e-08,1.42019041437818e-09,-0.353642,-0.08027000000000001,PRK,591110
17063614,178,7614,2017,0.0,3.940738396022534e-09,-0.353642,-0.08027000000000001,PRK,591120
17070140,178,7615,2017,0.0,0.0,-0.353642,-0.08027000000000001,PRK,591131
17076666,178,7616,2017,0.0,3.012063123890058e-08,-0.353642,-0.08027000000000001,PRK,591132
17083192,178,7617,2017,0.0,1.3481368797023768e-08,-0.353642,-0.08027000000000001,PRK,591140
17089718,178,7618,2017,3.307225027172809e-08,4.6097027676400176e-08,-0.353642,-0.08027000000000001,PRK,591190
17096244,178,7619,2017,1.2054813405378093e-09,1.3534709624396e-06,-0.353642,-0.08027000000000001,PRK,600110
17102770,178,7620,2017,0.0,7.697166899527984e-08,-0.353642,-0.08027000000000001,PRK,600121
17109296,178,7621,2017,0.0,1.9555508284834144e-07,-0.353642,-0.08027000000000001,PRK,600122
17115822,178,7622,2017,1.86355657410038e-08,0.0,-0.353642,-0.08027000000000001,PRK,600129
17122348,178,7623,2017,0.0,9.620837187530877e-08,-0.353642,-0.08027000000000001,PRK,600191
17128874,178,7624,2017,7.136522264873154e-10,6.443197427273439e-06,-0.353642,-0.08027000000000001,PRK,600192
17135400,178,7625,2017,0.0,1.448461649464868e-08,-0.353642,-0.08027000000000001,PRK,600199
17141926,178,7626,2017,4.821925362151237e-09,2.218509772419855e-07,-0.353642,-0.08027000000000001,PRK,600210
17148452,178,7627,2017,0.0,1.1869576964080355e-07,-0.353642,-0.08027000000000001,PRK,600220
17154978,178,7628,2017,3.792205504145336e-09,1.3968654854161545e-06,-0.353642,-0.08027000000000001,PRK,600230
17161504,178,7629,2017,0.0,0.0,-0.353642,-0.08027000000000001,PRK,600241
17168030,178,7630,2017,2.6261189786577816e-09,2.4593654494403375e-08,-0.353642,-0.08027000000000001,PRK,600242
17174556,178,7631,2017,2.3205061249794554e-08,6.285225852574279e-07,-0.353642,-0.08027000000000001,PRK,600243
17181082,178,7632,2017,4.1697896545500893e-10,0.0,-0.353642,-0.08027000000000001,PRK,600249
17187608,178,7633,2017,0.0,3.95366428310789e-09,-0.353642,-0.08027000000000001,PRK,600291
17194134,178,7634,2017,7.418346711001903e-10,1.8692105428152692e-06,-0.353642,-0.08027000000000001,PRK,600292
17200660,178,7635,2017,1.3189990152903138e-08,1.96983506058494e-05,-0.353642,-0.08027000000000001,PRK,600293
17207186,178,7636,2017,5.539638284959117e-08,6.500395471925144e-09,-0.353642,-0.08027000000000001,PRK,600299
17213712,178,7637,2017,0.0,0.0,-0.353642,-0.08027000000000001,PRK,610110
17220238,178,7638,2017,1.7916155810778368e-08,0.0,-0.353642,-0.08027000000000001,PRK,610120
17226764,178,7639,2017,2.8990583788075033e-07,2.568174904058857e-08,-0.353642,-0.08027000000000001,PRK,610130
17233290,178,7640,2017,2.9752176474108123e-09,0.0,-0.353642,-0.08027000000000001,PRK,610190
17239816,178,7641,2017,3.127645277951415e-09,1.6571650109430337e-09,-0.353642,-0.08027000000000001,PRK,610210
17246342,178,7642,2017,5.505031455122662e-08,2.374783747281805e-08,-0.353642,-0.08027000000000001,PRK,610220
17252868,178,7643,2017,2.3872379113041994e-07,5.6998190551385646e-08,-0.353642,-0.08027000000000001,PRK,610230
17259394,178,7644,2017,0.0,0.0,-0.353642,-0.08027000000000001,PRK,610290
17265920,178,7645,2017,0.0,0.0,-0.353642,-0.08027000000000001,PRK,610311
17272446,178,7646,2017,0.0,0.0,-0.353642,-0.08027000000000001,PRK,610312
17278972,178,7647,2017,0.0,0.0,-0.353642,-0.08027000000000001,PRK,610319
17285498,178,7648,2017,0.0,0.0,-0.353642,-0.08027000000000001,PRK,610321
17292024,178,7649,2017,0.0,4.1097692271387236e-10,-0.353642,-0.08027000000000001,PRK,610322
17298550,178,7650,2017,4.5301006937405e-09,5.1454973589781196e-09,-0.353642,-0.08027000000000001,PRK,610323
17305076,178,7651,2017,0.0,3.0243261449710364e-09,-0.353642,-0.08027000000000001,PRK,610329
17311602,178,7652,2017,0.0,0.0,-0.353642,-0.08027000000000001,PRK,610331
17318128,178,7653,2017,6.244805474358685e-08,2.612686356252787e-09,-0.353642,-0.08027000000000001,PRK,610332
17324654,178,7654,2017,1.184691787524673e-06,1.0327783781199175e-07,-0.353642,-0.08027000000000001,PRK,610333
17331180,178,7655,2017,0.0,0.0,-0.353642,-0.08027000000000001,PRK,610339
17337706,178,7656,2017,0.0,0.0,-0.353642,-0.08027000000000001,PRK,610341
17344232,178,7657,2017,1.3262688738522802e-07,5.661611458646262e-07,-0.353642,-0.08027000000000001,PRK,610342
17350758,178,7658,2017,3.8681708290437816e-07,8.653357739502158e-07,-0.353642,-0.08027000000000001,PRK,610343
17357284,178,7659,2017,0.0,6.061014740923708e-08,-0.353642,-0.08027000000000001,PRK,610349
17363810,178,7660,2017,0.0,0.0,-0.353642,-0.08027000000000001,PRK,610411
17370336,178,7661,2017,0.0,0.0,-0.353642,-0.08027000000000001,PRK,610412
17376862,178,7662,2017,0.0,0.0,-0.353642,-0.08027000000000001,PRK,610413
17383388,178,7663,2017,0.0,0.0,-0.353642,-0.08027000000000001,PRK,610419
17389914,178,7664,2017,0.0,0.0,-0.353642,-0.08027000000000001,PRK,610421
17396440,178,7665,2017,6.1495306293448375e-09,0.0,-0.353642,-0.08027000000000001,PRK,610422
17402966,178,7666,2017,3.8412975044387306e-09,3.6261753336453274e-08,-0.353642,-0.08027000000000001,PRK,610423
17409492,178,7667,2017,0.0,0.0,-0.353642,-0.08027000000000001,PRK,610429
17416018,178,7668,2017,0.0,0.0,-0.353642,-0.08027000000000001,PRK,610431
17422544,178,7669,2017,1.7307384703436387e-07,2.7003503853316733e-08,-0.353642,-0.08027000000000001,PRK,610432
17429070,178,7670,2017,1.669846207757498e-06,2.639452885509539e-07,-0.353642,-0.08027000000000001,PRK,610433
17435596,178,7671,2017,4.156486328544657e-08,0.0,-0.353642,-0.08027000000000001,PRK,610439
17442122,178,7672,2017,0.0,0.0,-0.353642,-0.08027000000000001,PRK,610441
17448648,178,7673,2017,1.1641319365869836e-07,5.156766081052532e-09,-0.353642,-0.08027000000000001,PRK,610442
17455174,178,7674,2017,7.145783076780352e-07,8.746185494755143e-09,-0.353642,-0.08027000000000001,PRK,610443
17461700,178,7675,2017,5.238874023902361e-08,4.606918730421634e-10,-0.353642,-0.08027000000000001,PRK,610444
17468226,178,7676,2017,3.4837137985979526e-09,1.940208794812104e-09,-0.353642,-0.08027000000000001,PRK,610449
17474752,178,7677,2017,0.0,0.0,-0.353642,-0.08027000000000001,PRK,610451
17481278,178,7678,2017,1.4518201494174434e-08,2.2136410216177045e-09,-0.353642,-0.08027000000000001,PRK,610452
17487804,178,7679,2017,8.254395597479972e-08,7.155969950254208e-09,-0.353642,-0.08027000000000001,PRK,610453
17494330,178,7680,2017,8.900197830969195e-10,4.012327924495273e-09,-0.353642,-0.08027000000000001,PRK,610459
17500856,178,7681,2017,0.0,0.0,-0.353642,-0.08027000000000001,PRK,610461
17507382,178,7682,2017,8.184181915578863e-08,1.697036401106323e-06,-0.353642,-0.08027000000000001,PRK,610462
17513908,178,7683,2017,7.623375510745762e-07,1.0693215180752288e-06,-0.353642,-0.08027000000000001,PRK,610463
17520434,178,7684,2017,4.370188048340349e-08,3.795007304960204e-08,-0.353642,-0.08027000000000001,PRK,610469
17526960,178,7685,2017,2.0476212714967263e-09,1.3489654622078482e-08,-0.353642,-0.08027000000000001,PRK,610510
17533486,178,7686,2017,3.1589974899906414e-07,5.972754132440882e-09,-0.353642,-0.08027000000000001,PRK,610520
17540012,178,7687,2017,0.0,0.0,-0.353642,-0.08027000000000001,PRK,610590
17546538,178,7688,2017,2.433690458989227e-09,1.4059387952840698e-08,-0.353642,-0.08027000000000001,PRK,610610
17553064,178,7689,2017,5.9225558872475974e-09,1.2661072116606966e-08,-0.353642,-0.08027000000000001,PRK,610620
17559590,178,7690,2017,0.0,2.095319439836372e-09,-0.353642,-0.08027000000000001,PRK,610690
17566116,178,7691,2017,7.329559888989793e-07,9.889805011796996e-07,-0.353642,-0.08027000000000001,PRK,610711
17572642,178,7692,2017,0.0,5.438255444141338e-07,-0.353642,-0.08027000000000001,PRK,610712
17579168,178,7693,2017,0.0,0.0,-0.353642,-0.08027000000000001,PRK,610719
17585694,178,7694,2017,0.0,0.0,-0.353642,-0.08027000000000001,PRK,610721
17592220,178,7695,2017,1.0829331620276307e-08,2.2313064006343572e-08,-0.353642,-0.08027000000000001,PRK,610722
17598746,178,7696,2017,0.0,8.885718788676546e-10,-0.353642,-0.08027000000000001,PRK,610729
17605272,178,7697,2017,4.7598027691873726e-09,9.635108692605119e-07,-0.353642,-0.08027000000000001,PRK,610791
17611798,178,7698,2017,0.0,0.0,-0.353642,-0.08027000000000001,PRK,610792
17618324,178,7699,2017,0.0,6.816217979710667e-08,-0.353642,-0.08027000000000001,PRK,610799
17624850,178,7700,2017,0.0,0.0,-0.353642,-0.08027000000000001,PRK,610811
17631376,178,7701,2017,0.0,0.0,-0.353642,-0.08027000000000001,PRK,610819
17637902,178,7702,2017,2.954999016178866e-07,4.0765397543392936e-07,-0.353642,-0.08027000000000001,PRK,610821
17644428,178,7703,2017,1.332969022781212e-08,1.6257783056357727e-08,-0.353642,-0.08027000000000001,PRK,610822
17650954,178,7704,2017,0.0,4.433579270276992e-09,-0.353642,-0.08027000000000001,PRK,610829
17657480,178,7705,2017,0.0,1.5987002293569635e-08,-0.353642,-0.08027000000000001,PRK,610831
17664006,178,7706,2017,0.0,3.900303569755524e-09,-0.353642,-0.08027000000000001,PRK,610832
17670532,178,7707,2017,0.0,0.0,-0.353642,-0.08027000000000001,PRK,610839
17677058,178,7708,2017,8.379943842674748e-08,1.7725043585706733e-06,-0.353642,-0.08027000000000001,PRK,610891
17683584,178,7709,2017,1.297240955901019e-08,9.3716989997857e-08,-0.353642,-0.08027000000000001,PRK,610892
17690110,178,7710,2017,0.0,4.520414716850407e-09,-0.353642,-0.08027000000000001,PRK,610899
17696636,178,7711,2017,3.7636160807892875e-06,7.3135633598978705e-06,-0.353642,-0.08027000000000001,PRK,610910
17703162,178,7712,2017,1.52473358829765e-06,5.063852816084983e-06,-0.353642,-0.08027000000000001,PRK,610990
17709688,178,7713,2017,3.594595051112478e-08,7.051701127765672e-08,-0.353642,-0.08027000000000001,PRK,611010
17716214,178,7714,2017,6.387829865583831e-07,1.0077485577946339e-07,-0.353642,-0.08027000000000001,PRK,611020
17722740,178,7715,2017,1.503714333209067e-06,4.424840044875283e-06,-0.353642,-0.08027000000000001,PRK,611030
17729266,178,7716,2017,1.4333651937515932e-09,1.1136148873537186e-09,-0.353642,-0.08027000000000001,PRK,611090
17735792,178,7717,2017,0.0,0.0,-0.353642,-0.08027000000000001,PRK,611110
17742318,178,7718,2017,9.725973761830314e-09,2.3426910896798823e-07,-0.353642,-0.08027000000000001,PRK,611120
17748844,178,7719,2017,1.2923014521677948e-08,8.722653751599752e-09,-0.353642,-0.08027000000000001,PRK,611130
17755370,178,7720,2017,0.0,8.239424434408763e-10,-0.353642,-0.08027000000000001,PRK,611190
17761896,178,7721,2017,0.0,1.0981038228512918e-07,-0.353642,-0.08027000000000001,PRK,611211
17768422,178,7722,2017,9.155527748791452e-07,8.669922760951545e-08,-0.353642,-0.08027000000000001,PRK,611212
17774948,178,7723,2017,0.0,0.0,-0.353642,-0.08027000000000001,PRK,611219
17781474,178,7724,2017,0.0,0.0,-0.353642,-0.08027000000000001,PRK,611220
17788000,178,7725,2017,0.0,2.4376897310972025e-09,-0.353642,-0.08027000000000001,PRK,611231
17794526,178,7726,2017,0.0,0.0,-0.353642,-0.08027000000000001,PRK,611239
17801052,178,7727,2017,0.0,1.7776972508489644e-07,-0.353642,-0.08027000000000001,PRK,611241
17807578,178,7728,2017,0.0,0.0,-0.353642,-0.08027000000000001,PRK,611249
17814104,178,7729,2017,1.134055510481308e-08,9.151859489433998e-09,-0.353642,-0.08027000000000001,PRK,611300
17820630,178,7730,2017,0.0,0.0,-0.353642,-0.08027000000000001,PRK,611410
17827156,178,7731,2017,9.180810128942551e-08,4.648646145397179e-08,-0.353642,-0.08027000000000001,PRK,611420
17833682,178,7732,2017,3.807236141272202e-07,6.974013232052663e-09,-0.353642,-0.08027000000000001,PRK,611430
17840208,178,7733,2017,2.034590678826257e-09,6.191168480883174e-10,-0.353642,-0.08027000000000001,PRK,611490
17846734,178,7734,2017,0.0,7.924894515331775e-09,-0.353642,-0.08027000000000001,PRK,611511
17853260,178,7735,2017,0.0,5.58298892186708e-09,-0.353642,-0.08027000000000001,PRK,611512
17859786,178,7736,2017,0.0,6.3038557016273e-10,-0.353642,-0.08027000000000001,PRK,611519
17866312,178,7737,2017,0.0,2.3863176157579687e-09,-0.353642,-0.08027000000000001,PRK,611520
17872838,178,7738,2017,0.0,0.0,-0.353642,-0.08027000000000001,PRK,611591
17879364,178,7739,2017,1.0495384803465683e-08,4.141342860659219e-06,-0.353642,-0.08027000000000001,PRK,611592
17885890,178,7740,2017,2.746727720119332e-09,5.642007196566806e-07,-0.353642,-0.08027000000000001,PRK,611593
17892416,178,7741,2017,0.0,7.66935967064436e-10,-0.353642,-0.08027000000000001,PRK,611599
17898942,178,7742,2017,5.967435672701004e-08,2.1162693199047135e-06,-0.353642,-0.08027000000000001,PRK,611610
17905468,178,7743,2017,0.0,0.0,-0.353642,-0.08027000000000001,PRK,611691
17911994,178,7744,2017,2.1199259089658868e-08,3.6487757500645684e-07,-0.353642,-0.08027000000000001,PRK,611692
17918520,178,7745,2017,6.921735672478386e-07,4.6805764008280296e-07,-0.353642,-0.08027000000000001,PRK,611693
17925046,178,7746,2017,7.008367901144285e-08,3.8558782901421635e-07,-0.353642,-0.08027000000000001,PRK,611699
17931572,178,7747,2017,2.185745553803698e-08,1.5865697814768606e-08,-0.353642,-0.08027000000000001,PRK,611710
17938098,178,7748,2017,0.0,0.0,-0.353642,-0.08027000000000001,PRK,611720
17944624,178,7749,2017,3.7415983186577e-09,3.376486967116519e-07,-0.353642,-0.08027000000000001,PRK,611780
17951150,178,7750,2017,2.0118629009126484e-09,2.054288034165422e-06,-0.353642,-0.08027000000000001,PRK,611790
17957676,178,7751,2017,2.167072411469877e-07,1.499402901901257e-09,-0.353642,-0.08027000000000001,PRK,620111
17964202,178,7752,2017,3.7393103890143964e-07,0.0,-0.353642,-0.08027000000000001,PRK,620112
17970728,178,7753,2017,3.025778165194465e-06,1.2294507216186366e-08,-0.353642,-0.08027000000000001,PRK,620113
17977254,178,7754,2017,3.903723134441442e-09,7.182484590429297e-09,-0.353642,-0.08027000000000001,PRK,620119
17983780,178,7755,2017,2.032951248446089e-07,4.983758053910079e-09,-0.353642,-0.08027000000000001,PRK,620191
17990306,178,7756,2017,1.5067080361158475e-06,2.2184932007697456e-07,-0.353642,-0.08027000000000001,PRK,620192
17996832,178,7757,2017,3.176815219371202e-05,8.40198237899221e-07,-0.353642,-0.08027000000000001,PRK,620193
18003358,178,7758,2017,0.0,0.0,-0.353642,-0.08027000000000001,PRK,620199
18009884,178,7759,2017,8.146138645721872e-07,1.6850385264270957e-08,-0.353642,-0.08027000000000001,PRK,620211
18016410,178,7760,2017,9.809493800107243e-07,6.293117272356389e-08,-0.353642,-0.08027000000000001,PRK,620212
18022936,178,7761,2017,9.179777075677117e-06,1.1110495959167788e-07,-0.353642,-0.08027000000000001,PRK,620213
18029462,178,7762,2017,1.51830647574072e-08,0.0,-0.353642,-0.08027000000000001,PRK,620219
18035988,178,7763,2017,4.54464647160521e-09,0.0,-0.353642,-0.08027000000000001,PRK,620291
18042514,178,7764,2017,5.190600223613856e-07,4.643044927660192e-08,-0.353642,-0.08027000000000001,PRK,620292
18049040,178,7765,2017,2.261681029553817e-05,8.863764666611574e-07,-0.353642,-0.08027000000000001,PRK,620293
18055566,178,7766,2017,2.524298533604814e-09,4.971495032829101e-10,-0.353642,-0.08027000000000001,PRK,620299
18062092,178,7767,2017,7.803952251824967e-07,0.0,-0.353642,-0.08027000000000001,PRK,620311
18068618,178,7768,2017,1.2849540161238833e-06,2.1915012970715056e-08,-0.353642,-0.08027000000000001,PRK,620312
18075144,178,7769,2017,2.356112977044109e-09,0.0,-0.353642,-0.08027000000000001,PRK,620319
18081670,178,7770,2017,0.0,0.0,-0.353642,-0.08027000000000001,PRK,620321
18088196,178,7771,2017,4.151407427773562e-07,4.093197577029293e-10,-0.353642,-0.08027000000000001,PRK,620322
18094722,178,7772,2017,5.096761774164148e-07,1.421211228024921e-07,-0.353642,-0.08027000000000001,PRK,620323
18101248,178,7773,2017,1.7218564547350004e-09,0.0,-0.353642,-0.08027000000000001,PRK,620329
18107774,178,7774,2017,3.720734218533007e-07,2.7949745074565205e-09,-0.353642,-0.08027000000000001,PRK,620331
18114300,178,7775,2017,1.0407916192572562e-06,3.460458832551024e-08,-0.353642,-0.08027000000000001,PRK,620332
18120826,178,7776,2017,9.407150311480442e-06,4.6719392567909944e-07,-0.353642,-0.08027000000000001,PRK,620333
18127352,178,7777,2017,6.303079496929177e-08,2.670859476796931e-07,-0.353642,-0.08027000000000001,PRK,620339
18133878,178,7778,2017,1.8409894058173607e-07,3.188385481054397e-09,-0.353642,-0.08027000000000001,PRK,620341
18140404,178,7779,2017,2.2585032316459363e-06,2.571810724092866e-07,-0.353642,-0.08027000000000001,PRK,620342
18146930,178,7780,2017,1.1656047268994894e-05,1.1416398677197807e-06,-0.353642,-0.08027000000000001,PRK,620343
18153456,178,7781,2017,7.353193747649557e-08,7.245867837767846e-07,-0.353642,-0.08027000000000001,PRK,620349
18159982,178,7782,2017,2.979763202993534e-09,0.0,-0.353642,-0.08027000000000001,PRK,620411
18166508,178,7783,2017,0.0,7.4174705889810185e-09,-0.353642,-0.08027000000000001,PRK,620412
18173034,178,7784,2017,0.0,7.182153157427108e-10,-0.353642,-0.08027000000000001,PRK,620413
18179560,178,7785,2017,5.443727062163688e-08,0.0,-0.353642,-0.08027000000000001,PRK,620419
18186086,178,7786,2017,0.0,0.0,-0.353642,-0.08027000000000001,PRK,620421
18192612,178,7787,2017,7.641109238259153e-08,0.0,-0.353642,-0.08027000000000001,PRK,620422
18199138,178,7788,2017,3.116254115661114e-07,7.671348268657491e-09,-0.353642,-0.08027000000000001,PRK,620423
18205664,178,7789,2017,1.8089492996999494e-08,0.0,-0.353642,-0.08027000000000001,PRK,620429
18212190,178,7790,2017,1.4566020738904668e-07,0.0,-0.353642,-0.08027000000000001,PRK,620431
18218716,178,7791,2017,1.6016352976461367e-06,9.123091104844027e-08,-0.353642,-0.08027000000000001,PRK,620432
18225242,178,7792,2017,6.209077407478492e-06,2.5021832789930837e-07,-0.353642,-0.08027000000000001,PRK,620433
18231768,178,7793,2017,1.3719677684216927e-06,5.669380248217563e-07,-0.353642,-0.08027000000000001,PRK,620439
18238294,178,7794,2017,1.2056631627611181e-08,0.0,-0.353642,-0.08027000000000001,PRK,620441
18244820,178,7795,2017,7.893757278287606e-07,8.813532680799868e-08,-0.353642,-0.08027000000000001,PRK,620442
18251346,178,7796,2017,7.590302048325878e-07,6.121633837024004e-08,-0.353642,-0.08027000000000001,PRK,620443
18257872,178,7797,2017,2.6264492890301257e-07,1.1569994673402072e-08,-0.353642,-0.08027000000000001,PRK,620444
18264398,178,7798,2017,1.068720724905654e-08,5.548188456637276e-10,-0.353642,-0.08027000000000001,PRK,620449
18270924,178,7799,2017,1.0823270879499345e-08,0.0,-0.353642,-0.08027000000000001,PRK,620451
18277450,178,7800,2017,6.414900164264133e-08,1.8674592508317047e-08,-0.353642,-0.08027000000000001,PRK,620452
18283976,178,7801,2017,2.1775453715324678e-07,1.2481766862422929e-09,-0.353642,-0.08027000000000001,PRK,620453
18290502,178,7802,2017,1.4501534457037788e-08,8.507885166181535e-10,-0.353642,-0.08027000000000001,PRK,620459
18297028,178,7803,2017,5.047051578311503e-08,2.5122621565896393e-09,-0.353642,-0.08027000000000001,PRK,620461
18303554,178,7804,2017,7.07938766156873e-07,7.727658735729336e-08,-0.353642,-0.08027000000000001,PRK,620462
18310080,178,7805,2017,2.8255246231087746e-06,1.0059399279016906e-06,-0.353642,-0.08027000000000001,PRK,620463
18316606,178,7806,2017,7.280307279065809e-07,6.332441798066067e-07,-0.353642,-0.08027000000000001,PRK,620469
18323132,178,7807,2017,0.0,0.0,-0.353642,-0.08027000000000001,PRK,620510
18329658,178,7808,2017,5.354546292001076e-07,4.11422700101816e-07,-0.353642,-0.08027000000000001,PRK,620520
18336184,178,7809,2017,5.28083556267166e-07,1.0284200341411373e-07,-0.353642,-0.08027000000000001,PRK,620530
18342710,178,7810,2017,3.368105168277396e-08,7.632902040403614e-09,-0.353642,-0.08027000000000001,PRK,620590
18349236,178,7811,2017,0.0,0.0,-0.353642,-0.08027000000000001,PRK,620610
18355762,178,7812,2017,0.0,0.0,-0.353642,-0.08027000000000001,PRK,620620
18362288,178,7813,2017,1.792461660490301e-06,4.85900998621631e-07,-0.353642,-0.08027000000000001,PRK,620630
18368814,178,7814,2017,1.131160597649192e-06,3.8012713887015684e-08,-0.353642,-0.08027000000000001,PRK,620640
18375340,178,7815,2017,2.2484439171413732e-08,5.787151651215262e-09,-0.353642,-0.08027000000000001,PRK,620690
18381866,178,7816,2017,0.0,3.521144215251758e-09,-0.353642,-0.08027000000000001,PRK,620711
18388392,178,7817,2017,0.0,1.1510668166010313e-09,-0.353642,-0.08027000000000001,PRK,620719
18394918,178,7818,2017,2.5604205486355096e-08,4.150535486407922e-09,-0.353642,-0.08027000000000001,PRK,620721
18401444,178,7819,2017,0.0,4.706348631078216e-09,-0.353642,-0.08027000000000001,PRK,620722
18407970,178,7820,2017,0.0,0.0,-0.353642,-0.08027000000000001,PRK,620729
18414496,178,7821,2017,4.510530561771689e-07,6.98987561553741e-07,-0.353642,-0.08027000000000001,PRK,620791
18421022,178,7822,2017,0.0,0.0,-0.353642,-0.08027000000000001,PRK,620792
18427548,178,7823,2017,1.3125231137701294e-07,1.0011364694009711e-07,-0.353642,-0.08027000000000001,PRK,620799
18434074,178,7824,2017,2.209685479872699e-08,0.0,-0.353642,-0.08027000000000001,PRK,620811
18440600,178,7825,2017,0.0,0.0,-0.353642,-0.08027000000000001,PRK,620819
18447126,178,7826,2017,2.3188636642288987e-07,2.3037907982130055e-09,-0.353642,-0.08027000000000001,PRK,620821
18453652,178,7827,2017,1.669158313679313e-07,8.961948379179926e-10,-0.353642,-0.08027000000000001,PRK,620822
18460178,178,7828,2017,4.466462915582396e-09,0.0,-0.353642,-0.08027000000000001,PRK,620829
18466704,178,7829,2017,1.0911151620765298e-08,1.6823207758091488e-08,-0.353642,-0.08027000000000001,PRK,620891
18473230,178,7830,2017,4.4909180046174386e-08,3.0664512795492085e-08,-0.353642,-0.08027000000000001,PRK,620892
18479756,178,7831,2017,0.0,5.031484406225239e-09,-0.353642,-0.08027000000000001,PRK,620899
18486282,178,7832,2017,0.0,0.0,-0.353642,-0.08027000000000001,PRK,620910
18492808,178,7833,2017,2.0501364789191654e-08,1.9447858845723285e-07,-0.353642,-0.08027000000000001,PRK,620920
18499334,178,7834,2017,2.743536740100261e-07,7.564958274954948e-09,-0.353642,-0.08027000000000001,PRK,620930
18505860,178,7835,2017,3.9425118754140016e-10,0.0,-0.353642,-0.08027000000000001,PRK,620990
18512386,178,7836,2017,0.0,2.0187584163308036e-09,-0.353642,-0.08027000000000001,PRK,621010
18518912,178,7837,2017,4.906593910805401e-08,3.0704052752653186e-07,-0.353642,-0.08027000000000001,PRK,621020
18525438,178,7838,2017,6.085014043774073e-08,4.0253200981810667e-08,-0.353642,-0.08027000000000001,PRK,621030
18531964,178,7839,2017,9.80030268671898e-07,3.096512252847715e-08,-0.353642,-0.08027000000000001,PRK,621040
18538490,178,7840,2017,1.0950643407667985e-06,0.0,-0.353642,-0.08027000000000001,PRK,621050
18545016,178,7841,2017,0.0,9.422971685224278e-09,-0.353642,-0.08027000000000001,PRK,621111
18551542,178,7842,2017,0.0,1.3648742463129014e-08,-0.353642,-0.08027000000000001,PRK,621112
18558068,178,7843,2017,8.492091790011658e-07,2.8801527890189924e-09,-0.353642,-0.08027000000000001,PRK,621120
18564594,178,7844,2017,0.0,0.0,-0.353642,-0.08027000000000001,PRK,621131
18571120,178,7845,2017,8.212849219453896e-08,9.074635599924053e-09,-0.353642,-0.08027000000000001,PRK,621132
18577646,178,7846,2017,5.443873126016413e-06,2.717753932276597e-07,-0.353642,-0.08027000000000001,PRK,621133
18584172,178,7847,2017,1.758463329027853e-08,1.330040637782879e-09,-0.353642,-0.08027000000000001,PRK,621139
18590698,178,7848,2017,0.0,0.0,-0.353642,-0.08027000000000001,PRK,621141
18597224,178,7849,2017,1.1769170692559857e-07,1.888041240267617e-08,-0.353642,-0.08027000000000001,PRK,621142
18603750,178,7850,2017,1.8675912092356038e-06,5.3505218141319915e-08,-0.353642,-0.08027000000000001,PRK,621143
18610276,178,7851,2017,1.7075106813159305e-07,2.3399169954515636e-09,-0.353642,-0.08027000000000001,PRK,621149
18616802,178,7852,2017,6.481901653553451e-08,1.472242630237905e-06,-0.353642,-0.08027000000000001,PRK,621210
18623328,178,7853,2017,0.0,3.5861050836807247e-09,-0.353642,-0.08027000000000001,PRK,621220
18629854,178,7854,2017,0.0,1.1557068786316717e-09,-0.353642,-0.08027000000000001,PRK,621230
18636380,178,7855,2017,0.0,5.482233289201744e-09,-0.353642,-0.08027000000000001,PRK,621290
18642906,178,7856,2017,0.0,0.0,-0.353642,-0.08027000000000001,PRK,621310
18649432,178,7857,2017,0.0,4.3818757219355694e-08,-0.353642,-0.08027000000000001,PRK,621320
18655958,178,7858,2017,1.3000288966584217e-09,2.8390550967476052e-09,-0.353642,-0.08027000000000001,PRK,621390
18662484,178,7859,2017,0.0,9.41998878820458e-09,-0.353642,-0.08027000000000001,PRK,621410
18669010,178,7860,2017,0.0,1.2700181210865222e-08,-0.353642,-0.08027000000000001,PRK,621420
18675536,178,7861,2017,1.5662469352864925e-08,6.243959129471775e-07,-0.353642,-0.08027000000000001,PRK,621430
18682062,178,7862,2017,6.888031893017698e-10,1.3257651520546458e-08,-0.353642,-0.08027000000000001,PRK,621440
18688588,178,7863,2017,0.0,1.4253607692123221e-08,-0.353642,-0.08027000000000001,PRK,621490
18695114,178,7864,2017,0.0,0.0,-0.353642,-0.08027000000000001,PRK,621510
18701640,178,7865,2017,0.0,1.8049841299191523e-09,-0.353642,-0.08027000000000001,PRK,621520
18708166,178,7866,2017,0.0,0.0,-0.353642,-0.08027000000000001,PRK,621590
18714692,178,7867,2017,6.039964557578912e-07,1.0664585998023236e-07,-0.353642,-0.08027000000000001,PRK,621600
18721218,178,7868,2017,6.306200778429313e-09,1.0320459111850806e-07,-0.353642,-0.08027000000000001,PRK,621710
18727744,178,7869,2017,0.0,5.70743869985888e-07,-0.353642,-0.08027000000000001,PRK,621790
18734270,178,7870,2017,0.0,1.803711427190748e-07,-0.353642,-0.08027000000000001,PRK,630110
18740796,178,7871,2017,0.0,1.2780620000496397e-07,-0.353642,-0.08027000000000001,PRK,630120
18747322,178,7872,2017,0.0,1.7232858948796608e-08,-0.353642,-0.08027000000000001,PRK,630130
18753848,178,7873,2017,0.0,2.1300334010526044e-06,-0.353642,-0.08027000000000001,PRK,630140
18760374,178,7874,2017,0.0,0.0,-0.353642,-0.08027000000000001,PRK,630190
18766900,178,7875,2017,0.0,4.792521211647253e-10,-0.353642,-0.08027000000000001,PRK,630210
18773426,178,7876,2017,0.0,1.1716156627367248e-08,-0.353642,-0.08027000000000001,PRK,630221
18779952,178,7877,2017,0.0,6.676386396087294e-09,-0.353642,-0.08027000000000001,PRK,630222
18786478,178,7878,2017,0.0,0.0,-0.353642,-0.08027000000000001,PRK,630229
18793004,178,7879,2017,0.0,3.5861713702811623e-08,-0.353642,-0.08027000000000001,PRK,630231
18799530,178,7880,2017,9.091717239521205e-09,4.697532513219999e-08,-0.353642,-0.08027000000000001,PRK,630232
18806056,178,7881,2017,0.0,4.215827787839078e-10,-0.353642,-0.08027000000000001,PRK,630239
18812582,178,7882,2017,0.0,4.971495032829101e-10,-0.353642,-0.08027000000000001,PRK,630240
18819108,178,7883,2017,0.0,1.0168364507146455e-09,-0.353642,-0.08027000000000001,PRK,630251
18825634,178,7884,2017,0.0,0.0,-0.353642,-0.08027000000000001,PRK,630252
18832160,178,7885,2017,2.5903606080737035e-08,7.0041736352518264e-09,-0.353642,-0.08027000000000001,PRK,630253
18838686,178,7886,2017,0.0,0.0,-0.353642,-0.08027000000000001,PRK,630259
18845212,178,7887,2017,0.0,3.471604924414627e-07,-0.353642,-0.08027000000000001,PRK,630260
18851738,178,7888,2017,0.0,8.27213687172478e-08,-0.353642,-0.08027000000000001,PRK,630291
18858264,178,7889,2017,0.0,0.0,-0.353642,-0.08027000000000001,PRK,630292
18864790,178,7890,2017,0.0,5.846686961398402e-07,-0.353642,-0.08027000000000001,PRK,630293
18871316,178,7891,2017,0.0,0.0,-0.353642,-0.08027000000000001,PRK,630299
18877842,178,7892,2017,0.0,0.0,-0.353642,-0.08027000000000001,PRK,630311
18884368,178,7893,2017,0.0,2.1411566240390562e-08,-0.353642,-0.08027000000000001,PRK,630312
18890894,178,7894,2017,0.0,1.5146488200019328e-09,-0.353642,-0.08027000000000001,PRK,630319
18897420,178,7895,2017,0.0,1.771509396698103e-09,-0.353642,-0.08027000000000001,PRK,630391
18903946,178,7896,2017,0.0,8.048021875644842e-08,-0.353642,-0.08027000000000001,PRK,630392
18910472,178,7897,2017,3.464925502189369e-09,1.3701771743479191e-08,-0.353642,-0.08027000000000001,PRK,630399
18916998,178,7898,2017,0.0,1.082824761450397e-08,-0.353642,-0.08027000000000001,PRK,630411
18923524,178,7899,2017,0.0,1.564728346632631e-08,-0.353642,-0.08027000000000001,PRK,630419
18930050,178,7900,2017,4.590677797806239e-08,4.006991853160037e-08,-0.353642,-0.08027000000000001,PRK,630491
18936576,178,7901,2017,0.0,1.7052890828608193e-08,-0.353642,-0.08027000000000001,PRK,630492
18943102,178,7902,2017,0.0,1.1967382843026212e-08,-0.353642,-0.08027000000000001,PRK,630493
18949628,178,7903,2017,0.0,4.630119040574836e-10,-0.353642,-0.08027000000000001,PRK,630499
18956154,178,7904,2017,0.0,3.52777287529553e-09,-0.353642,-0.08027000000000001,PRK,630510
18962680,178,7905,2017,0.0,0.0,-0.353642,-0.08027000000000001,PRK,630520
18969206,178,7906,2017,0.0,8.027302672946024e-06,-0.353642,-0.08027000000000001,PRK,630531
18975732,178,7907,2017,2.482176385204926e-09,3.951112248991037e-08,-0.353642,-0.08027000000000001,PRK,630539
18982258,178,7908,2017,0.0,1.7778066237396866e-09,-0.353642,-0.08027000000000001,PRK,630590
18988784,178,7909,2017,0.0,0.0,-0.353642,-0.08027000000000001,PRK,630611
18995310,178,7910,2017,2.833456920637663e-08,1.1307632308869571e-07,-0.353642,-0.08027000000000001,PRK,630612
19001836,178,7911,2017,5.90770707234404e-09,1.865792142830696e-07,-0.353642,-0.08027000000000001,PRK,630619
19008362,178,7912,2017,0.0,0.0,-0.353642,-0.08027000000000001,PRK,630621
19014888,178,7913,2017,1.0994183769409684e-09,1.4015307363549613e-08,-0.353642,-0.08027000000000001,PRK,630622
19021414,178,7914,2017,0.0,3.055779136878735e-08,-0.353642,-0.08027000000000001,PRK,630629
19027940,178,7915,2017,0.0,0.0,-0.353642,-0.08027000000000001,PRK,630631
19034466,178,7916,2017,0.0,0.0,-0.353642,-0.08027000000000001,PRK,630639
19040992,178,7917,2017,0.0,0.0,-0.353642,-0.08027000000000001,PRK,630641
19047518,178,7918,2017,3.5880191473694744e-08,3.738564264687484e-10,-0.353642,-0.08027000000000001,PRK,630649
19054044,178,7919,2017,0.0,0.0,-0.353642,-0.08027000000000001,PRK,630691
19060570,178,7920,2017,0.0,0.0,-0.353642,-0.08027000000000001,PRK,630699
19067096,178,7921,2017,3.681596984965773e-09,1.9999495934566003e-07,-0.353642,-0.08027000000000001,PRK,630710
19073622,178,7922,2017,0.0,3.6754594210707734e-08,-0.353642,-0.08027000000000001,PRK,630720
19080148,178,7923,2017,3.8747588542683396e-07,5.562390360781059e-07,-0.353642,-0.08027000000000001,PRK,630790
19086674,178,7924,2017,0.0,4.0781505187299305e-08,-0.353642,-0.08027000000000001,PRK,630800
19093200,178,7925,2017,5.779976960469559e-08,1.8112813569607358e-09,-0.353642,-0.08027000000000001,PRK,630900
19099726,178,7926,2017,0.0,1.0108375133750316e-08,-0.353642,-0.08027000000000001,PRK,631010
19106252,178,7927,2017,4.581313953305832e-09,0.0,-0.353642,-0.08027000000000001,PRK,631090
19112778,178,7928,2017,0.0,0.0,-0.353642,-0.08027000000000001,PRK,640110
19119304,178,7929,2017,0.0,0.0,-0.353642,-0.08027000000000001,PRK,640191
19125830,178,7930,2017,0.0,1.1181933028459521e-06,-0.353642,-0.08027000000000001,PRK,640192
19132356,178,7931,2017,0.0,5.191897979284525e-09,-0.353642,-0.08027000000000001,PRK,640199
19138882,178,7932,2017,0.0,3.0823269203540428e-09,-0.353642,-0.08027000000000001,PRK,640211
19145408,178,7933,2017,0.0,8.377963429323601e-09,-0.353642,-0.08027000000000001,PRK,640219
19151934,178,7934,2017,0.0,9.065355475862772e-09,-0.353642,-0.08027000000000001,PRK,640220
19158460,178,7935,2017,0.0,0.0,-0.353642,-0.08027000000000001,PRK,640230
19164986,178,7936,2017,0.0,3.2589475672203514e-07,-0.353642,-0.08027000000000001,PRK,640291
19171512,178,7937,2017,1.1339645993696535e-09,2.015807336879316e-06,-0.353642,-0.08027000000000001,PRK,640299
19178038,178,7938,2017,0.0,0.0,-0.353642,-0.08027000000000001,PRK,640311
19184564,178,7939,2017,4.539494841944792e-09,3.135627975766014e-07,-0.353642,-0.08027000000000001,PRK,640319
19191090,178,7940,2017,0.0,1.440871833714749e-08,-0.353642,-0.08027000000000001,PRK,640320
19197616,178,7941,2017,0.0,0.0,-0.353642,-0.08027000000000001,PRK,640330
19204142,178,7942,2017,0.0,0.0,-0.353642,-0.08027000000000001,PRK,640340
19210668,178,7943,2017,0.0,0.0,-0.353642,-0.08027000000000001,PRK,640351
19217194,178,7944,2017,9.282024499917822e-10,9.378460233030348e-08,-0.353642,-0.08027000000000001,PRK,640359
19223720,178,7945,2017,3.3208071472539816e-07,1.3948695958769746e-06,-0.353642,-0.08027000000000001,PRK,640391
19230246,178,7946,2017,3.4243185389837215e-10,4.0982416558896014e-06,-0.353642,-0.08027000000000001,PRK,640399
19236772,178,7947,2017,0.0,3.7361083461412666e-07,-0.353642,-0.08027000000000001,PRK,640411
19243298,178,7948,2017,1.7509540712051967e-07,7.928894911668192e-07,-0.353642,-0.08027000000000001,PRK,640419
19249824,178,7949,2017,0.0,0.0,-0.353642,-0.08027000000000001,PRK,640420
19256350,178,7950,2017,0.0,9.3996388018702e-08,-0.353642,-0.08027000000000001,PRK,640510
19262876,178,7951,2017,0.0,1.8454653568064688e-07,-0.353642,-0.08027000000000001,PRK,640520
19269402,178,7952,2017,3.1546155744088975e-10,1.7655966319390584e-07,-0.353642,-0.08027000000000001,PRK,640590
19275928,178,7953,2017,9.531636108817016e-08,1.8040726891631336e-07,-0.353642,-0.08027000000000001,PRK,640610
19282454,178,7954,2017,0.0,1.2815271320875215e-06,-0.353642,-0.08027000000000001,PRK,640620
19288980,178,7955,2017,0.0,0.0,-0.353642,-0.08027000000000001,PRK,640691
19295506,178,7956,2017,3.127039203873719e-09,9.7068109082986e-08,-0.353642,-0.08027000000000001,PRK,640699
19302032,178,7957,2017,0.0,0.0,-0.353642,-0.08027000000000001,PRK,650100
19308558,178,7958,2017,3.802493611614229e-07,1.8702764313503077e-09,-0.353642,-0.08027000000000001,PRK,650200
19315084,178,7959,2017,0.0,0.0,-0.353642,-0.08027000000000001,PRK,650300
19321610,178,7960,2017,2.2951085907535948e-07,8.749831257779218e-10,-0.353642,-0.08027000000000001,PRK,650400
19328136,178,7961,2017,0.0,0.0,-0.353642,-0.08027000000000001,PRK,650510
19334662,178,7962,2017,3.428185291599423e-07,7.664189315810218e-07,-0.353642,-0.08027000000000001,PRK,650590
19341188,178,7963,2017,0.0,4.2029483013740284e-07,-0.353642,-0.08027000000000001,PRK,650610
19347714,178,7964,2017,0.0,2.7323668133430927e-08,-0.353642,-0.08027000000000001,PRK,650691
19354240,178,7965,2017,0.0,0.0,-0.353642,-0.08027000000000001,PRK,650692
19360766,178,7966,2017,8.169830081419017e-07,1.500794920510449e-08,-0.353642,-0.08027000000000001,PRK,650699
19367292,178,7967,2017,1.7549784030810998e-08,1.3199650745163451e-08,-0.353642,-0.08027000000000001,PRK,650700
19373818,178,7968,2017,0.0,1.127303070344108e-08,-0.353642,-0.08027000000000001,PRK,660110
19380344,178,7969,2017,0.0,1.019643688243183e-06,-0.353642,-0.08027000000000001,PRK,660191
19386870,178,7970,2017,0.0,5.731901769750422e-08,-0.353642,-0.08027000000000001,PRK,660199
19393396,178,7971,2017,0.0,3.4667892028928263e-09,-0.353642,-0.08027000000000001,PRK,660200
19399922,178,7972,2017,0.0,0.0,-0.353642,-0.08027000000000001,PRK,660310
19406448,178,7973,2017,0.0,0.0,-0.353642,-0.08027000000000001,PRK,660320
19412974,178,7974,2017,0.0,0.0,-0.353642,-0.08027000000000001,PRK,660390
19419500,178,7975,2017,0.0,4.41269899113911e-09,-0.353642,-0.08027000000000001,PRK,670100
19426026,178,7976,2017,1.8299497664921238e-08,5.969757978101097e-07,-0.353642,-0.08027000000000001,PRK,670210
19432552,178,7977,2017,1.4203436921922896e-07,6.93599786670163e-08,-0.353642,-0.08027000000000001,PRK,670290
19439078,178,7978,2017,0.0,2.185532851568093e-06,-0.353642,-0.08027000000000001,PRK,670300
19445604,178,7979,2017,3.4031968573760074e-08,4.681292296112757e-08,-0.353642,-0.08027000000000001,PRK,670411
19452130,178,7980,2017,2.0944926163694422e-06,1.1408387941534908e-07,-0.353642,-0.08027000000000001,PRK,670419
19458656,178,7981,2017,1.8396863465503138e-07,5.518293199839864e-08,-0.353642,-0.08027000000000001,PRK,670420
19465182,178,7982,2017,0.0,2.5321481367209553e-09,-0.353642,-0.08027000000000001,PRK,670490
19471708,178,7983,2017,0.0,0.0,-0.353642,-0.08027000000000001,PRK,680100
19478234,178,7984,2017,0.0,3.408125561505443e-09,-0.353642,-0.08027000000000001,PRK,680210
19484760,178,7985,2017,3.620171377191259e-08,2.757002228395772e-07,-0.353642,-0.08027000000000001,PRK,680221
19491286,178,7986,2017,0.0,0.0,-0.353642,-0.08027000000000001,PRK,680222
19497812,178,7987,2017,2.007256737922157e-08,7.126704416160954e-08,-0.353642,-0.08027000000000001,PRK,680223
19504338,178,7988,2017,0.0,5.170354834142265e-10,-0.353642,-0.08027000000000001,PRK,680229
19510864,178,7989,2017,0.0,2.18595642294489e-07,-0.353642,-0.08027000000000001,PRK,680291
19517390,178,7990,2017,0.0,0.0,-0.353642,-0.08027000000000001,PRK,680292
19523916,178,7991,2017,0.0,9.224542746813959e-08,-0.353642,-0.08027000000000001,PRK,680293
19530442,178,7992,2017,0.0,1.5144831035008385e-08,-0.353642,-0.08027000000000001,PRK,680299
19536968,178,7993,2017,0.0,0.0,-0.353642,-0.08027000000000001,PRK,680300
19543494,178,7994,2017,4.972837807497599e-10,9.382868291959457e-10,-0.353642,-0.08027000000000001,PRK,680410
19550020,178,7995,2017,8.875045756744802e-09,1.793383974842551e-08,-0.353642,-0.08027000000000001,PRK,680421
19556546,178,7996,2017,4.662830916755975e-09,1.6711349119852835e-07,-0.353642,-0.08027000000000001,PRK,680422
19563072,178,7997,2017,2.625209867541237e-09,4.871402266168142e-09,-0.353642,-0.08027000000000001,PRK,680423
19569598,178,7998,2017,2.2261100873782672e-09,1.2009806267306354e-08,-0.353642,-0.08027000000000001,PRK,680430
19576124,178,7999,2017,9.191113388263387e-10,1.8311010504916146e-08,-0.353642,-0.08027000000000001,PRK,680510
19582650,178,8000,2017,5.889827887052001e-09,3.822350527640764e-08,-0.353642,-0.08027000000000001,PRK,680520
19589176,178,8001,2017,1.9033756410050225e-09,0.0,-0.353642,-0.08027000000000001,PRK,680530
19595702,178,8002,2017,1.5009424534147234e-08,1.0395760689948058e-07,-0.353642,-0.08027000000000001,PRK,680610
19602228,178,8003,2017,0.0,5.309225262059291e-09,-0.353642,-0.08027000000000001,PRK,680620
19608754,178,8004,2017,9.506271908665428e-10,7.552297534271344e-08,-0.353642,-0.08027000000000001,PRK,680690
19615280,178,8005,2017,0.0,1.3476198442189625e-07,-0.353642,-0.08027000000000001,PRK,680710
19621806,178,8006,2017,0.0,0.0,-0.353642,-0.08027000000000001,PRK,680790
19628332,178,8007,2017,0.0,3.544675958407149e-09,-0.353642,-0.08027000000000001,PRK,680800
19634858,178,8008,2017,0.0,1.9494690328932536e-07,-0.353642,-0.08027000000000001,PRK,680911
19641384,178,8009,2017,0.0,1.1260999685461634e-07,-0.353642,-0.08027000000000001,PRK,680919
19647910,178,8010,2017,0.0,2.2866888553000732e-08,-0.353642,-0.08027000000000001,PRK,680990
19654436,178,8011,2017,0.0,3.914058039346351e-08,-0.353642,-0.08027000000000001,PRK,681011
19660962,178,8012,2017,3.0800684628522605e-09,5.380549644130279e-08,-0.353642,-0.08027000000000001,PRK,681019
19667488,178,8013,2017,0.0,0.0,-0.353642,-0.08027000000000001,PRK,681020
19674014,178,8014,2017,0.0,3.192462106981317e-08,-0.353642,-0.08027000000000001,PRK,681091
19680540,178,8015,2017,0.0,4.484951385616226e-08,-0.353642,-0.08027000000000001,PRK,681099
19687066,178,8016,2017,0.0,0.0,-0.353642,-0.08027000000000001,PRK,681110
19693592,178,8017,2017,0.0,8.94206239904861e-10,-0.353642,-0.08027000000000001,PRK,681120
19700118,178,8018,2017,0.0,0.0,-0.353642,-0.08027000000000001,PRK,681130
19706644,178,8019,2017,0.0,1.074654937946448e-07,-0.353642,-0.08027000000000001,PRK,681190
19713170,178,8020,2017,0.0,0.0,-0.353642,-0.08027000000000001,PRK,681210
19719696,178,8021,2017,0.0,0.0,-0.353642,-0.08027000000000001,PRK,681220
19726222,178,8022,2017,0.0,0.0,-0.353642,-0.08027000000000001,PRK,681230
19732748,178,8023,2017,0.0,0.0,-0.353642,-0.08027000000000001,PRK,681240
19739274,178,8024,2017,0.0,0.0,-0.353642,-0.08027000000000001,PRK,681250
19745800,178,8025,2017,0.0,8.305711034846485e-10,-0.353642,-0.08027000000000001,PRK,681260
19752326,178,8026,2017,0.0,3.3773022923019026e-09,-0.353642,-0.08027000000000001,PRK,681270
19758852,178,8027,2017,0.0,7.732994807064573e-09,-0.353642,-0.08027000000000001,PRK,681290
19765378,178,8028,2017,3.8728133564789344e-10,0.0,-0.353642,-0.08027000000000001,PRK,681310
19771904,178,8029,2017,0.0,6.662134776993184e-09,-0.353642,-0.08027000000000001,PRK,681390
19778430,178,8030,2017,0.0,6.5656877733562995e-09,-0.353642,-0.08027000000000001,PRK,681410
19784956,178,8031,2017,0.0,1.1977988699096248e-09,-0.353642,-0.08027000000000001,PRK,681490
19791482,178,8032,2017,0.0,0.0,-0.353642,-0.08027000000000001,PRK,681510
19798008,178,8033,2017,0.0,0.0,-0.353642,-0.08027000000000001,PRK,681520
19804534,178,8034,2017,0.0,0.0,-0.353642,-0.08027000000000001,PRK,681591
19811060,178,8035,2017,6.173773592452687e-09,3.3407783754607184e-08,-0.353642,-0.08027000000000001,PRK,681599
19817586,178,8036,2017,0.0,0.0,-0.353642,-0.08027000000000001,PRK,690100
19824112,178,8037,2017,0.0,2.000894177512838e-08,-0.353642,-0.08027000000000001,PRK,690210
19830638,178,8038,2017,0.0,1.557347333673891e-07,-0.353642,-0.08027000000000001,PRK,690220
19837164,178,8039,2017,0.0,5.38518970616092e-08,-0.353642,-0.08027000000000001,PRK,690290
19843690,178,8040,2017,0.0,8.798551909100943e-09,-0.353642,-0.08027000000000001,PRK,690310
19850216,178,8041,2017,0.0,1.036662772905568e-07,-0.353642,-0.08027000000000001,PRK,690320
19856742,178,8042,2017,0.0,3.23133919813804e-08,-0.353642,-0.08027000000000001,PRK,690390
19863268,178,8043,2017,0.0,4.816480503375468e-07,-0.353642,-0.08027000000000001,PRK,690410
19869794,178,8044,2017,0.0,3.5705562358160484e-06,-0.353642,-0.08027000000000001,PRK,690490
19876320,178,8045,2017,3.4128637389152626e-08,1.8344816671139384e-09,-0.353642,-0.08027000000000001,PRK,690510
19882846,178,8046,2017,0.0,0.0,-0.353642,-0.08027000000000001,PRK,690590
19889372,178,8047,2017,0.0,0.0,-0.353642,-0.08027000000000001,PRK,690600
19895898,178,8048,2017,0.0,0.0,-0.353642,-0.08027000000000001,PRK,690710
19902424,178,8049,2017,3.257042093539561e-09,1.5028856661748551e-05,-0.353642,-0.08027000000000001,PRK,690790
19908950,178,8050,2017,0.0,0.0,-0.353642,-0.08027000000000001,PRK,690810
19915476,178,8051,2017,0.0,0.0,-0.353642,-0.08027000000000001,PRK,690890
19922002,178,8052,2017,0.0,0.0,-0.353642,-0.08027000000000001,PRK,690911
19928528,178,8053,2017,0.0,1.801702943197485e-08,-0.353642,-0.08027000000000001,PRK,690919
19935054,178,8054,2017,0.0,0.0,-0.353642,-0.08027000000000001,PRK,690990
19941580,178,8055,2017,0.0,8.160122459975096e-07,-0.353642,-0.08027000000000001,PRK,691010
19948106,178,8056,2017,0.0,2.3949017305146535e-08,-0.353642,-0.08027000000000001,PRK,691090
19954632,178,8057,2017,0.0,1.3351460317485922e-06,-0.353642,-0.08027000000000001,PRK,691110
19961158,178,8058,2017,0.0,3.589419413702611e-10,-0.353642,-0.08027000000000001,PRK,691190
19967684,178,8059,2017,0.0,1.3926151885960878e-08,-0.353642,-0.08027000000000001,PRK,691200
19974210,178,8060,2017,0.0,2.7907321650285063e-08,-0.353642,-0.08027000000000001,PRK,691310
19980736,178,8061,2017,0.0,3.7524513074791865e-08,-0.353642,-0.08027000000000001,PRK,691390
19987262,178,8062,2017,0.0,1.6707206207325477e-08,-0.353642,-0.08027000000000001,PRK,691410
19993788,178,8063,2017,0.0,1.0522003520481698e-08,-0.353642,-0.08027000000000001,PRK,691490
20000314,178,8064,2017,0.0,0.0,-0.353642,-0.08027000000000001,PRK,700100
20006840,178,8065,2017,0.0,8.279196394671397e-10,-0.353642,-0.08027000000000001,PRK,700210
20013366,178,8066,2017,0.0,8.630846809993509e-09,-0.353642,-0.08027000000000001,PRK,700220
20019892,178,8067,2017,0.0,3.880086156622019e-09,-0.353642,-0.08027000000000001,PRK,700231
20026418,178,8068,2017,0.0,0.0,-0.353642,-0.08027000000000001,PRK,700232
20032944,178,8069,2017,0.0,4.772635231515937e-10,-0.353642,-0.08027000000000001,PRK,700239
20039470,178,8070,2017,0.0,3.2202759645249844e-07,-0.353642,-0.08027000000000001,PRK,700311
20045996,178,8071,2017,0.0,1.9279570424531997e-06,-0.353642,-0.08027000000000001,PRK,700319
20052522,178,8072,2017,0.0,0.0,-0.353642,-0.08027000000000001,PRK,700320
20059048,178,8073,2017,0.0,0.0,-0.353642,-0.08027000000000001,PRK,700330
20065574,178,8074,2017,0.0,4.427911765939567e-08,-0.353642,-0.08027000000000001,PRK,700410
20072100,178,8075,2017,0.0,2.6940133863298275e-07,-0.353642,-0.08027000000000001,PRK,700490
20078626,178,8076,2017,0.0,1.1245090901356581e-07,-0.353642,-0.08027000000000001,PRK,700510
20085152,178,8077,2017,0.0,1.046754907822211e-07,-0.353642,-0.08027000000000001,PRK,700521
20091678,178,8078,2017,1.554540008401712e-06,4.8658673350315924e-08,-0.353642,-0.08027000000000001,PRK,700529
20098204,178,8079,2017,0.0,2.3853233167514025e-09,-0.353642,-0.08027000000000001,PRK,700530
20104730,178,8080,2017,0.0,1.0974409568469147e-07,-0.353642,-0.08027000000000001,PRK,700600
20111256,178,8081,2017,3.8667526157019723e-10,1.712892155931026e-07,-0.353642,-0.08027000000000001,PRK,700711
20117782,178,8082,2017,0.0,8.248638271869607e-08,-0.353642,-0.08027000000000001,PRK,700719
20124308,178,8083,2017,4.487978545340612e-10,1.6122359531663463e-07,-0.353642,-0.08027000000000001,PRK,700721
20130834,178,8084,2017,0.0,5.550508487652597e-09,-0.353642,-0.08027000000000001,PRK,700729
20137360,178,8085,2017,0.0,3.9835595399053024e-08,-0.353642,-0.08027000000000001,PRK,700800
20143886,178,8086,2017,0.0,1.0998339031227164e-07,-0.353642,-0.08027000000000001,PRK,700910
20150412,178,8087,2017,0.0,9.955776750882639e-07,-0.353642,-0.08027000000000001,PRK,700991
20156938,178,8088,2017,0.0,3.559149637612726e-07,-0.353642,-0.08027000000000001,PRK,700992
20163464,178,8089,2017,0.0,1.1725768184430718e-07,-0.353642,-0.08027000000000001,PRK,701010
20169990,178,8090,2017,0.0,3.3422797669606326e-07,-0.353642,-0.08027000000000001,PRK,701090
20176516,178,8091,2017,0.0,0.0,-0.353642,-0.08027000000000001,PRK,701110
20183042,178,8092,2017,0.0,0.0,-0.353642,-0.08027000000000001,PRK,701120
20189568,178,8093,2017,0.0,0.0,-0.353642,-0.08027000000000001,PRK,701190
20196094,178,8094,2017,0.0,0.0,-0.353642,-0.08027000000000001,PRK,701200
20202620,178,8095,2017,0.0,4.640062030640494e-08,-0.353642,-0.08027000000000001,PRK,701310
20209146,178,8096,2017,0.0,8.889033118698433e-10,-0.353642,-0.08027000000000001,PRK,701321
20215672,178,8097,2017,7.000155597391501e-10,8.318958411943964e-07,-0.353642,-0.08027000000000001,PRK,701329
20222198,178,8098,2017,0.0,0.0,-0.353642,-0.08027000000000001,PRK,701331
20228724,178,8099,2017,0.0,1.525953999706586e-07,-0.353642,-0.08027000000000001,PRK,701332
20235250,178,8100,2017,0.0,2.4117683559960314e-07,-0.353642,-0.08027000000000001,PRK,701339
20241776,178,8101,2017,0.0,3.466921776093702e-08,-0.353642,-0.08027000000000001,PRK,701391
20248302,178,8102,2017,1.9364066782394673e-09,2.06372061740771e-07,-0.353642,-0.08027000000000001,PRK,701399
20254828,178,8103,2017,0.0,0.0,-0.353642,-0.08027000000000001,PRK,701400
20261354,178,8104,2017,1.3076048226296246e-09,0.0,-0.353642,-0.08027000000000001,PRK,701510
20267880,178,8105,2017,0.0,0.0,-0.353642,-0.08027000000000001,PRK,701590
20274406,178,8106,2017,0.0,3.253412636083801e-08,-0.353642,-0.08027000000000001,PRK,701610
20280932,178,8107,2017,0.0,8.142148848266408e-08,-0.353642,-0.08027000000000001,PRK,701690
20287458,178,8108,2017,0.0,7.324669348368209e-10,-0.353642,-0.08027000000000001,PRK,701710
20293984,178,8109,2017,0.0,6.409582829325465e-09,-0.353642,-0.08027000000000001,PRK,701720
20300510,178,8110,2017,5.688005219179155e-09,1.407761676796107e-08,-0.353642,-0.08027000000000001,PRK,701790
20307036,178,8111,2017,4.498887878739144e-09,1.604301447093951e-08,-0.353642,-0.08027000000000001,PRK,701810
20313562,178,8112,2017,0.0,6.935567003798785e-09,-0.353642,-0.08027000000000001,PRK,701820
20320088,178,8113,2017,2.0124689749903446e-09,2.5956838432405115e-08,-0.353642,-0.08027000000000001,PRK,701890
20326614,178,8114,2017,4.791015584188728e-10,0.0,-0.353642,-0.08027000000000001,PRK,701910
20333140,178,8115,2017,0.0,2.9489251369731285e-08,-0.353642,-0.08027000000000001,PRK,701920
20339666,178,8116,2017,0.0,0.0,-0.353642,-0.08027000000000001,PRK,701931
20346192,178,8117,2017,0.0,0.0,-0.353642,-0.08027000000000001,PRK,701932
20352718,178,8118,2017,0.0,1.1980308730111568e-08,-0.353642,-0.08027000000000001,PRK,701939
20359244,178,8119,2017,0.0,3.164025155393534e-08,-0.353642,-0.08027000000000001,PRK,701990
20365770,178,8120,2017,9.469907464003655e-10,5.977858200674586e-08,-0.353642,-0.08027000000000001,PRK,702000
20372296,178,8121,2017,0.0,0.0,-0.353642,-0.08027000000000001,PRK,710110
20378822,178,8122,2017,0.0,0.0,-0.353642,-0.08027000000000001,PRK,710121
20385348,178,8123,2017,0.0,0.0,-0.353642,-0.08027000000000001,PRK,710122
20391874,178,8124,2017,0.0,0.0,-0.353642,-0.08027000000000001,PRK,710210
20398400,178,8125,2017,0.0,0.0,-0.353642,-0.08027000000000001,PRK,710221
20404926,178,8126,2017,0.0,0.0,-0.353642,-0.08027000000000001,PRK,710229
20411452,178,8127,2017,0.0,0.0,-0.353642,-0.08027000000000001,PRK,710231
20417978,178,8128,2017,2.1698058055602868e-08,2.0783434414642713e-07,-0.353642,-0.08027000000000001,PRK,710239
20424504,178,8129,2017,2.1182440534002797e-07,0.0,-0.353642,-0.08027000000000001,PRK,710310
20431030,178,8130,2017,0.0,1.881876586426909e-09,-0.353642,-0.08027000000000001,PRK,710391
20437556,178,8131,2017,0.0,5.097439573660771e-10,-0.353642,-0.08027000000000001,PRK,710399
20444082,178,8132,2017,0.0,0.0,-0.353642,-0.08027000000000001,PRK,710410
20450608,178,8133,2017,0.0,0.0,-0.353642,-0.08027000000000001,PRK,710420
20457134,178,8134,2017,0.0,0.0,-0.353642,-0.08027000000000001,PRK,710490
20463660,178,8135,2017,4.186153654647888e-09,0.0,-0.353642,-0.08027000000000001,PRK,710510
20470186,178,8136,2017,0.0,0.0,-0.353642,-0.08027000000000001,PRK,710590
20476712,178,8137,2017,0.0,0.0,-0.353642,-0.08027000000000001,PRK,710610
20483238,178,8138,2017,0.0,0.0,-0.353642,-0.08027000000000001,PRK,710691
20489764,178,8139,2017,1.7127653435695569e-09,0.0,-0.353642,-0.08027000000000001,PRK,710692
20496290,178,8140,2017,0.0,0.0,-0.353642,-0.08027000000000001,PRK,710700
20502816,178,8141,2017,0.0,0.0,-0.353642,-0.08027000000000001,PRK,710811
20509342,178,8142,2017,0.0,0.0,-0.353642,-0.08027000000000001,PRK,710812
20515868,178,8143,2017,0.0,0.0,-0.353642,-0.08027000000000001,PRK,710813
20522394,178,8144,2017,0.0,0.0,-0.353642,-0.08027000000000001,PRK,710900
20528920,178,8145,2017,0.0,0.0,-0.353642,-0.08027000000000001,PRK,711011
20535446,178,8146,2017,0.0,0.0,-0.353642,-0.08027000000000001,PRK,711019
20541972,178,8147,2017,0.0,0.0,-0.353642,-0.08027000000000001,PRK,711021
20548498,178,8148,2017,0.0,0.0,-0.353642,-0.08027000000000001,PRK,711029
20555024,178,8149,2017,0.0,0.0,-0.353642,-0.08027000000000001,PRK,711031
20561550,178,8150,2017,0.0,0.0,-0.353642,-0.08027000000000001,PRK,711039
20568076,178,8151,2017,0.0,0.0,-0.353642,-0.08027000000000001,PRK,711041
20574602,178,8152,2017,0.0,0.0,-0.353642,-0.08027000000000001,PRK,711049
20581128,178,8153,2017,0.0,0.0,-0.353642,-0.08027000000000001,PRK,711100
20587654,178,8154,2017,0.0,0.0,-0.353642,-0.08027000000000001,PRK,711210
20594180,178,8155,2017,0.0,0.0,-0.353642,-0.08027000000000001,PRK,711220
20600706,178,8156,2017,0.0,0.0,-0.353642,-0.08027000000000001,PRK,711290
20607232,178,8157,2017,0.0,4.643044927660192e-09,-0.353642,-0.08027000000000001,PRK,711311
20613758,178,8158,2017,7.7004741941695e-09,3.0269776089885456e-08,-0.353642,-0.08027000000000001,PRK,711319
20620284,178,8159,2017,2.92885298046705e-09,0.0,-0.353642,-0.08027000000000001,PRK,711320
20626810,178,8160,2017,0.0,0.0,-0.353642,-0.08027000000000001,PRK,711411
20633336,178,8161,2017,0.0,0.0,-0.353642,-0.08027000000000001,PRK,711419
20639862,178,8162,2017,0.0,0.0,-0.353642,-0.08027000000000001,PRK,711420
20646388,178,8163,2017,0.0,0.0,-0.353642,-0.08027000000000001,PRK,711510
20652914,178,8164,2017,0.0,0.0,-0.353642,-0.08027000000000001,PRK,711590
20659440,178,8165,2017,0.0,0.0,-0.353642,-0.08027000000000001,PRK,711610
20665966,178,8166,2017,0.0,0.0,-0.353642,-0.08027000000000001,PRK,711620
20672492,178,8167,2017,1.3985159342840597e-09,1.3545666799448356e-09,-0.353642,-0.08027000000000001,PRK,711711
20679018,178,8168,2017,8.212606789822817e-09,2.7770108387378982e-08,-0.353642,-0.08027000000000001,PRK,711719
20685544,178,8169,2017,1.8156161145546077e-08,4.051768451755718e-09,-0.353642,-0.08027000000000001,PRK,711790
20692070,178,8170,2017,0.0,0.0,-0.353642,-0.08027000000000001,PRK,711810
20698596,178,8171,2017,8.75860983530819e-06,3.052908927079782e-07,-0.353642,-0.08027000000000001,PRK,720110
20705122,178,8172,2017,0.0,0.0,-0.353642,-0.08027000000000001,PRK,720120
20711648,178,8173,2017,2.8570332022600466e-09,0.0,-0.353642,-0.08027000000000001,PRK,720130
20718174,178,8174,2017,0.0,0.0,-0.353642,-0.08027000000000001,PRK,720140
20724700,178,8175,2017,0.0,4.560551253415448e-07,-0.353642,-0.08027000000000001,PRK,720211
20731226,178,8176,2017,0.0,1.478714853904644e-07,-0.353642,-0.08027000000000001,PRK,720219
20737752,178,8177,2017,5.71694525638915e-06,1.6873883864126128e-07,-0.353642,-0.08027000000000001,PRK,720221
20744278,178,8178,2017,2.055618418951928e-07,0.0,-0.353642,-0.08027000000000001,PRK,720229
20750804,178,8179,2017,0.0,0.0,-0.353642,-0.08027000000000001,PRK,720230
20757330,178,8180,2017,0.0,8.388635571994074e-08,-0.353642,-0.08027000000000001,PRK,720241
20763856,178,8181,2017,0.0,7.897650722551873e-08,-0.353642,-0.08027000000000001,PRK,720249
20770382,178,8182,2017,0.0,0.0,-0.353642,-0.08027000000000001,PRK,720250
20776908,178,8183,2017,0.0,0.0,-0.353642,-0.08027000000000001,PRK,720260
20783434,178,8184,2017,1.0515385248029658e-09,0.0,-0.353642,-0.08027000000000001,PRK,720270
20789960,178,8185,2017,0.0,0.0,-0.353642,-0.08027000000000001,PRK,720280
20796486,178,8186,2017,0.0,0.0,-0.353642,-0.08027000000000001,PRK,720291
20803012,178,8187,2017,0.0,0.0,-0.353642,-0.08027000000000001,PRK,720292
20809538,178,8188,2017,0.0,0.0,-0.353642,-0.08027000000000001,PRK,720293
20816064,178,8189,2017,2.5664206820047025e-09,0.0,-0.353642,-0.08027000000000001,PRK,720299
20822590,178,8190,2017,0.0,0.0,-0.353642,-0.08027000000000001,PRK,720310
20829116,178,8191,2017,0.0,0.0,-0.353642,-0.08027000000000001,PRK,720390
20835642,178,8192,2017,1.8238890257151616e-08,0.0,-0.353642,-0.08027000000000001,PRK,720410
20842168,178,8193,2017,2.2753111810056473e-07,0.0,-0.353642,-0.08027000000000001,PRK,720421
20848694,178,8194,2017,0.0,3.4326516036673998e-09,-0.353642,-0.08027000000000001,PRK,720429
20855220,178,8195,2017,0.0,0.0,-0.353642,-0.08027000000000001,PRK,720430
20861746,178,8196,2017,0.0,0.0,-0.353642,-0.08027000000000001,PRK,720441
20868272,178,8197,2017,1.820252581248984e-08,0.0,-0.353642,-0.08027000000000001,PRK,720449
20874798,178,8198,2017,0.0,0.0,-0.353642,-0.08027000000000001,PRK,720450
20881324,178,8199,2017,2.6339979416678324e-09,0.0,-0.353642,-0.08027000000000001,PRK,720510
20887850,178,8200,2017,0.0,0.0,-0.353642,-0.08027000000000001,PRK,720521
20894376,178,8201,2017,0.0,0.0,-0.353642,-0.08027000000000001,PRK,720529
20900902,178,8202,2017,7.453599009731104e-07,0.0,-0.353642,-0.08027000000000001,PRK,720610
20907428,178,8203,2017,0.0,4.729880374233607e-09,-0.353642,-0.08027000000000001,PRK,720690
20913954,178,8204,2017,9.48354413075182e-09,0.0,-0.353642,-0.08027000000000001,PRK,720711
20920480,178,8205,2017,0.0,0.0,-0.353642,-0.08027000000000001,PRK,720712
20927006,178,8206,2017,9.065959091219114e-09,0.0,-0.353642,-0.08027000000000001,PRK,720719
20933532,178,8207,2017,2.0945162532584723e-07,0.0,-0.353642,-0.08027000000000001,PRK,720720
20940058,178,8208,2017,0.0,0.0,-0.353642,-0.08027000000000001,PRK,720811
20946584,178,8209,2017,0.0,0.0,-0.353642,-0.08027000000000001,PRK,720812
20953110,178,8210,2017,0.0,0.0,-0.353642,-0.08027000000000001,PRK,720813
20959636,178,8211,2017,0.0,0.0,-0.353642,-0.08027000000000001,PRK,720814
20966162,178,8212,2017,0.0,0.0,-0.353642,-0.08027000000000001,PRK,720821
20972688,178,8213,2017,1.7667119972252987e-07,1.2875840702025182e-08,-0.353642,-0.08027000000000001,PRK,720822
20979214,178,8214,2017,1.4772146532729156e-08,0.0,-0.353642,-0.08027000000000001,PRK,720823
20985740,178,8215,2017,3.393620886948407e-08,2.3733917286726128e-09,-0.353642,-0.08027000000000001,PRK,720824
20992266,178,8216,2017,0.0,0.0,-0.353642,-0.08027000000000001,PRK,720831
20998792,178,8217,2017,0.0,0.0,-0.353642,-0.08027000000000001,PRK,720832
21005318,178,8218,2017,0.0,0.0,-0.353642,-0.08027000000000001,PRK,720833
21011844,178,8219,2017,0.0,0.0,-0.353642,-0.08027000000000001,PRK,720834
21018370,178,8220,2017,0.0,0.0,-0.353642,-0.08027000000000001,PRK,720835
21024896,178,8221,2017,0.0,0.0,-0.353642,-0.08027000000000001,PRK,720841
21031422,178,8222,2017,4.291610544167032e-09,1.8843165961890215e-06,-0.353642,-0.08027000000000001,PRK,720842
21037948,178,8223,2017,0.0,5.291441892893859e-06,-0.353642,-0.08027000000000001,PRK,720843
21044474,178,8224,2017,0.0,1.2954290893643227e-06,-0.353642,-0.08027000000000001,PRK,720844
21051000,178,8225,2017,2.8718820171636044e-09,1.0706223926088192e-06,-0.353642,-0.08027000000000001,PRK,720845
21057526,178,8226,2017,0.0,4.5936614103340895e-10,-0.353642,-0.08027000000000001,PRK,720890
21064052,178,8227,2017,0.0,0.0,-0.353642,-0.08027000000000001,PRK,720911
21070578,178,8228,2017,0.0,0.0,-0.353642,-0.08027000000000001,PRK,720912
21077104,178,8229,2017,0.0,0.0,-0.353642,-0.08027000000000001,PRK,720913
21083630,178,8230,2017,0.0,0.0,-0.353642,-0.08027000000000001,PRK,720914
21090156,178,8231,2017,0.0,0.0,-0.353642,-0.08027000000000001,PRK,720921
21096682,178,8232,2017,8.128241278207502e-08,5.635189619711786e-08,-0.353642,-0.08027000000000001,PRK,720922
21103208,178,8233,2017,5.47397015864073e-08,8.015375724929265e-09,-0.353642,-0.08027000000000001,PRK,720923
21109734,178,8234,2017,3.1052205370766545e-08,3.090281312406569e-09,-0.353642,-0.08027000000000001,PRK,720924
21116260,178,8235,2017,0.0,0.0,-0.353642,-0.08027000000000001,PRK,720931
21122786,178,8236,2017,0.0,0.0,-0.353642,-0.08027000000000001,PRK,720932
21129312,178,8237,2017,0.0,0.0,-0.353642,-0.08027000000000001,PRK,720933
21135838,178,8238,2017,0.0,1.2031017979446424e-09,-0.353642,-0.08027000000000001,PRK,720934
21142364,178,8239,2017,1.3644242674136465e-08,1.705156509659944e-08,-0.353642,-0.08027000000000001,PRK,720941
21148890,178,8240,2017,3.0595498249518544e-07,3.572923993183684e-07,-0.353642,-0.08027000000000001,PRK,720942
21155416,178,8241,2017,2.144785855484831e-06,9.901395223883533e-08,-0.353642,-0.08027000000000001,PRK,720943
21161942,178,8242,2017,0.0,0.0,-0.353642,-0.08027000000000001,PRK,720944
21168468,178,8243,2017,0.0,8.338854335065345e-10,-0.353642,-0.08027000000000001,PRK,720990
21174994,178,8244,2017,3.424045805648758e-08,0.0,-0.353642,-0.08027000000000001,PRK,721011
21181520,178,8245,2017,1.0084315060268211e-07,4.563799296836896e-08,-0.353642,-0.08027000000000001,PRK,721012
21188046,178,8246,2017,0.0,0.0,-0.353642,-0.08027000000000001,PRK,721020
21194572,178,8247,2017,0.0,0.0,-0.353642,-0.08027000000000001,PRK,721031
21201098,178,8248,2017,6.583419061567571e-07,7.316449809913932e-08,-0.353642,-0.08027000000000001,PRK,721039
21207624,178,8249,2017,0.0,3.872728343973432e-08,-0.353642,-0.08027000000000001,PRK,721041
21214150,178,8250,2017,8.058330633345241e-08,7.504408779785112e-07,-0.353642,-0.08027000000000001,PRK,721049
21220676,178,8251,2017,0.0,1.1994560349205678e-09,-0.353642,-0.08027000000000001,PRK,721050
21227202,178,8252,2017,3.1686249767148457e-07,1.3297092047806903e-09,-0.353642,-0.08027000000000001,PRK,721060
21233728,178,8253,2017,5.734660801680211e-07,7.5151332888699315e-06,-0.353642,-0.08027000000000001,PRK,721070
21240254,178,8254,2017,9.70403388021771e-08,0.0,-0.353642,-0.08027000000000001,PRK,721090
21246780,178,8255,2017,0.0,0.0,-0.353642,-0.08027000000000001,PRK,721111
21253306,178,8256,2017,0.0,0.0,-0.353642,-0.08027000000000001,PRK,721112
21259832,178,8257,2017,0.0,1.5749729407302812e-07,-0.353642,-0.08027000000000001,PRK,721119
21266358,178,8258,2017,0.0,0.0,-0.353642,-0.08027000000000001,PRK,721121
21272884,178,8259,2017,0.0,4.4803113235855855e-09,-0.353642,-0.08027000000000001,PRK,721122
21279410,178,8260,2017,6.6880274473779406e-09,1.9730206620287758e-09,-0.353642,-0.08027000000000001,PRK,721129
21285936,178,8261,2017,0.0,0.0,-0.353642,-0.08027000000000001,PRK,721130
21292462,178,8262,2017,0.0,3.4588348108403e-08,-0.353642,-0.08027000000000001,PRK,721141
21298988,178,8263,2017,4.243124617951333e-09,0.0,-0.353642,-0.08027000000000001,PRK,721149
21305514,178,8264,2017,6.446506927415992e-09,0.0,-0.353642,-0.08027000000000001,PRK,721190
21312040,178,8265,2017,0.0,3.744695775227973e-08,-0.353642,-0.08027000000000001,PRK,721210
21318566,178,8266,2017,0.0,0.0,-0.353642,-0.08027000000000001,PRK,721221
21325092,178,8267,2017,2.6467254972994532e-09,2.9668225190913133e-08,-0.353642,-0.08027000000000001,PRK,721229
21331618,178,8268,2017,7.081339220098912e-08,3.947400199366525e-08,-0.353642,-0.08027000000000001,PRK,721230
21338144,178,8269,2017,0.0,1.05114639510121e-07,-0.353642,-0.08027000000000001,PRK,721240
21344670,178,8270,2017,0.0,3.503180546533135e-08,-0.353642,-0.08027000000000001,PRK,721250
21351196,178,8271,2017,0.0,0.0,-0.353642,-0.08027000000000001,PRK,721260
21357722,178,8272,2017,9.51415087167548e-09,1.613777116626523e-07,-0.353642,-0.08027000000000001,PRK,721310
21364248,178,8273,2017,0.0,3.797128476174211e-08,-0.353642,-0.08027000000000001,PRK,721320
21370774,178,8274,2017,0.0,1.707804659347431e-07,-0.353642,-0.08027000000000001,PRK,721331
21377300,178,8275,2017,0.0,0.0,-0.353642,-0.08027000000000001,PRK,721339
21383826,178,8276,2017,0.0,0.0,-0.353642,-0.08027000000000001,PRK,721341
21390352,178,8277,2017,0.0,0.0,-0.353642,-0.08027000000000001,PRK,721349
21396878,178,8278,2017,0.0,0.0,-0.353642,-0.08027000000000001,PRK,721350
21403404,178,8279,2017,1.3967583194587406e-08,1.588591522790211e-08,-0.353642,-0.08027000000000001,PRK,721410
21409930,178,8280,2017,0.0,5.210415141116802e-07,-0.353642,-0.08027000000000001,PRK,721420
21416456,178,8281,2017,0.0,1.0717548991772976e-08,-0.353642,-0.08027000000000001,PRK,721430
21422982,178,8282,2017,0.0,1.478161360790989e-07,-0.353642,-0.08027000000000001,PRK,721440
21429508,178,8283,2017,0.0,0.0,-0.353642,-0.08027000000000001,PRK,721450
21436034,178,8284,2017,0.0,0.0,-0.353642,-0.08027000000000001,PRK,721460
21442560,178,8285,2017,0.0,0.0,-0.353642,-0.08027000000000001,PRK,721510
21449086,178,8286,2017,0.0,1.5819297194462199e-09,-0.353642,-0.08027000000000001,PRK,721520
21455612,178,8287,2017,0.0,0.0,-0.353642,-0.08027000000000001,PRK,721530
21462138,178,8288,2017,0.0,0.0,-0.353642,-0.08027000000000001,PRK,721540
21468664,178,8289,2017,0.0,3.988464748337694e-09,-0.353642,-0.08027000000000001,PRK,721590
21475190,178,8290,2017,9.56384894604657e-10,5.647320067591889e-08,-0.353642,-0.08027000000000001,PRK,721610
21481716,178,8291,2017,0.0,1.1618529722242572e-06,-0.353642,-0.08027000000000001,PRK,721621
21488242,178,8292,2017,0.0,0.0,-0.353642,-0.08027000000000001,PRK,721622
21494768,178,8293,2017,0.0,3.355795604789884e-07,-0.353642,-0.08027000000000001,PRK,721631
21501294,178,8294,2017,1.6036720095842348e-09,4.984752352916645e-08,-0.353642,-0.08027000000000001,PRK,721632
21507820,178,8295,2017,1.5378826684503086e-08,3.536158130250902e-08,-0.353642,-0.08027000000000001,PRK,721633
21514346,178,8296,2017,0.0,2.3386741216933562e-07,-0.353642,-0.08027000000000001,PRK,721640
21520872,178,8297,2017,0.0,1.4423599678945758e-07,-0.353642,-0.08027000000000001,PRK,721650
21527398,178,8298,2017,0.0,5.7635204781592146e-08,-0.353642,-0.08027000000000001,PRK,721660
21533924,178,8299,2017,9.191113388263387e-10,7.733094236965229e-08,-0.353642,-0.08027000000000001,PRK,721690
21540450,178,8300,2017,0.0,5.9282095369467336e-08,-0.353642,-0.08027000000000001,PRK,721711
21546976,178,8301,2017,0.0,2.1826056352927632e-07,-0.353642,-0.08027000000000001,PRK,721712
21553502,178,8302,2017,0.0,0.0,-0.353642,-0.08027000000000001,PRK,721713
21560028,178,8303,2017,4.812531213946945e-09,1.1538309678392842e-07,-0.353642,-0.08027000000000001,PRK,721719
21566554,178,8304,2017,0.0,0.0,-0.353642,-0.08027000000000001,PRK,721721
21573080,178,8305,2017,0.0,0.0,-0.353642,-0.08027000000000001,PRK,721722
21579606,178,8306,2017,0.0,0.0,-0.353642,-0.08027000000000001,PRK,721723
21586132,178,8307,2017,0.0,0.0,-0.353642,-0.08027000000000001,PRK,721729
21592658,178,8308,2017,0.0,0.0,-0.353642,-0.08027000000000001,PRK,721731
21599184,178,8309,2017,0.0,0.0,-0.353642,-0.08027000000000001,PRK,721732
21605710,178,8310,2017,0.0,2.9262882629236465e-08,-0.353642,-0.08027000000000001,PRK,721733
21612236,178,8311,2017,0.0,0.0,-0.353642,-0.08027000000000001,PRK,721739
21618762,178,8312,2017,0.0,0.0,-0.353642,-0.08027000000000001,PRK,721810
21625288,178,8313,2017,0.0,0.0,-0.353642,-0.08027000000000001,PRK,721890
21631814,178,8314,2017,0.0,0.0,-0.353642,-0.08027000000000001,PRK,721911
21638340,178,8315,2017,0.0,0.0,-0.353642,-0.08027000000000001,PRK,721912
21644866,178,8316,2017,0.0,0.0,-0.353642,-0.08027000000000001,PRK,721913
21651392,178,8317,2017,0.0,1.3008745335902815e-09,-0.353642,-0.08027000000000001,PRK,721914
21657918,178,8318,2017,0.0,1.7345115306637888e-07,-0.353642,-0.08027000000000001,PRK,721921
21664444,178,8319,2017,1.2199362072908644e-08,4.2909404491250816e-07,-0.353642,-0.08027000000000001,PRK,721922
21670970,178,8320,2017,0.0,1.9717181303301747e-07,-0.353642,-0.08027000000000001,PRK,721923
21677496,178,8321,2017,0.0,3.0062000740813417e-07,-0.353642,-0.08027000000000001,PRK,721924
21684022,178,8322,2017,0.0,3.850356616325701e-08,-0.353642,-0.08027000000000001,PRK,721931
21690548,178,8323,2017,0.0,1.464748267192416e-07,-0.353642,-0.08027000000000001,PRK,721932
21697074,178,8324,2017,2.7014236828115385e-08,2.9652482123309174e-07,-0.353642,-0.08027000000000001,PRK,721933
21703600,178,8325,2017,7.75532389820101e-09,8.605061322423234e-08,-0.353642,-0.08027000000000001,PRK,721934
21710126,178,8326,2017,0.0,1.5601877145026473e-08,-0.353642,-0.08027000000000001,PRK,721935
21716652,178,8327,2017,5.254116786956421e-08,4.4511452193929884e-10,-0.353642,-0.08027000000000001,PRK,721990
21723178,178,8328,2017,0.0,6.767199038686973e-09,-0.353642,-0.08027000000000001,PRK,722011
21729704,178,8329,2017,0.0,4.747446323349603e-09,-0.353642,-0.08027000000000001,PRK,722012
21736230,178,8330,2017,1.6821282989420125e-08,1.8705415777520587e-08,-0.353642,-0.08027000000000001,PRK,722020
21742756,178,8331,2017,0.0,0.0,-0.353642,-0.08027000000000001,PRK,722090
21749282,178,8332,2017,0.0,0.0,-0.353642,-0.08027000000000001,PRK,722100
21755808,178,8333,2017,1.4888209718607986e-09,1.8670350165889033e-07,-0.353642,-0.08027000000000001,PRK,722210
21762334,178,8334,2017,0.0,1.2373388270707256e-08,-0.353642,-0.08027000000000001,PRK,722220
21768860,178,8335,2017,0.0,3.596048073746383e-10,-0.353642,-0.08027000000000001,PRK,722230
21775386,178,8336,2017,0.0,3.7996473669908445e-08,-0.353642,-0.08027000000000001,PRK,722240
21781912,178,8337,2017,2.072470308682272e-09,2.9429261996335146e-08,-0.353642,-0.08027000000000001,PRK,722300
21788438,178,8338,2017,3.793963118970655e-08,0.0,-0.353642,-0.08027000000000001,PRK,722410
21794964,178,8339,2017,0.0,0.0,-0.353642,-0.08027000000000001,PRK,722490
21801490,178,8340,2017,0.0,4.271594704787333e-07,-0.353642,-0.08027000000000001,PRK,722510
21808016,178,8341,2017,0.0,0.0,-0.353642,-0.08027000000000001,PRK,722520
21814542,178,8342,2017,0.0,0.0,-0.353642,-0.08027000000000001,PRK,722530
21821068,178,8343,2017,8.191697234142298e-09,6.494893684088813e-08,-0.353642,-0.08027000000000001,PRK,722540
21827594,178,8344,2017,8.596191073596763e-08,1.0611158998070433e-08,-0.353642,-0.08027000000000001,PRK,722550
21834120,178,8345,2017,4.258185558782085e-08,0.0,-0.353642,-0.08027000000000001,PRK,722590
21840646,178,8346,2017,0.0,1.1547125796251058e-09,-0.353642,-0.08027000000000001,PRK,722610
21847172,178,8347,2017,0.0,0.0,-0.353642,-0.08027000000000001,PRK,722620
21853698,178,8348,2017,0.0,3.7584502448188003e-10,-0.353642,-0.08027000000000001,PRK,722691
21860224,178,8349,2017,0.0,6.250826421277123e-10,-0.353642,-0.08027000000000001,PRK,722692
21866750,178,8350,2017,1.812252403423394e-08,0.0,-0.353642,-0.08027000000000001,PRK,722699
21873276,178,8351,2017,0.0,0.0,-0.353642,-0.08027000000000001,PRK,722710
21879802,178,8352,2017,0.0,0.0,-0.353642,-0.08027000000000001,PRK,722720
21886328,178,8353,2017,0.0,4.6811729802319693e-07,-0.353642,-0.08027000000000001,PRK,722790
21892854,178,8354,2017,0.0,1.7900033582202272e-08,-0.353642,-0.08027000000000001,PRK,722810
21899380,178,8355,2017,0.0,3.816119587199618e-09,-0.353642,-0.08027000000000001,PRK,722820
21905906,178,8356,2017,6.289230704253819e-08,1.0410071966982562e-06,-0.353642,-0.08027000000000001,PRK,722830
21912432,178,8357,2017,0.0,3.666046723808617e-08,-0.353642,-0.08027000000000001,PRK,722840
21918958,178,8358,2017,0.0,1.2428737582072753e-09,-0.353642,-0.08027000000000001,PRK,722850
21925484,178,8359,2017,0.0,0.0,-0.353642,-0.08027000000000001,PRK,722860
21932010,178,8360,2017,8.582918051295217e-09,0.0,-0.353642,-0.08027000000000001,PRK,722870
21938536,178,8361,2017,0.0,3.153551872524374e-08,-0.353642,-0.08027000000000001,PRK,722880
21945062,178,8362,2017,0.0,0.0,-0.353642,-0.08027000000000001,PRK,722910
21951588,178,8363,2017,0.0,2.2782704570444827e-09,-0.353642,-0.08027000000000001,PRK,722920
21958114,178,8364,2017,1.490699801501657e-08,3.2947754747569395e-09,-0.353642,-0.08027000000000001,PRK,722990
21964640,178,8365,2017,0.0,0.0,-0.353642,-0.08027000000000001,PRK,730110
21971166,178,8366,2017,4.750105583944233e-09,7.917602989283626e-09,-0.353642,-0.08027000000000001,PRK,730120
21977692,178,8367,2017,0.0,5.5617606380769e-07,-0.353642,-0.08027000000000001,PRK,730210
21984218,178,8368,2017,0.0,0.0,-0.353642,-0.08027000000000001,PRK,730220
21990744,178,8369,2017,0.0,6.960093045960741e-10,-0.353642,-0.08027000000000001,PRK,730230
21997270,178,8370,2017,0.0,1.8037246845108356e-08,-0.353642,-0.08027000000000001,PRK,730240
22003796,178,8371,2017,0.0,1.0907460102027047e-09,-0.353642,-0.08027000000000001,PRK,730290
22010322,178,8372,2017,6.877728633696862e-09,7.973615166653501e-09,-0.353642,-0.08027000000000001,PRK,730300
22016848,178,8373,2017,9.985070430045453e-10,9.592367092642875e-08,-0.353642,-0.08027000000000001,PRK,730410
22023374,178,8374,2017,4.024331875902993e-10,0.0,-0.353642,-0.08027000000000001,PRK,730420
22029900,178,8375,2017,5.774219256731444e-08,6.953540615507472e-07,-0.353642,-0.08027000000000001,PRK,730431
22036426,178,8376,2017,8.782013385818429e-10,2.0678161350157545e-06,-0.353642,-0.08027000000000001,PRK,730439
22042952,178,8377,2017,0.0,3.8741601345428865e-07,-0.353642,-0.08027000000000001,PRK,730441
22049478,178,8378,2017,8.309275605215367e-10,2.366229461495317e-07,-0.353642,-0.08027000000000001,PRK,730449
22056004,178,8379,2017,0.0,8.147087199999018e-08,-0.353642,-0.08027000000000001,PRK,730451
22062530,178,8380,2017,0.0,4.3908244129946623e-08,-0.353642,-0.08027000000000001,PRK,730459
22069056,178,8381,2017,2.88392167871704e-07,0.0,-0.353642,-0.08027000000000001,PRK,730490
22075582,178,8382,2017,0.0,1.1235578774193769e-09,-0.353642,-0.08027000000000001,PRK,730511
22082108,178,8383,2017,0.0,0.0,-0.353642,-0.08027000000000001,PRK,730512
22088634,178,8384,2017,0.0,0.0,-0.353642,-0.08027000000000001,PRK,730519
22095160,178,8385,2017,0.0,0.0,-0.353642,-0.08027000000000001,PRK,730520
22101686,178,8386,2017,3.2640119454330676e-09,1.1609103767660328e-08,-0.353642,-0.08027000000000001,PRK,730531
22108212,178,8387,2017,0.0,4.872462851775145e-08,-0.353642,-0.08027000000000001,PRK,730539
22114738,178,8388,2017,0.0,0.0,-0.353642,-0.08027000000000001,PRK,730590
22121264,178,8389,2017,7.942873521544108e-08,3.5569389794881273e-09,-0.353642,-0.08027000000000001,PRK,730610
22127790,178,8390,2017,0.0,0.0,-0.353642,-0.08027000000000001,PRK,730620
22134316,178,8391,2017,0.0,7.586822910109331e-07,-0.353642,-0.08027000000000001,PRK,730630
22140842,178,8392,2017,2.8083563627098735e-07,7.235706101920743e-07,-0.353642,-0.08027000000000001,PRK,730640
22147368,178,8393,2017,0.0,4.951025730613933e-07,-0.353642,-0.08027000000000001,PRK,730650
22153894,178,8394,2017,1.8512532703231465e-09,1.0421413604317457e-06,-0.353642,-0.08027000000000001,PRK,730660
22160420,178,8395,2017,4.85525943642453e-09,2.90292223626935e-08,-0.353642,-0.08027000000000001,PRK,730690
22166946,178,8396,2017,0.0,1.2972287705662068e-09,-0.353642,-0.08027000000000001,PRK,730711
22173472,178,8397,2017,2.617027867492338e-09,7.960092700164205e-08,-0.353642,-0.08027000000000001,PRK,730719
22179998,178,8398,2017,2.3448399991989594e-08,3.839982763357198e-09,-0.353642,-0.08027000000000001,PRK,730721
22186524,178,8399,2017,2.412477866269859e-09,2.2776075910401054e-09,-0.353642,-0.08027000000000001,PRK,730722
22193050,178,8400,2017,0.0,5.316185355105252e-10,-0.353642,-0.08027000000000001,PRK,730723
22199576,178,8401,2017,8.503825384155858e-09,2.081001534141824e-08,-0.353642,-0.08027000000000001,PRK,730729
22206102,178,8402,2017,1.3376054894755882e-09,1.2587792279823066e-07,-0.353642,-0.08027000000000001,PRK,730791
22212628,178,8403,2017,2.1028043162709684e-08,9.308295866467021e-09,-0.353642,-0.08027000000000001,PRK,730792
22219154,178,8404,2017,7.572834993406673e-08,1.9803121880769252e-09,-0.353642,-0.08027000000000001,PRK,730793
22225680,178,8405,2017,1.255058200093361e-08,4.5688039351699436e-08,-0.353642,-0.08027000000000001,PRK,730799
22232206,178,8406,2017,3.5470485397172086e-09,0.0,-0.353642,-0.08027000000000001,PRK,730810
22238732,178,8407,2017,3.693748770223582e-07,2.7314719442371837e-08,-0.353642,-0.08027000000000001,PRK,730820
22245258,178,8408,2017,0.0,5.542931929222566e-07,-0.353642,-0.08027000000000001,PRK,730830
22251784,178,8409,2017,3.80753917831105e-08,1.3421777143230257e-07,-0.353642,-0.08027000000000001,PRK,730840
22258310,178,8410,2017,1.1098207293735075e-06,1.1406081167839675e-06,-0.353642,-0.08027000000000001,PRK,730890
22264836,178,8411,2017,0.0,6.276048472743676e-08,-0.353642,-0.08027000000000001,PRK,730900
22271362,178,8412,2017,5.248601512849386e-10,2.3304910408693196e-07,-0.353642,-0.08027000000000001,PRK,731010
22277888,178,8413,2017,0.0,7.057965211507037e-08,-0.353642,-0.08027000000000001,PRK,731021
22284414,178,8414,2017,1.2427548963161276e-08,2.354274673106374e-07,-0.353642,-0.08027000000000001,PRK,731029
22290940,178,8415,2017,1.4046751620986478e-06,8.186663614790359e-07,-0.353642,-0.08027000000000001,PRK,731100
22297466,178,8416,2017,3.8389732103507655e-07,1.286135707982954e-06,-0.353642,-0.08027000000000001,PRK,731210
22303992,178,8417,2017,6.051376932461932e-08,5.308893829057103e-09,-0.353642,-0.08027000000000001,PRK,731290
22310518,178,8418,2017,0.0,5.031882125827865e-08,-0.353642,-0.08027000000000001,PRK,731300
22317044,178,8419,2017,0.0,2.2264674788024036e-08,-0.353642,-0.08027000000000001,PRK,731411
22323570,178,8420,2017,0.0,2.3127394892720976e-09,-0.353642,-0.08027000000000001,PRK,731419
22330096,178,8421,2017,0.0,7.378030061720575e-09,-0.353642,-0.08027000000000001,PRK,731420
22336622,178,8422,2017,0.0,1.5484019569448204e-07,-0.353642,-0.08027000000000001,PRK,731430
22343148,178,8423,2017,0.0,7.747544715860653e-08,-0.353642,-0.08027000000000001,PRK,731441
22349674,178,8424,2017,0.0,5.867126434643373e-08,-0.353642,-0.08027000000000001,PRK,731442
22356200,178,8425,2017,0.0,1.2247642589676897e-07,-0.353642,-0.08027000000000001,PRK,731449
22362726,178,8426,2017,0.0,3.337696048540364e-08,-0.353642,-0.08027000000000001,PRK,731450
22369252,178,8427,2017,5.061930696918945e-09,2.778608345808447e-07,-0.353642,-0.08027000000000001,PRK,731511
22375778,178,8428,2017,6.375899297364381e-10,1.1465261844710473e-08,-0.353642,-0.08027000000000001,PRK,731512
22382304,178,8429,2017,9.40626968584555e-10,2.5125935895918277e-09,-0.353642,-0.08027000000000001,PRK,731519
22388830,178,8430,2017,0.0,1.208205866178347e-07,-0.353642,-0.08027000000000001,PRK,731520
22395356,178,8431,2017,0.0,7.088689050809921e-09,-0.353642,-0.08027000000000001,PRK,731581
22401882,178,8432,2017,0.0,5.403352234680856e-09,-0.353642,-0.08027000000000001,PRK,731582
22408408,178,8433,2017,7.248645969246958e-10,1.341176786656416e-08,-0.353642,-0.08027000000000001,PRK,731589
22414934,178,8434,2017,4.272822247758449e-10,0.0,-0.353642,-0.08027000000000001,PRK,731590
22421460,178,8435,2017,0.0,3.6258770439433577e-10,-0.353642,-0.08027000000000001,PRK,731600
22427986,178,8436,2017,0.0,2.542217071327445e-07,-0.353642,-0.08027000000000001,PRK,731700
22434512,178,8437,2017,0.0,1.1377432099130493e-08,-0.353642,-0.08027000000000001,PRK,731811
22441038,178,8438,2017,0.0,1.9586364697337904e-08,-0.353642,-0.08027000000000001,PRK,731812
22447564,178,8439,2017,0.0,7.169227270341753e-09,-0.353642,-0.08027000000000001,PRK,731813
22454090,178,8440,2017,1.205178303498961e-09,2.2211479791172764e-07,-0.353642,-0.08027000000000001,PRK,731814
22460616,178,8441,2017,1.7571299660569214e-08,1.4023739019125291e-06,-0.353642,-0.08027000000000001,PRK,731815
22467142,178,8442,2017,1.3063623707703473e-08,1.0500460375339439e-08,-0.353642,-0.08027000000000001,PRK,731816
22473668,178,8443,2017,6.594085965335024e-10,1.034534973031517e-08,-0.353642,-0.08027000000000001,PRK,731819
22480194,178,8444,2017,0.0,0.0,-0.353642,-0.08027000000000001,PRK,731821
22486720,178,8445,2017,2.4009624587936304e-09,2.0157755193111063e-09,-0.353642,-0.08027000000000001,PRK,731822
22493246,178,8446,2017,0.0,4.385190051957455e-09,-0.353642,-0.08027000000000001,PRK,731823
22499772,178,8447,2017,4.730408176419105e-10,6.309490062664506e-09,-0.353642,-0.08027000000000001,PRK,731824
22506298,178,8448,2017,4.446159433979572e-09,1.8284495864741057e-08,-0.353642,-0.08027000000000001,PRK,731829
22512824,178,8449,2017,0.0,0.0,-0.353642,-0.08027000000000001,PRK,731910
22519350,178,8450,2017,0.0,0.0,-0.353642,-0.08027000000000001,PRK,731920
22525876,178,8451,2017,0.0,1.9733520950309646e-09,-0.353642,-0.08027000000000001,PRK,731930
22532402,178,8452,2017,2.2036853465035063e-09,9.475669532572267e-09,-0.353642,-0.08027000000000001,PRK,731990
22538928,178,8453,2017,3.198252908003026e-09,8.995701516122814e-07,-0.353642,-0.08027000000000001,PRK,732010
22545454,178,8454,2017,0.0,4.5664839041546235e-09,-0.353642,-0.08027000000000001,PRK,732020
22551980,178,8455,2017,4.006452690610954e-09,1.5271438441844432e-08,-0.353642,-0.08027000000000001,PRK,732090
22558506,178,8456,2017,5.6240644039822024e-09,9.596556405790539e-07,-0.353642,-0.08027000000000001,PRK,732111
22565032,178,8457,2017,0.0,1.3441928269763323e-08,-0.353642,-0.08027000000000001,PRK,732112
22571558,178,8458,2017,0.0,9.575198863129505e-08,-0.353642,-0.08027000000000001,PRK,732113
22578084,178,8459,2017,0.0,6.956778715938855e-09,-0.353642,-0.08027000000000001,PRK,732181
22584610,178,8460,2017,0.0,3.4800465229803706e-10,-0.353642,-0.08027000000000001,PRK,732182
22591136,178,8461,2017,0.0,5.449918571488355e-08,-0.353642,-0.08027000000000001,PRK,732183
22597662,178,8462,2017,0.0,2.2169553516395906e-09,-0.353642,-0.08027000000000001,PRK,732190
22604188,178,8463,2017,0.0,1.8709459260147288e-07,-0.353642,-0.08027000000000001,PRK,732211
22610714,178,8464,2017,0.0,1.6594320126780038e-07,-0.353642,-0.08027000000000001,PRK,732219
22617240,178,8465,2017,4.61222373126834e-10,0.0,-0.353642,-0.08027000000000001,PRK,732290
22623766,178,8466,2017,0.0,2.3750356363634683e-07,-0.353642,-0.08027000000000001,PRK,732310
22630292,178,8467,2017,0.0,1.6701903279290458e-07,-0.353642,-0.08027000000000001,PRK,732391
22636818,178,8468,2017,0.0,2.8175119516053457e-09,-0.353642,-0.08027000000000001,PRK,732392
22643344,178,8469,2017,4.545555582721754e-10,9.89643698617079e-07,-0.353642,-0.08027000000000001,PRK,732393
22649870,178,8470,2017,0.0,3.580636439144613e-08,-0.353642,-0.08027000000000001,PRK,732394
22656396,178,8471,2017,5.014959955897487e-09,4.2854486042788166e-07,-0.353642,-0.08027000000000001,PRK,732399
22662922,178,8472,2017,0.0,1.66186804524409e-07,-0.353642,-0.08027000000000001,PRK,732410
22669448,178,8473,2017,0.0,0.0,-0.353642,-0.08027000000000001,PRK,732421
22675974,178,8474,2017,0.0,0.0,-0.353642,-0.08027000000000001,PRK,732429
22682500,178,8475,2017,0.0,5.883466081651271e-08,-0.353642,-0.08027000000000001,PRK,732490
22689026,178,8476,2017,4.4425229895133945e-10,7.65278802053493e-09,-0.353642,-0.08027000000000001,PRK,732510
22695552,178,8477,2017,0.0,7.854531288967134e-08,-0.353642,-0.08027000000000001,PRK,732591
22702078,178,8478,2017,3.3831055017003774e-09,1.021012506542222e-08,-0.353642,-0.08027000000000001,PRK,732599
22708604,178,8479,2017,0.0,1.1878857088141635e-07,-0.353642,-0.08027000000000001,PRK,732611
22715130,178,8480,2017,7.581986711979886e-10,3.2467508327398105e-08,-0.353642,-0.08027000000000001,PRK,732619
22721656,178,8481,2017,4.830410399238985e-10,4.303226670516213e-08,-0.353642,-0.08027000000000001,PRK,732620
22728182,178,8482,2017,2.5108739927838424e-08,4.078955900925249e-07,-0.353642,-0.08027000000000001,PRK,732690
22734708,178,8483,2017,0.0,0.0,-0.353642,-0.08027000000000001,PRK,740110
22741234,178,8484,2017,0.0,0.0,-0.353642,-0.08027000000000001,PRK,740120
22747760,178,8485,2017,0.0,0.0,-0.353642,-0.08027000000000001,PRK,740200
22754286,178,8486,2017,0.0,2.1598600512185636e-06,-0.353642,-0.08027000000000001,PRK,740311
22760812,178,8487,2017,0.0,0.0,-0.353642,-0.08027000000000001,PRK,740312
22767338,178,8488,2017,0.0,0.0,-0.353642,-0.08027000000000001,PRK,740313
22773864,178,8489,2017,0.0,0.0,-0.353642,-0.08027000000000001,PRK,740319
22780390,178,8490,2017,0.0,0.0,-0.353642,-0.08027000000000001,PRK,740321
22786916,178,8491,2017,0.0,0.0,-0.353642,-0.08027000000000001,PRK,740322
22793442,178,8492,2017,0.0,0.0,-0.353642,-0.08027000000000001,PRK,740323
22799968,178,8493,2017,0.0,0.0,-0.353642,-0.08027000000000001,PRK,740329
22806494,178,8494,2017,4.392521878103455e-08,3.2567236517756657e-07,-0.353642,-0.08027000000000001,PRK,740400
22813020,178,8495,2017,0.0,6.752914276292643e-08,-0.353642,-0.08027000000000001,PRK,740500
22819546,178,8496,2017,0.0,1.893145308501322e-09,-0.353642,-0.08027000000000001,PRK,740610
22826072,178,8497,2017,0.0,0.0,-0.353642,-0.08027000000000001,PRK,740620
22832598,178,8498,2017,1.2252393554707065e-08,7.85496215186998e-10,-0.353642,-0.08027000000000001,PRK,740710
22839124,178,8499,2017,0.0,7.008482264280278e-09,-0.353642,-0.08027000000000001,PRK,740721
22845650,178,8500,2017,0.0,0.0,-0.353642,-0.08027000000000001,PRK,740722
22852176,178,8501,2017,0.0,2.464005511470978e-08,-0.353642,-0.08027000000000001,PRK,740729
22858702,178,8502,2017,0.0,4.665250938806828e-09,-0.353642,-0.08027000000000001,PRK,740811
22865228,178,8503,2017,0.0,3.580802155645707e-09,-0.353642,-0.08027000000000001,PRK,740819
22871754,178,8504,2017,0.0,7.321520734847417e-08,-0.353642,-0.08027000000000001,PRK,740821
22878280,178,8505,2017,0.0,0.0,-0.353642,-0.08027000000000001,PRK,740822
22884806,178,8506,2017,0.0,2.051238850545287e-09,-0.353642,-0.08027000000000001,PRK,740829
22891332,178,8507,2017,1.637915194974072e-09,1.6913026101684603e-09,-0.353642,-0.08027000000000001,PRK,740911
22897858,178,8508,2017,0.0,1.3948689330109703e-08,-0.353642,-0.08027000000000001,PRK,740919
22904384,178,8509,2017,1.1491164513120594e-09,3.5835199062636535e-08,-0.353642,-0.08027000000000001,PRK,740921
22910910,178,8510,2017,0.0,7.62660481336203e-09,-0.353642,-0.08027000000000001,PRK,740929
22917436,178,8511,2017,0.0,9.528698812922444e-10,-0.353642,-0.08027000000000001,PRK,740931
22923962,178,8512,2017,0.0,0.0,-0.353642,-0.08027000000000001,PRK,740939
22930488,178,8513,2017,0.0,0.0,-0.353642,-0.08027000000000001,PRK,740940
22937014,178,8514,2017,4.2170634326103956e-09,1.4543280136036065e-09,-0.353642,-0.08027000000000001,PRK,740990
22943540,178,8515,2017,4.21463913629961e-08,6.668465147334987e-08,-0.353642,-0.08027000000000001,PRK,741011
22950066,178,8516,2017,0.0,0.0,-0.353642,-0.08027000000000001,PRK,741012
22956592,178,8517,2017,0.0,1.6698257516266384e-08,-0.353642,-0.08027000000000001,PRK,741021
22963118,178,8518,2017,0.0,0.0,-0.353642,-0.08027000000000001,PRK,741022
22969644,178,8519,2017,7.893811824954598e-08,2.9450937714678284e-07,-0.353642,-0.08027000000000001,PRK,741110
22976170,178,8520,2017,0.0,9.96022458177201e-09,-0.353642,-0.08027000000000001,PRK,741121
22982696,178,8521,2017,0.0,0.0,-0.353642,-0.08027000000000001,PRK,741122
22989222,178,8522,2017,1.5623377574853516e-08,0.0,-0.353642,-0.08027000000000001,PRK,741129
22995748,178,8523,2017,0.0,2.230875537731512e-09,-0.353642,-0.08027000000000001,PRK,741210
23002274,178,8524,2017,8.446854420852412e-09,1.3592067419754762e-08,-0.353642,-0.08027000000000001,PRK,741220
23008800,178,8525,2017,0.0,5.110696893748316e-10,-0.353642,-0.08027000000000001,PRK,741300
23015326,178,8526,2017,0.0,0.0,-0.353642,-0.08027000000000001,PRK,741410
23021852,178,8527,2017,0.0,0.0,-0.353642,-0.08027000000000001,PRK,741490
23028378,178,8528,2017,0.0,0.0,-0.353642,-0.08027000000000001,PRK,741510
23034904,178,8529,2017,0.0,8.31896835493403e-10,-0.353642,-0.08027000000000001,PRK,741521
23041430,178,8530,2017,0.0,3.3541019821487e-10,-0.353642,-0.08027000000000001,PRK,741529
23047956,178,8531,2017,0.0,0.0,-0.353642,-0.08027000000000001,PRK,741531
23054482,178,8532,2017,3.7606896521051314e-10,0.0,-0.353642,-0.08027000000000001,PRK,741532
23061008,178,8533,2017,0.0,0.0,-0.353642,-0.08027000000000001,PRK,741539
23067534,178,8534,2017,0.0,0.0,-0.353642,-0.08027000000000001,PRK,741600
23074060,178,8535,2017,0.0,0.0,-0.353642,-0.08027000000000001,PRK,741700
23080586,178,8536,2017,0.0,0.0,-0.353642,-0.08027000000000001,PRK,741810
23087112,178,8537,2017,0.0,4.076625926919863e-09,-0.353642,-0.08027000000000001,PRK,741820
23093638,178,8538,2017,0.0,0.0,-0.353642,-0.08027000000000001,PRK,741910
23100164,178,8539,2017,0.0,4.757389313415261e-09,-0.353642,-0.08027000000000001,PRK,741991
23106690,178,8540,2017,6.396505816006052e-09,2.8747504310833184e-08,-0.353642,-0.08027000000000001,PRK,741999
23113216,178,8541,2017,0.0,0.0,-0.353642,-0.08027000000000001,PRK,750110
23119742,178,8542,2017,0.0,0.0,-0.353642,-0.08027000000000001,PRK,750120
23126268,178,8543,2017,1.112661095538631e-08,0.0,-0.353642,-0.08027000000000001,PRK,750210
23132794,178,8544,2017,0.0,0.0,-0.353642,-0.08027000000000001,PRK,750220
23139320,178,8545,2017,0.0,0.0,-0.353642,-0.08027000000000001,PRK,750300
23145846,178,8546,2017,0.0,0.0,-0.353642,-0.08027000000000001,PRK,750400
23152372,178,8547,2017,0.0,0.0,-0.353642,-0.08027000000000001,PRK,750511
23158898,178,8548,2017,0.0,5.319499685127138e-10,-0.353642,-0.08027000000000001,PRK,750512
23165424,178,8549,2017,0.0,0.0,-0.353642,-0.08027000000000001,PRK,750521
23171950,178,8550,2017,0.0,1.7953725728556827e-09,-0.353642,-0.08027000000000001,PRK,750522
23178476,178,8551,2017,0.0,0.0,-0.353642,-0.08027000000000001,PRK,750610
23185002,178,8552,2017,0.0,7.15563851725202e-10,-0.353642,-0.08027000000000001,PRK,750620
23191528,178,8553,2017,0.0,0.0,-0.353642,-0.08027000000000001,PRK,750711
23198054,178,8554,2017,0.0,1.2608374269258977e-08,-0.353642,-0.08027000000000001,PRK,750712
23204580,178,8555,2017,0.0,0.0,-0.353642,-0.08027000000000001,PRK,750720
23211106,178,8556,2017,0.0,0.0,-0.353642,-0.08027000000000001,PRK,750800
23217632,178,8557,2017,0.0,2.6533266709811537e-07,-0.353642,-0.08027000000000001,PRK,760110
23224158,178,8558,2017,1.2364699081304177e-07,1.924962876711428e-09,-0.353642,-0.08027000000000001,PRK,760120
23230684,178,8559,2017,4.25179147726239e-08,9.363976610834706e-08,-0.353642,-0.08027000000000001,PRK,760200
23237210,178,8560,2017,0.0,0.0,-0.353642,-0.08027000000000001,PRK,760310
23243736,178,8561,2017,0.0,0.0,-0.353642,-0.08027000000000001,PRK,760320
23250262,178,8562,2017,0.0,4.1065476983574504e-07,-0.353642,-0.08027000000000001,PRK,760410
23256788,178,8563,2017,2.0685308271772464e-09,8.281536311666848e-07,-0.353642,-0.08027000000000001,PRK,760421
23263314,178,8564,2017,0.0,2.8365676920661797e-06,-0.353642,-0.08027000000000001,PRK,760429
23269840,178,8565,2017,0.0,2.240328006953931e-07,-0.353642,-0.08027000000000001,PRK,760511
23276366,178,8566,2017,0.0,5.2144354234333495e-09,-0.353642,-0.08027000000000001,PRK,760519
23282892,178,8567,2017,0.0,0.0,-0.353642,-0.08027000000000001,PRK,760521
23289418,178,8568,2017,0.0,1.9133627216348268e-09,-0.353642,-0.08027000000000001,PRK,760529
23295944,178,8569,2017,0.0,3.677325388873095e-07,-0.353642,-0.08027000000000001,PRK,760611
23302470,178,8570,2017,0.0,2.80022772054121e-07,-0.353642,-0.08027000000000001,PRK,760612
23308996,178,8571,2017,0.0,2.9795826896755748e-09,-0.353642,-0.08027000000000001,PRK,760691
23315522,178,8572,2017,0.0,8.953993987127399e-09,-0.353642,-0.08027000000000001,PRK,760692
23322048,178,8573,2017,2.7012721642921143e-09,6.425789903132489e-08,-0.353642,-0.08027000000000001,PRK,760711
23328574,178,8574,2017,0.0,9.676517931898562e-09,-0.353642,-0.08027000000000001,PRK,760719
23335100,178,8575,2017,0.0,1.3142916043848806e-06,-0.353642,-0.08027000000000001,PRK,760720
23341626,178,8576,2017,0.0,1.6210388137044755e-09,-0.353642,-0.08027000000000001,PRK,760810
23348152,178,8577,2017,0.0,2.2491043528518852e-09,-0.353642,-0.08027000000000001,PRK,760820
23354678,178,8578,2017,3.4606829836454957e-10,0.0,-0.353642,-0.08027000000000001,PRK,760900
23361204,178,8579,2017,1.60042951326856e-08,1.945906128119726e-07,-0.353642,-0.08027000000000001,PRK,761010
23367730,178,8580,2017,7.57489564527084e-08,3.1303548767011936e-07,-0.353642,-0.08027000000000001,PRK,761090
23374256,178,8581,2017,0.0,1.4848198498049583e-09,-0.353642,-0.08027000000000001,PRK,761100
23380782,178,8582,2017,0.0,9.95061302470854e-09,-0.353642,-0.08027000000000001,PRK,761210
23387308,178,8583,2017,0.0,1.160353569322356e-07,-0.353642,-0.08027000000000001,PRK,761290
23393834,178,8584,2017,0.0,0.0,-0.353642,-0.08027000000000001,PRK,761300
23400360,178,8585,2017,0.0,2.683566618100842e-07,-0.353642,-0.08027000000000001,PRK,761410
23406886,178,8586,2017,0.0,3.365768423825739e-08,-0.353642,-0.08027000000000001,PRK,761490
23413412,178,8587,2017,5.318300031784452e-10,1.1578161182576e-06,-0.353642,-0.08027000000000001,PRK,761510
23419938,178,8588,2017,0.0,5.36921463545543e-10,-0.353642,-0.08027000000000001,PRK,761520
23426464,178,8589,2017,0.0,9.359667981806254e-10,-0.353642,-0.08027000000000001,PRK,761610
23432990,178,8590,2017,5.8577059609341e-09,2.1090175658168268e-07,-0.353642,-0.08027000000000001,PRK,761690
23439516,178,8591,2017,0.0,4.867746560154001e-07,-0.353642,-0.08027000000000001,PRK,780110
23446042,178,8592,2017,7.674040273270778e-07,0.0,-0.353642,-0.08027000000000001,PRK,780191
23452568,178,8593,2017,5.209661253357403e-08,6.170957696409712e-07,-0.353642,-0.08027000000000001,PRK,780199
23459094,178,8594,2017,0.0,0.0,-0.353642,-0.08027000000000001,PRK,780200
23465620,178,8595,2017,0.0,0.0,-0.353642,-0.08027000000000001,PRK,780300
23472146,178,8596,2017,0.0,0.0,-0.353642,-0.08027000000000001,PRK,780411
23478672,178,8597,2017,0.0,3.4800465229803706e-10,-0.353642,-0.08027000000000001,PRK,780419
23485198,178,8598,2017,0.0,0.0,-0.353642,-0.08027000000000001,PRK,780420
23491724,178,8599,2017,0.0,0.0,-0.353642,-0.08027000000000001,PRK,780500
23498250,178,8600,2017,0.0,0.0,-0.353642,-0.08027000000000001,PRK,780600
23504776,178,8601,2017,3.5979102763174765e-07,0.0,-0.353642,-0.08027000000000001,PRK,790111
23511302,178,8602,2017,0.0,0.0,-0.353642,-0.08027000000000001,PRK,790112
23517828,178,8603,2017,1.6699037847948792e-07,0.0,-0.353642,-0.08027000000000001,PRK,790120
23524354,178,8604,2017,3.6073226067440996e-08,0.0,-0.353642,-0.08027000000000001,PRK,790200
23530880,178,8605,2017,0.0,0.0,-0.353642,-0.08027000000000001,PRK,790310
23537406,178,8606,2017,0.0,0.0,-0.353642,-0.08027000000000001,PRK,790390
23543932,178,8607,2017,1.6476123802172117e-09,0.0,-0.353642,-0.08027000000000001,PRK,790400
23550458,178,8608,2017,0.0,0.0,-0.353642,-0.08027000000000001,PRK,790500
23556984,178,8609,2017,0.0,0.0,-0.353642,-0.08027000000000001,PRK,790600
23563510,178,8610,2017,0.0,0.0,-0.353642,-0.08027000000000001,PRK,790710
23570036,178,8611,2017,0.0,1.264615763150848e-08,-0.353642,-0.08027000000000001,PRK,790790
23576562,178,8612,2017,0.0,0.0,-0.353642,-0.08027000000000001,PRK,800110
23583088,178,8613,2017,0.0,0.0,-0.353642,-0.08027000000000001,PRK,800120
23589614,178,8614,2017,0.0,0.0,-0.353642,-0.08027000000000001,PRK,800200
23596140,178,8615,2017,7.583804934212975e-09,5.275883102039117e-08,-0.353642,-0.08027000000000001,PRK,800300
23602666,178,8616,2017,0.0,0.0,-0.353642,-0.08027000000000001,PRK,800400
23609192,178,8617,2017,0.0,0.0,-0.353642,-0.08027000000000001,PRK,800510
23615718,178,8618,2017,0.0,0.0,-0.353642,-0.08027000000000001,PRK,800520
23622244,178,8619,2017,0.0,0.0,-0.353642,-0.08027000000000001,PRK,800600
23628770,178,8620,2017,1.7951802057658074e-06,1.989669204594714e-06,-0.353642,-0.08027000000000001,PRK,800700
23635296,178,8621,2017,0.0,0.0,-0.353642,-0.08027000000000001,PRK,810110
23641822,178,8622,2017,0.0,0.0,-0.353642,-0.08027000000000001,PRK,810191
23648348,178,8623,2017,0.0,0.0,-0.353642,-0.08027000000000001,PRK,810192
23654874,178,8624,2017,0.0,0.0,-0.353642,-0.08027000000000001,PRK,810193
23661400,178,8625,2017,4.819198028801604e-09,0.0,-0.353642,-0.08027000000000001,PRK,810199
23667926,178,8626,2017,0.0,0.0,-0.353642,-0.08027000000000001,PRK,810210
23674452,178,8627,2017,0.0,0.0,-0.353642,-0.08027000000000001,PRK,810291
23680978,178,8628,2017,0.0,0.0,-0.353642,-0.08027000000000001,PRK,810292
23687504,178,8629,2017,0.0,0.0,-0.353642,-0.08027000000000001,PRK,810293
23694030,178,8630,2017,0.0,0.0,-0.353642,-0.08027000000000001,PRK,810299
23700556,178,8631,2017,0.0,0.0,-0.353642,-0.08027000000000001,PRK,810310
23707082,178,8632,2017,0.0,0.0,-0.353642,-0.08027000000000001,PRK,810390
23713608,178,8633,2017,0.0,1.552432182251434e-09,-0.353642,-0.08027000000000001,PRK,810411
23720134,178,8634,2017,0.0,0.0,-0.353642,-0.08027000000000001,PRK,810419
23726660,178,8635,2017,0.0,0.0,-0.353642,-0.08027000000000001,PRK,810420
23733186,178,8636,2017,0.0,0.0,-0.353642,-0.08027000000000001,PRK,810430
23739712,178,8637,2017,0.0,0.0,-0.353642,-0.08027000000000001,PRK,810490
23746238,178,8638,2017,0.0,0.0,-0.353642,-0.08027000000000001,PRK,810510
23752764,178,8639,2017,0.0,0.0,-0.353642,-0.08027000000000001,PRK,810590
23759290,178,8640,2017,0.0,0.0,-0.353642,-0.08027000000000001,PRK,810600
23765816,178,8641,2017,0.0,0.0,-0.353642,-0.08027000000000001,PRK,810710
23772342,178,8642,2017,9.612637909301117e-09,0.0,-0.353642,-0.08027000000000001,PRK,810790
23778868,178,8643,2017,0.0,0.0,-0.353642,-0.08027000000000001,PRK,810810
23785394,178,8644,2017,3.3000733530559934e-10,8.615667178493269e-08,-0.353642,-0.08027000000000001,PRK,810890
23791920,178,8645,2017,0.0,0.0,-0.353642,-0.08027000000000001,PRK,810910
23798446,178,8646,2017,0.0,0.0,-0.353642,-0.08027000000000001,PRK,810990
23804972,178,8647,2017,0.0,0.0,-0.353642,-0.08027000000000001,PRK,811000
23811498,178,8648,2017,0.0,0.0,-0.353642,-0.08027000000000001,PRK,811100
23818024,178,8649,2017,0.0,0.0,-0.353642,-0.08027000000000001,PRK,811211
23824550,178,8650,2017,0.0,0.0,-0.353642,-0.08027000000000001,PRK,811219
23831076,178,8651,2017,0.0,0.0,-0.353642,-0.08027000000000001,PRK,811220
23837602,178,8652,2017,0.0,0.0,-0.353642,-0.08027000000000001,PRK,811230
23844128,178,8653,2017,0.0,0.0,-0.353642,-0.08027000000000001,PRK,811240
23850654,178,8654,2017,0.0,0.0,-0.353642,-0.08027000000000001,PRK,811291
23857180,178,8655,2017,0.0,0.0,-0.353642,-0.08027000000000001,PRK,811299
23863706,178,8656,2017,0.0,0.0,-0.353642,-0.08027000000000001,PRK,811300
23870232,178,8657,2017,0.0,8.161670252095316e-08,-0.353642,-0.08027000000000001,PRK,820110
23876758,178,8658,2017,0.0,0.0,-0.353642,-0.08027000000000001,PRK,820120
23883284,178,8659,2017,0.0,7.987535352745422e-09,-0.353642,-0.08027000000000001,PRK,820130
23889810,178,8660,2017,0.0,5.468843395913324e-08,-0.353642,-0.08027000000000001,PRK,820140
23896336,178,8661,2017,0.0,8.433312740689098e-09,-0.353642,-0.08027000000000001,PRK,820150
23902862,178,8662,2017,0.0,8.143640296776257e-09,-0.353642,-0.08027000000000001,PRK,820160
23909388,178,8663,2017,6.357717075033493e-10,1.01088722832536e-07,-0.353642,-0.08027000000000001,PRK,820190
23915914,178,8664,2017,7.415316340613422e-10,1.5277139089482077e-07,-0.353642,-0.08027000000000001,PRK,820210
23922440,178,8665,2017,0.0,7.73597770408427e-09,-0.353642,-0.08027000000000001,PRK,820220
23928966,178,8666,2017,0.0,3.224511678292955e-09,-0.353642,-0.08027000000000001,PRK,820231
23935492,178,8667,2017,5.123447215805113e-09,8.03821145878006e-08,-0.353642,-0.08027000000000001,PRK,820232
23942018,178,8668,2017,0.0,0.0,-0.353642,-0.08027000000000001,PRK,820240
23948544,178,8669,2017,0.0,4.3218863485394317e-10,-0.353642,-0.08027000000000001,PRK,820291
23955070,178,8670,2017,5.160720771583431e-10,4.207210529782174e-09,-0.353642,-0.08027000000000001,PRK,820299
23961596,178,8671,2017,0.0,5.4926402854704664e-08,-0.353642,-0.08027000000000001,PRK,820310
23968122,178,8672,2017,0.0,2.4329535534959273e-07,-0.353642,-0.08027000000000001,PRK,820320
23974648,178,8673,2017,0.0,1.68898257915314e-09,-0.353642,-0.08027000000000001,PRK,820330
23981174,178,8674,2017,0.0,1.4244990434066317e-09,-0.353642,-0.08027000000000001,PRK,820340
23987700,178,8675,2017,0.0,1.6714298873572314e-07,-0.353642,-0.08027000000000001,PRK,820411
23994226,178,8676,2017,1.1218431178157288e-09,7.698360058335863e-08,-0.353642,-0.08027000000000001,PRK,820412
24000752,178,8677,2017,7.848659306166229e-10,2.175890802668422e-08,-0.353642,-0.08027000000000001,PRK,820420
24007278,178,8678,2017,8.512310421243605e-10,7.384327288762159e-10,-0.353642,-0.08027000000000001,PRK,820510
24013804,178,8679,2017,0.0,1.3676914268315045e-08,-0.353642,-0.08027000000000001,PRK,820520
24020330,178,8680,2017,4.239488173485156e-10,3.973881696241395e-10,-0.353642,-0.08027000000000001,PRK,820530
24026856,178,8681,2017,0.0,8.548021702746575e-08,-0.353642,-0.08027000000000001,PRK,820540
24033382,178,8682,2017,0.0,5.361591676405092e-09,-0.353642,-0.08027000000000001,PRK,820551
24039908,178,8683,2017,1.166086525487554e-08,1.808576863662877e-07,-0.353642,-0.08027000000000001,PRK,820559
24046434,178,8684,2017,0.0,9.654311920751925e-09,-0.353642,-0.08027000000000001,PRK,820560
24052960,178,8685,2017,0.0,1.894007034307012e-08,-0.353642,-0.08027000000000001,PRK,820570
24059486,178,8686,2017,0.0,0.0,-0.353642,-0.08027000000000001,PRK,820580
24066012,178,8687,2017,0.0,4.439279917914636e-08,-0.353642,-0.08027000000000001,PRK,820590
24072538,178,8688,2017,4.951322177739383e-09,1.406684519538994e-07,-0.353642,-0.08027000000000001,PRK,820600
24079064,178,8689,2017,0.0,7.291526048149348e-10,-0.353642,-0.08027000000000001,PRK,820711
24085590,178,8690,2017,3.056128536783259e-09,4.1409206150144306e-07,-0.353642,-0.08027000000000001,PRK,820712
24092116,178,8691,2017,0.0,0.0,-0.353642,-0.08027000000000001,PRK,820720
24098642,178,8692,2017,9.546424316312805e-08,3.0051030308440972e-09,-0.353642,-0.08027000000000001,PRK,820730
24105168,178,8693,2017,0.0,6.771176234713236e-10,-0.353642,-0.08027000000000001,PRK,820740
24111694,178,8694,2017,2.3161120879161577e-09,2.349362836013939e-08,-0.353642,-0.08027000000000001,PRK,820750
24118220,178,8695,2017,1.0630539322791943e-09,0.0,-0.353642,-0.08027000000000001,PRK,820760
24124746,178,8696,2017,5.161326845661128e-09,6.693289479198913e-09,-0.353642,-0.08027000000000001,PRK,820770
24131272,178,8697,2017,2.884124713533068e-08,8.872461468589002e-10,-0.353642,-0.08027000000000001,PRK,820780
24137798,178,8698,2017,1.1196915548399073e-08,5.400965917065098e-08,-0.353642,-0.08027000000000001,PRK,820790
24144324,178,8699,2017,0.0,1.656634718139532e-08,-0.353642,-0.08027000000000001,PRK,820810
24150850,178,8700,2017,0.0,8.980177194300299e-09,-0.353642,-0.08027000000000001,PRK,820820
24157376,178,8701,2017,3.1864344634879495e-09,1.986609415118509e-09,-0.353642,-0.08027000000000001,PRK,820830
24163902,178,8702,2017,0.0,2.1705547313331855e-09,-0.353642,-0.08027000000000001,PRK,820840
24170428,178,8703,2017,8.304730049632646e-09,1.347142580695811e-08,-0.353642,-0.08027000000000001,PRK,820890
24176954,178,8704,2017,7.732899157326248e-09,2.572284673285996e-08,-0.353642,-0.08027000000000001,PRK,820900
24183480,178,8705,2017,0.0,6.525418663590384e-08,-0.353642,-0.08027000000000001,PRK,821000
24190006,178,8706,2017,0.0,8.464798875897016e-10,-0.353642,-0.08027000000000001,PRK,821110
24196532,178,8707,2017,0.0,0.0,-0.353642,-0.08027000000000001,PRK,821191
24203058,178,8708,2017,0.0,9.960158295171572e-08,-0.353642,-0.08027000000000001,PRK,821192
24209584,178,8709,2017,4.2697918773699677e-10,8.836003838348255e-10,-0.353642,-0.08027000000000001,PRK,821193
24216110,178,8710,2017,1.2521187408165343e-08,3.43033157265208e-10,-0.353642,-0.08027000000000001,PRK,821194
24222636,178,8711,2017,6.548024335430111e-09,1.6251154396313955e-08,-0.353642,-0.08027000000000001,PRK,821210
24229162,178,8712,2017,0.0,6.30617573264262e-09,-0.353642,-0.08027000000000001,PRK,821220
24235688,178,8713,2017,0.0,1.8954653395166418e-09,-0.353642,-0.08027000000000001,PRK,821290
24242214,178,8714,2017,0.0,1.2858307896209406e-07,-0.353642,-0.08027000000000001,PRK,821300
24248740,178,8715,2017,5.93346522064613e-10,2.728820480219675e-08,-0.353642,-0.08027000000000001,PRK,821410
24255266,178,8716,2017,8.691102274163994e-10,1.0070591771500815e-07,-0.353642,-0.08027000000000001,PRK,821420
24261792,178,8717,2017,4.609193360879859e-10,1.6741642096252873e-07,-0.353642,-0.08027000000000001,PRK,821490
24268318,178,8718,2017,0.0,0.0,-0.353642,-0.08027000000000001,PRK,821510
24274844,178,8719,2017,0.0,4.838258965949281e-09,-0.353642,-0.08027000000000001,PRK,821520
24281370,178,8720,2017,0.0,0.0,-0.353642,-0.08027000000000001,PRK,821591
24287896,178,8721,2017,0.0,7.12769871516752e-08,-0.353642,-0.08027000000000001,PRK,821599
24294422,178,8722,2017,0.0,1.6539666824719136e-06,-0.353642,-0.08027000000000001,PRK,830110
24300948,178,8723,2017,0.0,5.372528965477315e-10,-0.353642,-0.08027000000000001,PRK,830120
24307474,178,8724,2017,0.0,5.322847158449243e-08,-0.353642,-0.08027000000000001,PRK,830130
24314000,178,8725,2017,8.072906714913836e-10,1.3004575908735281e-06,-0.353642,-0.08027000000000001,PRK,830140
24320526,178,8726,2017,0.0,0.0,-0.353642,-0.08027000000000001,PRK,830150
24327052,178,8727,2017,0.0,6.380085292130679e-10,-0.353642,-0.08027000000000001,PRK,830160
24333578,178,8728,2017,0.0,0.0,-0.353642,-0.08027000000000001,PRK,830170
24340104,178,8729,2017,5.530425958978134e-10,1.9491210282409555e-07,-0.353642,-0.08027000000000001,PRK,830210
24346630,178,8730,2017,2.8482451281334512e-09,4.899839217755924e-08,-0.353642,-0.08027000000000001,PRK,830220
24353156,178,8731,2017,3.4909866875303074e-10,0.0,-0.353642,-0.08027000000000001,PRK,830230
24359682,178,8732,2017,0.0,2.4245417839003804e-07,-0.353642,-0.08027000000000001,PRK,830241
24366208,178,8733,2017,0.0,1.8836862106188588e-07,-0.353642,-0.08027000000000001,PRK,830242
24372734,178,8734,2017,0.0,1.9779192418011236e-07,-0.353642,-0.08027000000000001,PRK,830249
24379260,178,8735,2017,3.612201503069554e-10,5.055811588585883e-08,-0.353642,-0.08027000000000001,PRK,830250
24385786,178,8736,2017,7.754111750045617e-09,3.3608632153933477e-08,-0.353642,-0.08027000000000001,PRK,830260
24392312,178,8737,2017,2.2252615836694924e-08,1.3455483879552837e-07,-0.353642,-0.08027000000000001,PRK,830300
24398838,178,8738,2017,0.0,2.1344616773948463e-08,-0.353642,-0.08027000000000001,PRK,830400
24405364,178,8739,2017,0.0,3.9874704493311275e-09,-0.353642,-0.08027000000000001,PRK,830510
24411890,178,8740,2017,4.3203990628576034e-09,5.5684058697707814e-09,-0.353642,-0.08027000000000001,PRK,830520
24418416,178,8741,2017,0.0,2.0127594789911897e-08,-0.353642,-0.08027000000000001,PRK,830590
24424942,178,8742,2017,0.0,2.3014044805972474e-08,-0.353642,-0.08027000000000001,PRK,830610
24431468,178,8743,2017,0.0,0.0,-0.353642,-0.08027000000000001,PRK,830621
24437994,178,8744,2017,6.003163739581196e-10,9.793845214673329e-09,-0.353642,-0.08027000000000001,PRK,830629
24444520,178,8745,2017,0.0,3.5953852077420057e-09,-0.353642,-0.08027000000000001,PRK,830630
24451046,178,8746,2017,5.376786180282139e-09,9.312604495495472e-09,-0.353642,-0.08027000000000001,PRK,830710
24457572,178,8747,2017,0.0,9.896589445351797e-10,-0.353642,-0.08027000000000001,PRK,830790
24464098,178,8748,2017,3.9738640874532275e-07,1.6773400006522586e-06,-0.353642,-0.08027000000000001,PRK,830810
24470624,178,8749,2017,0.0,7.147584695298836e-08,-0.353642,-0.08027000000000001,PRK,830820
24477150,178,8750,2017,9.6799121319254e-09,3.311168151045188e-07,-0.353642,-0.08027000000000001,PRK,830890
24483676,178,8751,2017,0.0,0.0,-0.353642,-0.08027000000000001,PRK,830910
24490202,178,8752,2017,4.436462248736432e-10,6.903053426284082e-08,-0.353642,-0.08027000000000001,PRK,830990
24496728,178,8753,2017,0.0,2.598136447456707e-08,-0.353642,-0.08027000000000001,PRK,831000
24503254,178,8754,2017,9.44960398240083e-09,1.8349463361830067e-06,-0.353642,-0.08027000000000001,PRK,831110
24509780,178,8755,2017,8.545947532555745e-09,3.387145852466904e-08,-0.353642,-0.08027000000000001,PRK,831120
24516306,178,8756,2017,5.184175838390276e-08,1.9369607513906554e-08,-0.353642,-0.08027000000000001,PRK,831130
24522832,178,8757,2017,4.03281691299074e-09,4.971495032829101e-10,-0.353642,-0.08027000000000001,PRK,831190
24529358,178,8758,2017,0.0,0.0,-0.353642,-0.08027000000000001,PRK,840110
24535884,178,8759,2017,0.0,0.0,-0.353642,-0.08027000000000001,PRK,840120
24542410,178,8760,2017,0.0,0.0,-0.353642,-0.08027000000000001,PRK,840130
24548936,178,8761,2017,0.0,0.0,-0.353642,-0.08027000000000001,PRK,840140
24555462,178,8762,2017,2.007923419407623e-09,0.0,-0.353642,-0.08027000000000001,PRK,840211
24561988,178,8763,2017,0.0,6.970964048432527e-08,-0.353642,-0.08027000000000001,PRK,840212
24568514,178,8764,2017,1.0175983764519768e-09,8.863711637331223e-08,-0.353642,-0.08027000000000001,PRK,840219
24575040,178,8765,2017,0.0,1.1036718972880604e-09,-0.353642,-0.08027000000000001,PRK,840220
24581566,178,8766,2017,4.972989326017023e-08,6.157528031161031e-08,-0.353642,-0.08027000000000001,PRK,840290
24588092,178,8767,2017,9.19868931423459e-09,1.6991443150002427e-07,-0.353642,-0.08027000000000001,PRK,840310
24594618,178,8768,2017,6.403172630860711e-10,2.241149960799359e-09,-0.353642,-0.08027000000000001,PRK,840390
24601144,178,8769,2017,0.0,8.262293311559777e-08,-0.353642,-0.08027000000000001,PRK,840410
24607670,178,8770,2017,0.0,0.0,-0.353642,-0.08027000000000001,PRK,840420
24614196,178,8771,2017,0.0,0.0,-0.353642,-0.08027000000000001,PRK,840490
24620722,178,8772,2017,1.4885179348219504e-09,1.702538188942654e-07,-0.353642,-0.08027000000000001,PRK,840510
24627248,178,8773,2017,4.800106695354173e-10,7.960689279568145e-09,-0.353642,-0.08027000000000001,PRK,840590
24633774,178,8774,2017,0.0,0.0,-0.353642,-0.08027000000000001,PRK,840611
24640300,178,8775,2017,0.0,7.995589174698605e-08,-0.353642,-0.08027000000000001,PRK,840619
24646826,178,8776,2017,1.9476190486768477e-09,1.3783304262017588e-08,-0.353642,-0.08027000000000001,PRK,840690
24653352,178,8777,2017,0.0,0.0,-0.353642,-0.08027000000000001,PRK,840710
24659878,178,8778,2017,8.633525236782852e-10,2.561284411943356e-07,-0.353642,-0.08027000000000001,PRK,840721
24666404,178,8779,2017,5.794068182775996e-10,1.965281701427672e-07,-0.353642,-0.08027000000000001,PRK,840729
24672930,178,8780,2017,0.0,0.0,-0.353642,-0.08027000000000001,PRK,840731
24679456,178,8781,2017,0.0,0.0,-0.353642,-0.08027000000000001,PRK,840732
24685982,178,8782,2017,5.290420624210426e-09,0.0,-0.353642,-0.08027000000000001,PRK,840733
24692508,178,8783,2017,1.4711539124959533e-08,7.221991404290178e-08,-0.353642,-0.08027000000000001,PRK,840734
24699034,178,8784,2017,6.938336041466485e-08,2.582525953053624e-09,-0.353642,-0.08027000000000001,PRK,840790
24705560,178,8785,2017,4.738893213506853e-09,1.380546387254392e-06,-0.353642,-0.08027000000000001,PRK,840810
24712086,178,8786,2017,1.5056092238129842e-08,4.851685316867941e-07,-0.353642,-0.08027000000000001,PRK,840820
24718612,178,8787,2017,1.0545991988953317e-08,3.7851524760731275e-06,-0.353642,-0.08027000000000001,PRK,840890
24725138,178,8788,2017,1.4763964532680257e-09,0.0,-0.353642,-0.08027000000000001,PRK,840910
24731664,178,8789,2017,7.840386395005676e-08,2.655192638783476e-07,-0.353642,-0.08027000000000001,PRK,840991
24738190,178,8790,2017,5.734551708346226e-08,7.348313778744344e-07,-0.353642,-0.08027000000000001,PRK,840999
24744716,178,8791,2017,0.0,3.4800465229803706e-09,-0.353642,-0.08027000000000001,PRK,841011
24751242,178,8792,2017,0.0,0.0,-0.353642,-0.08027000000000001,PRK,841012
24757768,178,8793,2017,0.0,7.159148392745197e-07,-0.353642,-0.08027000000000001,PRK,841013
24764294,178,8794,2017,0.0,0.0,-0.353642,-0.08027000000000001,PRK,841090
24770820,178,8795,2017,0.0,0.0,-0.353642,-0.08027000000000001,PRK,841111
24777346,178,8796,2017,0.0,0.0,-0.353642,-0.08027000000000001,PRK,841112
24783872,178,8797,2017,0.0,0.0,-0.353642,-0.08027000000000001,PRK,841121
24790398,178,8798,2017,0.0,0.0,-0.353642,-0.08027000000000001,PRK,841122
24796924,178,8799,2017,0.0,0.0,-0.353642,-0.08027000000000001,PRK,841181
24803450,178,8800,2017,0.0,0.0,-0.353642,-0.08027000000000001,PRK,841182
24809976,178,8801,2017,6.7910600405863e-10,3.372463370469949e-08,-0.353642,-0.08027000000000001,PRK,841191
24816502,178,8802,2017,2.579511882082941e-08,0.0,-0.353642,-0.08027000000000001,PRK,841199
24823028,178,8803,2017,0.0,0.0,-0.353642,-0.08027000000000001,PRK,841210
24829554,178,8804,2017,4.774651584090931e-09,7.242639680326528e-08,-0.353642,-0.08027000000000001,PRK,841221
24836080,178,8805,2017,1.933376307850986e-09,5.591274746921796e-08,-0.353642,-0.08027000000000001,PRK,841229
24842606,178,8806,2017,0.0,8.528434012317229e-09,-0.353642,-0.08027000000000001,PRK,841231
24849132,178,8807,2017,0.0,0.0,-0.353642,-0.08027000000000001,PRK,841239
24855658,178,8808,2017,2.8649121652700974e-09,2.134494820695065e-08,-0.353642,-0.08027000000000001,PRK,841280
24862184,178,8809,2017,0.0,2.997148638791571e-09,-0.353642,-0.08027000000000001,PRK,841290
24868710,178,8810,2017,1.0148710431023437e-09,6.53512965055451e-08,-0.353642,-0.08027000000000001,PRK,841311
24875236,178,8811,2017,8.235940641814122e-09,2.0110691706800278e-08,-0.353642,-0.08027000000000001,PRK,841319
24881762,178,8812,2017,5.484970403150917e-10,5.245921558641267e-09,-0.353642,-0.08027000000000001,PRK,841320
24888288,178,8813,2017,1.4279408307562118e-08,6.565555200155424e-08,-0.353642,-0.08027000000000001,PRK,841330
24894814,178,8814,2017,0.0,3.7694206771912433e-08,-0.353642,-0.08027000000000001,PRK,841340
24901340,178,8815,2017,0.0,5.728952016030943e-08,-0.353642,-0.08027000000000001,PRK,841350
24907866,178,8816,2017,6.760756336701489e-10,2.819729238389988e-07,-0.353642,-0.08027000000000001,PRK,841360
24914392,178,8817,2017,1.9388309745502523e-09,1.7398555563910779e-06,-0.353642,-0.08027000000000001,PRK,841370
24920918,178,8818,2017,4.915200162708687e-08,3.034633711339102e-08,-0.353642,-0.08027000000000001,PRK,841381
24927444,178,8819,2017,0.0,0.0,-0.353642,-0.08027000000000001,PRK,841382
24933970,178,8820,2017,1.0280531542922368e-08,6.415813769766612e-08,-0.353642,-0.08027000000000001,PRK,841391
24940496,178,8821,2017,0.0,0.0,-0.353642,-0.08027000000000001,PRK,841392
24947022,178,8822,2017,8.391095605704358e-09,1.0294309047978125e-08,-0.353642,-0.08027000000000001,PRK,841410
24953548,178,8823,2017,0.0,7.213672435935244e-08,-0.353642,-0.08027000000000001,PRK,841420
24960074,178,8824,2017,2.610361052637679e-09,5.539445254039541e-07,-0.353642,-0.08027000000000001,PRK,841430
24966600,178,8825,2017,2.9764297955662046e-09,0.0,-0.353642,-0.08027000000000001,PRK,841440
24973126,178,8826,2017,7.500166711490894e-10,2.9468076115221455e-06,-0.353642,-0.08027000000000001,PRK,841451
24979652,178,8827,2017,2.5461172004018785e-09,4.1802020544338245e-07,-0.353642,-0.08027000000000001,PRK,841459
24986178,178,8828,2017,0.0,2.0154142573387207e-07,-0.353642,-0.08027000000000001,PRK,841460
24992704,178,8829,2017,1.3411207191262263e-08,1.2896966241584686e-06,-0.353642,-0.08027000000000001,PRK,841480
24999230,178,8830,2017,1.2803920965410637e-08,1.5993299520611217e-07,-0.353642,-0.08027000000000001,PRK,841490
25005756,178,8831,2017,9.554727531177243e-08,1.6542530405858045e-06,-0.353642,-0.08027000000000001,PRK,841510
25012282,178,8832,2017,4.45131106363999e-08,1.034218454514427e-06,-0.353642,-0.08027000000000001,PRK,841581
25018808,178,8833,2017,0.0,3.3563988128538673e-07,-0.353642,-0.08027000000000001,PRK,841582
25025334,178,8834,2017,3.162706663346142e-08,1.3975866836289169e-08,-0.353642,-0.08027000000000001,PRK,841583
25031860,178,8835,2017,9.014139757576087e-09,2.766968418771583e-07,-0.353642,-0.08027000000000001,PRK,841590
25038386,178,8836,2017,0.0,1.6001585345665933e-09,-0.353642,-0.08027000000000001,PRK,841610
25044912,178,8837,2017,0.0,7.60738169923509e-08,-0.353642,-0.08027000000000001,PRK,841620
25051438,178,8838,2017,0.0,1.2893075218138991e-08,-0.353642,-0.08027000000000001,PRK,841630
25057964,178,8839,2017,9.66688153925493e-10,8.703430637472813e-10,-0.353642,-0.08027000000000001,PRK,841690
25064490,178,8840,2017,0.0,0.0,-0.353642,-0.08027000000000001,PRK,841710
25071016,178,8841,2017,0.0,2.8533067158417153e-09,-0.353642,-0.08027000000000001,PRK,841720
25077542,178,8842,2017,1.905709026204153e-08,1.4475734090190027e-07,-0.353642,-0.08027000000000001,PRK,841780
25084068,178,8843,2017,2.2386255170826943e-08,2.4151522869483774e-08,-0.353642,-0.08027000000000001,PRK,841790
25090594,178,8844,2017,2.816395935350514e-08,3.716380790984996e-06,-0.353642,-0.08027000000000001,PRK,841810
25097120,178,8845,2017,2.399265451376081e-08,1.475370694912561e-07,-0.353642,-0.08027000000000001,PRK,841821
25103646,178,8846,2017,0.0,0.0,-0.353642,-0.08027000000000001,PRK,841822
25110172,178,8847,2017,2.878851869057111e-09,4.014647955510593e-09,-0.353642,-0.08027000000000001,PRK,841829
25116698,178,8848,2017,0.0,4.364452620443517e-06,-0.353642,-0.08027000000000001,PRK,841830
25123224,178,8849,2017,3.2637089083942197e-10,5.6780770501949915e-08,-0.353642,-0.08027000000000001,PRK,841840
25129750,178,8850,2017,0.0,4.3460312427488717e-07,-0.353642,-0.08027000000000001,PRK,841850
25136276,178,8851,2017,6.315291889594758e-10,4.850853420032448e-08,-0.353642,-0.08027000000000001,PRK,841861
25142802,178,8852,2017,1.2153148924484306e-07,3.2140324296297557e-06,-0.353642,-0.08027000000000001,PRK,841869
25149328,178,8853,2017,0.0,1.3900631544792354e-08,-0.353642,-0.08027000000000001,PRK,841891
25155854,178,8854,2017,8.533523013962973e-10,9.800739021118853e-08,-0.353642,-0.08027000000000001,PRK,841899
25162380,178,8855,2017,0.0,1.415152632744913e-07,-0.353642,-0.08027000000000001,PRK,841911
25168906,178,8856,2017,0.0,4.39960738755266e-08,-0.353642,-0.08027000000000001,PRK,841919
25175432,178,8857,2017,0.0,2.8146616277865238e-08,-0.353642,-0.08027000000000001,PRK,841920
25181958,178,8858,2017,0.0,1.6145758701617977e-08,-0.353642,-0.08027000000000001,PRK,841931
25188484,178,8859,2017,0.0,4.400435970058132e-09,-0.353642,-0.08027000000000001,PRK,841932
25195010,178,8860,2017,3.9243296530831144e-10,4.075465911412203e-08,-0.353642,-0.08027000000000001,PRK,841939
25201536,178,8861,2017,0.0,2.8967244391284228e-09,-0.353642,-0.08027000000000001,PRK,841940
25208062,178,8862,2017,3.130372611301048e-10,1.782678688871859e-08,-0.353642,-0.08027000000000001,PRK,841950
25214588,178,8863,2017,5.521334847812691e-10,1.0379619902741473e-07,-0.353642,-0.08027000000000001,PRK,841960
25221114,178,8864,2017,0.0,3.2819490175722406e-08,-0.353642,-0.08027000000000001,PRK,841981
25227640,178,8865,2017,1.3482087554648838e-07,9.495853802405553e-08,-0.353642,-0.08027000000000001,PRK,841989
25234166,178,8866,2017,4.523433878885841e-09,1.4735179844303266e-08,-0.353642,-0.08027000000000001,PRK,841990
25240692,178,8867,2017,0.0,5.810020528366276e-10,-0.353642,-0.08027000000000001,PRK,842010
25247218,178,8868,2017,0.0,0.0,-0.353642,-0.08027000000000001,PRK,842091
25253744,178,8869,2017,0.0,0.0,-0.353642,-0.08027000000000001,PRK,842099
25260270,178,8870,2017,0.0,0.0,-0.353642,-0.08027000000000001,PRK,842111
25266796,178,8871,2017,0.0,4.690472990273381e-08,-0.353642,-0.08027000000000001,PRK,842112
25273322,178,8872,2017,1.9521646042595693e-09,3.4686518563651263e-07,-0.353642,-0.08027000000000001,PRK,842119
25279848,178,8873,2017,7.279889087952198e-08,2.7216946706726194e-07,-0.353642,-0.08027000000000001,PRK,842121
25286374,178,8874,2017,0.0,8.285825054715169e-10,-0.353642,-0.08027000000000001,PRK,842122
25292900,178,8875,2017,2.0670156419830056e-08,1.0101613900505669e-07,-0.353642,-0.08027000000000001,PRK,842123
25299426,178,8876,2017,1.1379646882824488e-08,8.438980245026523e-08,-0.353642,-0.08027000000000001,PRK,842129
25305952,178,8877,2017,7.773203083493048e-09,1.0069862618896e-07,-0.353642,-0.08027000000000001,PRK,842131
25312478,178,8878,2017,9.230174862570909e-08,2.0278927098711216e-07,-0.353642,-0.08027000000000001,PRK,842139
25319004,178,8879,2017,1.5242763054060282e-09,1.3260634417566155e-09,-0.353642,-0.08027000000000001,PRK,842191
25325530,178,8880,2017,2.611845934128035e-08,1.5461912988202224e-07,-0.353642,-0.08027000000000001,PRK,842199
25332056,178,8881,2017,2.738242683031585e-09,2.940473595417319e-09,-0.353642,-0.08027000000000001,PRK,842211
25338582,178,8882,2017,1.0942667472805502e-09,1.60927294212678e-08,-0.353642,-0.08027000000000001,PRK,842219
25345108,178,8883,2017,0.0,2.9128983696352268e-08,-0.353642,-0.08027000000000001,PRK,842220
25351634,178,8884,2017,3.4213699885957293e-07,5.245928187301311e-07,-0.353642,-0.08027000000000001,PRK,842230
25358160,178,8885,2017,4.7594997321485245e-09,2.595117092806769e-07,-0.353642,-0.08027000000000001,PRK,842240
25364686,178,8886,2017,1.3928491416575998e-08,1.6279989067504363e-09,-0.353642,-0.08027000000000001,PRK,842290
25371212,178,8887,2017,3.436440020537646e-09,2.3321183769100657e-07,-0.353642,-0.08027000000000001,PRK,842310
25377738,178,8888,2017,0.0,2.563634271928873e-09,-0.353642,-0.08027000000000001,PRK,842320
25384264,178,8889,2017,0.0,1.9514112302860787e-08,-0.353642,-0.08027000000000001,PRK,842330
25390790,178,8890,2017,7.611078267709305e-09,3.026523545775547e-07,-0.353642,-0.08027000000000001,PRK,842381
25397316,178,8891,2017,1.743978158570913e-09,1.3009577232738307e-06,-0.353642,-0.08027000000000001,PRK,842382
25403842,178,8892,2017,4.472826693398206e-10,3.114442778266119e-08,-0.353642,-0.08027000000000001,PRK,842389
25410368,178,8893,2017,2.9218831285735435e-09,1.4887970458312214e-09,-0.353642,-0.08027000000000001,PRK,842390
25416894,178,8894,2017,3.378862983156504e-10,7.967052793210166e-08,-0.353642,-0.08027000000000001,PRK,842410
25423420,178,8895,2017,4.997080770605449e-10,8.777008763958683e-09,-0.353642,-0.08027000000000001,PRK,842420
25429946,178,8896,2017,0.0,1.6856682491312539e-09,-0.353642,-0.08027000000000001,PRK,842430
25436472,178,8897,2017,7.436407718517251e-08,3.8858928628203637e-07,-0.353642,-0.08027000000000001,PRK,842481
25442998,178,8898,2017,4.21948772892118e-09,8.796198734785403e-08,-0.353642,-0.08027000000000001,PRK,842489
25449524,178,8899,2017,3.090977796250793e-10,1.9831625118957474e-08,-0.353642,-0.08027000000000001,PRK,842490
25456050,178,8900,2017,1.7835547958444772e-08,3.7674983657785494e-08,-0.353642,-0.08027000000000001,PRK,842511
25462576,178,8901,2017,2.443993718310063e-09,6.296100169376087e-08,-0.353642,-0.08027000000000001,PRK,842519
25469102,178,8902,2017,0.0,0.0,-0.353642,-0.08027000000000001,PRK,842520
25475628,178,8903,2017,0.0,3.6988685340153544e-07,-0.353642,-0.08027000000000001,PRK,842531
25482154,178,8904,2017,6.618328928442875e-10,9.197265810733837e-10,-0.353642,-0.08027000000000001,PRK,842539
25488680,178,8905,2017,0.0,3.7584502448188003e-10,-0.353642,-0.08027000000000001,PRK,842541
25495206,178,8906,2017,5.7149755156366375e-09,9.683809457946712e-08,-0.353642,-0.08027000000000001,PRK,842542
25501732,178,8907,2017,6.315291889594758e-10,8.524191669889214e-08,-0.353642,-0.08027000000000001,PRK,842549
25508258,178,8908,2017,2.601906319253817e-08,1.6018123852475146e-07,-0.353642,-0.08027000000000001,PRK,842611
25514784,178,8909,2017,0.0,0.0,-0.353642,-0.08027000000000001,PRK,842612
25521310,178,8910,2017,0.0,5.445444225958809e-09,-0.353642,-0.08027000000000001,PRK,842619
25527836,178,8911,2017,0.0,3.970335363117977e-08,-0.353642,-0.08027000000000001,PRK,842620
25534362,178,8912,2017,0.0,0.0,-0.353642,-0.08027000000000001,PRK,842630
25540888,178,8913,2017,8.00472338117301e-09,3.139068250328732e-08,-0.353642,-0.08027000000000001,PRK,842641
25547414,178,8914,2017,0.0,2.27369668161428e-08,-0.353642,-0.08027000000000001,PRK,842649
25553940,178,8915,2017,0.0,4.971627606029977e-08,-0.353642,-0.08027000000000001,PRK,842691
25560466,178,8916,2017,0.0,2.3730602956704243e-09,-0.353642,-0.08027000000000001,PRK,842699
25566992,178,8917,2017,1.0132710075372256e-07,5.62634035855335e-08,-0.353642,-0.08027000000000001,PRK,842710
25573518,178,8918,2017,1.0411625365928063e-07,2.9584372641359417e-07,-0.353642,-0.08027000000000001,PRK,842720
25580044,178,8919,2017,4.557374027236831e-09,2.4279787441330762e-08,-0.353642,-0.08027000000000001,PRK,842790
25586570,178,8920,2017,5.963920443050366e-08,9.49741153751584e-07,-0.353642,-0.08027000000000001,PRK,842810
25593096,178,8921,2017,0.0,1.4495885216723093e-08,-0.353642,-0.08027000000000001,PRK,842820
25599622,178,8922,2017,0.0,4.4998658707147135e-09,-0.353642,-0.08027000000000001,PRK,842831
25606148,178,8923,2017,0.0,4.769155184992957e-08,-0.353642,-0.08027000000000001,PRK,842832
25612674,178,8924,2017,0.0,4.591364579628922e-07,-0.353642,-0.08027000000000001,PRK,842833
25619200,178,8925,2017,3.551957739746548e-08,1.711636024852731e-07,-0.353642,-0.08027000000000001,PRK,842839
25625726,178,8926,2017,0.0,9.172872341772756e-08,-0.353642,-0.08027000000000001,PRK,842840
25632252,178,8927,2017,0.0,0.0,-0.353642,-0.08027000000000001,PRK,842850
25638778,178,8928,2017,0.0,3.3139985888838786e-09,-0.353642,-0.08027000000000001,PRK,842860
25645304,178,8929,2017,2.3718678726938227e-07,1.5011031532024843e-07,-0.353642,-0.08027000000000001,PRK,842890
25651830,178,8930,2017,0.0,9.559986088329049e-08,-0.353642,-0.08027000000000001,PRK,842911
25658356,178,8931,2017,5.668762367212299e-08,0.0,-0.353642,-0.08027000000000001,PRK,842919
25664882,178,8932,2017,0.0,3.486675183024143e-10,-0.353642,-0.08027000000000001,PRK,842920
25671408,178,8933,2017,0.0,8.228586575237196e-08,-0.353642,-0.08027000000000001,PRK,842930
25677934,178,8934,2017,1.3603635710930818e-08,9.966256662411842e-08,-0.353642,-0.08027000000000001,PRK,842940
25684460,178,8935,2017,1.1472861075974168e-07,1.4412019409849288e-06,-0.353642,-0.08027000000000001,PRK,842951
25690986,178,8936,2017,3.8243062176705164e-07,6.130042292289529e-06,-0.353642,-0.08027000000000001,PRK,842952
25697512,178,8937,2017,4.149210409241914e-07,2.5832219623582198e-08,-0.353642,-0.08027000000000001,PRK,842959
25704038,178,8938,2017,0.0,0.0,-0.353642,-0.08027000000000001,PRK,843010
25710564,178,8939,2017,0.0,6.201442903951021e-09,-0.353642,-0.08027000000000001,PRK,843020
25717090,178,8940,2017,0.0,6.290929814541944e-09,-0.353642,-0.08027000000000001,PRK,843031
25723616,178,8941,2017,0.0,7.622959050337955e-10,-0.353642,-0.08027000000000001,PRK,843039
25730142,178,8942,2017,0.0,1.0364804847543642e-07,-0.353642,-0.08027000000000001,PRK,843041
25736668,178,8943,2017,0.0,3.134925337801375e-08,-0.353642,-0.08027000000000001,PRK,843049
25743194,178,8944,2017,0.0,1.8890686825744018e-08,-0.353642,-0.08027000000000001,PRK,843050
25749720,178,8945,2017,1.8121614923117393e-09,0.0,-0.353642,-0.08027000000000001,PRK,843061
25756246,178,8946,2017,0.0,0.0,-0.353642,-0.08027000000000001,PRK,843062
25762772,178,8947,2017,7.15803789463137e-09,1.564032337328035e-09,-0.353642,-0.08027000000000001,PRK,843069
25769298,178,8948,2017,0.0,7.652788020534929e-10,-0.353642,-0.08027000000000001,PRK,843110
25775824,178,8949,2017,8.021390418309656e-10,9.713638428143686e-09,-0.353642,-0.08027000000000001,PRK,843120
25782350,178,8950,2017,6.481962260961222e-10,5.588324993202317e-08,-0.353642,-0.08027000000000001,PRK,843131
25788876,178,8951,2017,4.870108251328087e-09,9.634757373622798e-08,-0.353642,-0.08027000000000001,PRK,843139
25795402,178,8952,2017,9.208083462438882e-09,8.452668428016914e-08,-0.353642,-0.08027000000000001,PRK,843141
25801928,178,8953,2017,1.7639786031348887e-08,1.1915016428680413e-09,-0.353642,-0.08027000000000001,PRK,843142
25808454,178,8954,2017,3.066643922031289e-08,9.82960683560948e-08,-0.353642,-0.08027000000000001,PRK,843143
25814980,178,8955,2017,2.54621417225431e-07,4.42236357748293e-07,-0.353642,-0.08027000000000001,PRK,843149
25821506,178,8956,2017,0.0,3.2324660703454817e-09,-0.353642,-0.08027000000000001,PRK,843210
25828032,178,8957,2017,0.0,0.0,-0.353642,-0.08027000000000001,PRK,843221
25834558,178,8958,2017,0.0,1.921648546689542e-09,-0.353642,-0.08027000000000001,PRK,843229
25841084,178,8959,2017,0.0,1.1758314905245639e-07,-0.353642,-0.08027000000000001,PRK,843230
25847610,178,8960,2017,0.0,9.942990065658202e-10,-0.353642,-0.08027000000000001,PRK,843240
25854136,178,8961,2017,0.0,1.524591810067591e-09,-0.353642,-0.08027000000000001,PRK,843280
25860662,178,8962,2017,0.0,1.872596462365628e-08,-0.353642,-0.08027000000000001,PRK,843290
25867188,178,8963,2017,0.0,9.558527783119419e-09,-0.353642,-0.08027000000000001,PRK,843311
25873714,178,8964,2017,0.0,4.894271143319155e-09,-0.353642,-0.08027000000000001,PRK,843319
25880240,178,8965,2017,0.0,6.164653840708085e-10,-0.353642,-0.08027000000000001,PRK,843320
25886766,178,8966,2017,0.0,2.075102026702867e-09,-0.353642,-0.08027000000000001,PRK,843330
25893292,178,8967,2017,0.0,5.336071335236569e-10,-0.353642,-0.08027000000000001,PRK,843340
25899818,178,8968,2017,0.0,5.2583171529231215e-08,-0.353642,-0.08027000000000001,PRK,843351
25906344,178,8969,2017,0.0,2.098219478605522e-07,-0.353642,-0.08027000000000001,PRK,843352
25912870,178,8970,2017,0.0,3.273563762616869e-09,-0.353642,-0.08027000000000001,PRK,843353
25919396,178,8971,2017,0.0,1.2422572928232044e-07,-0.353642,-0.08027000000000001,PRK,843359
25925922,178,8972,2017,0.0,1.4662596016823962e-09,-0.353642,-0.08027000000000001,PRK,843360
25932448,178,8973,2017,0.0,1.7092132496067325e-07,-0.353642,-0.08027000000000001,PRK,843390
25938974,178,8974,2017,0.0,0.0,-0.353642,-0.08027000000000001,PRK,843410
25945500,178,8975,2017,0.0,9.833617174935962e-09,-0.353642,-0.08027000000000001,PRK,843420
25952026,178,8976,2017,0.0,0.0,-0.353642,-0.08027000000000001,PRK,843490
25958552,178,8977,2017,0.0,1.2236506440803361e-09,-0.353642,-0.08027000000000001,PRK,843510
25965078,178,8978,2017,0.0,0.0,-0.353642,-0.08027000000000001,PRK,843590
25971604,178,8979,2017,0.0,6.917934768082351e-08,-0.353642,-0.08027000000000001,PRK,843610
25978130,178,8980,2017,0.0,2.097639470851692e-09,-0.353642,-0.08027000000000001,PRK,843621
25984656,178,8981,2017,7.84047730611733e-09,1.1002183654052552e-07,-0.353642,-0.08027000000000001,PRK,843629
25991182,178,8982,2017,0.0,5.978753069780495e-08,-0.353642,-0.08027000000000001,PRK,843680
25997708,178,8983,2017,0.0,2.697864637815259e-09,-0.353642,-0.08027000000000001,PRK,843691
26004234,178,8984,2017,0.0,8.189709484080473e-10,-0.353642,-0.08027000000000001,PRK,843699
26010760,178,8985,2017,1.4197285270034279e-09,3.5458028306145905e-08,-0.353642,-0.08027000000000001,PRK,843710
26017286,178,8986,2017,0.0,2.2884852221719357e-07,-0.353642,-0.08027000000000001,PRK,843780
26023812,178,8987,2017,3.5667459472423364e-09,2.5015568706189472e-08,-0.353642,-0.08027000000000001,PRK,843790
26030338,178,8988,2017,0.0,2.2829337193852763e-07,-0.353642,-0.08027000000000001,PRK,843810
26036864,178,8989,2017,0.0,3.757058226209608e-08,-0.353642,-0.08027000000000001,PRK,843820
26043390,178,8990,2017,0.0,3.275883793632189e-09,-0.353642,-0.08027000000000001,PRK,843830
26049916,178,8991,2017,0.0,1.4853899145687226e-07,-0.353642,-0.08027000000000001,PRK,843840
26056442,178,8992,2017,0.0,8.211849208626671e-08,-0.353642,-0.08027000000000001,PRK,843850
26062968,178,8993,2017,0.0,3.5901353089873386e-07,-0.353642,-0.08027000000000001,PRK,843860
26069494,178,8994,2017,3.361862605277124e-08,3.1388992194976157e-07,-0.353642,-0.08027000000000001,PRK,843880
26076020,178,8995,2017,0.0,2.644503924462893e-09,-0.353642,-0.08027000000000001,PRK,843890
26082546,178,8996,2017,0.0,1.8691164158426477e-07,-0.353642,-0.08027000000000001,PRK,843910
26089072,178,8997,2017,0.0,1.6004999105588475e-07,-0.353642,-0.08027000000000001,PRK,843920
26095598,178,8998,2017,0.0,4.571786832189641e-09,-0.353642,-0.08027000000000001,PRK,843930
26102124,178,8999,2017,0.0,0.0,-0.353642,-0.08027000000000001,PRK,843991
26108650,178,9000,2017,5.500122255093322e-09,4.249435094261002e-08,-0.353642,-0.08027000000000001,PRK,843999
26115176,178,9001,2017,0.0,1.8129716652718976e-07,-0.353642,-0.08027000000000001,PRK,844010
26121702,178,9002,2017,0.0,6.732398573457169e-09,-0.353642,-0.08027000000000001,PRK,844090
26128228,178,9003,2017,1.1924507478673402e-09,4.161406488879708e-08,-0.353642,-0.08027000000000001,PRK,844110
26134754,178,9004,2017,0.0,4.971495032829101e-10,-0.353642,-0.08027000000000001,PRK,844120
26141280,178,9005,2017,0.0,5.971262683931033e-08,-0.353642,-0.08027000000000001,PRK,844130
26147806,178,9006,2017,0.0,7.096312009860259e-09,-0.353642,-0.08027000000000001,PRK,844140
26154332,178,9007,2017,5.502546551404107e-08,2.682704892295152e-07,-0.353642,-0.08027000000000001,PRK,844180
26160858,178,9008,2017,8.742618570768174e-10,2.1739684912557282e-08,-0.353642,-0.08027000000000001,PRK,844190
26167384,178,9009,2017,0.0,0.0,-0.353642,-0.08027000000000001,PRK,844210
26173910,178,9010,2017,0.0,0.0,-0.353642,-0.08027000000000001,PRK,844220
26180436,178,9011,2017,0.0,4.66200289538538e-08,-0.353642,-0.08027000000000001,PRK,844230
26186962,178,9012,2017,0.0,0.0,-0.353642,-0.08027000000000001,PRK,844240
26193488,178,9013,2017,0.0,8.960456930670077e-08,-0.353642,-0.08027000000000001,PRK,844250
26200014,178,9014,2017,0.0,9.57158624340565e-08,-0.353642,-0.08027000000000001,PRK,844311
26206540,178,9015,2017,4.809197806519616e-10,0.0,-0.353642,-0.08027000000000001,PRK,844312
26213066,178,9016,2017,0.0,1.5252944480322308e-07,-0.353642,-0.08027000000000001,PRK,844319
26219592,178,9017,2017,0.0,7.389497643596301e-08,-0.353642,-0.08027000000000001,PRK,844321
26226118,178,9018,2017,0.0,5.302928035017708e-10,-0.353642,-0.08027000000000001,PRK,844329
26232644,178,9019,2017,0.0,0.0,-0.353642,-0.08027000000000001,PRK,844330
26239170,178,9020,2017,0.0,1.2823772577381353e-07,-0.353642,-0.08027000000000001,PRK,844340
26245696,178,9021,2017,4.1014548022898386e-08,8.313333993896824e-09,-0.353642,-0.08027000000000001,PRK,844350
26252222,178,9022,2017,0.0,0.0,-0.353642,-0.08027000000000001,PRK,844360
26258748,178,9023,2017,1.1531771476326242e-08,1.6679332691841416e-07,-0.353642,-0.08027000000000001,PRK,844390
26265274,178,9024,2017,0.0,1.1654841521962357e-08,-0.353642,-0.08027000000000001,PRK,844400
26271800,178,9025,2017,0.0,9.942990065658202e-10,-0.353642,-0.08027000000000001,PRK,844511
26278326,178,9026,2017,0.0,0.0,-0.353642,-0.08027000000000001,PRK,844512
26284852,178,9027,2017,0.0,0.0,-0.353642,-0.08027000000000001,PRK,844513
26291378,178,9028,2017,0.0,1.669928495857317e-07,-0.353642,-0.08027000000000001,PRK,844519
26297904,178,9029,2017,0.0,7.573575533011853e-09,-0.353642,-0.08027000000000001,PRK,844520
26304430,178,9030,2017,1.8567079370224124e-08,5.080867923551341e-09,-0.353642,-0.08027000000000001,PRK,844530
26310956,178,9031,2017,0.0,1.2485412625447004e-08,-0.353642,-0.08027000000000001,PRK,844540
26317482,178,9032,2017,0.0,7.63820496843863e-09,-0.353642,-0.08027000000000001,PRK,844590
26324008,178,9033,2017,0.0,9.594985413360166e-10,-0.353642,-0.08027000000000001,PRK,844610
26330534,178,9034,2017,0.0,0.0,-0.353642,-0.08027000000000001,PRK,844621
26337060,178,9035,2017,0.0,0.0,-0.353642,-0.08027000000000001,PRK,844629
26343586,178,9036,2017,0.0,3.8881366642451805e-07,-0.353642,-0.08027000000000001,PRK,844630
26350112,178,9037,2017,0.0,2.440440625015368e-08,-0.353642,-0.08027000000000001,PRK,844711
26356638,178,9038,2017,2.756576423881896e-08,7.474477065357459e-09,-0.353642,-0.08027000000000001,PRK,844712
26363164,178,9039,2017,9.734670924845255e-08,5.925458643028568e-08,-0.353642,-0.08027000000000001,PRK,844720
26369690,178,9040,2017,5.016838785538346e-08,9.270744507319051e-08,-0.353642,-0.08027000000000001,PRK,844790
26376216,178,9041,2017,0.0,0.0,-0.353642,-0.08027000000000001,PRK,844811
26382742,178,9042,2017,3.1364333520780104e-10,1.1547125796251058e-09,-0.353642,-0.08027000000000001,PRK,844819
26389268,178,9043,2017,0.0,0.0,-0.353642,-0.08027000000000001,PRK,844820
26395794,178,9044,2017,0.0,3.5642305055362768e-09,-0.353642,-0.08027000000000001,PRK,844831
26402320,178,9045,2017,2.6570287566202895e-09,5.0967435643561755e-08,-0.353642,-0.08027000000000001,PRK,844832
26408846,178,9046,2017,0.0,0.0,-0.353642,-0.08027000000000001,PRK,844833
26415372,178,9047,2017,0.0,9.531681709942142e-09,-0.353642,-0.08027000000000001,PRK,844839
26421898,178,9048,2017,0.0,0.0,-0.353642,-0.08027000000000001,PRK,844841
26428424,178,9049,2017,3.1203723890190603e-09,0.0,-0.353642,-0.08027000000000001,PRK,844842
26434950,178,9050,2017,0.0,1.918997082672033e-09,-0.353642,-0.08027000000000001,PRK,844849
26441476,178,9051,2017,1.1275402141460735e-08,1.0330435245216684e-08,-0.353642,-0.08027000000000001,PRK,844851
26448002,178,9052,2017,2.8536997948327174e-09,2.023199618560131e-08,-0.353642,-0.08027000000000001,PRK,844859
26454528,178,9053,2017,0.0,0.0,-0.353642,-0.08027000000000001,PRK,844900
26461054,178,9054,2017,1.0493263544193745e-08,2.476868426285918e-07,-0.353642,-0.08027000000000001,PRK,845011
26467580,178,9055,2017,0.0,2.9364765134109243e-07,-0.353642,-0.08027000000000001,PRK,845012
26474106,178,9056,2017,0.0,6.299812219000599e-08,-0.353642,-0.08027000000000001,PRK,845019
26480632,178,9057,2017,3.4875623689913235e-08,3.2600180958174205e-07,-0.353642,-0.08027000000000001,PRK,845020
26487158,178,9058,2017,4.939503733224306e-10,3.688849314359193e-10,-0.353642,-0.08027000000000001,PRK,845090
26493684,178,9059,2017,0.0,1.206316698065872e-08,-0.353642,-0.08027000000000001,PRK,845110
26500210,178,9060,2017,2.6807868604659818e-08,2.276281859031351e-09,-0.353642,-0.08027000000000001,PRK,845121
26506736,178,9061,2017,5.1673875864380905e-09,9.358673682799689e-09,-0.353642,-0.08027000000000001,PRK,845129
26513262,178,9062,2017,0.0,9.198657829343028e-08,-0.353642,-0.08027000000000001,PRK,845130
26519788,178,9063,2017,1.743978158570913e-09,2.7711776178993786e-08,-0.353642,-0.08027000000000001,PRK,845140
26526314,178,9064,2017,8.162666285820647e-08,4.7608693599382415e-08,-0.353642,-0.08027000000000001,PRK,845150
26532840,178,9065,2017,1.2873013410268008e-08,6.741546124317574e-08,-0.353642,-0.08027000000000001,PRK,845180
26539366,178,9066,2017,2.9909755734309143e-09,2.1914681537712866e-08,-0.353642,-0.08027000000000001,PRK,845190
26545892,178,9067,2017,0.0,5.7185450197622207e-08,-0.353642,-0.08027000000000001,PRK,845210
26552418,178,9068,2017,0.0,2.1642647958176503e-06,-0.353642,-0.08027000000000001,PRK,845221
26558944,178,9069,2017,1.73879622520661e-08,2.0771933689466768e-07,-0.353642,-0.08027000000000001,PRK,845229
26565470,178,9070,2017,4.079575528085005e-08,9.960556014774198e-09,-0.353642,-0.08027000000000001,PRK,845230
26571996,178,9071,2017,0.0,0.0,-0.353642,-0.08027000000000001,PRK,845240
26578522,178,9072,2017,8.415641605851056e-09,6.834281078329947e-08,-0.353642,-0.08027000000000001,PRK,845290
26585048,178,9073,2017,1.2020873257027103e-08,1.1666441677038957e-09,-0.353642,-0.08027000000000001,PRK,845310
26591574,178,9074,2017,0.0,7.387906765185795e-08,-0.353642,-0.08027000000000001,PRK,845320
26598100,178,9075,2017,0.0,5.6343610372063146e-09,-0.353642,-0.08027000000000001,PRK,845380
26604626,178,9076,2017,0.0,0.0,-0.353642,-0.08027000000000001,PRK,845390
26611152,178,9077,2017,0.0,7.904875961999583e-08,-0.353642,-0.08027000000000001,PRK,845410
26617678,178,9078,2017,0.0,8.153251853839726e-10,-0.353642,-0.08027000000000001,PRK,845420
26624204,178,9079,2017,0.0,3.7772424960428946e-08,-0.353642,-0.08027000000000001,PRK,845430
26630730,178,9080,2017,0.0,2.0197527153373693e-08,-0.353642,-0.08027000000000001,PRK,845490
26637256,178,9081,2017,0.0,0.0,-0.353642,-0.08027000000000001,PRK,845510
26643782,178,9082,2017,0.0,2.9657619334843097e-08,-0.353642,-0.08027000000000001,PRK,845521
26650308,178,9083,2017,1.7851911958542569e-09,0.0,-0.353642,-0.08027000000000001,PRK,845522
26656834,178,9084,2017,0.0,1.997513560890514e-08,-0.353642,-0.08027000000000001,PRK,845530
26663360,178,9085,2017,1.8703446037705776e-08,4.697068507016934e-09,-0.353642,-0.08027000000000001,PRK,845590
26669886,178,9086,2017,0.0,3.84893145441629e-09,-0.353642,-0.08027000000000001,PRK,845610
26676412,178,9087,2017,0.0,0.0,-0.353642,-0.08027000000000001,PRK,845620
26682938,178,9088,2017,0.0,0.0,-0.353642,-0.08027000000000001,PRK,845630
26689464,178,9089,2017,0.0,1.5192888820325732e-09,-0.353642,-0.08027000000000001,PRK,845690
26695990,178,9090,2017,1.4888512755646834e-08,0.0,-0.353642,-0.08027000000000001,PRK,845710
26702516,178,9091,2017,0.0,0.0,-0.353642,-0.08027000000000001,PRK,845720
26709042,178,9092,2017,0.0,1.17990148779144e-09,-0.353642,-0.08027000000000001,PRK,845730
26715568,178,9093,2017,3.7511439853814156e-08,0.0,-0.353642,-0.08027000000000001,PRK,845811
26722094,178,9094,2017,3.293103501162487e-09,1.9388830628033492e-09,-0.353642,-0.08027000000000001,PRK,845819
26728620,178,9095,2017,0.0,0.0,-0.353642,-0.08027000000000001,PRK,845891
26735146,178,9096,2017,1.6447638320520394e-08,2.8599353758854875e-09,-0.353642,-0.08027000000000001,PRK,845899
26741672,178,9097,2017,0.0,0.0,-0.353642,-0.08027000000000001,PRK,845910
26748198,178,9098,2017,0.0,0.0,-0.353642,-0.08027000000000001,PRK,845921
26754724,178,9099,2017,2.500358607535813e-09,5.472953165140463e-09,-0.353642,-0.08027000000000001,PRK,845929
26761250,178,9100,2017,0.0,0.0,-0.353642,-0.08027000000000001,PRK,845931
26767776,178,9101,2017,0.0,0.0,-0.353642,-0.08027000000000001,PRK,845939
26774302,178,9102,2017,0.0,6.625345713750249e-09,-0.353642,-0.08027000000000001,PRK,845940
26780828,178,9103,2017,0.0,0.0,-0.353642,-0.08027000000000001,PRK,845951
26787354,178,9104,2017,0.0,0.0,-0.353642,-0.08027000000000001,PRK,845959
26793880,178,9105,2017,0.0,0.0,-0.353642,-0.08027000000000001,PRK,845961
26800406,178,9106,2017,0.0,1.9607576409477976e-09,-0.353642,-0.08027000000000001,PRK,845969
26806932,178,9107,2017,0.0,0.0,-0.353642,-0.08027000000000001,PRK,845970
26813458,178,9108,2017,0.0,0.0,-0.353642,-0.08027000000000001,PRK,846011
26819984,178,9109,2017,2.786607394431744e-08,0.0,-0.353642,-0.08027000000000001,PRK,846019
26826510,178,9110,2017,0.0,2.8934101091065367e-09,-0.353642,-0.08027000000000001,PRK,846021
26833036,178,9111,2017,0.0,4.4932703539711604e-08,-0.353642,-0.08027000000000001,PRK,846029
26839562,178,9112,2017,0.0,1.1931588078789843e-09,-0.353642,-0.08027000000000001,PRK,846031
26846088,178,9113,2017,0.0,2.4807760213817215e-09,-0.353642,-0.08027000000000001,PRK,846039
26852614,178,9114,2017,0.0,2.9630110395661444e-09,-0.353642,-0.08027000000000001,PRK,846040
26859140,178,9115,2017,0.0,4.868419369148444e-09,-0.353642,-0.08027000000000001,PRK,846090
26865666,178,9116,2017,0.0,0.0,-0.353642,-0.08027000000000001,PRK,846110
26872192,178,9117,2017,0.0,0.0,-0.353642,-0.08027000000000001,PRK,846120
26878718,178,9118,2017,0.0,0.0,-0.353642,-0.08027000000000001,PRK,846130
26885244,178,9119,2017,0.0,2.0936622748254288e-09,-0.353642,-0.08027000000000001,PRK,846140
26891770,178,9120,2017,0.0,2.912832083034789e-08,-0.353642,-0.08027000000000001,PRK,846150
26898296,178,9121,2017,2.305445184148704e-08,1.5733124613893162e-09,-0.353642,-0.08027000000000001,PRK,846190
26904822,178,9122,2017,1.6776433507670602e-07,5.153451751030646e-09,-0.353642,-0.08027000000000001,PRK,846210
26911348,178,9123,2017,0.0,8.948691059092381e-10,-0.353642,-0.08027000000000001,PRK,846221
26917874,178,9124,2017,3.5257147321823015e-08,3.382108070833637e-08,-0.353642,-0.08027000000000001,PRK,846229
26924400,178,9125,2017,1.941618915307655e-08,3.3143300218860675e-09,-0.353642,-0.08027000000000001,PRK,846231
26930926,178,9126,2017,0.0,2.9522394669950146e-08,-0.353642,-0.08027000000000001,PRK,846239
26937452,178,9127,2017,0.0,0.0,-0.353642,-0.08027000000000001,PRK,846241
26943978,178,9128,2017,0.0,6.363513642021249e-10,-0.353642,-0.08027000000000001,PRK,846249
26950504,178,9129,2017,0.0,2.044000353777488e-07,-0.353642,-0.08027000000000001,PRK,846291
26957030,178,9130,2017,4.027362246291474e-10,4.854797472758493e-08,-0.353642,-0.08027000000000001,PRK,846299
26963556,178,9131,2017,0.0,2.5747041342019727e-08,-0.353642,-0.08027000000000001,PRK,846310
26970082,178,9132,2017,0.0,0.0,-0.353642,-0.08027000000000001,PRK,846320
26976608,178,9133,2017,0.0,7.6478165255021e-09,-0.353642,-0.08027000000000001,PRK,846330
26983134,178,9134,2017,0.0,1.6405933608336034e-09,-0.353642,-0.08027000000000001,PRK,846390
26989660,178,9135,2017,0.0,6.58457945448105e-08,-0.353642,-0.08027000000000001,PRK,846410
26996186,178,9136,2017,0.0,8.452502711515818e-08,-0.353642,-0.08027000000000001,PRK,846420
27002712,178,9137,2017,8.585342347606002e-09,2.5702629319726452e-08,-0.353642,-0.08027000000000001,PRK,846490
27009238,178,9138,2017,0.0,2.9939337386703415e-08,-0.353642,-0.08027000000000001,PRK,846510
27015764,178,9139,2017,0.0,1.0468974240131521e-07,-0.353642,-0.08027000000000001,PRK,846591
27022290,178,9140,2017,0.0,2.03753741023481e-07,-0.353642,-0.08027000000000001,PRK,846592
27028816,178,9141,2017,0.0,2.7227221129794042e-08,-0.353642,-0.08027000000000001,PRK,846593
27035342,178,9142,2017,0.0,2.3518485835303533e-09,-0.353642,-0.08027000000000001,PRK,846594
27041868,178,9143,2017,0.0,2.079808375333945e-08,-0.353642,-0.08027000000000001,PRK,846595
27048394,178,9144,2017,0.0,1.1021870774382554e-07,-0.353642,-0.08027000000000001,PRK,846596
27054920,178,9145,2017,0.0,7.661305848691177e-08,-0.353642,-0.08027000000000001,PRK,846599
27061446,178,9146,2017,1.8391317887692218e-09,4.253611150088579e-09,-0.353642,-0.08027000000000001,PRK,846610
27067972,178,9147,2017,7.59410819353381e-10,4.617524586491669e-09,-0.353642,-0.08027000000000001,PRK,846620
27074498,178,9148,2017,0.0,0.0,-0.353642,-0.08027000000000001,PRK,846630
27081024,178,9149,2017,0.0,4.946306124662767e-09,-0.353642,-0.08027000000000001,PRK,846691
27087550,178,9150,2017,0.0,1.5610494403083377e-09,-0.353642,-0.08027000000000001,PRK,846692
27094076,178,9151,2017,9.88503790352169e-08,5.936296502200135e-09,-0.353642,-0.08027000000000001,PRK,846693
27100602,178,9152,2017,6.512265964846033e-09,1.531949622716178e-08,-0.353642,-0.08027000000000001,PRK,846694
27107128,178,9153,2017,1.279725415055598e-09,2.0413754044001543e-07,-0.353642,-0.08027000000000001,PRK,846711
27113654,178,9154,2017,5.345573365280783e-10,1.1637739579049424e-07,-0.353642,-0.08027000000000001,PRK,846719
27120180,178,9155,2017,0.0,5.765575362772784e-08,-0.353642,-0.08027000000000001,PRK,846781
27126706,178,9156,2017,0.0,7.2696514700049e-09,-0.353642,-0.08027000000000001,PRK,846789
27133232,178,9157,2017,0.0,3.498606771102933e-09,-0.353642,-0.08027000000000001,PRK,846791
27139758,178,9158,2017,3.404924168497442e-09,2.2084971814237372e-07,-0.353642,-0.08027000000000001,PRK,846792
27146284,178,9159,2017,8.112301529964091e-10,4.993170751172236e-08,-0.353642,-0.08027000000000001,PRK,846799
27152810,178,9160,2017,0.0,0.0,-0.353642,-0.08027000000000001,PRK,846810
27159336,178,9161,2017,0.0,0.0,-0.353642,-0.08027000000000001,PRK,846820
27165862,178,9162,2017,1.2554824519477486e-09,9.560184948130361e-09,-0.353642,-0.08027000000000001,PRK,846880
27172388,178,9163,2017,5.245571142460904e-10,0.0,-0.353642,-0.08027000000000001,PRK,846890
27178914,178,9164,2017,0.0,0.0,-0.353642,-0.08027000000000001,PRK,846910
27185440,178,9165,2017,0.0,0.0,-0.353642,-0.08027000000000001,PRK,846921
27191966,178,9166,2017,0.0,0.0,-0.353642,-0.08027000000000001,PRK,846929
27198492,178,9167,2017,0.0,0.0,-0.353642,-0.08027000000000001,PRK,846931
27205018,178,9168,2017,0.0,0.0,-0.353642,-0.08027000000000001,PRK,846939
27211544,178,9169,2017,0.0,4.835494814711028e-07,-0.353642,-0.08027000000000001,PRK,847010
27218070,178,9170,2017,0.0,0.0,-0.353642,-0.08027000000000001,PRK,847021
27224596,178,9171,2017,0.0,1.1440072936544138e-08,-0.353642,-0.08027000000000001,PRK,847029
27231122,178,9172,2017,0.0,0.0,-0.353642,-0.08027000000000001,PRK,847030
27237648,178,9173,2017,0.0,0.0,-0.353642,-0.08027000000000001,PRK,847040
27244174,178,9174,2017,2.283384087720561e-09,2.532711572824676e-08,-0.353642,-0.08027000000000001,PRK,847050
27250700,178,9175,2017,0.0,0.0,-0.353642,-0.08027000000000001,PRK,847090
27257226,178,9176,2017,0.0,0.0,-0.353642,-0.08027000000000001,PRK,847110
27263752,178,9177,2017,1.0855998879694942e-08,4.3144191630001226e-07,-0.353642,-0.08027000000000001,PRK,847120
27270278,178,9178,2017,4.127970543189049e-09,2.060638290487356e-07,-0.353642,-0.08027000000000001,PRK,847191
27276804,178,9179,2017,4.011604320271372e-09,0.0,-0.353642,-0.08027000000000001,PRK,847192
27283330,178,9180,2017,2.0819341554054984e-07,9.981848596566804e-06,-0.353642,-0.08027000000000001,PRK,847193
27289856,178,9181,2017,2.388143992050355e-08,1.2322178557539094e-06,-0.353642,-0.08027000000000001,PRK,847199
27296382,178,9182,2017,0.0,0.0,-0.353642,-0.08027000000000001,PRK,847210
27302908,178,9183,2017,0.0,0.0,-0.353642,-0.08027000000000001,PRK,847220
27309434,178,9184,2017,1.1163884511164629e-09,0.0,-0.353642,-0.08027000000000001,PRK,847230
27315960,178,9185,2017,1.564059007866009e-07,7.090180499319769e-08,-0.353642,-0.08027000000000001,PRK,847290
27322486,178,9186,2017,0.0,0.0,-0.353642,-0.08027000000000001,PRK,847310
27329012,178,9187,2017,0.0,0.0,-0.353642,-0.08027000000000001,PRK,847321
27335538,178,9188,2017,0.0,0.0,-0.353642,-0.08027000000000001,PRK,847329
27342064,178,9189,2017,1.8867873934984766e-07,1.420675632293384e-06,-0.353642,-0.08027000000000001,PRK,847330
27348590,178,9190,2017,7.106824635066039e-09,0.0,-0.353642,-0.08027000000000001,PRK,847340
27355116,178,9191,2017,0.0,7.865587893920146e-07,-0.353642,-0.08027000000000001,PRK,847410
27361642,178,9192,2017,1.0960243621058693e-08,8.813519423479781e-07,-0.353642,-0.08027000000000001,PRK,847420
27368168,178,9193,2017,0.0,1.0394368671338865e-07,-0.353642,-0.08027000000000001,PRK,847431
27374694,178,9194,2017,0.0,0.0,-0.353642,-0.08027000000000001,PRK,847432
27381220,178,9195,2017,0.0,6.6238542652404e-08,-0.353642,-0.08027000000000001,PRK,847439
27387746,178,9196,2017,0.0,2.0431585139519289e-07,-0.353642,-0.08027000000000001,PRK,847480
27394272,178,9197,2017,2.1724270759463233e-07,5.252974452927841e-07,-0.353642,-0.08027000000000001,PRK,847490
27400798,178,9198,2017,0.0,0.0,-0.353642,-0.08027000000000001,PRK,847510
27407324,178,9199,2017,0.0,8.617258056903776e-10,-0.353642,-0.08027000000000001,PRK,847520
27413850,178,9200,2017,0.0,0.0,-0.353642,-0.08027000000000001,PRK,847590
27420376,178,9201,2017,0.0,9.86013181511105e-10,-0.353642,-0.08027000000000001,PRK,847611
27426902,178,9202,2017,0.0,0.0,-0.353642,-0.08027000000000001,PRK,847619
27433428,178,9203,2017,0.0,0.0,-0.353642,-0.08027000000000001,PRK,847690
27439954,178,9204,2017,2.2791415691766877e-08,3.997990132820594e-07,-0.353642,-0.08027000000000001,PRK,847710
27446480,178,9205,2017,0.0,1.1882569137766147e-07,-0.353642,-0.08027000000000001,PRK,847720
27453006,178,9206,2017,1.932406589326672e-08,3.1250287483560226e-07,-0.353642,-0.08027000000000001,PRK,847730
27459532,178,9207,2017,0.0,8.556108667999977e-08,-0.353642,-0.08027000000000001,PRK,847740
27466058,178,9208,2017,0.0,0.0,-0.353642,-0.08027000000000001,PRK,847751
27472584,178,9209,2017,0.0,4.324736672358254e-08,-0.353642,-0.08027000000000001,PRK,847759
27479110,178,9210,2017,0.0,3.6577642130839233e-07,-0.353642,-0.08027000000000001,PRK,847780
27485636,178,9211,2017,1.0739632656777265e-08,4.302663234412493e-09,-0.353642,-0.08027000000000001,PRK,847790
27492162,178,9212,2017,0.0,2.809368642741572e-07,-0.353642,-0.08027000000000001,PRK,847810
27498688,178,9213,2017,0.0,1.3873785471615078e-09,-0.353642,-0.08027000000000001,PRK,847890
27505214,178,9214,2017,0.0,5.6935549713972e-08,-0.353642,-0.08027000000000001,PRK,847910
27511740,178,9215,2017,0.0,1.189499787534822e-07,-0.353642,-0.08027000000000001,PRK,847920
27518266,178,9216,2017,0.0,1.6353567193990235e-08,-0.353642,-0.08027000000000001,PRK,847930
27524792,178,9217,2017,0.0,3.496386169988269e-08,-0.353642,-0.08027000000000001,PRK,847940
27531318,178,9218,2017,0.0,2.61026689533681e-08,-0.353642,-0.08027000000000001,PRK,847981
27537844,178,9219,2017,2.4233871996683913e-09,1.731979382527068e-07,-0.353642,-0.08027000000000001,PRK,847982
27544370,178,9220,2017,2.390780414288334e-07,5.9639280715926e-07,-0.353642,-0.08027000000000001,PRK,847989
27550896,178,9221,2017,5.0334149115633375e-08,1.642084809343452e-08,-0.353642,-0.08027000000000001,PRK,847990
27557422,178,9222,2017,0.0,0.0,-0.353642,-0.08027000000000001,PRK,848010
27563948,178,9223,2017,0.0,2.075102026702867e-09,-0.353642,-0.08027000000000001,PRK,848020
27570474,178,9224,2017,4.3728244705783273e-10,9.858806083102297e-09,-0.353642,-0.08027000000000001,PRK,848030
27577000,178,9225,2017,0.0,4.957243413734991e-09,-0.353642,-0.08027000000000001,PRK,848041
27583526,178,9226,2017,1.4574869420439032e-08,4.6500050207061526e-10,-0.353642,-0.08027000000000001,PRK,848049
27590052,178,9227,2017,0.0,1.0685399990560681e-09,-0.353642,-0.08027000000000001,PRK,848050
27596578,178,9228,2017,8.167757308073295e-09,2.8355087636241873e-08,-0.353642,-0.08027000000000001,PRK,848060
27603104,178,9229,2017,1.2727555631620912e-09,1.2867389160469373e-07,-0.353642,-0.08027000000000001,PRK,848071
27609630,178,9230,2017,0.0,7.761464901952573e-08,-0.353642,-0.08027000000000001,PRK,848079
27616156,178,9231,2017,4.955867733322105e-09,1.696572394903259e-08,-0.353642,-0.08027000000000001,PRK,848110
27622682,178,9232,2017,1.8642838629936154e-08,5.826260745473518e-09,-0.353642,-0.08027000000000001,PRK,848120
27629208,178,9233,2017,2.3226273842513924e-08,8.123621743444064e-08,-0.353642,-0.08027000000000001,PRK,848130
27635734,178,9234,2017,1.6049750688512817e-08,6.466920738704095e-09,-0.353642,-0.08027000000000001,PRK,848140
27642260,178,9235,2017,1.2670039201647538e-07,8.473621622415276e-07,-0.353642,-0.08027000000000001,PRK,848180
27648786,178,9236,2017,4.226154543775839e-09,1.9428934021298316e-08,-0.353642,-0.08027000000000001,PRK,848190
27655312,178,9237,2017,4.317883855435164e-08,5.492570684540006e-07,-0.353642,-0.08027000000000001,PRK,848210
27661838,178,9238,2017,1.2869334540616391e-06,4.0455706546147906e-08,-0.353642,-0.08027000000000001,PRK,848220
27668364,178,9239,2017,4.191002247269457e-10,4.129423204168508e-08,-0.353642,-0.08027000000000001,PRK,848230
27674890,178,9240,2017,0.0,5.912764759044744e-10,-0.353642,-0.08027000000000001,PRK,848240
27681416,178,9241,2017,0.0,5.2169543142499833e-08,-0.353642,-0.08027000000000001,PRK,848250
27687942,178,9242,2017,6.002860702542348e-09,5.355625882365696e-09,-0.353642,-0.08027000000000001,PRK,848280
27694468,178,9243,2017,0.0,6.02545197978887e-10,-0.353642,-0.08027000000000001,PRK,848291
27700994,178,9244,2017,1.3936673416624899e-09,0.0,-0.353642,-0.08027000000000001,PRK,848299
27707520,178,9245,2017,4.476766174903232e-09,6.506990988668697e-08,-0.353642,-0.08027000000000001,PRK,848310
27714046,178,9246,2017,5.1989034384782945e-09,3.532744370328359e-09,-0.353642,-0.08027000000000001,PRK,848320
27720572,178,9247,2017,2.0018323749267757e-08,4.308960461454076e-09,-0.353642,-0.08027000000000001,PRK,848330
27727098,178,9248,2017,8.718527126179749e-08,8.183995579122741e-07,-0.353642,-0.08027000000000001,PRK,848340
27733624,178,9249,2017,2.563753956062839e-08,2.8156227834928708e-08,-0.353642,-0.08027000000000001,PRK,848350
27740150,178,9250,2017,6.167409814636876e-09,8.952005389114268e-09,-0.353642,-0.08027000000000001,PRK,848360
27746676,178,9251,2017,1.2426639852044732e-08,2.0356946427426415e-08,-0.353642,-0.08027000000000001,PRK,848390
27753202,178,9252,2017,9.618395613039232e-10,9.464069377495665e-09,-0.353642,-0.08027000000000001,PRK,848410
27759728,178,9253,2017,1.0633569693180424e-09,1.7360460654639221e-09,-0.353642,-0.08027000000000001,PRK,848490
27766254,178,9254,2017,0.0,2.9006022052540295e-08,-0.353642,-0.08027000000000001,PRK,848510
27772780,178,9255,2017,5.63885261147799e-07,3.6507345191075033e-09,-0.353642,-0.08027000000000001,PRK,848590
27779306,178,9256,2017,5.081628104444073e-09,8.557600116509826e-09,-0.353642,-0.08027000000000001,PRK,850110
27785832,178,9257,2017,2.1694421611136693e-09,8.295768044780826e-10,-0.353642,-0.08027000000000001,PRK,850120
27792358,178,9258,2017,2.3845984586958323e-09,2.569803565831612e-06,-0.353642,-0.08027000000000001,PRK,850131
27798884,178,9259,2017,0.0,1.2192856714415121e-07,-0.353642,-0.08027000000000001,PRK,850132
27805410,178,9260,2017,9.889613762808296e-09,0.0,-0.353642,-0.08027000000000001,PRK,850133
27811936,178,9261,2017,0.0,0.0,-0.353642,-0.08027000000000001,PRK,850134
27818462,178,9262,2017,0.0,1.1752614257607995e-08,-0.353642,-0.08027000000000001,PRK,850140
27824988,178,9263,2017,3.2846184640747396e-09,2.8128387462744865e-08,-0.353642,-0.08027000000000001,PRK,850151
27831514,178,9264,2017,6.309685704376067e-08,5.829290043113522e-07,-0.353642,-0.08027000000000001,PRK,850152
27838040,178,9265,2017,7.364709155125786e-09,3.347844527067379e-07,-0.353642,-0.08027000000000001,PRK,850153
27844566,178,9266,2017,7.061369079238821e-09,4.853919175302693e-07,-0.353642,-0.08027000000000001,PRK,850161
27851092,178,9267,2017,1.2073601701786675e-08,1.0510403365405097e-08,-0.353642,-0.08027000000000001,PRK,850162
27857618,178,9268,2017,0.0,2.121171214007083e-09,-0.353642,-0.08027000000000001,PRK,850163
27864144,178,9269,2017,0.0,5.800077538300618e-09,-0.353642,-0.08027000000000001,PRK,850164
27870670,178,9270,2017,2.0091355675630153e-09,9.44309629711717e-07,-0.353642,-0.08027000000000001,PRK,850211
27877196,178,9271,2017,0.0,8.595883942592632e-07,-0.353642,-0.08027000000000001,PRK,850212
27883722,178,9272,2017,0.0,1.2218542772084737e-07,-0.353642,-0.08027000000000001,PRK,850213
27890248,178,9273,2017,3.7788718744360185e-10,6.718829706347567e-07,-0.353642,-0.08027000000000001,PRK,850220
27896774,178,9274,2017,0.0,1.2807631790174768e-07,-0.353642,-0.08027000000000001,PRK,850230
27903300,178,9275,2017,0.0,0.0,-0.353642,-0.08027000000000001,PRK,850240
27909826,178,9276,2017,3.2664968491516224e-08,9.113413261180119e-09,-0.353642,-0.08027000000000001,PRK,850300
27916352,178,9277,2017,0.0,3.564412793687481e-07,-0.353642,-0.08027000000000001,PRK,850410
27922878,178,9278,2017,0.0,1.2990914240385069e-07,-0.353642,-0.08027000000000001,PRK,850421
27929404,178,9279,2017,0.0,2.437845504608231e-07,-0.353642,-0.08027000000000001,PRK,850422
27935930,178,9280,2017,0.0,4.790267467232371e-08,-0.353642,-0.08027000000000001,PRK,850423
27942456,178,9281,2017,6.719000863118607e-07,1.079132597806016e-07,-0.353642,-0.08027000000000001,PRK,850431
27948982,178,9282,2017,0.0,3.045338997309794e-08,-0.353642,-0.08027000000000001,PRK,850432
27955508,178,9283,2017,0.0,6.587297205098997e-08,-0.353642,-0.08027000000000001,PRK,850433
27962034,178,9284,2017,0.0,4.039306570873426e-08,-0.353642,-0.08027000000000001,PRK,850434
27968560,178,9285,2017,5.488091684651052e-08,2.358270760813762e-06,-0.353642,-0.08027000000000001,PRK,850440
27975086,178,9286,2017,6.810978968186826e-06,5.774689770332971e-08,-0.353642,-0.08027000000000001,PRK,850450
27981612,178,9287,2017,1.4292560115048128e-07,2.8020602136103108e-06,-0.353642,-0.08027000000000001,PRK,850490
27988138,178,9288,2017,8.42139930958917e-09,0.0,-0.353642,-0.08027000000000001,PRK,850511
27994664,178,9289,2017,0.0,1.844756090181785e-09,-0.353642,-0.08027000000000001,PRK,850519
28001190,178,9290,2017,0.0,0.0,-0.353642,-0.08027000000000001,PRK,850520
28007716,178,9291,2017,0.0,0.0,-0.353642,-0.08027000000000001,PRK,850530
28014242,178,9292,2017,3.348559279271692e-10,0.0,-0.353642,-0.08027000000000001,PRK,850590
28020768,178,9293,2017,2.3224152583241985e-08,7.644084589897456e-07,-0.353642,-0.08027000000000001,PRK,850611
28027294,178,9294,2017,0.0,0.0,-0.353642,-0.08027000000000001,PRK,850612
28033820,178,9295,2017,0.0,0.0,-0.353642,-0.08027000000000001,PRK,850613
28040346,178,9296,2017,8.068361159331113e-09,3.3508870820274704e-08,-0.353642,-0.08027000000000001,PRK,850619
28046872,178,9297,2017,0.0,3.057270585388584e-08,-0.353642,-0.08027000000000001,PRK,850620
28053398,178,9298,2017,0.0,0.0,-0.353642,-0.08027000000000001,PRK,850690
28059924,178,9299,2017,2.269395898007332e-07,3.484085365545041e-06,-0.353642,-0.08027000000000001,PRK,850710
28066450,178,9300,2017,5.916555753878405e-08,2.830328134366977e-06,-0.353642,-0.08027000000000001,PRK,850720
28072976,178,9301,2017,0.0,2.7310079380341196e-09,-0.353642,-0.08027000000000001,PRK,850730
28079502,178,9302,2017,0.0,0.0,-0.353642,-0.08027000000000001,PRK,850740
28086028,178,9303,2017,7.023913701237194e-08,7.800577310540851e-07,-0.353642,-0.08027000000000001,PRK,850780
28092554,178,9304,2017,6.137106110752065e-09,2.4381868806004856e-08,-0.353642,-0.08027000000000001,PRK,850790
28099080,178,9305,2017,1.9936806785817614e-09,2.068894286571874e-07,-0.353642,-0.08027000000000001,PRK,850810
28105606,178,9306,2017,0.0,1.428887216355609e-07,-0.353642,-0.08027000000000001,PRK,850820
28112132,178,9307,2017,1.8544048555271667e-08,8.890604111128806e-07,-0.353642,-0.08027000000000001,PRK,850880
28118658,178,9308,2017,0.0,0.0,-0.353642,-0.08027000000000001,PRK,850890
28125184,178,9309,2017,0.0,2.032446599321193e-08,-0.353642,-0.08027000000000001,PRK,850910
28131710,178,9310,2017,0.0,0.0,-0.353642,-0.08027000000000001,PRK,850920
28138236,178,9311,2017,0.0,0.0,-0.353642,-0.08027000000000001,PRK,850930
28144762,178,9312,2017,0.0,1.337514451982232e-07,-0.353642,-0.08027000000000001,PRK,850940
28151288,178,9313,2017,4.018271135126031e-10,4.7075981334964665e-07,-0.353642,-0.08027000000000001,PRK,850980
28157814,178,9314,2017,0.0,0.0,-0.353642,-0.08027000000000001,PRK,850990
28164340,178,9315,2017,2.3803559401519584e-09,6.664239376557082e-07,-0.353642,-0.08027000000000001,PRK,851010
28170866,178,9316,2017,0.0,2.179934285295123e-08,-0.353642,-0.08027000000000001,PRK,851020
28177392,178,9317,2017,0.0,0.0,-0.353642,-0.08027000000000001,PRK,851090
28183918,178,9318,2017,1.8957997150338198e-09,5.379820491525464e-09,-0.353642,-0.08027000000000001,PRK,851110
28190444,178,9319,2017,4.084939283672616e-10,0.0,-0.353642,-0.08027000000000001,PRK,851120
28196970,178,9320,2017,1.3339690450094107e-09,7.274954398039918e-10,-0.353642,-0.08027000000000001,PRK,851130
28203496,178,9321,2017,7.350769451338773e-09,9.762458509366067e-08,-0.353642,-0.08027000000000001,PRK,851140
28210022,178,9322,2017,3.4909866875303072e-09,6.208270423796105e-08,-0.353642,-0.08027000000000001,PRK,851150
28216548,178,9323,2017,2.321869791654272e-09,4.2655427381673686e-10,-0.353642,-0.08027000000000001,PRK,851180
28223074,178,9324,2017,0.0,5.0990967386717145e-09,-0.353642,-0.08027000000000001,PRK,851190
28229600,178,9325,2017,0.0,5.4759360621601603e-08,-0.353642,-0.08027000000000001,PRK,851210
28236126,178,9326,2017,1.4453957641938634e-08,3.398848751774184e-07,-0.353642,-0.08027000000000001,PRK,851220
28242652,178,9327,2017,9.966888207714567e-10,8.897517803554461e-08,-0.353642,-0.08027000000000001,PRK,851230
28249178,178,9328,2017,0.0,8.044541829121863e-09,-0.353642,-0.08027000000000001,PRK,851240
28255704,178,9329,2017,0.0,1.5981699365534616e-09,-0.353642,-0.08027000000000001,PRK,851290
28262230,178,9330,2017,7.045611153218719e-10,2.2523553791703534e-06,-0.353642,-0.08027000000000001,PRK,851310
28268756,178,9331,2017,0.0,0.0,-0.353642,-0.08027000000000001,PRK,851390
28275282,178,9332,2017,1.2085117109262905e-09,2.940937601620383e-08,-0.353642,-0.08027000000000001,PRK,851410
28281808,178,9333,2017,0.0,0.0,-0.353642,-0.08027000000000001,PRK,851420
28288334,178,9334,2017,2.096713271790121e-09,1.523895800762995e-08,-0.353642,-0.08027000000000001,PRK,851430
28294860,178,9335,2017,1.438213786373163e-09,0.0,-0.353642,-0.08027000000000001,PRK,851440
28301386,178,9336,2017,4.800106695354173e-10,1.3003110974865609e-08,-0.353642,-0.08027000000000001,PRK,851490
28307912,178,9337,2017,0.0,9.354166193969923e-08,-0.353642,-0.08027000000000001,PRK,851511
28314438,178,9338,2017,0.0,1.0534266541562677e-08,-0.353642,-0.08027000000000001,PRK,851519
28320964,178,9339,2017,0.0,1.4546925899060138e-08,-0.353642,-0.08027000000000001,PRK,851521
28327490,178,9340,2017,0.0,8.540697033398208e-09,-0.353642,-0.08027000000000001,PRK,851529
28334016,178,9341,2017,0.0,6.834811371133448e-09,-0.353642,-0.08027000000000001,PRK,851531
28340542,178,9342,2017,2.2536864579134457e-08,1.1057433535517392e-07,-0.353642,-0.08027000000000001,PRK,851539
28347068,178,9343,2017,0.0,3.919493540582244e-08,-0.353642,-0.08027000000000001,PRK,851580
28353594,178,9344,2017,0.0,4.5625067081283606e-09,-0.353642,-0.08027000000000001,PRK,851590
28360120,178,9345,2017,6.21832003716336e-10,1.577796749908928e-07,-0.353642,-0.08027000000000001,PRK,851610
28366646,178,9346,2017,0.0,2.929271159943344e-08,-0.353642,-0.08027000000000001,PRK,851621
28373172,178,9347,2017,0.0,1.415875156689684e-07,-0.353642,-0.08027000000000001,PRK,851629
28379698,178,9348,2017,3.527351132192081e-10,1.94468314034165e-08,-0.353642,-0.08027000000000001,PRK,851631
28386224,178,9349,2017,9.66688153925493e-10,7.000395299026877e-08,-0.353642,-0.08027000000000001,PRK,851632
28392750,178,9350,2017,0.0,2.1831491854163525e-09,-0.353642,-0.08027000000000001,PRK,851633
28399276,178,9351,2017,0.0,3.427736452244943e-07,-0.353642,-0.08027000000000001,PRK,851640
28405802,178,9352,2017,1.7060985287148984e-09,1.5316181897139894e-08,-0.353642,-0.08027000000000001,PRK,851650
28412328,178,9353,2017,3.071280388725665e-09,3.229189192252843e-06,-0.353642,-0.08027000000000001,PRK,851660
28418854,178,9354,2017,0.0,5.879621458825884e-09,-0.353642,-0.08027000000000001,PRK,851671
28425380,178,9355,2017,0.0,4.416676187165373e-09,-0.353642,-0.08027000000000001,PRK,851672
28431906,178,9356,2017,0.0,5.66781257011721e-07,-0.353642,-0.08027000000000001,PRK,851679
28438432,178,9357,2017,1.259724970491622e-09,1.694418080389033e-08,-0.353642,-0.08027000000000001,PRK,851680
28444958,178,9358,2017,0.0,4.219506694163371e-08,-0.353642,-0.08027000000000001,PRK,851690
28451484,178,9359,2017,0.0,0.0,-0.353642,-0.08027000000000001,PRK,851710
28458010,178,9360,2017,0.0,0.0,-0.353642,-0.08027000000000001,PRK,851720
28464536,178,9361,2017,0.0,0.0,-0.353642,-0.08027000000000001,PRK,851730
28471062,178,9362,2017,0.0,0.0,-0.353642,-0.08027000000000001,PRK,851740
28477588,178,9363,2017,0.0,0.0,-0.353642,-0.08027000000000001,PRK,851781
28484114,178,9364,2017,1.7664028994456736e-08,0.0,-0.353642,-0.08027000000000001,PRK,851782
28490640,178,9365,2017,1.1768776744409354e-07,3.141199364532805e-07,-0.353642,-0.08027000000000001,PRK,851790
28497166,178,9366,2017,0.0,3.7096898215368127e-07,-0.353642,-0.08027000000000001,PRK,851810
28503692,178,9367,2017,0.0,2.2355454287323493e-07,-0.353642,-0.08027000000000001,PRK,851821
28510218,178,9368,2017,0.0,5.106790292951519e-06,-0.353642,-0.08027000000000001,PRK,851822
28516744,178,9369,2017,3.4115909833521007e-09,4.901695242568181e-08,-0.353642,-0.08027000000000001,PRK,851829
28523270,178,9370,2017,1.9554980116868985e-09,9.663227468510799e-08,-0.353642,-0.08027000000000001,PRK,851830
28529796,178,9371,2017,3.221283722955483e-10,5.497247204200888e-08,-0.353642,-0.08027000000000001,PRK,851840
28536322,178,9372,2017,0.0,1.64589463170361e-06,-0.353642,-0.08027000000000001,PRK,851850
28542848,178,9373,2017,0.0,2.5963798525451074e-08,-0.353642,-0.08027000000000001,PRK,851890
28549374,178,9374,2017,0.0,0.0,-0.353642,-0.08027000000000001,PRK,851910
28555900,178,9375,2017,0.0,0.0,-0.353642,-0.08027000000000001,PRK,851921
28562426,178,9376,2017,0.0,2.637729433898158e-07,-0.353642,-0.08027000000000001,PRK,851929
28568952,178,9377,2017,0.0,0.0,-0.353642,-0.08027000000000001,PRK,851931
28575478,178,9378,2017,0.0,0.0,-0.353642,-0.08027000000000001,PRK,851939
28582004,178,9379,2017,0.0,0.0,-0.353642,-0.08027000000000001,PRK,851940
28588530,178,9380,2017,0.0,0.0,-0.353642,-0.08027000000000001,PRK,851991
28595056,178,9381,2017,0.0,0.0,-0.353642,-0.08027000000000001,PRK,851999
28601582,178,9382,2017,0.0,0.0,-0.353642,-0.08027000000000001,PRK,852010
28608108,178,9383,2017,0.0,0.0,-0.353642,-0.08027000000000001,PRK,852020
28614634,178,9384,2017,0.0,3.102484675547154e-07,-0.353642,-0.08027000000000001,PRK,852031
28621160,178,9385,2017,0.0,0.0,-0.353642,-0.08027000000000001,PRK,852039
28627686,178,9386,2017,0.0,0.0,-0.353642,-0.08027000000000001,PRK,852090
28634212,178,9387,2017,4.401461470749475e-08,2.7550633453329687e-07,-0.353642,-0.08027000000000001,PRK,852110
28640738,178,9388,2017,2.0976223829066654e-09,4.745195893264742e-07,-0.353642,-0.08027000000000001,PRK,852190
28647264,178,9389,2017,0.0,0.0,-0.353642,-0.08027000000000001,PRK,852210
28653790,178,9390,2017,5.436787513974066e-09,9.553887721088777e-09,-0.353642,-0.08027000000000001,PRK,852290
28660316,178,9391,2017,0.0,0.0,-0.353642,-0.08027000000000001,PRK,852311
28666842,178,9392,2017,0.0,0.0,-0.353642,-0.08027000000000001,PRK,852312
28673368,178,9393,2017,0.0,0.0,-0.353642,-0.08027000000000001,PRK,852313
28679894,178,9394,2017,0.0,0.0,-0.353642,-0.08027000000000001,PRK,852320
28686420,178,9395,2017,7.462862852008691e-08,3.123948276768888e-07,-0.353642,-0.08027000000000001,PRK,852390
28692946,178,9396,2017,0.0,3.1506021188048954e-09,-0.353642,-0.08027000000000001,PRK,852410
28699472,178,9397,2017,0.0,0.0,-0.353642,-0.08027000000000001,PRK,852421
28705998,178,9398,2017,0.0,0.0,-0.353642,-0.08027000000000001,PRK,852422
28712524,178,9399,2017,0.0,0.0,-0.353642,-0.08027000000000001,PRK,852423
28719050,178,9400,2017,0.0,0.0,-0.353642,-0.08027000000000001,PRK,852490
28725576,178,9401,2017,1.5503374907469663e-09,6.543581192110319e-08,-0.353642,-0.08027000000000001,PRK,852510
28732102,178,9402,2017,5.075476452555457e-07,2.7704837297659965e-05,-0.353642,-0.08027000000000001,PRK,852520
28738628,178,9403,2017,0.0,0.0,-0.353642,-0.08027000000000001,PRK,852530
28745154,178,9404,2017,3.4685619466555467e-09,0.0,-0.353642,-0.08027000000000001,PRK,852610
28751680,178,9405,2017,1.9164062336754914e-09,4.6145085461717525e-08,-0.353642,-0.08027000000000001,PRK,852691
28758206,178,9406,2017,4.356157433441681e-09,2.405540729884908e-09,-0.353642,-0.08027000000000001,PRK,852692
28764732,178,9407,2017,0.0,2.4555539699151685e-08,-0.353642,-0.08027000000000001,PRK,852711
28771258,178,9408,2017,0.0,0.0,-0.353642,-0.08027000000000001,PRK,852719
28777784,178,9409,2017,0.0,0.0,-0.353642,-0.08027000000000001,PRK,852721
28784310,178,9410,2017,1.0052950726747431e-08,0.0,-0.353642,-0.08027000000000001,PRK,852729
28790836,178,9411,2017,0.0,1.0133232608914462e-07,-0.353642,-0.08027000000000001,PRK,852731
28797362,178,9412,2017,0.0,0.0,-0.353642,-0.08027000000000001,PRK,852732
28803888,178,9413,2017,0.0,0.0,-0.353642,-0.08027000000000001,PRK,852739
28810414,178,9414,2017,0.0,0.0,-0.353642,-0.08027000000000001,PRK,852790
28816940,178,9415,2017,5.275135435970926e-07,2.6462764281585978e-05,-0.353642,-0.08027000000000001,PRK,852810
28823466,178,9416,2017,0.0,0.0,-0.353642,-0.08027000000000001,PRK,852820
28829992,178,9417,2017,4.343126840771212e-09,2.0518354299492264e-08,-0.353642,-0.08027000000000001,PRK,852910
28836518,178,9418,2017,5.861645442439126e-09,1.0755865961156e-06,-0.353642,-0.08027000000000001,PRK,852990
28843044,178,9419,2017,0.0,8.116131357594601e-09,-0.353642,-0.08027000000000001,PRK,853010
28849570,178,9420,2017,0.0,2.3323603230016634e-08,-0.353642,-0.08027000000000001,PRK,853080
28856096,178,9421,2017,0.0,2.7198386458603636e-08,-0.353642,-0.08027000000000001,PRK,853090
28862622,178,9422,2017,6.500144483292108e-10,2.325794635228307e-07,-0.353642,-0.08027000000000001,PRK,853110
28869148,178,9423,2017,0.0,1.3371101037195618e-07,-0.353642,-0.08027000000000001,PRK,853120
28875674,178,9424,2017,0.0,9.00049403733446e-08,-0.353642,-0.08027000000000001,PRK,853180
28882200,178,9425,2017,1.18123837742996e-09,2.2122158597082933e-08,-0.353642,-0.08027000000000001,PRK,853190
28888726,178,9426,2017,0.0,1.4219801525899983e-08,-0.353642,-0.08027000000000001,PRK,853210
28895252,178,9427,2017,0.0,0.0,-0.353642,-0.08027000000000001,PRK,853221
28901778,178,9428,2017,1.7934944107186954e-08,7.192096147492766e-10,-0.353642,-0.08027000000000001,PRK,853222
28908304,178,9429,2017,0.0,0.0,-0.353642,-0.08027000000000001,PRK,853223
28914830,178,9430,2017,1.0807209916440395e-08,4.516768953826332e-09,-0.353642,-0.08027000000000001,PRK,853224
28921356,178,9431,2017,0.0,4.747181176947852e-08,-0.353642,-0.08027000000000001,PRK,853225
28927882,178,9432,2017,6.598934557956595e-09,0.0,-0.353642,-0.08027000000000001,PRK,853229
28934408,178,9433,2017,0.0,6.001920236633479e-09,-0.353642,-0.08027000000000001,PRK,853230
28940934,178,9434,2017,0.0,0.0,-0.353642,-0.08027000000000001,PRK,853290
28947460,178,9435,2017,1.5915505280303101e-09,0.0,-0.353642,-0.08027000000000001,PRK,853310
28953986,178,9436,2017,0.0,1.2349193661547488e-09,-0.353642,-0.08027000000000001,PRK,853321
28960512,178,9437,2017,2.340052013985159e-09,7.490385849462512e-10,-0.353642,-0.08027000000000001,PRK,853329
28967038,178,9438,2017,0.0,0.0,-0.353642,-0.08027000000000001,PRK,853331
28973564,178,9439,2017,5.387998550719519e-10,0.0,-0.353642,-0.08027000000000001,PRK,853339
28980090,178,9440,2017,1.303362304085751e-09,5.819963518431935e-10,-0.353642,-0.08027000000000001,PRK,853340
28986616,178,9441,2017,0.0,0.0,-0.353642,-0.08027000000000001,PRK,853390
28993142,178,9442,2017,7.616805667743534e-08,4.379356831118936e-08,-0.353642,-0.08027000000000001,PRK,853400
28999668,178,9443,2017,0.0,2.3654373366200864e-09,-0.353642,-0.08027000000000001,PRK,853510
29006194,178,9444,2017,0.0,1.2499133951737614e-07,-0.353642,-0.08027000000000001,PRK,853521
29012720,178,9445,2017,0.0,6.896888772443374e-08,-0.353642,-0.08027000000000001,PRK,853529
29019246,178,9446,2017,0.0,4.02522066828041e-08,-0.353642,-0.08027000000000001,PRK,853530
29025772,178,9447,2017,0.0,1.3309686501890069e-08,-0.353642,-0.08027000000000001,PRK,853540
29032298,178,9448,2017,1.8927693446453386e-09,2.830338408790045e-08,-0.353642,-0.08027000000000001,PRK,853590
29038824,178,9449,2017,8.081997826079279e-10,5.039438798277765e-09,-0.353642,-0.08027000000000001,PRK,853610
29045350,178,9450,2017,1.1681562684628867e-07,1.325695551124186e-07,-0.353642,-0.08027000000000001,PRK,853620
29051876,178,9451,2017,1.049417265531029e-09,5.433015488376736e-08,-0.353642,-0.08027000000000001,PRK,853630
29058402,178,9452,2017,8.609282273675002e-10,2.4692752962057767e-08,-0.353642,-0.08027000000000001,PRK,853641
29064928,178,9453,2017,1.4946392830066824e-08,3.21390582222292e-08,-0.353642,-0.08027000000000001,PRK,853649
29071454,178,9454,2017,2.680241393796055e-08,5.833880390193834e-07,-0.353642,-0.08027000000000001,PRK,853650
29077980,178,9455,2017,6.978943004672133e-10,2.2834938411589753e-07,-0.353642,-0.08027000000000001,PRK,853661
29084506,178,9456,2017,4.840228799297663e-08,1.2235333167975613e-06,-0.353642,-0.08027000000000001,PRK,853669
29091032,178,9457,2017,8.969593312865413e-08,9.356486224985244e-08,-0.353642,-0.08027000000000001,PRK,853690
29097558,178,9458,2017,4.3377691459243775e-07,1.4554847147812446e-07,-0.353642,-0.08027000000000001,PRK,853710
29104084,178,9459,2017,0.0,1.1243798312648046e-07,-0.353642,-0.08027000000000001,PRK,853720
29110610,178,9460,2017,2.0270147528550543e-09,8.517828156247193e-10,-0.353642,-0.08027000000000001,PRK,853810
29117136,178,9461,2017,6.343383423095978e-08,3.2162059672581087e-07,-0.353642,-0.08027000000000001,PRK,853890
29123662,178,9462,2017,0.0,1.7768123247331206e-09,-0.353642,-0.08027000000000001,PRK,853910
29130188,178,9463,2017,0.0,6.277771924355057e-08,-0.353642,-0.08027000000000001,PRK,853921
29136714,178,9464,2017,0.0,7.947365672880164e-08,-0.353642,-0.08027000000000001,PRK,853922
29143240,178,9465,2017,1.0799633990469192e-08,3.822118524539232e-08,-0.353642,-0.08027000000000001,PRK,853929
29149766,178,9466,2017,0.0,1.9570621629733946e-06,-0.353642,-0.08027000000000001,PRK,853931
29156292,178,9467,2017,0.0,3.5051824018663546e-07,-0.353642,-0.08027000000000001,PRK,853939
29162818,178,9468,2017,0.0,1.5541224905625957e-08,-0.353642,-0.08027000000000001,PRK,853940
29169344,178,9469,2017,0.0,9.85350315506728e-10,-0.353642,-0.08027000000000001,PRK,853990
29175870,178,9470,2017,0.0,0.0,-0.353642,-0.08027000000000001,PRK,854011
29182396,178,9471,2017,0.0,0.0,-0.353642,-0.08027000000000001,PRK,854012
29188922,178,9472,2017,0.0,0.0,-0.353642,-0.08027000000000001,PRK,854020
29195448,178,9473,2017,0.0,0.0,-0.353642,-0.08027000000000001,PRK,854030
29201974,178,9474,2017,0.0,0.0,-0.353642,-0.08027000000000001,PRK,854041
29208500,178,9475,2017,0.0,0.0,-0.353642,-0.08027000000000001,PRK,854042
29215026,178,9476,2017,0.0,0.0,-0.353642,-0.08027000000000001,PRK,854049
29221552,178,9477,2017,0.0,5.694648700304422e-08,-0.353642,-0.08027000000000001,PRK,854081
29228078,178,9478,2017,0.0,0.0,-0.353642,-0.08027000000000001,PRK,854089
29234604,178,9479,2017,0.0,0.0,-0.353642,-0.08027000000000001,PRK,854091
29241130,178,9480,2017,0.0,0.0,-0.353642,-0.08027000000000001,PRK,854099
29247656,178,9481,2017,1.4027887565318182e-08,1.5834211679560686e-08,-0.353642,-0.08027000000000001,PRK,854110
29254182,178,9482,2017,4.399188692958114e-09,0.0,-0.353642,-0.08027000000000001,PRK,854121
29260708,178,9483,2017,3.726143429676446e-09,0.0,-0.353642,-0.08027000000000001,PRK,854129
29267234,178,9484,2017,1.9924685304263687e-09,1.4828312517918266e-09,-0.353642,-0.08027000000000001,PRK,854130
29273760,178,9485,2017,9.097899195113706e-08,6.10588082642998e-07,-0.353642,-0.08027000000000001,PRK,854140
29280286,178,9486,2017,0.0,3.788279215015775e-10,-0.353642,-0.08027000000000001,PRK,854150
29286812,178,9487,2017,7.985632047725578e-09,2.0236603104331732e-07,-0.353642,-0.08027000000000001,PRK,854160
29293338,178,9488,2017,0.0,3.579476423636953e-10,-0.353642,-0.08027000000000001,PRK,854190
29299864,178,9489,2017,2.8185323464743935e-07,2.8384485743536003e-07,-0.353642,-0.08027000000000001,PRK,854211
29306390,178,9490,2017,2.1630026240381467e-07,0.0,-0.353642,-0.08027000000000001,PRK,854219
29312916,178,9491,2017,0.0,0.0,-0.353642,-0.08027000000000001,PRK,854220
29319442,178,9492,2017,0.0,0.0,-0.353642,-0.08027000000000001,PRK,854280
29325968,178,9493,2017,0.0,0.0,-0.353642,-0.08027000000000001,PRK,854290
29332494,178,9494,2017,0.0,0.0,-0.353642,-0.08027000000000001,PRK,854310
29339020,178,9495,2017,5.860736331322582e-10,1.2926238404337982e-06,-0.353642,-0.08027000000000001,PRK,854320
29345546,178,9496,2017,0.0,6.761564677649766e-09,-0.353642,-0.08027000000000001,PRK,854330
29352072,178,9497,2017,5.5142437811036445e-08,3.5273519553827505e-07,-0.353642,-0.08027000000000001,PRK,854380
29358598,178,9498,2017,5.372089106179993e-08,1.549847004834363e-08,-0.353642,-0.08027000000000001,PRK,854390
29365124,178,9499,2017,1.4988514978466712e-08,2.873324606307903e-06,-0.353642,-0.08027000000000001,PRK,854411
29371650,178,9500,2017,7.861083824759002e-09,2.0273756743877072e-09,-0.353642,-0.08027000000000001,PRK,854419
29378176,178,9501,2017,6.63348078038528e-10,7.574503545417981e-08,-0.353642,-0.08027000000000001,PRK,854420
29384702,178,9502,2017,1.5738228612576952e-08,0.0,-0.353642,-0.08027000000000001,PRK,854430
29391228,178,9503,2017,1.149995258724719e-07,1.940493827193986e-07,-0.353642,-0.08027000000000001,PRK,854441
29397754,178,9504,2017,1.0116891541944384e-08,1.7505479164746846e-06,-0.353642,-0.08027000000000001,PRK,854449
29404280,178,9505,2017,0.0,0.0,-0.353642,-0.08027000000000001,PRK,854451
29410806,178,9506,2017,9.570515760901229e-08,0.0,-0.353642,-0.08027000000000001,PRK,854459
29417332,178,9507,2017,1.0725844471509676e-07,3.211913909879766e-07,-0.353642,-0.08027000000000001,PRK,854460
29423858,178,9508,2017,3.988452290503376e-08,2.1677209791644728e-07,-0.353642,-0.08027000000000001,PRK,854470
29430384,178,9509,2017,4.918291140504938e-10,0.0,-0.353642,-0.08027000000000001,PRK,854511
29436910,178,9510,2017,0.0,1.916345618654524e-09,-0.353642,-0.08027000000000001,PRK,854519
29443436,178,9511,2017,5.264662475908336e-09,0.0,-0.353642,-0.08027000000000001,PRK,854520
29449962,178,9512,2017,0.0,0.0,-0.353642,-0.08027000000000001,PRK,854590
29456488,178,9513,2017,0.0,0.0,-0.353642,-0.08027000000000001,PRK,854610
29463014,178,9514,2017,0.0,6.791824510749585e-08,-0.353642,-0.08027000000000001,PRK,854620
29469540,178,9515,2017,2.5658752153347757e-08,1.5304250309061103e-08,-0.353642,-0.08027000000000001,PRK,854690
29476066,178,9516,2017,0.0,4.154844115436374e-09,-0.353642,-0.08027000000000001,PRK,854710
29482592,178,9517,2017,4.91313951084452e-09,2.3740214513767713e-08,-0.353642,-0.08027000000000001,PRK,854720
29489118,178,9518,2017,0.0,2.244464290821245e-09,-0.353642,-0.08027000000000001,PRK,854790
29495644,178,9519,2017,2.38540150684878e-07,3.0554344465564593e-07,-0.353642,-0.08027000000000001,PRK,854800
29502170,178,9520,2017,0.0,3.780656255965437e-08,-0.353642,-0.08027000000000001,PRK,860110
29508696,178,9521,2017,0.0,2.873855561977409e-09,-0.353642,-0.08027000000000001,PRK,860120
29515222,178,9522,2017,0.0,1.284014536768947e-07,-0.353642,-0.08027000000000001,PRK,860210
29521748,178,9523,2017,0.0,0.0,-0.353642,-0.08027000000000001,PRK,860290
29528274,178,9524,2017,0.0,4.235713767970394e-09,-0.353642,-0.08027000000000001,PRK,860310
29534800,178,9525,2017,0.0,2.982897019697461e-09,-0.353642,-0.08027000000000001,PRK,860390
29541326,178,9526,2017,0.0,0.0,-0.353642,-0.08027000000000001,PRK,860400
29547852,178,9527,2017,0.0,1.9886642997320782e-08,-0.353642,-0.08027000000000001,PRK,860500
29554378,178,9528,2017,0.0,0.0,-0.353642,-0.08027000000000001,PRK,860610
29560904,178,9529,2017,0.0,0.0,-0.353642,-0.08027000000000001,PRK,860620
29567430,178,9530,2017,0.0,1.2492372718492966e-08,-0.353642,-0.08027000000000001,PRK,860630
29573956,178,9531,2017,0.0,0.0,-0.353642,-0.08027000000000001,PRK,860691
29580482,178,9532,2017,0.0,1.5844154669626344e-07,-0.353642,-0.08027000000000001,PRK,860692
29587008,178,9533,2017,0.0,3.137179082216257e-08,-0.353642,-0.08027000000000001,PRK,860699
29593534,178,9534,2017,0.0,0.0,-0.353642,-0.08027000000000001,PRK,860711
29600060,178,9535,2017,0.0,1.5522631514203178e-07,-0.353642,-0.08027000000000001,PRK,860712
29606586,178,9536,2017,0.0,1.1281647961497985e-07,-0.353642,-0.08027000000000001,PRK,860719
29613112,178,9537,2017,0.0,1.1110297099366474e-08,-0.353642,-0.08027000000000001,PRK,860721
29619638,178,9538,2017,0.0,1.6843425171224995e-09,-0.353642,-0.08027000000000001,PRK,860729
29626164,178,9539,2017,0.0,2.0321151663190043e-08,-0.353642,-0.08027000000000001,PRK,860730
29632690,178,9540,2017,0.0,1.861162023790121e-08,-0.353642,-0.08027000000000001,PRK,860791
29639216,178,9541,2017,1.283240644706236e-08,6.488231880744823e-08,-0.353642,-0.08027000000000001,PRK,860799
29645742,178,9542,2017,0.0,2.1506024646014312e-08,-0.353642,-0.08027000000000001,PRK,860800
29652268,178,9543,2017,4.162819802656583e-09,1.1633961242824473e-08,-0.353642,-0.08027000000000001,PRK,860900
29658794,178,9544,2017,0.0,4.874590651649196e-07,-0.353642,-0.08027000000000001,PRK,870110
29665320,178,9545,2017,0.0,3.020809640817815e-07,-0.353642,-0.08027000000000001,PRK,870120
29671846,178,9546,2017,0.0,3.263687059151648e-08,-0.353642,-0.08027000000000001,PRK,870130
29678372,178,9547,2017,2.173775590769197e-08,3.5780777763677166e-07,-0.353642,-0.08027000000000001,PRK,870190
29684898,178,9548,2017,1.1446648372113806e-07,2.3188378565123684e-06,-0.353642,-0.08027000000000001,PRK,870210
29691424,178,9549,2017,1.6884193478684993e-07,5.248955496343302e-06,-0.353642,-0.08027000000000001,PRK,870290
29697950,178,9550,2017,0.0,0.0,-0.353642,-0.08027000000000001,PRK,870310
29704476,178,9551,2017,2.0147296313001516e-07,2.0832552785567067e-08,-0.353642,-0.08027000000000001,PRK,870321
29711002,178,9552,2017,2.6387404713258057e-07,3.4502725706617594e-06,-0.353642,-0.08027000000000001,PRK,870322
29717528,178,9553,2017,1.767461710859409e-06,5.1951801603051985e-06,-0.353642,-0.08027000000000001,PRK,870323
29724054,178,9554,2017,1.227724259189261e-08,1.0500824951641846e-07,-0.353642,-0.08027000000000001,PRK,870324
29730580,178,9555,2017,5.640519315191655e-08,5.100422470680469e-09,-0.353642,-0.08027000000000001,PRK,870331
29737106,178,9556,2017,3.233690059325925e-07,0.0,-0.353642,-0.08027000000000001,PRK,870332
29743632,178,9557,2017,6.023315702664597e-08,1.0125278216861936e-09,-0.353642,-0.08027000000000001,PRK,870333
29750158,178,9558,2017,3.606331675627066e-07,3.1268715158481915e-07,-0.353642,-0.08027000000000001,PRK,870390
29756684,178,9559,2017,1.3460602228594507e-08,2.570156873411945e-07,-0.353642,-0.08027000000000001,PRK,870410
29763210,178,9560,2017,1.772930317262462e-07,4.9612076838741686e-06,-0.353642,-0.08027000000000001,PRK,870421
29769736,178,9561,2017,2.563602437543415e-08,4.8900533269333035e-06,-0.353642,-0.08027000000000001,PRK,870422
29776262,178,9562,2017,1.565337824169948e-08,9.726031370961523e-06,-0.353642,-0.08027000000000001,PRK,870423
29782788,178,9563,2017,5.9288590576556385e-08,3.262600621770474e-06,-0.353642,-0.08027000000000001,PRK,870431
29789314,178,9564,2017,6.754695595924526e-09,1.8269249946640382e-08,-0.353642,-0.08027000000000001,PRK,870432
29795840,178,9565,2017,5.292541883482362e-09,0.0,-0.353642,-0.08027000000000001,PRK,870490
29802366,178,9566,2017,0.0,6.215356461382898e-07,-0.353642,-0.08027000000000001,PRK,870510
29808892,178,9567,2017,0.0,9.47268663555257e-09,-0.353642,-0.08027000000000001,PRK,870520
29815418,178,9568,2017,0.0,1.2589482588134228e-08,-0.353642,-0.08027000000000001,PRK,870530
29821944,178,9569,2017,0.0,2.1055176333137152e-07,-0.353642,-0.08027000000000001,PRK,870540
29828470,178,9570,2017,1.1694199329148833e-09,1.261175157155128e-06,-0.353642,-0.08027000000000001,PRK,870590
29834996,178,9571,2017,1.321211185673905e-08,3.454526181811848e-08,-0.353642,-0.08027000000000001,PRK,870600
29841522,178,9572,2017,0.0,4.0600542768104324e-10,-0.353642,-0.08027000000000001,PRK,870710
29848048,178,9573,2017,0.0,5.4485596961793814e-08,-0.353642,-0.08027000000000001,PRK,870790
29854574,178,9574,2017,4.0173620240094865e-09,9.323475497967258e-08,-0.353642,-0.08027000000000001,PRK,870810
29861100,178,9575,2017,1.0057799319369002e-09,2.4888397863249704e-07,-0.353642,-0.08027000000000001,PRK,870821
29867626,178,9576,2017,1.2816042446964561e-08,5.668995785935024e-08,-0.353642,-0.08027000000000001,PRK,870829
29874152,178,9577,2017,0.0,0.0,-0.353642,-0.08027000000000001,PRK,870831
29880678,178,9578,2017,1.7077955361324477e-08,3.195948782164341e-07,-0.353642,-0.08027000000000001,PRK,870839
29887204,178,9579,2017,3.4229851760127895e-08,6.967053139006702e-08,-0.353642,-0.08027000000000001,PRK,870840
29893730,178,9580,2017,3.9358450605593426e-09,4.1800330236027084e-08,-0.353642,-0.08027000000000001,PRK,870850
29900256,178,9581,2017,0.0,0.0,-0.353642,-0.08027000000000001,PRK,870860
29906782,178,9582,2017,5.014990259601372e-08,3.7038632293583367e-08,-0.353642,-0.08027000000000001,PRK,870870
29913308,178,9583,2017,2.926671113787344e-08,1.9316743950057472e-07,-0.353642,-0.08027000000000001,PRK,870880
29919834,178,9584,2017,3.0794623887745643e-09,4.3560239477648583e-08,-0.353642,-0.08027000000000001,PRK,870891
29926360,178,9585,2017,1.1468406431503101e-07,1.4995686184023513e-08,-0.353642,-0.08027000000000001,PRK,870892
29932886,178,9586,2017,2.5570568375042954e-08,1.6910706070669283e-08,-0.353642,-0.08027000000000001,PRK,870893
29939412,178,9587,2017,1.743675121532065e-09,1.925367224974098e-07,-0.353642,-0.08027000000000001,PRK,870894
29945938,178,9588,2017,4.4940332253767975e-07,2.8134552116585574e-07,-0.353642,-0.08027000000000001,PRK,870899
29952464,178,9589,2017,0.0,0.0,-0.353642,-0.08027000000000001,PRK,870911
29958990,178,9590,2017,0.0,8.163194843905384e-10,-0.353642,-0.08027000000000001,PRK,870919
29965516,178,9591,2017,0.0,0.0,-0.353642,-0.08027000000000001,PRK,870990
29972042,178,9592,2017,0.0,0.0,-0.353642,-0.08027000000000001,PRK,871000
29978568,178,9593,2017,0.0,3.4290058406433253e-09,-0.353642,-0.08027000000000001,PRK,871110
29985094,178,9594,2017,6.106196332789556e-09,7.527334000546498e-07,-0.353642,-0.08027000000000001,PRK,871120
29991620,178,9595,2017,0.0,0.0,-0.353642,-0.08027000000000001,PRK,871130
29998146,178,9596,2017,0.0,0.0,-0.353642,-0.08027000000000001,PRK,871140
30004672,178,9597,2017,0.0,0.0,-0.353642,-0.08027000000000001,PRK,871150
30011198,178,9598,2017,3.0200671291603336e-09,1.2531342610890302e-05,-0.353642,-0.08027000000000001,PRK,871190
30017724,178,9599,2017,1.01144672456336e-08,3.3611074815159606e-06,-0.353642,-0.08027000000000001,PRK,871200
30024250,178,9600,2017,0.0,7.749897890176192e-09,-0.353642,-0.08027000000000001,PRK,871310
30030776,178,9601,2017,0.0,0.0,-0.353642,-0.08027000000000001,PRK,871390
30037302,178,9602,2017,0.0,0.0,-0.353642,-0.08027000000000001,PRK,871411
30043828,178,9603,2017,1.3118473411734983e-09,6.277407348052649e-07,-0.353642,-0.08027000000000001,PRK,871419
30050354,178,9604,2017,0.0,8.617258056903776e-10,-0.353642,-0.08027000000000001,PRK,871420
30056880,178,9605,2017,0.0,4.5694535438542334e-07,-0.353642,-0.08027000000000001,PRK,871491
30063406,178,9606,2017,0.0,6.127437228892326e-07,-0.353642,-0.08027000000000001,PRK,871492
30069932,178,9607,2017,0.0,6.632935529500368e-08,-0.353642,-0.08027000000000001,PRK,871493
30076458,178,9608,2017,0.0,3.099568065127894e-07,-0.353642,-0.08027000000000001,PRK,871494
30082984,178,9609,2017,0.0,3.435124093863727e-07,-0.353642,-0.08027000000000001,PRK,871495
30089510,178,9610,2017,0.0,2.688866231805838e-07,-0.353642,-0.08027000000000001,PRK,871496
30096036,178,9611,2017,0.0,2.4555798216893393e-06,-0.353642,-0.08027000000000001,PRK,871499
30102562,178,9612,2017,0.0,8.98975560806355e-08,-0.353642,-0.08027000000000001,PRK,871500
30109088,178,9613,2017,0.0,0.0,-0.353642,-0.08027000000000001,PRK,871610
30115614,178,9614,2017,0.0,4.715032175735557e-08,-0.353642,-0.08027000000000001,PRK,871620
30122140,178,9615,2017,0.0,0.0,-0.353642,-0.08027000000000001,PRK,871631
30128666,178,9616,2017,0.0,2.581700684878174e-07,-0.353642,-0.08027000000000001,PRK,871639
30135192,178,9617,2017,0.0,5.592931911932739e-09,-0.353642,-0.08027000000000001,PRK,871640
30141718,178,9618,2017,0.0,3.8666962633336e-08,-0.353642,-0.08027000000000001,PRK,871680
30148244,178,9619,2017,0.0,1.892117866194537e-08,-0.353642,-0.08027000000000001,PRK,871690
30154770,178,9620,2017,0.0,0.0,-0.353642,-0.08027000000000001,PRK,880110
30161296,178,9621,2017,0.0,0.0,-0.353642,-0.08027000000000001,PRK,880190
30167822,178,9622,2017,0.0,0.0,-0.353642,-0.08027000000000001,PRK,880211
30174348,178,9623,2017,0.0,0.0,-0.353642,-0.08027000000000001,PRK,880212
30180874,178,9624,2017,0.0,5.181865502308276e-07,-0.353642,-0.08027000000000001,PRK,880220
30187400,178,9625,2017,0.0,0.0,-0.353642,-0.08027000000000001,PRK,880230
30193926,178,9626,2017,0.0,0.0,-0.353642,-0.08027000000000001,PRK,880240
30200452,178,9627,2017,0.0,0.0,-0.353642,-0.08027000000000001,PRK,880250
30206978,178,9628,2017,0.0,0.0,-0.353642,-0.08027000000000001,PRK,880310
30213504,178,9629,2017,0.0,0.0,-0.353642,-0.08027000000000001,PRK,880320
30220030,178,9630,2017,1.8734658852707134e-08,1.932469834211e-07,-0.353642,-0.08027000000000001,PRK,880330
30226556,178,9631,2017,0.0,0.0,-0.353642,-0.08027000000000001,PRK,880390
30233082,178,9632,2017,0.0,0.0,-0.353642,-0.08027000000000001,PRK,880400
30239608,178,9633,2017,0.0,0.0,-0.353642,-0.08027000000000001,PRK,880510
30246134,178,9634,2017,0.0,0.0,-0.353642,-0.08027000000000001,PRK,880520
30252660,178,9635,2017,0.0,0.0,-0.353642,-0.08027000000000001,PRK,890110
30259186,178,9636,2017,2.2157159169457766e-06,0.0,-0.353642,-0.08027000000000001,PRK,890120
30265712,178,9637,2017,0.0,0.0,-0.353642,-0.08027000000000001,PRK,890130
30272238,178,9638,2017,0.0,0.0,-0.353642,-0.08027000000000001,PRK,890190
30278764,178,9639,2017,0.0,0.0,-0.353642,-0.08027000000000001,PRK,890200
30285290,178,9640,2017,0.0,6.562373443334414e-10,-0.353642,-0.08027000000000001,PRK,890310
30291816,178,9641,2017,0.0,0.0,-0.353642,-0.08027000000000001,PRK,890391
30298342,178,9642,2017,0.0,0.0,-0.353642,-0.08027000000000001,PRK,890392
30304868,178,9643,2017,0.0,0.0,-0.353642,-0.08027000000000001,PRK,890399
30311394,178,9644,2017,0.0,0.0,-0.353642,-0.08027000000000001,PRK,890400
30317920,178,9645,2017,0.0,0.0,-0.353642,-0.08027000000000001,PRK,890510
30324446,178,9646,2017,0.0,0.0,-0.353642,-0.08027000000000001,PRK,890520
30330972,178,9647,2017,0.0,0.0,-0.353642,-0.08027000000000001,PRK,890590
30337498,178,9648,2017,0.0,0.0,-0.353642,-0.08027000000000001,PRK,890600
30344024,178,9649,2017,0.0,0.0,-0.353642,-0.08027000000000001,PRK,890710
30350550,178,9650,2017,0.0,0.0,-0.353642,-0.08027000000000001,PRK,890790
30357076,178,9651,2017,2.3028087619107255e-07,0.0,-0.353642,-0.08027000000000001,PRK,890800
30363602,178,9652,2017,0.0,3.676248231615982e-07,-0.353642,-0.08027000000000001,PRK,900110
30370128,178,9653,2017,0.0,0.0,-0.353642,-0.08027000000000001,PRK,900120
30376654,178,9654,2017,5.6473982559735076e-09,3.7219926145780536e-10,-0.353642,-0.08027000000000001,PRK,900130
30383180,178,9655,2017,0.0,5.826592178475706e-09,-0.353642,-0.08027000000000001,PRK,900140
30389706,178,9656,2017,1.0132952505003335e-08,5.830337371400438e-08,-0.353642,-0.08027000000000001,PRK,900150
30396232,178,9657,2017,1.070326821211549e-09,0.0,-0.353642,-0.08027000000000001,PRK,900190
30402758,178,9658,2017,0.0,0.0,-0.353642,-0.08027000000000001,PRK,900211
30409284,178,9659,2017,1.0485081544144846e-09,6.713838325334607e-09,-0.353642,-0.08027000000000001,PRK,900219
30415810,178,9660,2017,1.0921454880086135e-09,0.0,-0.353642,-0.08027000000000001,PRK,900220
30422336,178,9661,2017,0.0,0.0,-0.353642,-0.08027000000000001,PRK,900290
30428862,178,9662,2017,0.0,3.206382293073238e-08,-0.353642,-0.08027000000000001,PRK,900311
30435388,178,9663,2017,0.0,4.971495032829101e-09,-0.353642,-0.08027000000000001,PRK,900319
30441914,178,9664,2017,0.0,0.0,-0.353642,-0.08027000000000001,PRK,900390
30448440,178,9665,2017,0.0,6.963818352905342e-07,-0.353642,-0.08027000000000001,PRK,900410
30454966,178,9666,2017,8.187151678559576e-09,2.6268385454462405e-07,-0.353642,-0.08027000000000001,PRK,900490
30461492,178,9667,2017,0.0,0.0,-0.353642,-0.08027000000000001,PRK,900510
30468018,178,9668,2017,0.0,0.0,-0.353642,-0.08027000000000001,PRK,900580
30474544,178,9669,2017,0.0,0.0,-0.353642,-0.08027000000000001,PRK,900590
30481070,178,9670,2017,0.0,0.0,-0.353642,-0.08027000000000001,PRK,900610
30487596,178,9671,2017,0.0,0.0,-0.353642,-0.08027000000000001,PRK,900620
30494122,178,9672,2017,0.0,0.0,-0.353642,-0.08027000000000001,PRK,900630
30500648,178,9673,2017,0.0,0.0,-0.353642,-0.08027000000000001,PRK,900640
30507174,178,9674,2017,0.0,0.0,-0.353642,-0.08027000000000001,PRK,900651
30513700,178,9675,2017,0.0,0.0,-0.353642,-0.08027000000000001,PRK,900652
30520226,178,9676,2017,0.0,0.0,-0.353642,-0.08027000000000001,PRK,900653
30526752,178,9677,2017,6.321352630371719e-10,0.0,-0.353642,-0.08027000000000001,PRK,900659
30533278,178,9678,2017,0.0,6.5186242870455175e-09,-0.353642,-0.08027000000000001,PRK,900661
30539804,178,9679,2017,0.0,0.0,-0.353642,-0.08027000000000001,PRK,900662
30546330,178,9680,2017,0.0,0.0,-0.353642,-0.08027000000000001,PRK,900669
30552856,178,9681,2017,0.0,0.0,-0.353642,-0.08027000000000001,PRK,900691
30559382,178,9682,2017,0.0,0.0,-0.353642,-0.08027000000000001,PRK,900699
30565908,178,9683,2017,0.0,0.0,-0.353642,-0.08027000000000001,PRK,900711
30572434,178,9684,2017,0.0,0.0,-0.353642,-0.08027000000000001,PRK,900719
30578960,178,9685,2017,0.0,0.0,-0.353642,-0.08027000000000001,PRK,900721
30585486,178,9686,2017,0.0,0.0,-0.353642,-0.08027000000000001,PRK,900729
30592012,178,9687,2017,0.0,0.0,-0.353642,-0.08027000000000001,PRK,900791
30598538,178,9688,2017,1.5603377130289542e-09,0.0,-0.353642,-0.08027000000000001,PRK,900792
30605064,178,9689,2017,0.0,0.0,-0.353642,-0.08027000000000001,PRK,900810
30611590,178,9690,2017,0.0,0.0,-0.353642,-0.08027000000000001,PRK,900820
30618116,178,9691,2017,0.0,5.66883006943393e-09,-0.353642,-0.08027000000000001,PRK,900830
30624642,178,9692,2017,0.0,0.0,-0.353642,-0.08027000000000001,PRK,900840
30631168,178,9693,2017,0.0,3.9904533463508254e-10,-0.353642,-0.08027000000000001,PRK,900890
30637694,178,9694,2017,0.0,0.0,-0.353642,-0.08027000000000001,PRK,900911
30644220,178,9695,2017,1.6443092764937674e-08,1.5228020718557725e-08,-0.353642,-0.08027000000000001,PRK,900912
30650746,178,9696,2017,0.0,0.0,-0.353642,-0.08027000000000001,PRK,900921
30657272,178,9697,2017,0.0,0.0,-0.353642,-0.08027000000000001,PRK,900922
30663798,178,9698,2017,0.0,0.0,-0.353642,-0.08027000000000001,PRK,900930
30670324,178,9699,2017,0.0,0.0,-0.353642,-0.08027000000000001,PRK,900990
30676850,178,9700,2017,0.0,1.128529372452206e-09,-0.353642,-0.08027000000000001,PRK,901010
30683376,178,9701,2017,0.0,2.0383129634599316e-09,-0.353642,-0.08027000000000001,PRK,901020
30689902,178,9702,2017,0.0,1.9421973928252354e-08,-0.353642,-0.08027000000000001,PRK,901030
30696428,178,9703,2017,0.0,0.0,-0.353642,-0.08027000000000001,PRK,901090
30702954,178,9704,2017,0.0,4.772635231515937e-10,-0.353642,-0.08027000000000001,PRK,901110
30709480,178,9705,2017,0.0,0.0,-0.353642,-0.08027000000000001,PRK,901120
30716006,178,9706,2017,0.0,3.121866877515143e-08,-0.353642,-0.08027000000000001,PRK,901180
30722532,178,9707,2017,0.0,0.0,-0.353642,-0.08027000000000001,PRK,901190
30729058,178,9708,2017,0.0,0.0,-0.353642,-0.08027000000000001,PRK,901210
30735584,178,9709,2017,0.0,0.0,-0.353642,-0.08027000000000001,PRK,901290
30742110,178,9710,2017,0.0,0.0,-0.353642,-0.08027000000000001,PRK,901310
30748636,178,9711,2017,0.0,0.0,-0.353642,-0.08027000000000001,PRK,901320
30755162,178,9712,2017,8.499461650796445e-08,1.9981366549346286e-07,-0.353642,-0.08027000000000001,PRK,901380
30761688,178,9713,2017,1.3303326005432334e-09,8.378957728330167e-09,-0.353642,-0.08027000000000001,PRK,901390
30768214,178,9714,2017,0.0,3.80617659713396e-09,-0.353642,-0.08027000000000001,PRK,901410
30774740,178,9715,2017,0.0,0.0,-0.353642,-0.08027000000000001,PRK,901420
30781266,178,9716,2017,5.6510347004396845e-09,0.0,-0.353642,-0.08027000000000001,PRK,901480
30787792,178,9717,2017,0.0,0.0,-0.353642,-0.08027000000000001,PRK,901490
30794318,178,9718,2017,0.0,1.8765736583918914e-09,-0.353642,-0.08027000000000001,PRK,901510
30800844,178,9719,2017,0.0,1.9126998556304495e-08,-0.353642,-0.08027000000000001,PRK,901520
30807370,178,9720,2017,0.0,7.937488969414943e-09,-0.353642,-0.08027000000000001,PRK,901530
30813896,178,9721,2017,0.0,0.0,-0.353642,-0.08027000000000001,PRK,901540
30820422,178,9722,2017,0.0,4.638703155331521e-08,-0.353642,-0.08027000000000001,PRK,901580
30826948,178,9723,2017,0.0,8.716687957560357e-10,-0.353642,-0.08027000000000001,PRK,901590
30833474,178,9724,2017,0.0,7.051568554564797e-09,-0.353642,-0.08027000000000001,PRK,901600
30840000,178,9725,2017,0.0,4.61719315348948e-09,-0.353642,-0.08027000000000001,PRK,901710
30846526,178,9726,2017,0.0,4.325001818760005e-08,-0.353642,-0.08027000000000001,PRK,901720
30853052,178,9727,2017,0.0,1.4800803578736611e-08,-0.353642,-0.08027000000000001,PRK,901730
30859578,178,9728,2017,8.03351189986358e-10,2.372927722469549e-07,-0.353642,-0.08027000000000001,PRK,901780
30866104,178,9729,2017,0.0,0.0,-0.353642,-0.08027000000000001,PRK,901790
30872630,178,9730,2017,5.354967513485074e-09,2.757522578209208e-09,-0.353642,-0.08027000000000001,PRK,901811
30879156,178,9731,2017,1.788163989205357e-07,3.635886320609454e-08,-0.353642,-0.08027000000000001,PRK,901819
30885682,178,9732,2017,0.0,1.8762422253897026e-09,-0.353642,-0.08027000000000001,PRK,901820
30892208,178,9733,2017,8.57412997716862e-09,3.616292001520063e-07,-0.353642,-0.08027000000000001,PRK,901831
30898734,178,9734,2017,3.6631117255960377e-09,6.218677420064829e-08,-0.353642,-0.08027000000000001,PRK,901832
30905260,178,9735,2017,5.1085984009015555e-09,3.4765797337774777e-07,-0.353642,-0.08027000000000001,PRK,901839
30911786,178,9736,2017,0.0,0.0,-0.353642,-0.08027000000000001,PRK,901841
30918312,178,9737,2017,4.005846616533258e-09,2.3444576275815474e-08,-0.353642,-0.08027000000000001,PRK,901849
30924838,178,9738,2017,2.3642646733891234e-08,5.1523580221234236e-08,-0.353642,-0.08027000000000001,PRK,901850
30931364,178,9739,2017,1.6986680605223425e-07,4.461313583900135e-07,-0.353642,-0.08027000000000001,PRK,901890
30937890,178,9740,2017,0.0,2.3198023265487371e-07,-0.353642,-0.08027000000000001,PRK,901910
30944416,178,9741,2017,0.0,2.6926611396808977e-08,-0.353642,-0.08027000000000001,PRK,901920
30950942,178,9742,2017,7.327435599347468e-10,7.019088120350314e-09,-0.353642,-0.08027000000000001,PRK,902000
30957468,178,9743,2017,0.0,1.1931588078789843e-09,-0.353642,-0.08027000000000001,PRK,902111
30963994,178,9744,2017,1.4800328977342032e-09,1.0038111337286332e-08,-0.353642,-0.08027000000000001,PRK,902119
30970520,178,9745,2017,0.0,0.0,-0.353642,-0.08027000000000001,PRK,902121
30977046,178,9746,2017,3.7564774372651424e-08,3.947035623064118e-09,-0.353642,-0.08027000000000001,PRK,902129
30983572,178,9747,2017,8.65473782950222e-10,1.0884292935174065e-07,-0.353642,-0.08027000000000001,PRK,902130
30990098,178,9748,2017,0.0,0.0,-0.353642,-0.08027000000000001,PRK,902140
30996624,178,9749,2017,0.0,0.0,-0.353642,-0.08027000000000001,PRK,902150
31003150,178,9750,2017,1.1223582807817707e-08,1.1931588078789843e-09,-0.353642,-0.08027000000000001,PRK,902190
31009676,178,9751,2017,3.986664371974172e-08,6.308330047156847e-08,-0.353642,-0.08027000000000001,PRK,902211
31016202,178,9752,2017,0.0,0.0,-0.353642,-0.08027000000000001,PRK,902219
31022728,178,9753,2017,0.0,0.0,-0.353642,-0.08027000000000001,PRK,902221
31029254,178,9754,2017,0.0,0.0,-0.353642,-0.08027000000000001,PRK,902229
31035780,178,9755,2017,0.0,0.0,-0.353642,-0.08027000000000001,PRK,902230
31042306,178,9756,2017,3.123705796446389e-08,2.4502178985799318e-08,-0.353642,-0.08027000000000001,PRK,902290
31048832,178,9757,2017,1.4904334319445093e-06,8.529196308222262e-08,-0.353642,-0.08027000000000001,PRK,902300
31055358,178,9758,2017,0.0,1.8189043160110737e-09,-0.353642,-0.08027000000000001,PRK,902410
31061884,178,9759,2017,0.0,2.4588682999370546e-08,-0.353642,-0.08027000000000001,PRK,902480
31068410,178,9760,2017,0.0,0.0,-0.353642,-0.08027000000000001,PRK,902490
31074936,178,9761,2017,0.0,2.9056399868872964e-08,-0.353642,-0.08027000000000001,PRK,902511
31081462,178,9762,2017,1.6857950471120747e-09,7.933180340386491e-09,-0.353642,-0.08027000000000001,PRK,902519
31087988,178,9763,2017,0.0,0.0,-0.353642,-0.08027000000000001,PRK,902520
31094514,178,9764,2017,1.3997280824394522e-09,2.3996080791457317e-08,-0.353642,-0.08027000000000001,PRK,902580
31101040,178,9765,2017,1.0327502283943826e-09,1.4777934701585597e-08,-0.353642,-0.08027000000000001,PRK,902590
31107566,178,9766,2017,7.491075600325451e-10,2.232333842941142e-08,-0.353642,-0.08027000000000001,PRK,902610
31114092,178,9767,2017,3.826721422870136e-08,5.11261920516101e-08,-0.353642,-0.08027000000000001,PRK,902620
31120618,178,9768,2017,3.387954094321947e-10,4.084248885970201e-09,-0.353642,-0.08027000000000001,PRK,902680
31127144,178,9769,2017,1.9606496413473166e-09,9.999333676030266e-10,-0.353642,-0.08027000000000001,PRK,902690
31133670,178,9770,2017,1.0274470802145405e-08,4.830967439901132e-09,-0.353642,-0.08027000000000001,PRK,902710
31140196,178,9771,2017,1.9741650932799427e-08,9.226431914926434e-09,-0.353642,-0.08027000000000001,PRK,902720
31146722,178,9772,2017,2.9473382398367856e-09,1.619282218792876e-08,-0.353642,-0.08027000000000001,PRK,902730
31153248,178,9773,2017,0.0,0.0,-0.353642,-0.08027000000000001,PRK,902740
31159774,178,9774,2017,2.769455498032941e-09,1.7695207986849714e-09,-0.353642,-0.08027000000000001,PRK,902750
31166300,178,9775,2017,2.1488356424719973e-08,5.861293213804854e-08,-0.353642,-0.08027000000000001,PRK,902780
31172826,178,9776,2017,1.3452723265584455e-08,1.1764214412684596e-08,-0.353642,-0.08027000000000001,PRK,902790
31179352,178,9777,2017,2.841690436983166e-07,0.0,-0.353642,-0.08027000000000001,PRK,902810
31185878,178,9778,2017,0.0,5.153783184032835e-09,-0.353642,-0.08027000000000001,PRK,902820
31192404,178,9779,2017,0.0,7.000461585627314e-08,-0.353642,-0.08027000000000001,PRK,902830
31198930,178,9780,2017,7.357739303232279e-10,0.0,-0.353642,-0.08027000000000001,PRK,902890
31205456,178,9781,2017,0.0,7.703497269869787e-09,-0.353642,-0.08027000000000001,PRK,902910
31211982,178,9782,2017,0.0,0.0,-0.353642,-0.08027000000000001,PRK,902920
31218508,178,9783,2017,0.0,0.0,-0.353642,-0.08027000000000001,PRK,902990
31225034,178,9784,2017,0.0,0.0,-0.353642,-0.08027000000000001,PRK,903010
31231560,178,9785,2017,0.0,1.8749164933809484e-09,-0.353642,-0.08027000000000001,PRK,903020
31238086,178,9786,2017,0.0,3.5638990725340884e-08,-0.353642,-0.08027000000000001,PRK,903031
31244612,178,9787,2017,1.6130661577885266e-09,2.442826942631126e-08,-0.353642,-0.08027000000000001,PRK,903039
31251138,178,9788,2017,2.1024709755282355e-09,2.0880279137882224e-09,-0.353642,-0.08027000000000001,PRK,903040
31257664,178,9789,2017,4.39009758179267e-09,3.414919938050309e-08,-0.353642,-0.08027000000000001,PRK,903081
31264190,178,9790,2017,0.0,1.3456179888857433e-09,-0.353642,-0.08027000000000001,PRK,903089
31270716,178,9791,2017,7.666837082857359e-10,0.0,-0.353642,-0.08027000000000001,PRK,903090
31277242,178,9792,2017,0.0,7.639530700447385e-10,-0.353642,-0.08027000000000001,PRK,903110
31283768,178,9793,2017,0.0,1.2311741732300174e-08,-0.353642,-0.08027000000000001,PRK,903120
31290294,178,9794,2017,0.0,0.0,-0.353642,-0.08027000000000001,PRK,903130
31296820,178,9795,2017,2.7331516607789362e-08,6.247843524257426e-09,-0.353642,-0.08027000000000001,PRK,903140
31303346,178,9796,2017,1.3567422784788467e-07,8.987833296650856e-08,-0.353642,-0.08027000000000001,PRK,903180
31309872,178,9797,2017,3.728234385244498e-08,9.59829974338205e-10,-0.353642,-0.08027000000000001,PRK,903190
31316398,178,9798,2017,2.3309609028197155e-09,2.8445568845839362e-08,-0.353642,-0.08027000000000001,PRK,903210
31322924,178,9799,2017,0.0,0.0,-0.353642,-0.08027000000000001,PRK,903220
31329450,178,9800,2017,0.0,0.0,-0.353642,-0.08027000000000001,PRK,903281
31335976,178,9801,2017,4.403976678171914e-08,1.7761726590388967e-07,-0.353642,-0.08027000000000001,PRK,903289
31342502,178,9802,2017,2.5110255113032665e-08,7.503643169550057e-10,-0.353642,-0.08027000000000001,PRK,903290
31349028,178,9803,2017,4.309186692420223e-09,9.430926077276804e-09,-0.353642,-0.08027000000000001,PRK,903300
31355554,178,9804,2017,0.0,0.0,-0.353642,-0.08027000000000001,PRK,910111
31362080,178,9805,2017,0.0,0.0,-0.353642,-0.08027000000000001,PRK,910112
31368606,178,9806,2017,0.0,0.0,-0.353642,-0.08027000000000001,PRK,910119
31375132,178,9807,2017,0.0,0.0,-0.353642,-0.08027000000000001,PRK,910121
31381658,178,9808,2017,0.0,0.0,-0.353642,-0.08027000000000001,PRK,910129
31388184,178,9809,2017,0.0,0.0,-0.353642,-0.08027000000000001,PRK,910191
31394710,178,9810,2017,0.0,0.0,-0.353642,-0.08027000000000001,PRK,910199
31401236,178,9811,2017,0.0,2.4778594109624615e-07,-0.353642,-0.08027000000000001,PRK,910211
31407762,178,9812,2017,0.0,2.5951966367272943e-07,-0.353642,-0.08027000000000001,PRK,910212
31414288,178,9813,2017,0.0,1.089254561692856e-07,-0.353642,-0.08027000000000001,PRK,910219
31420814,178,9814,2017,0.0,3.833354103313426e-09,-0.353642,-0.08027000000000001,PRK,910221
31427340,178,9815,2017,0.0,3.8181081852127494e-10,-0.353642,-0.08027000000000001,PRK,910229
31433866,178,9816,2017,0.0,0.0,-0.353642,-0.08027000000000001,PRK,910291
31440392,178,9817,2017,0.0,3.314330021886067e-10,-0.353642,-0.08027000000000001,PRK,910299
31446918,178,9818,2017,0.0,5.224984935893013e-07,-0.353642,-0.08027000000000001,PRK,910310
31453444,178,9819,2017,0.0,0.0,-0.353642,-0.08027000000000001,PRK,910390
31459970,178,9820,2017,0.0,0.0,-0.353642,-0.08027000000000001,PRK,910400
31466496,178,9821,2017,0.0,1.1411901131358107e-08,-0.353642,-0.08027000000000001,PRK,910511
31473022,178,9822,2017,7.372891155174685e-10,0.0,-0.353642,-0.08027000000000001,PRK,910519
31479548,178,9823,2017,0.0,5.780290988069958e-08,-0.353642,-0.08027000000000001,PRK,910521
31486074,178,9824,2017,0.0,3.314330021886067e-10,-0.353642,-0.08027000000000001,PRK,910529
31492600,178,9825,2017,0.0,7.979037410569306e-07,-0.353642,-0.08027000000000001,PRK,910591
31499126,178,9826,2017,0.0,5.816649188410048e-10,-0.353642,-0.08027000000000001,PRK,910599
31505652,178,9827,2017,0.0,0.0,-0.353642,-0.08027000000000001,PRK,910610
31512178,178,9828,2017,0.0,0.0,-0.353642,-0.08027000000000001,PRK,910620
31518704,178,9829,2017,0.0,0.0,-0.353642,-0.08027000000000001,PRK,910690
31525230,178,9830,2017,3.951602986579445e-10,0.0,-0.353642,-0.08027000000000001,PRK,910700
31531756,178,9831,2017,4.836419623719343e-07,0.0,-0.353642,-0.08027000000000001,PRK,910811
31538282,178,9832,2017,0.0,0.0,-0.353642,-0.08027000000000001,PRK,910812
31544808,178,9833,2017,0.0,0.0,-0.353642,-0.08027000000000001,PRK,910819
31551334,178,9834,2017,0.0,0.0,-0.353642,-0.08027000000000001,PRK,910820
31557860,178,9835,2017,0.0,0.0,-0.353642,-0.08027000000000001,PRK,910891
31564386,178,9836,2017,0.0,0.0,-0.353642,-0.08027000000000001,PRK,910899
31570912,178,9837,2017,0.0,0.0,-0.353642,-0.08027000000000001,PRK,910911
31577438,178,9838,2017,0.0,4.706348631078216e-10,-0.353642,-0.08027000000000001,PRK,910919
31583964,178,9839,2017,0.0,0.0,-0.353642,-0.08027000000000001,PRK,910990
31590490,178,9840,2017,0.0,0.0,-0.353642,-0.08027000000000001,PRK,911011
31597016,178,9841,2017,0.0,0.0,-0.353642,-0.08027000000000001,PRK,911012
31603542,178,9842,2017,0.0,0.0,-0.353642,-0.08027000000000001,PRK,911019
31610068,178,9843,2017,0.0,0.0,-0.353642,-0.08027000000000001,PRK,911090
31616594,178,9844,2017,0.0,0.0,-0.353642,-0.08027000000000001,PRK,911110
31623120,178,9845,2017,0.0,0.0,-0.353642,-0.08027000000000001,PRK,911120
31629646,178,9846,2017,0.0,0.0,-0.353642,-0.08027000000000001,PRK,911180
31636172,178,9847,2017,0.0,0.0,-0.353642,-0.08027000000000001,PRK,911190
31642698,178,9848,2017,0.0,0.0,-0.353642,-0.08027000000000001,PRK,911210
31649224,178,9849,2017,0.0,0.0,-0.353642,-0.08027000000000001,PRK,911280
31655750,178,9850,2017,0.0,0.0,-0.353642,-0.08027000000000001,PRK,911290
31662276,178,9851,2017,0.0,0.0,-0.353642,-0.08027000000000001,PRK,911310
31668802,178,9852,2017,1.822161714593727e-08,1.095452358833783e-08,-0.353642,-0.08027000000000001,PRK,911320
31675328,178,9853,2017,0.0,0.0,-0.353642,-0.08027000000000001,PRK,911390
31681854,178,9854,2017,0.0,0.0,-0.353642,-0.08027000000000001,PRK,911410
31688380,178,9855,2017,0.0,0.0,-0.353642,-0.08027000000000001,PRK,911420
31694906,178,9856,2017,0.0,0.0,-0.353642,-0.08027000000000001,PRK,911430
31701432,178,9857,2017,0.0,5.62809695346495e-08,-0.353642,-0.08027000000000001,PRK,911440
31707958,178,9858,2017,0.0,6.586365878362847e-07,-0.353642,-0.08027000000000001,PRK,911490
31714484,178,9859,2017,0.0,2.781720501698998e-07,-0.353642,-0.08027000000000001,PRK,920110
31721010,178,9860,2017,0.0,0.0,-0.353642,-0.08027000000000001,PRK,920120
31727536,178,9861,2017,0.0,3.344158992083042e-09,-0.353642,-0.08027000000000001,PRK,920190
31734062,178,9862,2017,0.0,1.681359620102802e-09,-0.353642,-0.08027000000000001,PRK,920210
31740588,178,9863,2017,0.0,2.42350439860353e-08,-0.353642,-0.08027000000000001,PRK,920290
31747114,178,9864,2017,0.0,0.0,-0.353642,-0.08027000000000001,PRK,920300
31753640,178,9865,2017,0.0,0.0,-0.353642,-0.08027000000000001,PRK,920410
31760166,178,9866,2017,0.0,0.0,-0.353642,-0.08027000000000001,PRK,920420
31766692,178,9867,2017,0.0,5.00728979706547e-09,-0.353642,-0.08027000000000001,PRK,920510
31773218,178,9868,2017,3.1270604164664384e-07,1.9885980131316404e-09,-0.353642,-0.08027000000000001,PRK,920590
31779744,178,9869,2017,9.750216724938163e-09,7.387707905384481e-08,-0.353642,-0.08027000000000001,PRK,920600
31786270,178,9870,2017,0.0,1.691047406756775e-07,-0.353642,-0.08027000000000001,PRK,920710
31792796,178,9871,2017,1.5518526759412068e-09,0.0,-0.353642,-0.08027000000000001,PRK,920790
31799322,178,9872,2017,0.0,1.499402901901257e-09,-0.353642,-0.08027000000000001,PRK,920810
31805848,178,9873,2017,0.0,1.5391748621638897e-09,-0.353642,-0.08027000000000001,PRK,920890
31812374,178,9874,2017,0.0,0.0,-0.353642,-0.08027000000000001,PRK,920910
31818900,178,9875,2017,0.0,0.0,-0.353642,-0.08027000000000001,PRK,920920
31825426,178,9876,2017,0.0,1.3373321638310282e-09,-0.353642,-0.08027000000000001,PRK,920930
31831952,178,9877,2017,0.0,2.283904818081689e-09,-0.353642,-0.08027000000000001,PRK,920991
31838478,178,9878,2017,0.0,1.512660221988801e-09,-0.353642,-0.08027000000000001,PRK,920992
31845004,178,9879,2017,0.0,0.0,-0.353642,-0.08027000000000001,PRK,920993
31851530,178,9880,2017,0.0,1.0058328750419837e-08,-0.353642,-0.08027000000000001,PRK,920994
31858056,178,9881,2017,1.4257892677803902e-08,6.612254110163799e-08,-0.353642,-0.08027000000000001,PRK,920999
31864582,178,9882,2017,0.0,0.0,-0.353642,-0.08027000000000001,PRK,930100
31871108,178,9883,2017,0.0,0.0,-0.353642,-0.08027000000000001,PRK,930200
31877634,178,9884,2017,0.0,0.0,-0.353642,-0.08027000000000001,PRK,930310
31884160,178,9885,2017,0.0,3.8777661256066985e-09,-0.353642,-0.08027000000000001,PRK,930320
31890686,178,9886,2017,0.0,0.0,-0.353642,-0.08027000000000001,PRK,930330
31897212,178,9887,2017,0.0,0.0,-0.353642,-0.08027000000000001,PRK,930390
31903738,178,9888,2017,0.0,0.0,-0.353642,-0.08027000000000001,PRK,930400
31910264,178,9889,2017,0.0,0.0,-0.353642,-0.08027000000000001,PRK,930510
31916790,178,9890,2017,0.0,0.0,-0.353642,-0.08027000000000001,PRK,930521
31923316,178,9891,2017,0.0,0.0,-0.353642,-0.08027000000000001,PRK,930529
31929842,178,9892,2017,0.0,0.0,-0.353642,-0.08027000000000001,PRK,930590
31936368,178,9893,2017,0.0,0.0,-0.353642,-0.08027000000000001,PRK,930610
31942894,178,9894,2017,0.0,0.0,-0.353642,-0.08027000000000001,PRK,930621
31949420,178,9895,2017,0.0,0.0,-0.353642,-0.08027000000000001,PRK,930629
31955946,178,9896,2017,0.0,0.0,-0.353642,-0.08027000000000001,PRK,930630
31962472,178,9897,2017,1.4711236087920686e-08,0.0,-0.353642,-0.08027000000000001,PRK,930690
31968998,178,9898,2017,0.0,0.0,-0.353642,-0.08027000000000001,PRK,930700
31975524,178,9899,2017,0.0,0.0,-0.353642,-0.08027000000000001,PRK,940110
31982050,178,9900,2017,0.0,3.524458545273644e-09,-0.353642,-0.08027000000000001,PRK,940120
31988576,178,9901,2017,3.0506738700839934e-09,4.8531403077475495e-08,-0.353642,-0.08027000000000001,PRK,940130
31995102,178,9902,2017,0.0,3.6876230122510954e-08,-0.353642,-0.08027000000000001,PRK,940140
32001628,178,9903,2017,0.0,3.415748520555781e-09,-0.353642,-0.08027000000000001,PRK,940150
32008154,178,9904,2017,0.0,5.20761784657833e-07,-0.353642,-0.08027000000000001,PRK,940161
32014680,178,9905,2017,0.0,5.5596228952127836e-08,-0.353642,-0.08027000000000001,PRK,940169
32021206,178,9906,2017,0.0,6.797064466514187e-07,-0.353642,-0.08027000000000001,PRK,940171
32027732,178,9907,2017,0.0,3.989923053547323e-08,-0.353642,-0.08027000000000001,PRK,940179
32034258,178,9908,2017,0.0,1.3935862872925005e-07,-0.353642,-0.08027000000000001,PRK,940180
32040784,178,9909,2017,2.242534694883835e-08,6.4178686543801805e-09,-0.353642,-0.08027000000000001,PRK,940190
32047310,178,9910,2017,8.455218243124619e-08,1.562607175418624e-08,-0.353642,-0.08027000000000001,PRK,940210
32053836,178,9911,2017,1.5485192685138776e-09,3.680033196500976e-08,-0.353642,-0.08027000000000001,PRK,940290
32060362,178,9912,2017,1.3306356375820815e-09,8.447259441421194e-07,-0.353642,-0.08027000000000001,PRK,940310
32066888,178,9913,2017,4.044938394544665e-09,4.9053681830984345e-06,-0.353642,-0.08027000000000001,PRK,940320
32073414,178,9914,2017,2.650968015843327e-09,1.764933765934681e-07,-0.353642,-0.08027000000000001,PRK,940330
32079940,178,9915,2017,0.0,3.285654438536709e-07,-0.353642,-0.08027000000000001,PRK,940340
32086466,178,9916,2017,9.791126725182658e-10,2.8531675139807962e-06,-0.353642,-0.08027000000000001,PRK,940350
32092992,178,9917,2017,1.2585734297439992e-08,6.12972743093745e-07,-0.353642,-0.08027000000000001,PRK,940360
32099518,178,9918,2017,8.545644495516898e-10,1.887805591403061e-06,-0.353642,-0.08027000000000001,PRK,940370
32106044,178,9919,2017,0.0,1.1215394504360482e-07,-0.353642,-0.08027000000000001,PRK,940380
32112570,178,9920,2017,0.0,1.1907028893327667e-07,-0.353642,-0.08027000000000001,PRK,940390
32119096,178,9921,2017,0.0,5.94481101602636e-07,-0.353642,-0.08027000000000001,PRK,940410
32125622,178,9922,2017,0.0,1.20573337598202e-07,-0.353642,-0.08027000000000001,PRK,940421
32132148,178,9923,2017,2.432478310833835e-09,2.42503230474362e-07,-0.353642,-0.08027000000000001,PRK,940429
32138674,178,9924,2017,1.1651774143710097e-09,1.8533733482386889e-09,-0.353642,-0.08027000000000001,PRK,940430
32145200,178,9925,2017,1.4463957864220623e-09,1.311376651130632e-06,-0.353642,-0.08027000000000001,PRK,940490
32151726,178,9926,2017,4.802227954626109e-09,1.42388092085755e-06,-0.353642,-0.08027000000000001,PRK,940510
32158252,178,9927,2017,0.0,1.7239819041842568e-07,-0.353642,-0.08027000000000001,PRK,940520
32164778,178,9928,2017,1.7324627510946845e-09,0.0,-0.353642,-0.08027000000000001,PRK,940530
32171304,178,9929,2017,2.6102398378221402e-08,1.9255309528771793e-06,-0.353642,-0.08027000000000001,PRK,940540
32177830,178,9930,2017,0.0,4.5860384512837516e-09,-0.353642,-0.08027000000000001,PRK,940550
32184356,178,9931,2017,0.0,2.071787696680981e-09,-0.353642,-0.08027000000000001,PRK,940560
32190882,178,9932,2017,0.0,1.9574433109259115e-09,-0.353642,-0.08027000000000001,PRK,940591
32197408,178,9933,2017,3.1037053518824137e-09,2.954526354710116e-08,-0.353642,-0.08027000000000001,PRK,940592
32203934,178,9934,2017,1.267785755724982e-08,5.7685582597924816e-08,-0.353642,-0.08027000000000001,PRK,940599
32210460,178,9935,2017,1.8092826404426821e-07,3.5164809529109645e-07,-0.353642,-0.08027000000000001,PRK,940600
32216986,178,9936,2017,0.0,0.0,-0.353642,-0.08027000000000001,PRK,950100
32223512,178,9937,2017,0.0,0.0,-0.353642,-0.08027000000000001,PRK,950210
32230038,178,9938,2017,0.0,0.0,-0.353642,-0.08027000000000001,PRK,950291
32236564,178,9939,2017,0.0,0.0,-0.353642,-0.08027000000000001,PRK,950299
32243090,178,9940,2017,0.0,0.0,-0.353642,-0.08027000000000001,PRK,950310
32249616,178,9941,2017,0.0,0.0,-0.353642,-0.08027000000000001,PRK,950320
32256142,178,9942,2017,0.0,0.0,-0.353642,-0.08027000000000001,PRK,950330
32262668,178,9943,2017,0.0,0.0,-0.353642,-0.08027000000000001,PRK,950341
32269194,178,9944,2017,0.0,0.0,-0.353642,-0.08027000000000001,PRK,950349
32275720,178,9945,2017,0.0,0.0,-0.353642,-0.08027000000000001,PRK,950350
32282246,178,9946,2017,0.0,0.0,-0.353642,-0.08027000000000001,PRK,950360
32288772,178,9947,2017,0.0,0.0,-0.353642,-0.08027000000000001,PRK,950370
32295298,178,9948,2017,0.0,0.0,-0.353642,-0.08027000000000001,PRK,950380
32301824,178,9949,2017,2.4155264188806713e-07,6.814703330890665e-07,-0.353642,-0.08027000000000001,PRK,950390
32308350,178,9950,2017,0.0,0.0,-0.353642,-0.08027000000000001,PRK,950410
32314876,178,9951,2017,0.0,1.4344420334722899e-08,-0.353642,-0.08027000000000001,PRK,950420
32321402,178,9952,2017,9.543545464443747e-09,6.513984225014877e-09,-0.353642,-0.08027000000000001,PRK,950430
32327928,178,9953,2017,0.0,1.3259507545358713e-07,-0.353642,-0.08027000000000001,PRK,950440
32334454,178,9954,2017,0.0,2.9193944564781236e-08,-0.353642,-0.08027000000000001,PRK,950490
32340980,178,9955,2017,0.0,1.361506887010665e-07,-0.353642,-0.08027000000000001,PRK,950510
32347506,178,9956,2017,1.0731935515990522e-07,1.4182349596652671e-08,-0.353642,-0.08027000000000001,PRK,950590
32354032,178,9957,2017,0.0,0.0,-0.353642,-0.08027000000000001,PRK,950611
32360558,178,9958,2017,0.0,0.0,-0.353642,-0.08027000000000001,PRK,950612
32367084,178,9959,2017,0.0,5.965794039394922e-10,-0.353642,-0.08027000000000001,PRK,950619
32373610,178,9960,2017,0.0,0.0,-0.353642,-0.08027000000000001,PRK,950621
32380136,178,9961,2017,0.0,7.480641719198168e-08,-0.353642,-0.08027000000000001,PRK,950629
32386662,178,9962,2017,0.0,0.0,-0.353642,-0.08027000000000001,PRK,950631
32393188,178,9963,2017,0.0,0.0,-0.353642,-0.08027000000000001,PRK,950632
32399714,178,9964,2017,0.0,0.0,-0.353642,-0.08027000000000001,PRK,950639
32406240,178,9965,2017,0.0,3.3853992005453705e-07,-0.353642,-0.08027000000000001,PRK,950640
32412766,178,9966,2017,0.0,0.0,-0.353642,-0.08027000000000001,PRK,950651
32419292,178,9967,2017,0.0,1.0407692278026848e-07,-0.353642,-0.08027000000000001,PRK,950659
32425818,178,9968,2017,0.0,0.0,-0.353642,-0.08027000000000001,PRK,950661
32432344,178,9969,2017,5.2453893202375954e-08,2.2315682327060861e-07,-0.353642,-0.08027000000000001,PRK,950662
32438870,178,9970,2017,0.0,9.62448295055495e-09,-0.353642,-0.08027000000000001,PRK,950669
32445396,178,9971,2017,0.0,1.3555941222516205e-07,-0.353642,-0.08027000000000001,PRK,950670
32451922,178,9972,2017,1.0024465245095709e-08,2.8893732551398793e-07,-0.353642,-0.08027000000000001,PRK,950691
32458448,178,9973,2017,6.272866704156021e-10,1.34949575501135e-07,-0.353642,-0.08027000000000001,PRK,950699
32464974,178,9974,2017,0.0,5.581928336260077e-08,-0.353642,-0.08027000000000001,PRK,950710
32471500,178,9975,2017,2.817032313132095e-08,5.584016364173865e-08,-0.353642,-0.08027000000000001,PRK,950720
32478026,178,9976,2017,0.0,1.1977988699096248e-09,-0.353642,-0.08027000000000001,PRK,950730
32484552,178,9977,2017,1.1443799823948634e-07,6.249798978970338e-08,-0.353642,-0.08027000000000001,PRK,950790
32491078,178,9978,2017,1.9421643819775815e-09,7.290863182144971e-09,-0.353642,-0.08027000000000001,PRK,950800
32497604,178,9979,2017,0.0,0.0,-0.353642,-0.08027000000000001,PRK,960110
32504130,178,9980,2017,0.0,0.0,-0.353642,-0.08027000000000001,PRK,960190
32510656,178,9981,2017,7.838053009806545e-09,5.934904483590943e-08,-0.353642,-0.08027000000000001,PRK,960200
32517182,178,9982,2017,0.0,0.0,-0.353642,-0.08027000000000001,PRK,960310
32523708,178,9983,2017,0.0,3.013057422896624e-07,-0.353642,-0.08027000000000001,PRK,960321
32530234,178,9984,2017,0.0,1.804321263914775e-09,-0.353642,-0.08027000000000001,PRK,960329
32536760,178,9985,2017,2.682483867883531e-09,4.159484177467015e-10,-0.353642,-0.08027000000000001,PRK,960330
32543286,178,9986,2017,0.0,1.4186823942182217e-07,-0.353642,-0.08027000000000001,PRK,960340
32549812,178,9987,2017,0.0,2.118619179890231e-08,-0.353642,-0.08027000000000001,PRK,960350
32556338,178,9988,2017,1.2057843775766574e-09,1.387342089531267e-07,-0.353642,-0.08027000000000001,PRK,960390
32562864,178,9989,2017,0.0,0.0,-0.353642,-0.08027000000000001,PRK,960400
32569390,178,9990,2017,0.0,4.759377911428392e-10,-0.353642,-0.08027000000000001,PRK,960500
32575916,178,9991,2017,4.151607432219202e-10,2.3443369859687507e-06,-0.353642,-0.08027000000000001,PRK,960610
32582442,178,9992,2017,0.0,8.230837005322057e-07,-0.353642,-0.08027000000000001,PRK,960621
32588968,178,9993,2017,8.221394863949413e-10,2.2186887462410368e-07,-0.353642,-0.08027000000000001,PRK,960622
32595494,178,9994,2017,0.0,1.957509597526349e-08,-0.353642,-0.08027000000000001,PRK,960629
32602020,178,9995,2017,0.0,6.203762934966341e-08,-0.353642,-0.08027000000000001,PRK,960630
32608546,178,9996,2017,0.0,2.69332930861331e-06,-0.353642,-0.08027000000000001,PRK,960711
32615072,178,9997,2017,3.821903133952451e-09,8.20563881703166e-06,-0.353642,-0.08027000000000001,PRK,960719
32621598,178,9998,2017,0.0,3.1431283046055427e-07,-0.353642,-0.08027000000000001,PRK,960720
32628124,178,9999,2017,0.0,1.1448706766251152e-06,-0.353642,-0.08027000000000001,PRK,960810
32634650,178,10000,2017,4.9770803260414725e-09,1.0907625818528142e-07,-0.353642,-0.08027000000000001,PRK,960820
32641176,178,10001,2017,0.0,0.0,-0.353642,-0.08027000000000001,PRK,960831
32647702,178,10002,2017,3.4485615020915706e-10,7.391950247812496e-08,-0.353642,-0.08027000000000001,PRK,960839
32654228,178,10003,2017,3.345528908883211e-10,7.974742038860942e-08,-0.353642,-0.08027000000000001,PRK,960840
32660754,178,10004,2017,4.348581507470478e-10,0.0,-0.353642,-0.08027000000000001,PRK,960850
32667280,178,10005,2017,0.0,1.9826156474421362e-07,-0.353642,-0.08027000000000001,PRK,960860
32673806,178,10006,2017,0.0,1.610963250437942e-08,-0.353642,-0.08027000000000001,PRK,960891
32680332,178,10007,2017,3.469168020733243e-09,3.104035781997397e-08,-0.353642,-0.08027000000000001,PRK,960899
32686858,178,10008,2017,1.6460971950229712e-09,7.385321587768723e-08,-0.353642,-0.08027000000000001,PRK,960910
32693384,178,10009,2017,0.0,6.022601655970049e-08,-0.353642,-0.08027000000000001,PRK,960920
32699910,178,10010,2017,1.8512532703231465e-09,4.6508336032116243e-08,-0.353642,-0.08027000000000001,PRK,960990
32706436,178,10011,2017,0.0,2.5830893891573444e-08,-0.353642,-0.08027000000000001,PRK,961000
32712962,178,10012,2017,3.560685206465374e-10,4.378229958911495e-10,-0.353642,-0.08027000000000001,PRK,961100
32719488,178,10013,2017,5.758915886269614e-09,1.9193285156742216e-09,-0.353642,-0.08027000000000001,PRK,961210
32726014,178,10014,2017,0.0,1.7559320455952384e-08,-0.353642,-0.08027000000000001,PRK,961220
32732540,178,10015,2017,0.0,1.0406300259417656e-07,-0.353642,-0.08027000000000001,PRK,961310
32739066,178,10016,2017,0.0,7.727062156325397e-08,-0.353642,-0.08027000000000001,PRK,961320
32745592,178,10017,2017,0.0,0.0,-0.353642,-0.08027000000000001,PRK,961330
32752118,178,10018,2017,0.0,1.0963803712399112e-09,-0.353642,-0.08027000000000001,PRK,961380
32758644,178,10019,2017,0.0,7.457242549243652e-10,-0.353642,-0.08027000000000001,PRK,961390
32765170,178,10020,2017,0.0,0.0,-0.353642,-0.08027000000000001,PRK,961410
32771696,178,10021,2017,0.0,0.0,-0.353642,-0.08027000000000001,PRK,961420
32778222,178,10022,2017,0.0,9.63906600265125e-09,-0.353642,-0.08027000000000001,PRK,961490
32784748,178,10023,2017,2.341870236218248e-09,2.551984401901944e-07,-0.353642,-0.08027000000000001,PRK,961511
32791274,178,10024,2017,0.0,6.4085885303189e-09,-0.353642,-0.08027000000000001,PRK,961519
32797800,178,10025,2017,5.573154181455718e-09,1.992475779257247e-08,-0.353642,-0.08027000000000001,PRK,961590
32804326,178,10026,2017,0.0,6.181225490817516e-10,-0.353642,-0.08027000000000001,PRK,961610
32810852,178,10027,2017,0.0,2.3922834097973635e-09,-0.353642,-0.08027000000000001,PRK,961620
32817378,178,10028,2017,0.0,2.575685175888451e-07,-0.353642,-0.08027000000000001,PRK,961700
32823904,178,10029,2017,0.0,1.1676716100106804e-08,-0.353642,-0.08027000000000001,PRK,961800
32830430,178,10030,2017,0.0,0.0,-0.353642,-0.08027000000000001,PRK,970110
32836956,178,10031,2017,0.0,0.0,-0.353642,-0.08027000000000001,PRK,970190
32843482,178,10032,2017,0.0,0.0,-0.353642,-0.08027000000000001,PRK,970200
32850008,178,10033,2017,0.0,0.0,-0.353642,-0.08027000000000001,PRK,970300
32856534,178,10034,2017,3.4606829836454957e-10,0.0,-0.353642,-0.08027000000000001,PRK,970400
32863060,178,10035,2017,0.0,0.0,-0.353642,-0.08027000000000001,PRK,970500
32869586,178,10036,2017,0.0,0.0,-0.353642,-0.08027000000000001,PRK,970600
32876112,178,10037,2017,2.010550568712213e-05,4.51411086114878e-07,-0.353642,-0.08027000000000001,PRK,999999
32882638,178,10038,2017,0.0,0.0,-0.353642,-0.08027000000000001,PRK,9999AA
32889164,178,10039,2017,0.0,0.0,-0.353642,-0.08027000000000001,PRK,XXXXXX
