,location_id,product_id,year,export_value,import_value,hs_eci,hs_coi,location_code,hs_product_code
3576,137,5000,2009,,,-0.415182,-0.9298379999999999,MDV,010111
10102,137,5001,2009,,,-0.415182,-0.9298379999999999,MDV,010119
16628,137,5002,2009,,,-0.415182,-0.9298379999999999,MDV,010120
23154,137,5003,2009,,,-0.415182,-0.9298379999999999,MDV,010210
29680,137,5004,2009,,,-0.415182,-0.9298379999999999,MDV,010290
36206,137,5005,2009,,,-0.415182,-0.9298379999999999,MDV,010310
42732,137,5006,2009,,,-0.415182,-0.9298379999999999,MDV,010391
49258,137,5007,2009,,,-0.415182,-0.9298379999999999,MDV,010392
55784,137,5008,2009,,,-0.415182,-0.9298379999999999,MDV,010410
62310,137,5009,2009,0.0,75266.0,-0.415182,-0.9298379999999999,MDV,010420
68836,137,5010,2009,0.0,981.0,-0.415182,-0.9298379999999999,MDV,010511
75362,137,5011,2009,,,-0.415182,-0.9298379999999999,MDV,010519
81888,137,5012,2009,0.0,876.0,-0.415182,-0.9298379999999999,MDV,010591
88414,137,5013,2009,,,-0.415182,-0.9298379999999999,MDV,010599
94940,137,5014,2009,,,-0.415182,-0.9298379999999999,MDV,010600
101466,137,5015,2009,,,-0.415182,-0.9298379999999999,MDV,020110
107992,137,5016,2009,0.0,6038.0,-0.415182,-0.9298379999999999,MDV,020120
114518,137,5017,2009,0.0,362225.0,-0.415182,-0.9298379999999999,MDV,020130
121044,137,5018,2009,,,-0.415182,-0.9298379999999999,MDV,020210
127570,137,5019,2009,0.0,333022.0,-0.415182,-0.9298379999999999,MDV,020220
134096,137,5020,2009,0.0,1823757.0,-0.415182,-0.9298379999999999,MDV,020230
140622,137,5021,2009,,,-0.415182,-0.9298379999999999,MDV,020311
147148,137,5022,2009,,,-0.415182,-0.9298379999999999,MDV,020312
153674,137,5023,2009,0.0,3553.0,-0.415182,-0.9298379999999999,MDV,020319
160200,137,5024,2009,0.0,9002.0,-0.415182,-0.9298379999999999,MDV,020321
166726,137,5025,2009,0.0,58928.0,-0.415182,-0.9298379999999999,MDV,020322
173252,137,5026,2009,0.0,637827.0,-0.415182,-0.9298379999999999,MDV,020329
179778,137,5027,2009,,,-0.415182,-0.9298379999999999,MDV,020410
186304,137,5028,2009,,,-0.415182,-0.9298379999999999,MDV,020421
192830,137,5029,2009,0.0,77152.0,-0.415182,-0.9298379999999999,MDV,020422
199356,137,5030,2009,0.0,45192.0,-0.415182,-0.9298379999999999,MDV,020423
205882,137,5031,2009,0.0,24709.0,-0.415182,-0.9298379999999999,MDV,020430
212408,137,5032,2009,,,-0.415182,-0.9298379999999999,MDV,020441
218934,137,5033,2009,0.0,327544.0,-0.415182,-0.9298379999999999,MDV,020442
225460,137,5034,2009,0.0,318093.0,-0.415182,-0.9298379999999999,MDV,020443
231986,137,5035,2009,0.0,10219.0,-0.415182,-0.9298379999999999,MDV,020450
238512,137,5036,2009,,,-0.415182,-0.9298379999999999,MDV,020500
245038,137,5037,2009,,,-0.415182,-0.9298379999999999,MDV,020610
251564,137,5038,2009,0.0,880.0,-0.415182,-0.9298379999999999,MDV,020621
258090,137,5039,2009,0.0,1758.0,-0.415182,-0.9298379999999999,MDV,020622
264616,137,5040,2009,0.0,3922.0,-0.415182,-0.9298379999999999,MDV,020629
271142,137,5041,2009,,,-0.415182,-0.9298379999999999,MDV,020630
277668,137,5042,2009,,,-0.415182,-0.9298379999999999,MDV,020641
284194,137,5043,2009,0.0,9640.0,-0.415182,-0.9298379999999999,MDV,020649
290720,137,5044,2009,,,-0.415182,-0.9298379999999999,MDV,020680
297246,137,5045,2009,0.0,228.0,-0.415182,-0.9298379999999999,MDV,020690
303772,137,5046,2009,,,-0.415182,-0.9298379999999999,MDV,020710
310298,137,5047,2009,0.0,6611092.0,-0.415182,-0.9298379999999999,MDV,020721
316824,137,5048,2009,0.0,71572.0,-0.415182,-0.9298379999999999,MDV,020722
323350,137,5049,2009,0.0,63383.0,-0.415182,-0.9298379999999999,MDV,020723
329876,137,5050,2009,0.0,10351.0,-0.415182,-0.9298379999999999,MDV,020731
336402,137,5051,2009,0.0,16721.0,-0.415182,-0.9298379999999999,MDV,020739
342928,137,5052,2009,0.0,2607368.0,-0.415182,-0.9298379999999999,MDV,020741
349454,137,5053,2009,0.0,61979.0,-0.415182,-0.9298379999999999,MDV,020742
355980,137,5054,2009,0.0,130394.0,-0.415182,-0.9298379999999999,MDV,020743
362506,137,5055,2009,,,-0.415182,-0.9298379999999999,MDV,020750
369032,137,5056,2009,0.0,6895.0,-0.415182,-0.9298379999999999,MDV,020810
375558,137,5057,2009,,,-0.415182,-0.9298379999999999,MDV,020820
382084,137,5058,2009,0.0,7507.0,-0.415182,-0.9298379999999999,MDV,020890
388610,137,5059,2009,,,-0.415182,-0.9298379999999999,MDV,020900
395136,137,5060,2009,0.0,24479.0,-0.415182,-0.9298379999999999,MDV,021011
401662,137,5061,2009,0.0,90195.0,-0.415182,-0.9298379999999999,MDV,021012
408188,137,5062,2009,0.0,316210.0,-0.415182,-0.9298379999999999,MDV,021019
414714,137,5063,2009,0.0,62383.0,-0.415182,-0.9298379999999999,MDV,021020
421240,137,5064,2009,0.0,49313.0,-0.415182,-0.9298379999999999,MDV,021090
427766,137,5065,2009,924599.0,56140.0,-0.415182,-0.9298379999999999,MDV,030110
434292,137,5066,2009,1425.0,0.0,-0.415182,-0.9298379999999999,MDV,030191
440818,137,5067,2009,,,-0.415182,-0.9298379999999999,MDV,030192
447344,137,5068,2009,,,-0.415182,-0.9298379999999999,MDV,030193
453870,137,5069,2009,603663.0,0.0,-0.415182,-0.9298379999999999,MDV,030199
460396,137,5070,2009,0.0,28512.0,-0.415182,-0.9298379999999999,MDV,030211
466922,137,5071,2009,7460.0,53354.0,-0.415182,-0.9298379999999999,MDV,030212
473448,137,5072,2009,0.0,1897.0,-0.415182,-0.9298379999999999,MDV,030219
479974,137,5073,2009,,,-0.415182,-0.9298379999999999,MDV,030221
486500,137,5074,2009,,,-0.415182,-0.9298379999999999,MDV,030222
493026,137,5075,2009,,,-0.415182,-0.9298379999999999,MDV,030223
499552,137,5076,2009,0.0,1672.0,-0.415182,-0.9298379999999999,MDV,030229
506078,137,5077,2009,223004.0,0.0,-0.415182,-0.9298379999999999,MDV,030231
512604,137,5078,2009,8866747.0,0.0,-0.415182,-0.9298379999999999,MDV,030232
519130,137,5079,2009,43119.0,56700.0,-0.415182,-0.9298379999999999,MDV,030233
525656,137,5080,2009,521706.0,18664.0,-0.415182,-0.9298379999999999,MDV,030239
532182,137,5081,2009,,,-0.415182,-0.9298379999999999,MDV,030240
538708,137,5082,2009,0.0,9862.0,-0.415182,-0.9298379999999999,MDV,030250
545234,137,5083,2009,,,-0.415182,-0.9298379999999999,MDV,030261
551760,137,5084,2009,,,-0.415182,-0.9298379999999999,MDV,030262
558286,137,5085,2009,,,-0.415182,-0.9298379999999999,MDV,030263
564812,137,5086,2009,0.0,227.0,-0.415182,-0.9298379999999999,MDV,030264
571338,137,5087,2009,,,-0.415182,-0.9298379999999999,MDV,030265
577864,137,5088,2009,,,-0.415182,-0.9298379999999999,MDV,030266
584390,137,5089,2009,1444546.0,107238.0,-0.415182,-0.9298379999999999,MDV,030269
590916,137,5090,2009,0.0,2504.0,-0.415182,-0.9298379999999999,MDV,030270
597442,137,5091,2009,0.0,140052.0,-0.415182,-0.9298379999999999,MDV,030310
603968,137,5092,2009,0.0,3647.0,-0.415182,-0.9298379999999999,MDV,030321
610494,137,5093,2009,0.0,3896.0,-0.415182,-0.9298379999999999,MDV,030322
617020,137,5094,2009,,,-0.415182,-0.9298379999999999,MDV,030329
623546,137,5095,2009,,,-0.415182,-0.9298379999999999,MDV,030331
630072,137,5096,2009,31336.0,0.0,-0.415182,-0.9298379999999999,MDV,030332
636598,137,5097,2009,,,-0.415182,-0.9298379999999999,MDV,030333
643124,137,5098,2009,0.0,831.0,-0.415182,-0.9298379999999999,MDV,030339
649650,137,5099,2009,95091.0,2637.0,-0.415182,-0.9298379999999999,MDV,030341
656176,137,5100,2009,6988981.0,5932.0,-0.415182,-0.9298379999999999,MDV,030342
662702,137,5101,2009,19135134.0,0.0,-0.415182,-0.9298379999999999,MDV,030343
669228,137,5102,2009,774626.0,0.0,-0.415182,-0.9298379999999999,MDV,030349
675754,137,5103,2009,,,-0.415182,-0.9298379999999999,MDV,030350
682280,137,5104,2009,,,-0.415182,-0.9298379999999999,MDV,030360
688806,137,5105,2009,34442.0,0.0,-0.415182,-0.9298379999999999,MDV,030371
695332,137,5106,2009,,,-0.415182,-0.9298379999999999,MDV,030372
701858,137,5107,2009,,,-0.415182,-0.9298379999999999,MDV,030373
708384,137,5108,2009,,,-0.415182,-0.9298379999999999,MDV,030374
714910,137,5109,2009,,,-0.415182,-0.9298379999999999,MDV,030375
721436,137,5110,2009,0.0,3876.0,-0.415182,-0.9298379999999999,MDV,030376
727962,137,5111,2009,,,-0.415182,-0.9298379999999999,MDV,030377
734488,137,5112,2009,,,-0.415182,-0.9298379999999999,MDV,030378
741014,137,5113,2009,1846.0,117452.0,-0.415182,-0.9298379999999999,MDV,030379
747540,137,5114,2009,0.0,23267.0,-0.415182,-0.9298379999999999,MDV,030380
754066,137,5115,2009,28513193.0,1129974.0,-0.415182,-0.9298379999999999,MDV,030410
760592,137,5116,2009,832558.0,168536.0,-0.415182,-0.9298379999999999,MDV,030420
767118,137,5117,2009,847774.0,197288.0,-0.415182,-0.9298379999999999,MDV,030490
773644,137,5118,2009,10241.0,0.0,-0.415182,-0.9298379999999999,MDV,030510
780170,137,5119,2009,7200.0,188.0,-0.415182,-0.9298379999999999,MDV,030520
786696,137,5120,2009,0.0,8219.0,-0.415182,-0.9298379999999999,MDV,030530
793222,137,5121,2009,0.0,53288.0,-0.415182,-0.9298379999999999,MDV,030541
799748,137,5122,2009,,,-0.415182,-0.9298379999999999,MDV,030542
806274,137,5123,2009,27767.0,242903.0,-0.415182,-0.9298379999999999,MDV,030549
812800,137,5124,2009,,,-0.415182,-0.9298379999999999,MDV,030551
819326,137,5125,2009,12952770.0,14232.0,-0.415182,-0.9298379999999999,MDV,030559
825852,137,5126,2009,,,-0.415182,-0.9298379999999999,MDV,030561
832378,137,5127,2009,,,-0.415182,-0.9298379999999999,MDV,030562
838904,137,5128,2009,,,-0.415182,-0.9298379999999999,MDV,030563
845430,137,5129,2009,0.0,1559.0,-0.415182,-0.9298379999999999,MDV,030569
851956,137,5130,2009,0.0,16472.0,-0.415182,-0.9298379999999999,MDV,030611
858482,137,5131,2009,0.0,524993.0,-0.415182,-0.9298379999999999,MDV,030612
865008,137,5132,2009,0.0,1226702.0,-0.415182,-0.9298379999999999,MDV,030613
871534,137,5133,2009,0.0,273718.0,-0.415182,-0.9298379999999999,MDV,030614
878060,137,5134,2009,0.0,7337.0,-0.415182,-0.9298379999999999,MDV,030619
884586,137,5135,2009,,,-0.415182,-0.9298379999999999,MDV,030621
891112,137,5136,2009,0.0,393895.0,-0.415182,-0.9298379999999999,MDV,030622
897638,137,5137,2009,0.0,20334.0,-0.415182,-0.9298379999999999,MDV,030623
904164,137,5138,2009,0.0,36976.0,-0.415182,-0.9298379999999999,MDV,030624
910690,137,5139,2009,0.0,1131.0,-0.415182,-0.9298379999999999,MDV,030629
917216,137,5140,2009,0.0,47239.0,-0.415182,-0.9298379999999999,MDV,030710
923742,137,5141,2009,33298.0,29920.0,-0.415182,-0.9298379999999999,MDV,030721
930268,137,5142,2009,0.0,79974.0,-0.415182,-0.9298379999999999,MDV,030729
936794,137,5143,2009,0.0,54152.0,-0.415182,-0.9298379999999999,MDV,030731
943320,137,5144,2009,0.0,10879.0,-0.415182,-0.9298379999999999,MDV,030739
949846,137,5145,2009,0.0,428627.0,-0.415182,-0.9298379999999999,MDV,030741
956372,137,5146,2009,0.0,218443.0,-0.415182,-0.9298379999999999,MDV,030749
962898,137,5147,2009,0.0,14589.0,-0.415182,-0.9298379999999999,MDV,030751
969424,137,5148,2009,0.0,35097.0,-0.415182,-0.9298379999999999,MDV,030759
975950,137,5149,2009,0.0,2017.0,-0.415182,-0.9298379999999999,MDV,030760
982476,137,5150,2009,3421.0,3181.0,-0.415182,-0.9298379999999999,MDV,030791
989002,137,5151,2009,291541.0,31064.0,-0.415182,-0.9298379999999999,MDV,030799
995528,137,5152,2009,0.0,167712.0,-0.415182,-0.9298379999999999,MDV,040110
1002054,137,5153,2009,0.0,849306.0,-0.415182,-0.9298379999999999,MDV,040120
1008580,137,5154,2009,0.0,386522.0,-0.415182,-0.9298379999999999,MDV,040130
1015106,137,5155,2009,0.0,595147.0,-0.415182,-0.9298379999999999,MDV,040210
1021632,137,5156,2009,0.0,4336006.0,-0.415182,-0.9298379999999999,MDV,040221
1028158,137,5157,2009,0.0,2982197.0,-0.415182,-0.9298379999999999,MDV,040229
1034684,137,5158,2009,0.0,322807.0,-0.415182,-0.9298379999999999,MDV,040291
1041210,137,5159,2009,0.0,1266152.0,-0.415182,-0.9298379999999999,MDV,040299
1047736,137,5160,2009,0.0,476648.0,-0.415182,-0.9298379999999999,MDV,040310
1054262,137,5161,2009,0.0,843621.0,-0.415182,-0.9298379999999999,MDV,040390
1060788,137,5162,2009,,,-0.415182,-0.9298379999999999,MDV,040410
1067314,137,5163,2009,0.0,790630.0,-0.415182,-0.9298379999999999,MDV,040490
1073840,137,5164,2009,0.0,982542.0,-0.415182,-0.9298379999999999,MDV,040500
1080366,137,5165,2009,0.0,735113.0,-0.415182,-0.9298379999999999,MDV,040610
1086892,137,5166,2009,0.0,305294.0,-0.415182,-0.9298379999999999,MDV,040620
1093418,137,5167,2009,0.0,291229.0,-0.415182,-0.9298379999999999,MDV,040630
1099944,137,5168,2009,0.0,20714.0,-0.415182,-0.9298379999999999,MDV,040640
1106470,137,5169,2009,0.0,299864.0,-0.415182,-0.9298379999999999,MDV,040690
1112996,137,5170,2009,0.0,2433402.0,-0.415182,-0.9298379999999999,MDV,040700
1119522,137,5171,2009,,,-0.415182,-0.9298379999999999,MDV,040811
1126048,137,5172,2009,0.0,36103.0,-0.415182,-0.9298379999999999,MDV,040819
1132574,137,5173,2009,,,-0.415182,-0.9298379999999999,MDV,040891
1139100,137,5174,2009,0.0,28855.0,-0.415182,-0.9298379999999999,MDV,040899
1145626,137,5175,2009,0.0,182129.0,-0.415182,-0.9298379999999999,MDV,040900
1152152,137,5176,2009,0.0,4327.0,-0.415182,-0.9298379999999999,MDV,041000
1158678,137,5177,2009,,,-0.415182,-0.9298379999999999,MDV,050100
1165204,137,5178,2009,,,-0.415182,-0.9298379999999999,MDV,050210
1171730,137,5179,2009,,,-0.415182,-0.9298379999999999,MDV,050290
1178256,137,5180,2009,,,-0.415182,-0.9298379999999999,MDV,050300
1184782,137,5181,2009,,,-0.415182,-0.9298379999999999,MDV,050400
1191308,137,5182,2009,,,-0.415182,-0.9298379999999999,MDV,050510
1197834,137,5183,2009,,,-0.415182,-0.9298379999999999,MDV,050590
1204360,137,5184,2009,,,-0.415182,-0.9298379999999999,MDV,050610
1210886,137,5185,2009,,,-0.415182,-0.9298379999999999,MDV,050690
1217412,137,5186,2009,0.0,793.0,-0.415182,-0.9298379999999999,MDV,050710
1223938,137,5187,2009,,,-0.415182,-0.9298379999999999,MDV,050790
1230464,137,5188,2009,711.0,61367.0,-0.415182,-0.9298379999999999,MDV,050800
1236990,137,5189,2009,,,-0.415182,-0.9298379999999999,MDV,050900
1243516,137,5190,2009,,,-0.415182,-0.9298379999999999,MDV,051000
1250042,137,5191,2009,,,-0.415182,-0.9298379999999999,MDV,051110
1256568,137,5192,2009,,,-0.415182,-0.9298379999999999,MDV,051191
1263094,137,5193,2009,0.0,21445.0,-0.415182,-0.9298379999999999,MDV,051199
1269620,137,5194,2009,,,-0.415182,-0.9298379999999999,MDV,060110
1276146,137,5195,2009,0.0,12235.0,-0.415182,-0.9298379999999999,MDV,060120
1282672,137,5196,2009,0.0,2130.0,-0.415182,-0.9298379999999999,MDV,060210
1289198,137,5197,2009,0.0,3276.0,-0.415182,-0.9298379999999999,MDV,060220
1295724,137,5198,2009,,,-0.415182,-0.9298379999999999,MDV,060230
1302250,137,5199,2009,0.0,19787.0,-0.415182,-0.9298379999999999,MDV,060240
1308776,137,5200,2009,,,-0.415182,-0.9298379999999999,MDV,060291
1315302,137,5201,2009,0.0,230522.0,-0.415182,-0.9298379999999999,MDV,060299
1321828,137,5202,2009,0.0,122808.0,-0.415182,-0.9298379999999999,MDV,060310
1328354,137,5203,2009,0.0,62879.0,-0.415182,-0.9298379999999999,MDV,060390
1334880,137,5204,2009,,,-0.415182,-0.9298379999999999,MDV,060410
1341406,137,5205,2009,0.0,71438.0,-0.415182,-0.9298379999999999,MDV,060491
1347932,137,5206,2009,0.0,11404.0,-0.415182,-0.9298379999999999,MDV,060499
1354458,137,5207,2009,,,-0.415182,-0.9298379999999999,MDV,070110
1360984,137,5208,2009,0.0,462271.0,-0.415182,-0.9298379999999999,MDV,070190
1367510,137,5209,2009,0.0,411743.0,-0.415182,-0.9298379999999999,MDV,070200
1374036,137,5210,2009,0.0,1205387.0,-0.415182,-0.9298379999999999,MDV,070310
1380562,137,5211,2009,0.0,155306.0,-0.415182,-0.9298379999999999,MDV,070320
1387088,137,5212,2009,0.0,114452.0,-0.415182,-0.9298379999999999,MDV,070390
1393614,137,5213,2009,0.0,238067.0,-0.415182,-0.9298379999999999,MDV,070410
1400140,137,5214,2009,0.0,3860.0,-0.415182,-0.9298379999999999,MDV,070420
1406666,137,5215,2009,0.0,402391.0,-0.415182,-0.9298379999999999,MDV,070490
1413192,137,5216,2009,0.0,21147.0,-0.415182,-0.9298379999999999,MDV,070511
1419718,137,5217,2009,0.0,417834.0,-0.415182,-0.9298379999999999,MDV,070519
1426244,137,5218,2009,,,-0.415182,-0.9298379999999999,MDV,070521
1432770,137,5219,2009,0.0,1377.0,-0.415182,-0.9298379999999999,MDV,070529
1439296,137,5220,2009,0.0,869683.0,-0.415182,-0.9298379999999999,MDV,070610
1445822,137,5221,2009,0.0,144120.0,-0.415182,-0.9298379999999999,MDV,070690
1452348,137,5222,2009,0.0,293532.0,-0.415182,-0.9298379999999999,MDV,070700
1458874,137,5223,2009,0.0,46224.0,-0.415182,-0.9298379999999999,MDV,070810
1465400,137,5224,2009,0.0,339246.0,-0.415182,-0.9298379999999999,MDV,070820
1471926,137,5225,2009,0.0,124086.0,-0.415182,-0.9298379999999999,MDV,070890
1478452,137,5226,2009,,,-0.415182,-0.9298379999999999,MDV,070910
1484978,137,5227,2009,0.0,97554.0,-0.415182,-0.9298379999999999,MDV,070920
1491504,137,5228,2009,0.0,171462.0,-0.415182,-0.9298379999999999,MDV,070930
1498030,137,5229,2009,0.0,66377.0,-0.415182,-0.9298379999999999,MDV,070940
1504556,137,5230,2009,0.0,187652.0,-0.415182,-0.9298379999999999,MDV,070951
1511082,137,5231,2009,0.0,26555.0,-0.415182,-0.9298379999999999,MDV,070952
1517608,137,5232,2009,0.0,228970.0,-0.415182,-0.9298379999999999,MDV,070960
1524134,137,5233,2009,0.0,77869.0,-0.415182,-0.9298379999999999,MDV,070970
1530660,137,5234,2009,0.0,3236842.0,-0.415182,-0.9298379999999999,MDV,070990
1537186,137,5235,2009,0.0,139850.0,-0.415182,-0.9298379999999999,MDV,071010
1543712,137,5236,2009,0.0,33810.0,-0.415182,-0.9298379999999999,MDV,071021
1550238,137,5237,2009,0.0,6269.0,-0.415182,-0.9298379999999999,MDV,071022
1556764,137,5238,2009,0.0,15494.0,-0.415182,-0.9298379999999999,MDV,071029
1563290,137,5239,2009,0.0,14443.0,-0.415182,-0.9298379999999999,MDV,071030
1569816,137,5240,2009,0.0,27962.0,-0.415182,-0.9298379999999999,MDV,071040
1576342,137,5241,2009,0.0,175430.0,-0.415182,-0.9298379999999999,MDV,071080
1582868,137,5242,2009,0.0,71459.0,-0.415182,-0.9298379999999999,MDV,071090
1589394,137,5243,2009,,,-0.415182,-0.9298379999999999,MDV,071110
1595920,137,5244,2009,0.0,75342.0,-0.415182,-0.9298379999999999,MDV,071120
1602446,137,5245,2009,,,-0.415182,-0.9298379999999999,MDV,071130
1608972,137,5246,2009,0.0,18438.0,-0.415182,-0.9298379999999999,MDV,071140
1615498,137,5247,2009,0.0,380744.0,-0.415182,-0.9298379999999999,MDV,071190
1622024,137,5248,2009,,,-0.415182,-0.9298379999999999,MDV,071210
1628550,137,5249,2009,0.0,4248.0,-0.415182,-0.9298379999999999,MDV,071220
1635076,137,5250,2009,0.0,27855.0,-0.415182,-0.9298379999999999,MDV,071230
1641602,137,5251,2009,0.0,109281.0,-0.415182,-0.9298379999999999,MDV,071290
1648128,137,5252,2009,0.0,4048.0,-0.415182,-0.9298379999999999,MDV,071310
1654654,137,5253,2009,0.0,34728.0,-0.415182,-0.9298379999999999,MDV,071320
1661180,137,5254,2009,0.0,123743.0,-0.415182,-0.9298379999999999,MDV,071331
1667706,137,5255,2009,,,-0.415182,-0.9298379999999999,MDV,071332
1674232,137,5256,2009,0.0,13103.0,-0.415182,-0.9298379999999999,MDV,071333
1680758,137,5257,2009,0.0,50480.0,-0.415182,-0.9298379999999999,MDV,071339
1687284,137,5258,2009,0.0,33220.0,-0.415182,-0.9298379999999999,MDV,071340
1693810,137,5259,2009,0.0,3585.0,-0.415182,-0.9298379999999999,MDV,071350
1700336,137,5260,2009,0.0,148854.0,-0.415182,-0.9298379999999999,MDV,071390
1706862,137,5261,2009,0.0,15819.0,-0.415182,-0.9298379999999999,MDV,071410
1713388,137,5262,2009,0.0,65080.0,-0.415182,-0.9298379999999999,MDV,071420
1719914,137,5263,2009,0.0,35872.0,-0.415182,-0.9298379999999999,MDV,071490
1726440,137,5264,2009,0.0,22632.0,-0.415182,-0.9298379999999999,MDV,080110
1732966,137,5265,2009,,,-0.415182,-0.9298379999999999,MDV,080120
1739492,137,5266,2009,0.0,145833.0,-0.415182,-0.9298379999999999,MDV,080130
1746018,137,5267,2009,0.0,17568.0,-0.415182,-0.9298379999999999,MDV,080211
1752544,137,5268,2009,0.0,26989.0,-0.415182,-0.9298379999999999,MDV,080212
1759070,137,5269,2009,0.0,4741.0,-0.415182,-0.9298379999999999,MDV,080221
1765596,137,5270,2009,0.0,4256.0,-0.415182,-0.9298379999999999,MDV,080222
1772122,137,5271,2009,0.0,11289.0,-0.415182,-0.9298379999999999,MDV,080231
1778648,137,5272,2009,0.0,10704.0,-0.415182,-0.9298379999999999,MDV,080232
1785174,137,5273,2009,0.0,5340.0,-0.415182,-0.9298379999999999,MDV,080240
1791700,137,5274,2009,0.0,31352.0,-0.415182,-0.9298379999999999,MDV,080250
1798226,137,5275,2009,0.0,635918.0,-0.415182,-0.9298379999999999,MDV,080290
1804752,137,5276,2009,0.0,303947.0,-0.415182,-0.9298379999999999,MDV,080300
1811278,137,5277,2009,0.0,144915.0,-0.415182,-0.9298379999999999,MDV,080410
1817804,137,5278,2009,0.0,42218.0,-0.415182,-0.9298379999999999,MDV,080420
1824330,137,5279,2009,0.0,147559.0,-0.415182,-0.9298379999999999,MDV,080430
1830856,137,5280,2009,0.0,85784.0,-0.415182,-0.9298379999999999,MDV,080440
1837382,137,5281,2009,0.0,271189.0,-0.415182,-0.9298379999999999,MDV,080450
1843908,137,5282,2009,0.0,1061832.0,-0.415182,-0.9298379999999999,MDV,080510
1850434,137,5283,2009,0.0,47343.0,-0.415182,-0.9298379999999999,MDV,080520
1856960,137,5284,2009,0.0,244808.0,-0.415182,-0.9298379999999999,MDV,080530
1863486,137,5285,2009,0.0,57324.0,-0.415182,-0.9298379999999999,MDV,080540
1870012,137,5286,2009,0.0,346379.0,-0.415182,-0.9298379999999999,MDV,080590
1876538,137,5287,2009,0.0,297280.0,-0.415182,-0.9298379999999999,MDV,080610
1883064,137,5288,2009,0.0,52358.0,-0.415182,-0.9298379999999999,MDV,080620
1889590,137,5289,2009,0.0,214637.0,-0.415182,-0.9298379999999999,MDV,080710
1896116,137,5290,2009,0.0,88150.0,-0.415182,-0.9298379999999999,MDV,080720
1902642,137,5291,2009,0.0,1739942.0,-0.415182,-0.9298379999999999,MDV,080810
1909168,137,5292,2009,0.0,56261.0,-0.415182,-0.9298379999999999,MDV,080820
1915694,137,5293,2009,0.0,15848.0,-0.415182,-0.9298379999999999,MDV,080910
1922220,137,5294,2009,0.0,27332.0,-0.415182,-0.9298379999999999,MDV,080920
1928746,137,5295,2009,0.0,64266.0,-0.415182,-0.9298379999999999,MDV,080930
1935272,137,5296,2009,0.0,63319.0,-0.415182,-0.9298379999999999,MDV,080940
1941798,137,5297,2009,0.0,141937.0,-0.415182,-0.9298379999999999,MDV,081010
1948324,137,5298,2009,0.0,49154.0,-0.415182,-0.9298379999999999,MDV,081020
1954850,137,5299,2009,,,-0.415182,-0.9298379999999999,MDV,081030
1961376,137,5300,2009,0.0,45049.0,-0.415182,-0.9298379999999999,MDV,081040
1967902,137,5301,2009,1446.0,1846008.0,-0.415182,-0.9298379999999999,MDV,081090
1974428,137,5302,2009,0.0,1293.0,-0.415182,-0.9298379999999999,MDV,081110
1980954,137,5303,2009,0.0,28817.0,-0.415182,-0.9298379999999999,MDV,081120
1987480,137,5304,2009,0.0,75000.0,-0.415182,-0.9298379999999999,MDV,081190
1994006,137,5305,2009,0.0,13043.0,-0.415182,-0.9298379999999999,MDV,081210
2000532,137,5306,2009,,,-0.415182,-0.9298379999999999,MDV,081220
2007058,137,5307,2009,0.0,3323.0,-0.415182,-0.9298379999999999,MDV,081290
2013584,137,5308,2009,0.0,7424.0,-0.415182,-0.9298379999999999,MDV,081310
2020110,137,5309,2009,0.0,17791.0,-0.415182,-0.9298379999999999,MDV,081320
2026636,137,5310,2009,,,-0.415182,-0.9298379999999999,MDV,081330
2033162,137,5311,2009,8712.0,29997.0,-0.415182,-0.9298379999999999,MDV,081340
2039688,137,5312,2009,0.0,228539.0,-0.415182,-0.9298379999999999,MDV,081350
2046214,137,5313,2009,0.0,4678.0,-0.415182,-0.9298379999999999,MDV,081400
2052740,137,5314,2009,0.0,202599.0,-0.415182,-0.9298379999999999,MDV,090111
2059266,137,5315,2009,0.0,57292.0,-0.415182,-0.9298379999999999,MDV,090112
2065792,137,5316,2009,0.0,776967.0,-0.415182,-0.9298379999999999,MDV,090121
2072318,137,5317,2009,0.0,56480.0,-0.415182,-0.9298379999999999,MDV,090122
2078844,137,5318,2009,,,-0.415182,-0.9298379999999999,MDV,090130
2085370,137,5319,2009,0.0,16884.0,-0.415182,-0.9298379999999999,MDV,090140
2091896,137,5320,2009,0.0,110966.0,-0.415182,-0.9298379999999999,MDV,090210
2098422,137,5321,2009,0.0,18462.0,-0.415182,-0.9298379999999999,MDV,090220
2104948,137,5322,2009,0.0,854469.0,-0.415182,-0.9298379999999999,MDV,090230
2111474,137,5323,2009,0.0,154534.0,-0.415182,-0.9298379999999999,MDV,090240
2118000,137,5324,2009,,,-0.415182,-0.9298379999999999,MDV,090300
2124526,137,5325,2009,0.0,65998.0,-0.415182,-0.9298379999999999,MDV,090411
2131052,137,5326,2009,0.0,18918.0,-0.415182,-0.9298379999999999,MDV,090412
2137578,137,5327,2009,0.0,495051.0,-0.415182,-0.9298379999999999,MDV,090420
2144104,137,5328,2009,0.0,2369.0,-0.415182,-0.9298379999999999,MDV,090500
2150630,137,5329,2009,0.0,22130.0,-0.415182,-0.9298379999999999,MDV,090610
2157156,137,5330,2009,0.0,188.0,-0.415182,-0.9298379999999999,MDV,090620
2163682,137,5331,2009,0.0,69589.0,-0.415182,-0.9298379999999999,MDV,090700
2170208,137,5332,2009,0.0,144.0,-0.415182,-0.9298379999999999,MDV,090810
2176734,137,5333,2009,,,-0.415182,-0.9298379999999999,MDV,090820
2183260,137,5334,2009,0.0,39095.0,-0.415182,-0.9298379999999999,MDV,090830
2189786,137,5335,2009,,,-0.415182,-0.9298379999999999,MDV,090910
2196312,137,5336,2009,0.0,35569.0,-0.415182,-0.9298379999999999,MDV,090920
2202838,137,5337,2009,0.0,65301.0,-0.415182,-0.9298379999999999,MDV,090930
2209364,137,5338,2009,0.0,3980.0,-0.415182,-0.9298379999999999,MDV,090940
2215890,137,5339,2009,0.0,29166.0,-0.415182,-0.9298379999999999,MDV,090950
2222416,137,5340,2009,0.0,170577.0,-0.415182,-0.9298379999999999,MDV,091010
2228942,137,5341,2009,0.0,24898.0,-0.415182,-0.9298379999999999,MDV,091020
2235468,137,5342,2009,0.0,59931.0,-0.415182,-0.9298379999999999,MDV,091030
2241994,137,5343,2009,,,-0.415182,-0.9298379999999999,MDV,091040
2248520,137,5344,2009,,,-0.415182,-0.9298379999999999,MDV,091050
2255046,137,5345,2009,0.0,199537.0,-0.415182,-0.9298379999999999,MDV,091091
2261572,137,5346,2009,0.0,193690.0,-0.415182,-0.9298379999999999,MDV,091099
2268098,137,5347,2009,,,-0.415182,-0.9298379999999999,MDV,100110
2274624,137,5348,2009,0.0,1397.0,-0.415182,-0.9298379999999999,MDV,100190
2281150,137,5349,2009,0.0,4006.0,-0.415182,-0.9298379999999999,MDV,100200
2287676,137,5350,2009,,,-0.415182,-0.9298379999999999,MDV,100300
2294202,137,5351,2009,0.0,21263.0,-0.415182,-0.9298379999999999,MDV,100400
2300728,137,5352,2009,,,-0.415182,-0.9298379999999999,MDV,100510
2307254,137,5353,2009,0.0,16653.0,-0.415182,-0.9298379999999999,MDV,100590
2313780,137,5354,2009,,,-0.415182,-0.9298379999999999,MDV,100610
2320306,137,5355,2009,0.0,44513.0,-0.415182,-0.9298379999999999,MDV,100620
2326832,137,5356,2009,0.0,10346968.0,-0.415182,-0.9298379999999999,MDV,100630
2333358,137,5357,2009,0.0,8616.0,-0.415182,-0.9298379999999999,MDV,100640
2339884,137,5358,2009,,,-0.415182,-0.9298379999999999,MDV,100700
2346410,137,5359,2009,,,-0.415182,-0.9298379999999999,MDV,100810
2352936,137,5360,2009,0.0,10839.0,-0.415182,-0.9298379999999999,MDV,100820
2359462,137,5361,2009,,,-0.415182,-0.9298379999999999,MDV,100830
2365988,137,5362,2009,0.0,33508.0,-0.415182,-0.9298379999999999,MDV,100890
2372514,137,5363,2009,0.0,7249016.0,-0.415182,-0.9298379999999999,MDV,110100
2379040,137,5364,2009,0.0,2294.0,-0.415182,-0.9298379999999999,MDV,110210
2385566,137,5365,2009,0.0,20995.0,-0.415182,-0.9298379999999999,MDV,110220
2392092,137,5366,2009,,,-0.415182,-0.9298379999999999,MDV,110230
2398618,137,5367,2009,0.0,90841.0,-0.415182,-0.9298379999999999,MDV,110290
2405144,137,5368,2009,0.0,27696.0,-0.415182,-0.9298379999999999,MDV,110311
2411670,137,5369,2009,,,-0.415182,-0.9298379999999999,MDV,110312
2418196,137,5370,2009,0.0,12788.0,-0.415182,-0.9298379999999999,MDV,110313
2424722,137,5371,2009,,,-0.415182,-0.9298379999999999,MDV,110314
2431248,137,5372,2009,0.0,54216.0,-0.415182,-0.9298379999999999,MDV,110319
2437774,137,5373,2009,,,-0.415182,-0.9298379999999999,MDV,110321
2444300,137,5374,2009,,,-0.415182,-0.9298379999999999,MDV,110329
2450826,137,5375,2009,,,-0.415182,-0.9298379999999999,MDV,110411
2457352,137,5376,2009,0.0,28836.0,-0.415182,-0.9298379999999999,MDV,110412
2463878,137,5377,2009,0.0,19510.0,-0.415182,-0.9298379999999999,MDV,110419
2470404,137,5378,2009,,,-0.415182,-0.9298379999999999,MDV,110421
2476930,137,5379,2009,,,-0.415182,-0.9298379999999999,MDV,110422
2483456,137,5380,2009,,,-0.415182,-0.9298379999999999,MDV,110423
2489982,137,5381,2009,0.0,20951.0,-0.415182,-0.9298379999999999,MDV,110429
2496508,137,5382,2009,,,-0.415182,-0.9298379999999999,MDV,110430
2503034,137,5383,2009,0.0,10672.0,-0.415182,-0.9298379999999999,MDV,110510
2509560,137,5384,2009,0.0,19113.0,-0.415182,-0.9298379999999999,MDV,110520
2516086,137,5385,2009,0.0,2692.0,-0.415182,-0.9298379999999999,MDV,110610
2522612,137,5386,2009,0.0,23333.0,-0.415182,-0.9298379999999999,MDV,110620
2529138,137,5387,2009,0.0,850617.0,-0.415182,-0.9298379999999999,MDV,110630
2535664,137,5388,2009,,,-0.415182,-0.9298379999999999,MDV,110710
2542190,137,5389,2009,,,-0.415182,-0.9298379999999999,MDV,110720
2548716,137,5390,2009,0.0,1301.0,-0.415182,-0.9298379999999999,MDV,110811
2555242,137,5391,2009,0.0,2283.0,-0.415182,-0.9298379999999999,MDV,110812
2561768,137,5392,2009,0.0,19738.0,-0.415182,-0.9298379999999999,MDV,110813
2568294,137,5393,2009,,,-0.415182,-0.9298379999999999,MDV,110814
2574820,137,5394,2009,,,-0.415182,-0.9298379999999999,MDV,110819
2581346,137,5395,2009,,,-0.415182,-0.9298379999999999,MDV,110820
2587872,137,5396,2009,,,-0.415182,-0.9298379999999999,MDV,110900
2594398,137,5397,2009,0.0,61772.0,-0.415182,-0.9298379999999999,MDV,120100
2600924,137,5398,2009,0.0,12772.0,-0.415182,-0.9298379999999999,MDV,120210
2607450,137,5399,2009,0.0,10622.0,-0.415182,-0.9298379999999999,MDV,120220
2613976,137,5400,2009,,,-0.415182,-0.9298379999999999,MDV,120300
2620502,137,5401,2009,,,-0.415182,-0.9298379999999999,MDV,120400
2627028,137,5402,2009,,,-0.415182,-0.9298379999999999,MDV,120500
2633554,137,5403,2009,0.0,3208.0,-0.415182,-0.9298379999999999,MDV,120600
2640080,137,5404,2009,,,-0.415182,-0.9298379999999999,MDV,120710
2646606,137,5405,2009,,,-0.415182,-0.9298379999999999,MDV,120720
2653132,137,5406,2009,,,-0.415182,-0.9298379999999999,MDV,120730
2659658,137,5407,2009,0.0,14475.0,-0.415182,-0.9298379999999999,MDV,120740
2666184,137,5408,2009,0.0,4843.0,-0.415182,-0.9298379999999999,MDV,120750
2672710,137,5409,2009,,,-0.415182,-0.9298379999999999,MDV,120760
2679236,137,5410,2009,,,-0.415182,-0.9298379999999999,MDV,120791
2685762,137,5411,2009,,,-0.415182,-0.9298379999999999,MDV,120792
2692288,137,5412,2009,0.0,2959.0,-0.415182,-0.9298379999999999,MDV,120799
2698814,137,5413,2009,,,-0.415182,-0.9298379999999999,MDV,120810
2705340,137,5414,2009,0.0,4428.0,-0.415182,-0.9298379999999999,MDV,120890
2711866,137,5415,2009,,,-0.415182,-0.9298379999999999,MDV,120911
2718392,137,5416,2009,,,-0.415182,-0.9298379999999999,MDV,120919
2724918,137,5417,2009,,,-0.415182,-0.9298379999999999,MDV,120921
2731444,137,5418,2009,,,-0.415182,-0.9298379999999999,MDV,120922
2737970,137,5419,2009,,,-0.415182,-0.9298379999999999,MDV,120923
2744496,137,5420,2009,,,-0.415182,-0.9298379999999999,MDV,120924
2751022,137,5421,2009,,,-0.415182,-0.9298379999999999,MDV,120925
2757548,137,5422,2009,,,-0.415182,-0.9298379999999999,MDV,120926
2764074,137,5423,2009,,,-0.415182,-0.9298379999999999,MDV,120929
2770600,137,5424,2009,,,-0.415182,-0.9298379999999999,MDV,120930
2777126,137,5425,2009,0.0,24857.0,-0.415182,-0.9298379999999999,MDV,120991
2783652,137,5426,2009,0.0,122437.0,-0.415182,-0.9298379999999999,MDV,120999
2790178,137,5427,2009,,,-0.415182,-0.9298379999999999,MDV,121010
2796704,137,5428,2009,,,-0.415182,-0.9298379999999999,MDV,121020
2803230,137,5429,2009,,,-0.415182,-0.9298379999999999,MDV,121110
2809756,137,5430,2009,,,-0.415182,-0.9298379999999999,MDV,121120
2816282,137,5431,2009,0.0,66830.0,-0.415182,-0.9298379999999999,MDV,121190
2822808,137,5432,2009,,,-0.415182,-0.9298379999999999,MDV,121210
2829334,137,5433,2009,145849.0,71985.0,-0.415182,-0.9298379999999999,MDV,121220
2835860,137,5434,2009,,,-0.415182,-0.9298379999999999,MDV,121230
2842386,137,5435,2009,,,-0.415182,-0.9298379999999999,MDV,121291
2848912,137,5436,2009,,,-0.415182,-0.9298379999999999,MDV,121292
2855438,137,5437,2009,0.0,2423.0,-0.415182,-0.9298379999999999,MDV,121299
2861964,137,5438,2009,0.0,1423.0,-0.415182,-0.9298379999999999,MDV,121300
2868490,137,5439,2009,,,-0.415182,-0.9298379999999999,MDV,121410
2875016,137,5440,2009,,,-0.415182,-0.9298379999999999,MDV,121490
2881542,137,5441,2009,,,-0.415182,-0.9298379999999999,MDV,130110
2888068,137,5442,2009,0.0,57132.0,-0.415182,-0.9298379999999999,MDV,130120
2894594,137,5443,2009,0.0,26892.0,-0.415182,-0.9298379999999999,MDV,130190
2901120,137,5444,2009,,,-0.415182,-0.9298379999999999,MDV,130211
2907646,137,5445,2009,,,-0.415182,-0.9298379999999999,MDV,130212
2914172,137,5446,2009,,,-0.415182,-0.9298379999999999,MDV,130213
2920698,137,5447,2009,,,-0.415182,-0.9298379999999999,MDV,130214
2927224,137,5448,2009,0.0,411422.0,-0.415182,-0.9298379999999999,MDV,130219
2933750,137,5449,2009,,,-0.415182,-0.9298379999999999,MDV,130220
2940276,137,5450,2009,0.0,22282.0,-0.415182,-0.9298379999999999,MDV,130231
2946802,137,5451,2009,,,-0.415182,-0.9298379999999999,MDV,130232
2953328,137,5452,2009,0.0,64609.0,-0.415182,-0.9298379999999999,MDV,130239
2959854,137,5453,2009,0.0,53622.0,-0.415182,-0.9298379999999999,MDV,140110
2966380,137,5454,2009,0.0,1249.0,-0.415182,-0.9298379999999999,MDV,140120
2972906,137,5455,2009,0.0,2867.0,-0.415182,-0.9298379999999999,MDV,140190
2979432,137,5456,2009,,,-0.415182,-0.9298379999999999,MDV,140210
2985958,137,5457,2009,,,-0.415182,-0.9298379999999999,MDV,140291
2992484,137,5458,2009,,,-0.415182,-0.9298379999999999,MDV,140299
2999010,137,5459,2009,,,-0.415182,-0.9298379999999999,MDV,140310
3005536,137,5460,2009,,,-0.415182,-0.9298379999999999,MDV,140390
3012062,137,5461,2009,,,-0.415182,-0.9298379999999999,MDV,140410
3018588,137,5462,2009,,,-0.415182,-0.9298379999999999,MDV,140420
3025114,137,5463,2009,0.0,15785.0,-0.415182,-0.9298379999999999,MDV,140490
3031640,137,5464,2009,,,-0.415182,-0.9298379999999999,MDV,150100
3038166,137,5465,2009,,,-0.415182,-0.9298379999999999,MDV,150200
3044692,137,5466,2009,,,-0.415182,-0.9298379999999999,MDV,150300
3051218,137,5467,2009,25795.0,0.0,-0.415182,-0.9298379999999999,MDV,150410
3057744,137,5468,2009,,,-0.415182,-0.9298379999999999,MDV,150420
3064270,137,5469,2009,,,-0.415182,-0.9298379999999999,MDV,150430
3070796,137,5470,2009,,,-0.415182,-0.9298379999999999,MDV,150510
3077322,137,5471,2009,,,-0.415182,-0.9298379999999999,MDV,150590
3083848,137,5472,2009,,,-0.415182,-0.9298379999999999,MDV,150600
3090374,137,5473,2009,0.0,4497.0,-0.415182,-0.9298379999999999,MDV,150710
3096900,137,5474,2009,0.0,129108.0,-0.415182,-0.9298379999999999,MDV,150790
3103426,137,5475,2009,,,-0.415182,-0.9298379999999999,MDV,150810
3109952,137,5476,2009,0.0,5992.0,-0.415182,-0.9298379999999999,MDV,150890
3116478,137,5477,2009,0.0,134150.0,-0.415182,-0.9298379999999999,MDV,150910
3123004,137,5478,2009,0.0,301296.0,-0.415182,-0.9298379999999999,MDV,150990
3129530,137,5479,2009,0.0,189593.0,-0.415182,-0.9298379999999999,MDV,151000
3136056,137,5480,2009,,,-0.415182,-0.9298379999999999,MDV,151110
3142582,137,5481,2009,0.0,3842124.0,-0.415182,-0.9298379999999999,MDV,151190
3149108,137,5482,2009,,,-0.415182,-0.9298379999999999,MDV,151211
3155634,137,5483,2009,0.0,149347.0,-0.415182,-0.9298379999999999,MDV,151219
3162160,137,5484,2009,,,-0.415182,-0.9298379999999999,MDV,151221
3168686,137,5485,2009,,,-0.415182,-0.9298379999999999,MDV,151229
3175212,137,5486,2009,0.0,3276.0,-0.415182,-0.9298379999999999,MDV,151311
3181738,137,5487,2009,0.0,19034.0,-0.415182,-0.9298379999999999,MDV,151319
3188264,137,5488,2009,0.0,12006.0,-0.415182,-0.9298379999999999,MDV,151321
3194790,137,5489,2009,0.0,35693.0,-0.415182,-0.9298379999999999,MDV,151329
3201316,137,5490,2009,,,-0.415182,-0.9298379999999999,MDV,151410
3207842,137,5491,2009,0.0,3850.0,-0.415182,-0.9298379999999999,MDV,151490
3214368,137,5492,2009,,,-0.415182,-0.9298379999999999,MDV,151511
3220894,137,5493,2009,0.0,1044.0,-0.415182,-0.9298379999999999,MDV,151519
3227420,137,5494,2009,0.0,7980.0,-0.415182,-0.9298379999999999,MDV,151521
3233946,137,5495,2009,0.0,84515.0,-0.415182,-0.9298379999999999,MDV,151529
3240472,137,5496,2009,,,-0.415182,-0.9298379999999999,MDV,151530
3246998,137,5497,2009,,,-0.415182,-0.9298379999999999,MDV,151540
3253524,137,5498,2009,0.0,25573.0,-0.415182,-0.9298379999999999,MDV,151550
3260050,137,5499,2009,,,-0.415182,-0.9298379999999999,MDV,151560
3266576,137,5500,2009,0.0,746635.0,-0.415182,-0.9298379999999999,MDV,151590
3273102,137,5501,2009,0.0,21105.0,-0.415182,-0.9298379999999999,MDV,151610
3279628,137,5502,2009,0.0,93469.0,-0.415182,-0.9298379999999999,MDV,151620
3286154,137,5503,2009,0.0,410465.0,-0.415182,-0.9298379999999999,MDV,151710
3292680,137,5504,2009,0.0,81611.0,-0.415182,-0.9298379999999999,MDV,151790
3299206,137,5505,2009,0.0,47461.0,-0.415182,-0.9298379999999999,MDV,151800
3305732,137,5506,2009,,,-0.415182,-0.9298379999999999,MDV,151911
3312258,137,5507,2009,,,-0.415182,-0.9298379999999999,MDV,151912
3318784,137,5508,2009,,,-0.415182,-0.9298379999999999,MDV,151913
3325310,137,5509,2009,,,-0.415182,-0.9298379999999999,MDV,151919
3331836,137,5510,2009,,,-0.415182,-0.9298379999999999,MDV,151920
3338362,137,5511,2009,0.0,16278.0,-0.415182,-0.9298379999999999,MDV,151930
3344888,137,5512,2009,,,-0.415182,-0.9298379999999999,MDV,152010
3351414,137,5513,2009,,,-0.415182,-0.9298379999999999,MDV,152090
3357940,137,5514,2009,,,-0.415182,-0.9298379999999999,MDV,152110
3364466,137,5515,2009,,,-0.415182,-0.9298379999999999,MDV,152190
3370992,137,5516,2009,,,-0.415182,-0.9298379999999999,MDV,152200
3377518,137,5517,2009,0.0,1335190.0,-0.415182,-0.9298379999999999,MDV,160100
3384044,137,5518,2009,,,-0.415182,-0.9298379999999999,MDV,160210
3390570,137,5519,2009,0.0,5922.0,-0.415182,-0.9298379999999999,MDV,160220
3397096,137,5520,2009,0.0,21468.0,-0.415182,-0.9298379999999999,MDV,160231
3403622,137,5521,2009,0.0,120553.0,-0.415182,-0.9298379999999999,MDV,160239
3410148,137,5522,2009,0.0,37388.0,-0.415182,-0.9298379999999999,MDV,160241
3416674,137,5523,2009,0.0,5255.0,-0.415182,-0.9298379999999999,MDV,160242
3423200,137,5524,2009,0.0,49011.0,-0.415182,-0.9298379999999999,MDV,160249
3429726,137,5525,2009,0.0,226288.0,-0.415182,-0.9298379999999999,MDV,160250
3436252,137,5526,2009,0.0,21297.0,-0.415182,-0.9298379999999999,MDV,160290
3442778,137,5527,2009,0.0,6538.0,-0.415182,-0.9298379999999999,MDV,160300
3449304,137,5528,2009,1876.0,2674.0,-0.415182,-0.9298379999999999,MDV,160411
3455830,137,5529,2009,0.0,2262.0,-0.415182,-0.9298379999999999,MDV,160412
3462356,137,5530,2009,0.0,6899.0,-0.415182,-0.9298379999999999,MDV,160413
3468882,137,5531,2009,7047821.0,93276.0,-0.415182,-0.9298379999999999,MDV,160414
3475408,137,5532,2009,0.0,2876.0,-0.415182,-0.9298379999999999,MDV,160415
3481934,137,5533,2009,0.0,11549.0,-0.415182,-0.9298379999999999,MDV,160416
3488460,137,5534,2009,1110.0,25523.0,-0.415182,-0.9298379999999999,MDV,160419
3494986,137,5535,2009,562546.0,10749.0,-0.415182,-0.9298379999999999,MDV,160420
3501512,137,5536,2009,0.0,62121.0,-0.415182,-0.9298379999999999,MDV,160430
3508038,137,5537,2009,0.0,20368.0,-0.415182,-0.9298379999999999,MDV,160510
3514564,137,5538,2009,0.0,64035.0,-0.415182,-0.9298379999999999,MDV,160520
3521090,137,5539,2009,0.0,10078.0,-0.415182,-0.9298379999999999,MDV,160530
3527616,137,5540,2009,,,-0.415182,-0.9298379999999999,MDV,160540
3534142,137,5541,2009,0.0,5495.0,-0.415182,-0.9298379999999999,MDV,160590
3540668,137,5542,2009,0.0,9643.0,-0.415182,-0.9298379999999999,MDV,170111
3547194,137,5543,2009,0.0,5220023.0,-0.415182,-0.9298379999999999,MDV,170112
3553720,137,5544,2009,0.0,317892.0,-0.415182,-0.9298379999999999,MDV,170191
3560246,137,5545,2009,0.0,3532912.0,-0.415182,-0.9298379999999999,MDV,170199
3566772,137,5546,2009,0.0,9977.0,-0.415182,-0.9298379999999999,MDV,170210
3573298,137,5547,2009,0.0,22925.0,-0.415182,-0.9298379999999999,MDV,170220
3579824,137,5548,2009,0.0,18973.0,-0.415182,-0.9298379999999999,MDV,170230
3586350,137,5549,2009,0.0,1000.0,-0.415182,-0.9298379999999999,MDV,170240
3592876,137,5550,2009,,,-0.415182,-0.9298379999999999,MDV,170250
3599402,137,5551,2009,,,-0.415182,-0.9298379999999999,MDV,170260
3605928,137,5552,2009,0.0,141396.0,-0.415182,-0.9298379999999999,MDV,170290
3612454,137,5553,2009,,,-0.415182,-0.9298379999999999,MDV,170310
3618980,137,5554,2009,,,-0.415182,-0.9298379999999999,MDV,170390
3625506,137,5555,2009,0.0,107969.0,-0.415182,-0.9298379999999999,MDV,170410
3632032,137,5556,2009,0.0,988597.0,-0.415182,-0.9298379999999999,MDV,170490
3638558,137,5557,2009,,,-0.415182,-0.9298379999999999,MDV,180100
3645084,137,5558,2009,,,-0.415182,-0.9298379999999999,MDV,180200
3651610,137,5559,2009,,,-0.415182,-0.9298379999999999,MDV,180310
3658136,137,5560,2009,0.0,2469.0,-0.415182,-0.9298379999999999,MDV,180320
3664662,137,5561,2009,0.0,9846.0,-0.415182,-0.9298379999999999,MDV,180400
3671188,137,5562,2009,20244.0,22948.0,-0.415182,-0.9298379999999999,MDV,180500
3677714,137,5563,2009,0.0,56285.0,-0.415182,-0.9298379999999999,MDV,180610
3684240,137,5564,2009,0.0,400952.0,-0.415182,-0.9298379999999999,MDV,180620
3690766,137,5565,2009,0.0,1389244.0,-0.415182,-0.9298379999999999,MDV,180631
3697292,137,5566,2009,0.0,405754.0,-0.415182,-0.9298379999999999,MDV,180632
3703818,137,5567,2009,0.0,2772236.0,-0.415182,-0.9298379999999999,MDV,180690
3710344,137,5568,2009,0.0,540669.0,-0.415182,-0.9298379999999999,MDV,190110
3716870,137,5569,2009,0.0,375082.0,-0.415182,-0.9298379999999999,MDV,190120
3723396,137,5570,2009,0.0,2662061.0,-0.415182,-0.9298379999999999,MDV,190190
3729922,137,5571,2009,0.0,48866.0,-0.415182,-0.9298379999999999,MDV,190211
3736448,137,5572,2009,0.0,417763.0,-0.415182,-0.9298379999999999,MDV,190219
3742974,137,5573,2009,0.0,64353.0,-0.415182,-0.9298379999999999,MDV,190220
3749500,137,5574,2009,0.0,2067480.0,-0.415182,-0.9298379999999999,MDV,190230
3756026,137,5575,2009,0.0,3201.0,-0.415182,-0.9298379999999999,MDV,190240
3762552,137,5576,2009,0.0,14588.0,-0.415182,-0.9298379999999999,MDV,190300
3769078,137,5577,2009,0.0,825182.0,-0.415182,-0.9298379999999999,MDV,190410
3775604,137,5578,2009,0.0,118701.0,-0.415182,-0.9298379999999999,MDV,190490
3782130,137,5579,2009,0.0,248965.0,-0.415182,-0.9298379999999999,MDV,190510
3788656,137,5580,2009,0.0,4580.0,-0.415182,-0.9298379999999999,MDV,190520
3795182,137,5581,2009,0.0,2661728.0,-0.415182,-0.9298379999999999,MDV,190530
3801708,137,5582,2009,0.0,104084.0,-0.415182,-0.9298379999999999,MDV,190540
3808234,137,5583,2009,0.0,2385523.0,-0.415182,-0.9298379999999999,MDV,190590
3814760,137,5584,2009,0.0,21211.0,-0.415182,-0.9298379999999999,MDV,200110
3821286,137,5585,2009,,,-0.415182,-0.9298379999999999,MDV,200120
3827812,137,5586,2009,0.0,95275.0,-0.415182,-0.9298379999999999,MDV,200190
3834338,137,5587,2009,0.0,274623.0,-0.415182,-0.9298379999999999,MDV,200210
3840864,137,5588,2009,0.0,557749.0,-0.415182,-0.9298379999999999,MDV,200290
3847390,137,5589,2009,0.0,96528.0,-0.415182,-0.9298379999999999,MDV,200310
3853916,137,5590,2009,0.0,9572.0,-0.415182,-0.9298379999999999,MDV,200320
3860442,137,5591,2009,16833.0,259927.0,-0.415182,-0.9298379999999999,MDV,200410
3866968,137,5592,2009,0.0,85330.0,-0.415182,-0.9298379999999999,MDV,200490
3873494,137,5593,2009,0.0,36500.0,-0.415182,-0.9298379999999999,MDV,200510
3880020,137,5594,2009,0.0,324204.0,-0.415182,-0.9298379999999999,MDV,200520
3886546,137,5595,2009,,,-0.415182,-0.9298379999999999,MDV,200530
3893072,137,5596,2009,0.0,47425.0,-0.415182,-0.9298379999999999,MDV,200540
3899598,137,5597,2009,0.0,250203.0,-0.415182,-0.9298379999999999,MDV,200551
3906124,137,5598,2009,0.0,138578.0,-0.415182,-0.9298379999999999,MDV,200559
3912650,137,5599,2009,0.0,16385.0,-0.415182,-0.9298379999999999,MDV,200560
3919176,137,5600,2009,0.0,83725.0,-0.415182,-0.9298379999999999,MDV,200570
3925702,137,5601,2009,0.0,37496.0,-0.415182,-0.9298379999999999,MDV,200580
3932228,137,5602,2009,0.0,272325.0,-0.415182,-0.9298379999999999,MDV,200590
3938754,137,5603,2009,0.0,102330.0,-0.415182,-0.9298379999999999,MDV,200600
3945280,137,5604,2009,0.0,92640.0,-0.415182,-0.9298379999999999,MDV,200710
3951806,137,5605,2009,0.0,64014.0,-0.415182,-0.9298379999999999,MDV,200791
3958332,137,5606,2009,0.0,468583.0,-0.415182,-0.9298379999999999,MDV,200799
3964858,137,5607,2009,0.0,110351.0,-0.415182,-0.9298379999999999,MDV,200811
3971384,137,5608,2009,0.0,862298.0,-0.415182,-0.9298379999999999,MDV,200819
3977910,137,5609,2009,0.0,425211.0,-0.415182,-0.9298379999999999,MDV,200820
3984436,137,5610,2009,0.0,7093.0,-0.415182,-0.9298379999999999,MDV,200830
3990962,137,5611,2009,0.0,53302.0,-0.415182,-0.9298379999999999,MDV,200840
3997488,137,5612,2009,0.0,11442.0,-0.415182,-0.9298379999999999,MDV,200850
4004014,137,5613,2009,0.0,73676.0,-0.415182,-0.9298379999999999,MDV,200860
4010540,137,5614,2009,0.0,62653.0,-0.415182,-0.9298379999999999,MDV,200870
4017066,137,5615,2009,0.0,12383.0,-0.415182,-0.9298379999999999,MDV,200880
4023592,137,5616,2009,0.0,2514.0,-0.415182,-0.9298379999999999,MDV,200891
4030118,137,5617,2009,0.0,359036.0,-0.415182,-0.9298379999999999,MDV,200892
4036644,137,5618,2009,0.0,239705.0,-0.415182,-0.9298379999999999,MDV,200899
4043170,137,5619,2009,0.0,10010.0,-0.415182,-0.9298379999999999,MDV,200911
4049696,137,5620,2009,0.0,395554.0,-0.415182,-0.9298379999999999,MDV,200919
4056222,137,5621,2009,0.0,80834.0,-0.415182,-0.9298379999999999,MDV,200920
4062748,137,5622,2009,0.0,213336.0,-0.415182,-0.9298379999999999,MDV,200930
4069274,137,5623,2009,0.0,158177.0,-0.415182,-0.9298379999999999,MDV,200940
4075800,137,5624,2009,0.0,30441.0,-0.415182,-0.9298379999999999,MDV,200950
4082326,137,5625,2009,0.0,91860.0,-0.415182,-0.9298379999999999,MDV,200960
4088852,137,5626,2009,10013.0,288484.0,-0.415182,-0.9298379999999999,MDV,200970
4095378,137,5627,2009,0.0,1061644.0,-0.415182,-0.9298379999999999,MDV,200980
4101904,137,5628,2009,0.0,859096.0,-0.415182,-0.9298379999999999,MDV,200990
4108430,137,5629,2009,0.0,2861554.0,-0.415182,-0.9298379999999999,MDV,210110
4114956,137,5630,2009,0.0,58648.0,-0.415182,-0.9298379999999999,MDV,210120
4121482,137,5631,2009,,,-0.415182,-0.9298379999999999,MDV,210130
4128008,137,5632,2009,0.0,87103.0,-0.415182,-0.9298379999999999,MDV,210210
4134534,137,5633,2009,0.0,22182.0,-0.415182,-0.9298379999999999,MDV,210220
4141060,137,5634,2009,0.0,34881.0,-0.415182,-0.9298379999999999,MDV,210230
4147586,137,5635,2009,0.0,119068.0,-0.415182,-0.9298379999999999,MDV,210310
4154112,137,5636,2009,0.0,324722.0,-0.415182,-0.9298379999999999,MDV,210320
4160638,137,5637,2009,0.0,35878.0,-0.415182,-0.9298379999999999,MDV,210330
4167164,137,5638,2009,0.0,995591.0,-0.415182,-0.9298379999999999,MDV,210390
4173690,137,5639,2009,8750.0,88082.0,-0.415182,-0.9298379999999999,MDV,210410
4180216,137,5640,2009,0.0,20007.0,-0.415182,-0.9298379999999999,MDV,210420
4186742,137,5641,2009,0.0,823544.0,-0.415182,-0.9298379999999999,MDV,210500
4193268,137,5642,2009,0.0,161711.0,-0.415182,-0.9298379999999999,MDV,210610
4199794,137,5643,2009,0.0,3917800.0,-0.415182,-0.9298379999999999,MDV,210690
4206320,137,5644,2009,0.0,747506.0,-0.415182,-0.9298379999999999,MDV,220110
4212846,137,5645,2009,0.0,38446.0,-0.415182,-0.9298379999999999,MDV,220190
4219372,137,5646,2009,0.0,2864847.0,-0.415182,-0.9298379999999999,MDV,220210
4225898,137,5647,2009,0.0,2654044.0,-0.415182,-0.9298379999999999,MDV,220290
4232424,137,5648,2009,0.0,1586884.0,-0.415182,-0.9298379999999999,MDV,220300
4238950,137,5649,2009,0.0,1443837.0,-0.415182,-0.9298379999999999,MDV,220410
4245476,137,5650,2009,0.0,2279738.0,-0.415182,-0.9298379999999999,MDV,220421
4252002,137,5651,2009,1141.0,1164010.0,-0.415182,-0.9298379999999999,MDV,220429
4258528,137,5652,2009,,,-0.415182,-0.9298379999999999,MDV,220430
4265054,137,5653,2009,0.0,20820.0,-0.415182,-0.9298379999999999,MDV,220510
4271580,137,5654,2009,0.0,8173.0,-0.415182,-0.9298379999999999,MDV,220590
4278106,137,5655,2009,0.0,59319.0,-0.415182,-0.9298379999999999,MDV,220600
4284632,137,5656,2009,,,-0.415182,-0.9298379999999999,MDV,220710
4291158,137,5657,2009,0.0,2074.0,-0.415182,-0.9298379999999999,MDV,220720
4297684,137,5658,2009,,,-0.415182,-0.9298379999999999,MDV,220810
4304210,137,5659,2009,0.0,397264.0,-0.415182,-0.9298379999999999,MDV,220820
4310736,137,5660,2009,0.0,720624.0,-0.415182,-0.9298379999999999,MDV,220830
4317262,137,5661,2009,0.0,206402.0,-0.415182,-0.9298379999999999,MDV,220840
4323788,137,5662,2009,0.0,153438.0,-0.415182,-0.9298379999999999,MDV,220850
4330314,137,5663,2009,0.0,652586.0,-0.415182,-0.9298379999999999,MDV,220890
4336840,137,5664,2009,0.0,84714.0,-0.415182,-0.9298379999999999,MDV,220900
4343366,137,5665,2009,,,-0.415182,-0.9298379999999999,MDV,230110
4349892,137,5666,2009,757294.0,0.0,-0.415182,-0.9298379999999999,MDV,230120
4356418,137,5667,2009,,,-0.415182,-0.9298379999999999,MDV,230210
4362944,137,5668,2009,,,-0.415182,-0.9298379999999999,MDV,230220
4369470,137,5669,2009,,,-0.415182,-0.9298379999999999,MDV,230230
4375996,137,5670,2009,0.0,1498.0,-0.415182,-0.9298379999999999,MDV,230240
4382522,137,5671,2009,,,-0.415182,-0.9298379999999999,MDV,230250
4389048,137,5672,2009,0.0,2037.0,-0.415182,-0.9298379999999999,MDV,230310
4395574,137,5673,2009,,,-0.415182,-0.9298379999999999,MDV,230320
4402100,137,5674,2009,,,-0.415182,-0.9298379999999999,MDV,230330
4408626,137,5675,2009,,,-0.415182,-0.9298379999999999,MDV,230400
4415152,137,5676,2009,,,-0.415182,-0.9298379999999999,MDV,230500
4421678,137,5677,2009,,,-0.415182,-0.9298379999999999,MDV,230610
4428204,137,5678,2009,,,-0.415182,-0.9298379999999999,MDV,230620
4434730,137,5679,2009,,,-0.415182,-0.9298379999999999,MDV,230630
4441256,137,5680,2009,0.0,3101.0,-0.415182,-0.9298379999999999,MDV,230640
4447782,137,5681,2009,,,-0.415182,-0.9298379999999999,MDV,230650
4454308,137,5682,2009,,,-0.415182,-0.9298379999999999,MDV,230660
4460834,137,5683,2009,,,-0.415182,-0.9298379999999999,MDV,230690
4467360,137,5684,2009,,,-0.415182,-0.9298379999999999,MDV,230700
4473886,137,5685,2009,,,-0.415182,-0.9298379999999999,MDV,230810
4480412,137,5686,2009,,,-0.415182,-0.9298379999999999,MDV,230890
4486938,137,5687,2009,0.0,16397.0,-0.415182,-0.9298379999999999,MDV,230910
4493464,137,5688,2009,0.0,178688.0,-0.415182,-0.9298379999999999,MDV,230990
4499990,137,5689,2009,0.0,31867.0,-0.415182,-0.9298379999999999,MDV,240110
4506516,137,5690,2009,0.0,16862.0,-0.415182,-0.9298379999999999,MDV,240120
4513042,137,5691,2009,,,-0.415182,-0.9298379999999999,MDV,240130
4519568,137,5692,2009,0.0,104481.0,-0.415182,-0.9298379999999999,MDV,240210
4526094,137,5693,2009,0.0,14102119.0,-0.415182,-0.9298379999999999,MDV,240220
4532620,137,5694,2009,,,-0.415182,-0.9298379999999999,MDV,240290
4539146,137,5695,2009,0.0,67325.0,-0.415182,-0.9298379999999999,MDV,240310
4545672,137,5696,2009,,,-0.415182,-0.9298379999999999,MDV,240391
4552198,137,5697,2009,0.0,113188.0,-0.415182,-0.9298379999999999,MDV,240399
4558724,137,5698,2009,0.0,300535.0,-0.415182,-0.9298379999999999,MDV,250100
4565250,137,5699,2009,,,-0.415182,-0.9298379999999999,MDV,250200
4571776,137,5700,2009,,,-0.415182,-0.9298379999999999,MDV,250310
4578302,137,5701,2009,,,-0.415182,-0.9298379999999999,MDV,250390
4584828,137,5702,2009,,,-0.415182,-0.9298379999999999,MDV,250410
4591354,137,5703,2009,,,-0.415182,-0.9298379999999999,MDV,250490
4597880,137,5704,2009,0.0,72556.0,-0.415182,-0.9298379999999999,MDV,250510
4604406,137,5705,2009,0.0,1141235.0,-0.415182,-0.9298379999999999,MDV,250590
4610932,137,5706,2009,,,-0.415182,-0.9298379999999999,MDV,250610
4617458,137,5707,2009,,,-0.415182,-0.9298379999999999,MDV,250621
4623984,137,5708,2009,0.0,1226.0,-0.415182,-0.9298379999999999,MDV,250629
4630510,137,5709,2009,,,-0.415182,-0.9298379999999999,MDV,250700
4637036,137,5710,2009,0.0,13364.0,-0.415182,-0.9298379999999999,MDV,250810
4643562,137,5711,2009,,,-0.415182,-0.9298379999999999,MDV,250820
4650088,137,5712,2009,0.0,3520.0,-0.415182,-0.9298379999999999,MDV,250830
4656614,137,5713,2009,0.0,2810.0,-0.415182,-0.9298379999999999,MDV,250840
4663140,137,5714,2009,0.0,1219.0,-0.415182,-0.9298379999999999,MDV,250850
4669666,137,5715,2009,,,-0.415182,-0.9298379999999999,MDV,250860
4676192,137,5716,2009,,,-0.415182,-0.9298379999999999,MDV,250870
4682718,137,5717,2009,,,-0.415182,-0.9298379999999999,MDV,250900
4689244,137,5718,2009,0.0,3808.0,-0.415182,-0.9298379999999999,MDV,251010
4695770,137,5719,2009,,,-0.415182,-0.9298379999999999,MDV,251020
4702296,137,5720,2009,,,-0.415182,-0.9298379999999999,MDV,251110
4708822,137,5721,2009,,,-0.415182,-0.9298379999999999,MDV,251120
4715348,137,5722,2009,0.0,22822.0,-0.415182,-0.9298379999999999,MDV,251200
4721874,137,5723,2009,,,-0.415182,-0.9298379999999999,MDV,251311
4728400,137,5724,2009,0.0,1258.0,-0.415182,-0.9298379999999999,MDV,251319
4734926,137,5725,2009,,,-0.415182,-0.9298379999999999,MDV,251321
4741452,137,5726,2009,0.0,366473.0,-0.415182,-0.9298379999999999,MDV,251329
4747978,137,5727,2009,0.0,11587.0,-0.415182,-0.9298379999999999,MDV,251400
4754504,137,5728,2009,,,-0.415182,-0.9298379999999999,MDV,251511
4761030,137,5729,2009,0.0,331653.0,-0.415182,-0.9298379999999999,MDV,251512
4767556,137,5730,2009,,,-0.415182,-0.9298379999999999,MDV,251520
4774082,137,5731,2009,,,-0.415182,-0.9298379999999999,MDV,251611
4780608,137,5732,2009,0.0,5493.0,-0.415182,-0.9298379999999999,MDV,251612
4787134,137,5733,2009,,,-0.415182,-0.9298379999999999,MDV,251621
4793660,137,5734,2009,0.0,22337.0,-0.415182,-0.9298379999999999,MDV,251622
4800186,137,5735,2009,0.0,520436.0,-0.415182,-0.9298379999999999,MDV,251690
4806712,137,5736,2009,0.0,4557313.0,-0.415182,-0.9298379999999999,MDV,251710
4813238,137,5737,2009,0.0,1249.0,-0.415182,-0.9298379999999999,MDV,251720
4819764,137,5738,2009,,,-0.415182,-0.9298379999999999,MDV,251730
4826290,137,5739,2009,0.0,18691.0,-0.415182,-0.9298379999999999,MDV,251741
4832816,137,5740,2009,0.0,530809.0,-0.415182,-0.9298379999999999,MDV,251749
4839342,137,5741,2009,,,-0.415182,-0.9298379999999999,MDV,251810
4845868,137,5742,2009,,,-0.415182,-0.9298379999999999,MDV,251820
4852394,137,5743,2009,,,-0.415182,-0.9298379999999999,MDV,251830
4858920,137,5744,2009,,,-0.415182,-0.9298379999999999,MDV,251910
4865446,137,5745,2009,,,-0.415182,-0.9298379999999999,MDV,251990
4871972,137,5746,2009,0.0,12556.0,-0.415182,-0.9298379999999999,MDV,252010
4878498,137,5747,2009,0.0,9617.0,-0.415182,-0.9298379999999999,MDV,252020
4885024,137,5748,2009,0.0,7463.0,-0.415182,-0.9298379999999999,MDV,252100
4891550,137,5749,2009,,,-0.415182,-0.9298379999999999,MDV,252210
4898076,137,5750,2009,,,-0.415182,-0.9298379999999999,MDV,252220
4904602,137,5751,2009,,,-0.415182,-0.9298379999999999,MDV,252230
4911128,137,5752,2009,0.0,109002.0,-0.415182,-0.9298379999999999,MDV,252310
4917654,137,5753,2009,0.0,87565.0,-0.415182,-0.9298379999999999,MDV,252321
4924180,137,5754,2009,0.0,13140622.0,-0.415182,-0.9298379999999999,MDV,252329
4930706,137,5755,2009,,,-0.415182,-0.9298379999999999,MDV,252330
4937232,137,5756,2009,0.0,7071.0,-0.415182,-0.9298379999999999,MDV,252390
4943758,137,5757,2009,,,-0.415182,-0.9298379999999999,MDV,252400
4950284,137,5758,2009,,,-0.415182,-0.9298379999999999,MDV,252510
4956810,137,5759,2009,,,-0.415182,-0.9298379999999999,MDV,252520
4963336,137,5760,2009,,,-0.415182,-0.9298379999999999,MDV,252530
4969862,137,5761,2009,,,-0.415182,-0.9298379999999999,MDV,252610
4976388,137,5762,2009,0.0,16809.0,-0.415182,-0.9298379999999999,MDV,252620
4982914,137,5763,2009,,,-0.415182,-0.9298379999999999,MDV,252700
4989440,137,5764,2009,,,-0.415182,-0.9298379999999999,MDV,252810
4995966,137,5765,2009,,,-0.415182,-0.9298379999999999,MDV,252890
5002492,137,5766,2009,,,-0.415182,-0.9298379999999999,MDV,252910
5009018,137,5767,2009,,,-0.415182,-0.9298379999999999,MDV,252921
5015544,137,5768,2009,,,-0.415182,-0.9298379999999999,MDV,252922
5022070,137,5769,2009,,,-0.415182,-0.9298379999999999,MDV,252930
5028596,137,5770,2009,,,-0.415182,-0.9298379999999999,MDV,253010
5035122,137,5771,2009,,,-0.415182,-0.9298379999999999,MDV,253020
5041648,137,5772,2009,,,-0.415182,-0.9298379999999999,MDV,253030
5048174,137,5773,2009,,,-0.415182,-0.9298379999999999,MDV,253040
5054700,137,5774,2009,,,-0.415182,-0.9298379999999999,MDV,253090
5061226,137,5775,2009,,,-0.415182,-0.9298379999999999,MDV,260111
5067752,137,5776,2009,,,-0.415182,-0.9298379999999999,MDV,260112
5074278,137,5777,2009,,,-0.415182,-0.9298379999999999,MDV,260120
5080804,137,5778,2009,,,-0.415182,-0.9298379999999999,MDV,260200
5087330,137,5779,2009,,,-0.415182,-0.9298379999999999,MDV,260300
5093856,137,5780,2009,,,-0.415182,-0.9298379999999999,MDV,260400
5100382,137,5781,2009,,,-0.415182,-0.9298379999999999,MDV,260500
5106908,137,5782,2009,,,-0.415182,-0.9298379999999999,MDV,260600
5113434,137,5783,2009,,,-0.415182,-0.9298379999999999,MDV,260700
5119960,137,5784,2009,,,-0.415182,-0.9298379999999999,MDV,260800
5126486,137,5785,2009,,,-0.415182,-0.9298379999999999,MDV,260900
5133012,137,5786,2009,0.0,1726.0,-0.415182,-0.9298379999999999,MDV,261000
5139538,137,5787,2009,,,-0.415182,-0.9298379999999999,MDV,261100
5146064,137,5788,2009,,,-0.415182,-0.9298379999999999,MDV,261210
5152590,137,5789,2009,,,-0.415182,-0.9298379999999999,MDV,261220
5159116,137,5790,2009,,,-0.415182,-0.9298379999999999,MDV,261310
5165642,137,5791,2009,,,-0.415182,-0.9298379999999999,MDV,261390
5172168,137,5792,2009,,,-0.415182,-0.9298379999999999,MDV,261400
5178694,137,5793,2009,,,-0.415182,-0.9298379999999999,MDV,261510
5185220,137,5794,2009,,,-0.415182,-0.9298379999999999,MDV,261590
5191746,137,5795,2009,,,-0.415182,-0.9298379999999999,MDV,261610
5198272,137,5796,2009,,,-0.415182,-0.9298379999999999,MDV,261690
5204798,137,5797,2009,,,-0.415182,-0.9298379999999999,MDV,261710
5211324,137,5798,2009,,,-0.415182,-0.9298379999999999,MDV,261790
5217850,137,5799,2009,0.0,5903.0,-0.415182,-0.9298379999999999,MDV,261800
5224376,137,5800,2009,,,-0.415182,-0.9298379999999999,MDV,261900
5230902,137,5801,2009,,,-0.415182,-0.9298379999999999,MDV,262011
5237428,137,5802,2009,,,-0.415182,-0.9298379999999999,MDV,262019
5243954,137,5803,2009,,,-0.415182,-0.9298379999999999,MDV,262020
5250480,137,5804,2009,0.0,2069.0,-0.415182,-0.9298379999999999,MDV,262030
5257006,137,5805,2009,0.0,1476.0,-0.415182,-0.9298379999999999,MDV,262040
5263532,137,5806,2009,,,-0.415182,-0.9298379999999999,MDV,262050
5270058,137,5807,2009,,,-0.415182,-0.9298379999999999,MDV,262090
5276584,137,5808,2009,0.0,10554.0,-0.415182,-0.9298379999999999,MDV,262100
5283110,137,5809,2009,,,-0.415182,-0.9298379999999999,MDV,270111
5289636,137,5810,2009,0.0,2479690.0,-0.415182,-0.9298379999999999,MDV,270112
5296162,137,5811,2009,,,-0.415182,-0.9298379999999999,MDV,270119
5302688,137,5812,2009,,,-0.415182,-0.9298379999999999,MDV,270120
5309214,137,5813,2009,,,-0.415182,-0.9298379999999999,MDV,270210
5315740,137,5814,2009,,,-0.415182,-0.9298379999999999,MDV,270220
5322266,137,5815,2009,0.0,31674.0,-0.415182,-0.9298379999999999,MDV,270300
5328792,137,5816,2009,,,-0.415182,-0.9298379999999999,MDV,270400
5335318,137,5817,2009,,,-0.415182,-0.9298379999999999,MDV,270500
5341844,137,5818,2009,0.0,105064.0,-0.415182,-0.9298379999999999,MDV,270600
5348370,137,5819,2009,,,-0.415182,-0.9298379999999999,MDV,270710
5354896,137,5820,2009,,,-0.415182,-0.9298379999999999,MDV,270720
5361422,137,5821,2009,,,-0.415182,-0.9298379999999999,MDV,270730
5367948,137,5822,2009,,,-0.415182,-0.9298379999999999,MDV,270740
5374474,137,5823,2009,,,-0.415182,-0.9298379999999999,MDV,270750
5381000,137,5824,2009,,,-0.415182,-0.9298379999999999,MDV,270760
5387526,137,5825,2009,,,-0.415182,-0.9298379999999999,MDV,270791
5394052,137,5826,2009,,,-0.415182,-0.9298379999999999,MDV,270799
5400578,137,5827,2009,,,-0.415182,-0.9298379999999999,MDV,270810
5407104,137,5828,2009,,,-0.415182,-0.9298379999999999,MDV,270820
5413630,137,5829,2009,0.0,4878.0,-0.415182,-0.9298379999999999,MDV,270900
5420156,137,5830,2009,8859.0,116767178.0,-0.415182,-0.9298379999999999,MDV,271000
5426682,137,5831,2009,,,-0.415182,-0.9298379999999999,MDV,271011
5433208,137,5832,2009,,,-0.415182,-0.9298379999999999,MDV,271012
5439734,137,5833,2009,,,-0.415182,-0.9298379999999999,MDV,271013
5446260,137,5834,2009,,,-0.415182,-0.9298379999999999,MDV,271014
5452786,137,5835,2009,,,-0.415182,-0.9298379999999999,MDV,271015
5459312,137,5836,2009,,,-0.415182,-0.9298379999999999,MDV,271016
5465838,137,5837,2009,,,-0.415182,-0.9298379999999999,MDV,271019
5472364,137,5838,2009,,,-0.415182,-0.9298379999999999,MDV,271021
5478890,137,5839,2009,,,-0.415182,-0.9298379999999999,MDV,271022
5485416,137,5840,2009,,,-0.415182,-0.9298379999999999,MDV,271025
5491942,137,5841,2009,,,-0.415182,-0.9298379999999999,MDV,271026
5498468,137,5842,2009,,,-0.415182,-0.9298379999999999,MDV,271027
5504994,137,5843,2009,,,-0.415182,-0.9298379999999999,MDV,271029
5511520,137,5844,2009,,,-0.415182,-0.9298379999999999,MDV,271091
5518046,137,5845,2009,,,-0.415182,-0.9298379999999999,MDV,271093
5524572,137,5846,2009,,,-0.415182,-0.9298379999999999,MDV,271094
5531098,137,5847,2009,,,-0.415182,-0.9298379999999999,MDV,271095
5537624,137,5848,2009,,,-0.415182,-0.9298379999999999,MDV,271096
5544150,137,5849,2009,,,-0.415182,-0.9298379999999999,MDV,271099
5550676,137,5850,2009,,,-0.415182,-0.9298379999999999,MDV,271111
5557202,137,5851,2009,0.0,5528905.0,-0.415182,-0.9298379999999999,MDV,271112
5563728,137,5852,2009,,,-0.415182,-0.9298379999999999,MDV,271113
5570254,137,5853,2009,0.0,1191.0,-0.415182,-0.9298379999999999,MDV,271114
5576780,137,5854,2009,0.0,4821706.0,-0.415182,-0.9298379999999999,MDV,271119
5583306,137,5855,2009,,,-0.415182,-0.9298379999999999,MDV,271121
5589832,137,5856,2009,,,-0.415182,-0.9298379999999999,MDV,271129
5596358,137,5857,2009,0.0,51707.0,-0.415182,-0.9298379999999999,MDV,271210
5602884,137,5858,2009,0.0,14945.0,-0.415182,-0.9298379999999999,MDV,271220
5609410,137,5859,2009,0.0,135812.0,-0.415182,-0.9298379999999999,MDV,271290
5615936,137,5860,2009,,,-0.415182,-0.9298379999999999,MDV,271311
5622462,137,5861,2009,,,-0.415182,-0.9298379999999999,MDV,271312
5628988,137,5862,2009,0.0,3894.0,-0.415182,-0.9298379999999999,MDV,271320
5635514,137,5863,2009,,,-0.415182,-0.9298379999999999,MDV,271390
5642040,137,5864,2009,0.0,1511.0,-0.415182,-0.9298379999999999,MDV,271410
5648566,137,5865,2009,0.0,10333.0,-0.415182,-0.9298379999999999,MDV,271490
5655092,137,5866,2009,0.0,7311.0,-0.415182,-0.9298379999999999,MDV,271500
5661618,137,5867,2009,,,-0.415182,-0.9298379999999999,MDV,271600
5668144,137,5868,2009,0.0,170962.0,-0.415182,-0.9298379999999999,MDV,280110
5674670,137,5869,2009,,,-0.415182,-0.9298379999999999,MDV,280120
5681196,137,5870,2009,,,-0.415182,-0.9298379999999999,MDV,280130
5687722,137,5871,2009,,,-0.415182,-0.9298379999999999,MDV,280200
5694248,137,5872,2009,0.0,5097.0,-0.415182,-0.9298379999999999,MDV,280300
5700774,137,5873,2009,,,-0.415182,-0.9298379999999999,MDV,280410
5707300,137,5874,2009,0.0,24508.0,-0.415182,-0.9298379999999999,MDV,280421
5713826,137,5875,2009,0.0,21055.0,-0.415182,-0.9298379999999999,MDV,280429
5720352,137,5876,2009,0.0,13618.0,-0.415182,-0.9298379999999999,MDV,280430
5726878,137,5877,2009,0.0,26390.0,-0.415182,-0.9298379999999999,MDV,280440
5733404,137,5878,2009,,,-0.415182,-0.9298379999999999,MDV,280450
5739930,137,5879,2009,0.0,21166.0,-0.415182,-0.9298379999999999,MDV,280461
5746456,137,5880,2009,0.0,3872.0,-0.415182,-0.9298379999999999,MDV,280469
5752982,137,5881,2009,,,-0.415182,-0.9298379999999999,MDV,280470
5759508,137,5882,2009,,,-0.415182,-0.9298379999999999,MDV,280480
5766034,137,5883,2009,,,-0.415182,-0.9298379999999999,MDV,280490
5772560,137,5884,2009,,,-0.415182,-0.9298379999999999,MDV,280511
5779086,137,5885,2009,,,-0.415182,-0.9298379999999999,MDV,280519
5785612,137,5886,2009,,,-0.415182,-0.9298379999999999,MDV,280521
5792138,137,5887,2009,,,-0.415182,-0.9298379999999999,MDV,280522
5798664,137,5888,2009,,,-0.415182,-0.9298379999999999,MDV,280530
5805190,137,5889,2009,,,-0.415182,-0.9298379999999999,MDV,280540
5811716,137,5890,2009,0.0,8659.0,-0.415182,-0.9298379999999999,MDV,280610
5818242,137,5891,2009,,,-0.415182,-0.9298379999999999,MDV,280620
5824768,137,5892,2009,0.0,29747.0,-0.415182,-0.9298379999999999,MDV,280700
5831294,137,5893,2009,0.0,938.0,-0.415182,-0.9298379999999999,MDV,280800
5837820,137,5894,2009,0.0,1035.0,-0.415182,-0.9298379999999999,MDV,280910
5844346,137,5895,2009,0.0,1177.0,-0.415182,-0.9298379999999999,MDV,280920
5850872,137,5896,2009,,,-0.415182,-0.9298379999999999,MDV,281000
5857398,137,5897,2009,0.0,4218.0,-0.415182,-0.9298379999999999,MDV,281111
5863924,137,5898,2009,,,-0.415182,-0.9298379999999999,MDV,281119
5870450,137,5899,2009,0.0,5128.0,-0.415182,-0.9298379999999999,MDV,281121
5876976,137,5900,2009,0.0,2709.0,-0.415182,-0.9298379999999999,MDV,281122
5883502,137,5901,2009,,,-0.415182,-0.9298379999999999,MDV,281123
5890028,137,5902,2009,0.0,9963.0,-0.415182,-0.9298379999999999,MDV,281129
5896554,137,5903,2009,,,-0.415182,-0.9298379999999999,MDV,281210
5903080,137,5904,2009,,,-0.415182,-0.9298379999999999,MDV,281290
5909606,137,5905,2009,,,-0.415182,-0.9298379999999999,MDV,281310
5916132,137,5906,2009,,,-0.415182,-0.9298379999999999,MDV,281390
5922658,137,5907,2009,,,-0.415182,-0.9298379999999999,MDV,281410
5929184,137,5908,2009,,,-0.415182,-0.9298379999999999,MDV,281420
5935710,137,5909,2009,0.0,7428.0,-0.415182,-0.9298379999999999,MDV,281511
5942236,137,5910,2009,0.0,1518.0,-0.415182,-0.9298379999999999,MDV,281512
5948762,137,5911,2009,,,-0.415182,-0.9298379999999999,MDV,281520
5955288,137,5912,2009,,,-0.415182,-0.9298379999999999,MDV,281530
5961814,137,5913,2009,,,-0.415182,-0.9298379999999999,MDV,281610
5968340,137,5914,2009,,,-0.415182,-0.9298379999999999,MDV,281620
5974866,137,5915,2009,,,-0.415182,-0.9298379999999999,MDV,281630
5981392,137,5916,2009,,,-0.415182,-0.9298379999999999,MDV,281700
5987918,137,5917,2009,,,-0.415182,-0.9298379999999999,MDV,281810
5994444,137,5918,2009,,,-0.415182,-0.9298379999999999,MDV,281820
6000970,137,5919,2009,,,-0.415182,-0.9298379999999999,MDV,281830
6007496,137,5920,2009,,,-0.415182,-0.9298379999999999,MDV,281910
6014022,137,5921,2009,0.0,925.0,-0.415182,-0.9298379999999999,MDV,281990
6020548,137,5922,2009,,,-0.415182,-0.9298379999999999,MDV,282010
6027074,137,5923,2009,,,-0.415182,-0.9298379999999999,MDV,282090
6033600,137,5924,2009,,,-0.415182,-0.9298379999999999,MDV,282110
6040126,137,5925,2009,,,-0.415182,-0.9298379999999999,MDV,282120
6046652,137,5926,2009,,,-0.415182,-0.9298379999999999,MDV,282200
6053178,137,5927,2009,,,-0.415182,-0.9298379999999999,MDV,282300
6059704,137,5928,2009,,,-0.415182,-0.9298379999999999,MDV,282410
6066230,137,5929,2009,,,-0.415182,-0.9298379999999999,MDV,282420
6072756,137,5930,2009,,,-0.415182,-0.9298379999999999,MDV,282490
6079282,137,5931,2009,,,-0.415182,-0.9298379999999999,MDV,282510
6085808,137,5932,2009,,,-0.415182,-0.9298379999999999,MDV,282520
6092334,137,5933,2009,,,-0.415182,-0.9298379999999999,MDV,282530
6098860,137,5934,2009,,,-0.415182,-0.9298379999999999,MDV,282540
6105386,137,5935,2009,,,-0.415182,-0.9298379999999999,MDV,282550
6111912,137,5936,2009,,,-0.415182,-0.9298379999999999,MDV,282560
6118438,137,5937,2009,,,-0.415182,-0.9298379999999999,MDV,282570
6124964,137,5938,2009,,,-0.415182,-0.9298379999999999,MDV,282580
6131490,137,5939,2009,,,-0.415182,-0.9298379999999999,MDV,282590
6138016,137,5940,2009,,,-0.415182,-0.9298379999999999,MDV,282611
6144542,137,5941,2009,,,-0.415182,-0.9298379999999999,MDV,282612
6151068,137,5942,2009,,,-0.415182,-0.9298379999999999,MDV,282619
6157594,137,5943,2009,,,-0.415182,-0.9298379999999999,MDV,282620
6164120,137,5944,2009,,,-0.415182,-0.9298379999999999,MDV,282630
6170646,137,5945,2009,,,-0.415182,-0.9298379999999999,MDV,282690
6177172,137,5946,2009,,,-0.415182,-0.9298379999999999,MDV,282710
6183698,137,5947,2009,,,-0.415182,-0.9298379999999999,MDV,282720
6190224,137,5948,2009,,,-0.415182,-0.9298379999999999,MDV,282731
6196750,137,5949,2009,,,-0.415182,-0.9298379999999999,MDV,282732
6203276,137,5950,2009,,,-0.415182,-0.9298379999999999,MDV,282733
6209802,137,5951,2009,,,-0.415182,-0.9298379999999999,MDV,282734
6216328,137,5952,2009,,,-0.415182,-0.9298379999999999,MDV,282735
6222854,137,5953,2009,,,-0.415182,-0.9298379999999999,MDV,282736
6229380,137,5954,2009,,,-0.415182,-0.9298379999999999,MDV,282737
6235906,137,5955,2009,,,-0.415182,-0.9298379999999999,MDV,282738
6242432,137,5956,2009,0.0,3479.0,-0.415182,-0.9298379999999999,MDV,282739
6248958,137,5957,2009,,,-0.415182,-0.9298379999999999,MDV,282741
6255484,137,5958,2009,,,-0.415182,-0.9298379999999999,MDV,282749
6262010,137,5959,2009,,,-0.415182,-0.9298379999999999,MDV,282751
6268536,137,5960,2009,,,-0.415182,-0.9298379999999999,MDV,282759
6275062,137,5961,2009,,,-0.415182,-0.9298379999999999,MDV,282760
6281588,137,5962,2009,0.0,116558.0,-0.415182,-0.9298379999999999,MDV,282810
6288114,137,5963,2009,0.0,16877.0,-0.415182,-0.9298379999999999,MDV,282890
6294640,137,5964,2009,0.0,20136.0,-0.415182,-0.9298379999999999,MDV,282911
6301166,137,5965,2009,,,-0.415182,-0.9298379999999999,MDV,282919
6307692,137,5966,2009,,,-0.415182,-0.9298379999999999,MDV,282990
6314218,137,5967,2009,,,-0.415182,-0.9298379999999999,MDV,283010
6320744,137,5968,2009,,,-0.415182,-0.9298379999999999,MDV,283020
6327270,137,5969,2009,,,-0.415182,-0.9298379999999999,MDV,283030
6333796,137,5970,2009,,,-0.415182,-0.9298379999999999,MDV,283090
6340322,137,5971,2009,,,-0.415182,-0.9298379999999999,MDV,283110
6346848,137,5972,2009,,,-0.415182,-0.9298379999999999,MDV,283190
6353374,137,5973,2009,0.0,5056.0,-0.415182,-0.9298379999999999,MDV,283210
6359900,137,5974,2009,,,-0.415182,-0.9298379999999999,MDV,283220
6366426,137,5975,2009,,,-0.415182,-0.9298379999999999,MDV,283230
6372952,137,5976,2009,,,-0.415182,-0.9298379999999999,MDV,283311
6379478,137,5977,2009,0.0,37757.0,-0.415182,-0.9298379999999999,MDV,283319
6386004,137,5978,2009,0.0,989.0,-0.415182,-0.9298379999999999,MDV,283321
6392530,137,5979,2009,0.0,1150.0,-0.415182,-0.9298379999999999,MDV,283322
6399056,137,5980,2009,,,-0.415182,-0.9298379999999999,MDV,283323
6405582,137,5981,2009,,,-0.415182,-0.9298379999999999,MDV,283324
6412108,137,5982,2009,,,-0.415182,-0.9298379999999999,MDV,283325
6418634,137,5983,2009,,,-0.415182,-0.9298379999999999,MDV,283326
6425160,137,5984,2009,,,-0.415182,-0.9298379999999999,MDV,283327
6431686,137,5985,2009,0.0,8589.0,-0.415182,-0.9298379999999999,MDV,283329
6438212,137,5986,2009,,,-0.415182,-0.9298379999999999,MDV,283330
6444738,137,5987,2009,,,-0.415182,-0.9298379999999999,MDV,283340
6451264,137,5988,2009,,,-0.415182,-0.9298379999999999,MDV,283410
6457790,137,5989,2009,,,-0.415182,-0.9298379999999999,MDV,283421
6464316,137,5990,2009,,,-0.415182,-0.9298379999999999,MDV,283422
6470842,137,5991,2009,0.0,16634.0,-0.415182,-0.9298379999999999,MDV,283429
6477368,137,5992,2009,0.0,8452.0,-0.415182,-0.9298379999999999,MDV,283510
6483894,137,5993,2009,,,-0.415182,-0.9298379999999999,MDV,283521
6490420,137,5994,2009,,,-0.415182,-0.9298379999999999,MDV,283522
6496946,137,5995,2009,,,-0.415182,-0.9298379999999999,MDV,283523
6503472,137,5996,2009,,,-0.415182,-0.9298379999999999,MDV,283524
6509998,137,5997,2009,,,-0.415182,-0.9298379999999999,MDV,283525
6516524,137,5998,2009,,,-0.415182,-0.9298379999999999,MDV,283526
6523050,137,5999,2009,,,-0.415182,-0.9298379999999999,MDV,283529
6529576,137,6000,2009,,,-0.415182,-0.9298379999999999,MDV,283531
6536102,137,6001,2009,,,-0.415182,-0.9298379999999999,MDV,283539
6542628,137,6002,2009,,,-0.415182,-0.9298379999999999,MDV,283610
6549154,137,6003,2009,0.0,5790.0,-0.415182,-0.9298379999999999,MDV,283620
6555680,137,6004,2009,0.0,2218.0,-0.415182,-0.9298379999999999,MDV,283630
6562206,137,6005,2009,,,-0.415182,-0.9298379999999999,MDV,283640
6568732,137,6006,2009,,,-0.415182,-0.9298379999999999,MDV,283650
6575258,137,6007,2009,,,-0.415182,-0.9298379999999999,MDV,283660
6581784,137,6008,2009,,,-0.415182,-0.9298379999999999,MDV,283670
6588310,137,6009,2009,0.0,9555.0,-0.415182,-0.9298379999999999,MDV,283691
6594836,137,6010,2009,,,-0.415182,-0.9298379999999999,MDV,283692
6601362,137,6011,2009,,,-0.415182,-0.9298379999999999,MDV,283693
6607888,137,6012,2009,0.0,6584.0,-0.415182,-0.9298379999999999,MDV,283699
6614414,137,6013,2009,,,-0.415182,-0.9298379999999999,MDV,283711
6620940,137,6014,2009,,,-0.415182,-0.9298379999999999,MDV,283719
6627466,137,6015,2009,,,-0.415182,-0.9298379999999999,MDV,283720
6633992,137,6016,2009,,,-0.415182,-0.9298379999999999,MDV,283800
6640518,137,6017,2009,,,-0.415182,-0.9298379999999999,MDV,283911
6647044,137,6018,2009,,,-0.415182,-0.9298379999999999,MDV,283919
6653570,137,6019,2009,,,-0.415182,-0.9298379999999999,MDV,283920
6660096,137,6020,2009,,,-0.415182,-0.9298379999999999,MDV,283990
6666622,137,6021,2009,,,-0.415182,-0.9298379999999999,MDV,284011
6673148,137,6022,2009,,,-0.415182,-0.9298379999999999,MDV,284019
6679674,137,6023,2009,,,-0.415182,-0.9298379999999999,MDV,284020
6686200,137,6024,2009,,,-0.415182,-0.9298379999999999,MDV,284030
6692726,137,6025,2009,,,-0.415182,-0.9298379999999999,MDV,284110
6699252,137,6026,2009,,,-0.415182,-0.9298379999999999,MDV,284120
6705778,137,6027,2009,,,-0.415182,-0.9298379999999999,MDV,284130
6712304,137,6028,2009,,,-0.415182,-0.9298379999999999,MDV,284140
6718830,137,6029,2009,,,-0.415182,-0.9298379999999999,MDV,284150
6725356,137,6030,2009,0.0,1229.0,-0.415182,-0.9298379999999999,MDV,284160
6731882,137,6031,2009,,,-0.415182,-0.9298379999999999,MDV,284170
6738408,137,6032,2009,,,-0.415182,-0.9298379999999999,MDV,284180
6744934,137,6033,2009,,,-0.415182,-0.9298379999999999,MDV,284190
6751460,137,6034,2009,0.0,1260.0,-0.415182,-0.9298379999999999,MDV,284210
6757986,137,6035,2009,,,-0.415182,-0.9298379999999999,MDV,284290
6764512,137,6036,2009,,,-0.415182,-0.9298379999999999,MDV,284310
6771038,137,6037,2009,,,-0.415182,-0.9298379999999999,MDV,284321
6777564,137,6038,2009,,,-0.415182,-0.9298379999999999,MDV,284329
6784090,137,6039,2009,,,-0.415182,-0.9298379999999999,MDV,284330
6790616,137,6040,2009,,,-0.415182,-0.9298379999999999,MDV,284390
6797142,137,6041,2009,,,-0.415182,-0.9298379999999999,MDV,284410
6803668,137,6042,2009,,,-0.415182,-0.9298379999999999,MDV,284420
6810194,137,6043,2009,,,-0.415182,-0.9298379999999999,MDV,284430
6816720,137,6044,2009,0.0,3639.0,-0.415182,-0.9298379999999999,MDV,284440
6823246,137,6045,2009,,,-0.415182,-0.9298379999999999,MDV,284450
6829772,137,6046,2009,,,-0.415182,-0.9298379999999999,MDV,284510
6836298,137,6047,2009,0.0,2627.0,-0.415182,-0.9298379999999999,MDV,284590
6842824,137,6048,2009,,,-0.415182,-0.9298379999999999,MDV,284610
6849350,137,6049,2009,,,-0.415182,-0.9298379999999999,MDV,284690
6855876,137,6050,2009,0.0,838.0,-0.415182,-0.9298379999999999,MDV,284700
6862402,137,6051,2009,,,-0.415182,-0.9298379999999999,MDV,284810
6868928,137,6052,2009,,,-0.415182,-0.9298379999999999,MDV,284890
6875454,137,6053,2009,,,-0.415182,-0.9298379999999999,MDV,284910
6881980,137,6054,2009,,,-0.415182,-0.9298379999999999,MDV,284920
6888506,137,6055,2009,,,-0.415182,-0.9298379999999999,MDV,284990
6895032,137,6056,2009,,,-0.415182,-0.9298379999999999,MDV,285000
6901558,137,6057,2009,0.0,41392.0,-0.415182,-0.9298379999999999,MDV,285100
6908084,137,6058,2009,,,-0.415182,-0.9298379999999999,MDV,290110
6914610,137,6059,2009,0.0,3463.0,-0.415182,-0.9298379999999999,MDV,290121
6921136,137,6060,2009,,,-0.415182,-0.9298379999999999,MDV,290122
6927662,137,6061,2009,,,-0.415182,-0.9298379999999999,MDV,290123
6934188,137,6062,2009,,,-0.415182,-0.9298379999999999,MDV,290124
6940714,137,6063,2009,0.0,44398.0,-0.415182,-0.9298379999999999,MDV,290129
6947240,137,6064,2009,,,-0.415182,-0.9298379999999999,MDV,290211
6953766,137,6065,2009,,,-0.415182,-0.9298379999999999,MDV,290219
6960292,137,6066,2009,,,-0.415182,-0.9298379999999999,MDV,290220
6966818,137,6067,2009,,,-0.415182,-0.9298379999999999,MDV,290230
6973344,137,6068,2009,,,-0.415182,-0.9298379999999999,MDV,290241
6979870,137,6069,2009,,,-0.415182,-0.9298379999999999,MDV,290242
6986396,137,6070,2009,,,-0.415182,-0.9298379999999999,MDV,290243
6992922,137,6071,2009,0.0,948.0,-0.415182,-0.9298379999999999,MDV,290244
6999448,137,6072,2009,,,-0.415182,-0.9298379999999999,MDV,290250
7005974,137,6073,2009,,,-0.415182,-0.9298379999999999,MDV,290260
7012500,137,6074,2009,,,-0.415182,-0.9298379999999999,MDV,290270
7019026,137,6075,2009,,,-0.415182,-0.9298379999999999,MDV,290290
7025552,137,6076,2009,0.0,1143.0,-0.415182,-0.9298379999999999,MDV,290311
7032078,137,6077,2009,,,-0.415182,-0.9298379999999999,MDV,290312
7038604,137,6078,2009,,,-0.415182,-0.9298379999999999,MDV,290313
7045130,137,6079,2009,,,-0.415182,-0.9298379999999999,MDV,290314
7051656,137,6080,2009,,,-0.415182,-0.9298379999999999,MDV,290315
7058182,137,6081,2009,,,-0.415182,-0.9298379999999999,MDV,290316
7064708,137,6082,2009,,,-0.415182,-0.9298379999999999,MDV,290319
7071234,137,6083,2009,0.0,1964.0,-0.415182,-0.9298379999999999,MDV,290321
7077760,137,6084,2009,,,-0.415182,-0.9298379999999999,MDV,290322
7084286,137,6085,2009,,,-0.415182,-0.9298379999999999,MDV,290323
7090812,137,6086,2009,,,-0.415182,-0.9298379999999999,MDV,290329
7097338,137,6087,2009,0.0,12377.0,-0.415182,-0.9298379999999999,MDV,290330
7103864,137,6088,2009,0.0,119248.0,-0.415182,-0.9298379999999999,MDV,290340
7110390,137,6089,2009,,,-0.415182,-0.9298379999999999,MDV,290351
7116916,137,6090,2009,,,-0.415182,-0.9298379999999999,MDV,290359
7123442,137,6091,2009,,,-0.415182,-0.9298379999999999,MDV,290361
7129968,137,6092,2009,,,-0.415182,-0.9298379999999999,MDV,290362
7136494,137,6093,2009,,,-0.415182,-0.9298379999999999,MDV,290369
7143020,137,6094,2009,,,-0.415182,-0.9298379999999999,MDV,290410
7149546,137,6095,2009,,,-0.415182,-0.9298379999999999,MDV,290420
7156072,137,6096,2009,,,-0.415182,-0.9298379999999999,MDV,290490
7162598,137,6097,2009,0.0,2516.0,-0.415182,-0.9298379999999999,MDV,290511
7169124,137,6098,2009,12856.0,4727.0,-0.415182,-0.9298379999999999,MDV,290512
7175650,137,6099,2009,,,-0.415182,-0.9298379999999999,MDV,290513
7182176,137,6100,2009,,,-0.415182,-0.9298379999999999,MDV,290514
7188702,137,6101,2009,,,-0.415182,-0.9298379999999999,MDV,290515
7195228,137,6102,2009,,,-0.415182,-0.9298379999999999,MDV,290516
7201754,137,6103,2009,,,-0.415182,-0.9298379999999999,MDV,290517
7208280,137,6104,2009,0.0,1093.0,-0.415182,-0.9298379999999999,MDV,290519
7214806,137,6105,2009,,,-0.415182,-0.9298379999999999,MDV,290521
7221332,137,6106,2009,,,-0.415182,-0.9298379999999999,MDV,290522
7227858,137,6107,2009,,,-0.415182,-0.9298379999999999,MDV,290529
7234384,137,6108,2009,,,-0.415182,-0.9298379999999999,MDV,290531
7240910,137,6109,2009,0.0,2481.0,-0.415182,-0.9298379999999999,MDV,290532
7247436,137,6110,2009,,,-0.415182,-0.9298379999999999,MDV,290539
7253962,137,6111,2009,,,-0.415182,-0.9298379999999999,MDV,290541
7260488,137,6112,2009,0.0,15520.0,-0.415182,-0.9298379999999999,MDV,290542
7267014,137,6113,2009,,,-0.415182,-0.9298379999999999,MDV,290543
7273540,137,6114,2009,,,-0.415182,-0.9298379999999999,MDV,290544
7280066,137,6115,2009,,,-0.415182,-0.9298379999999999,MDV,290549
7286592,137,6116,2009,,,-0.415182,-0.9298379999999999,MDV,290550
7293118,137,6117,2009,,,-0.415182,-0.9298379999999999,MDV,290611
7299644,137,6118,2009,,,-0.415182,-0.9298379999999999,MDV,290612
7306170,137,6119,2009,,,-0.415182,-0.9298379999999999,MDV,290613
7312696,137,6120,2009,,,-0.415182,-0.9298379999999999,MDV,290614
7319222,137,6121,2009,0.0,11509.0,-0.415182,-0.9298379999999999,MDV,290619
7325748,137,6122,2009,,,-0.415182,-0.9298379999999999,MDV,290621
7332274,137,6123,2009,,,-0.415182,-0.9298379999999999,MDV,290629
7338800,137,6124,2009,,,-0.415182,-0.9298379999999999,MDV,290711
7345326,137,6125,2009,,,-0.415182,-0.9298379999999999,MDV,290712
7351852,137,6126,2009,,,-0.415182,-0.9298379999999999,MDV,290713
7358378,137,6127,2009,,,-0.415182,-0.9298379999999999,MDV,290714
7364904,137,6128,2009,,,-0.415182,-0.9298379999999999,MDV,290715
7371430,137,6129,2009,,,-0.415182,-0.9298379999999999,MDV,290719
7377956,137,6130,2009,,,-0.415182,-0.9298379999999999,MDV,290721
7384482,137,6131,2009,,,-0.415182,-0.9298379999999999,MDV,290722
7391008,137,6132,2009,,,-0.415182,-0.9298379999999999,MDV,290723
7397534,137,6133,2009,,,-0.415182,-0.9298379999999999,MDV,290729
7404060,137,6134,2009,,,-0.415182,-0.9298379999999999,MDV,290730
7410586,137,6135,2009,,,-0.415182,-0.9298379999999999,MDV,290810
7417112,137,6136,2009,,,-0.415182,-0.9298379999999999,MDV,290820
7423638,137,6137,2009,,,-0.415182,-0.9298379999999999,MDV,290890
7430164,137,6138,2009,,,-0.415182,-0.9298379999999999,MDV,290911
7436690,137,6139,2009,,,-0.415182,-0.9298379999999999,MDV,290919
7443216,137,6140,2009,,,-0.415182,-0.9298379999999999,MDV,290920
7449742,137,6141,2009,,,-0.415182,-0.9298379999999999,MDV,290930
7456268,137,6142,2009,0.0,644.0,-0.415182,-0.9298379999999999,MDV,290941
7462794,137,6143,2009,,,-0.415182,-0.9298379999999999,MDV,290942
7469320,137,6144,2009,,,-0.415182,-0.9298379999999999,MDV,290943
7475846,137,6145,2009,,,-0.415182,-0.9298379999999999,MDV,290944
7482372,137,6146,2009,,,-0.415182,-0.9298379999999999,MDV,290949
7488898,137,6147,2009,,,-0.415182,-0.9298379999999999,MDV,290950
7495424,137,6148,2009,,,-0.415182,-0.9298379999999999,MDV,290960
7501950,137,6149,2009,,,-0.415182,-0.9298379999999999,MDV,291010
7508476,137,6150,2009,,,-0.415182,-0.9298379999999999,MDV,291020
7515002,137,6151,2009,,,-0.415182,-0.9298379999999999,MDV,291030
7521528,137,6152,2009,,,-0.415182,-0.9298379999999999,MDV,291090
7528054,137,6153,2009,,,-0.415182,-0.9298379999999999,MDV,291100
7534580,137,6154,2009,,,-0.415182,-0.9298379999999999,MDV,291211
7541106,137,6155,2009,,,-0.415182,-0.9298379999999999,MDV,291212
7547632,137,6156,2009,,,-0.415182,-0.9298379999999999,MDV,291213
7554158,137,6157,2009,,,-0.415182,-0.9298379999999999,MDV,291219
7560684,137,6158,2009,,,-0.415182,-0.9298379999999999,MDV,291221
7567210,137,6159,2009,0.0,1073.0,-0.415182,-0.9298379999999999,MDV,291229
7573736,137,6160,2009,,,-0.415182,-0.9298379999999999,MDV,291230
7580262,137,6161,2009,,,-0.415182,-0.9298379999999999,MDV,291241
7586788,137,6162,2009,,,-0.415182,-0.9298379999999999,MDV,291242
7593314,137,6163,2009,,,-0.415182,-0.9298379999999999,MDV,291249
7599840,137,6164,2009,,,-0.415182,-0.9298379999999999,MDV,291250
7606366,137,6165,2009,,,-0.415182,-0.9298379999999999,MDV,291260
7612892,137,6166,2009,,,-0.415182,-0.9298379999999999,MDV,291300
7619418,137,6167,2009,0.0,42383.0,-0.415182,-0.9298379999999999,MDV,291411
7625944,137,6168,2009,0.0,17566.0,-0.415182,-0.9298379999999999,MDV,291412
7632470,137,6169,2009,,,-0.415182,-0.9298379999999999,MDV,291413
7638996,137,6170,2009,,,-0.415182,-0.9298379999999999,MDV,291419
7645522,137,6171,2009,,,-0.415182,-0.9298379999999999,MDV,291421
7652048,137,6172,2009,,,-0.415182,-0.9298379999999999,MDV,291422
7658574,137,6173,2009,,,-0.415182,-0.9298379999999999,MDV,291423
7665100,137,6174,2009,,,-0.415182,-0.9298379999999999,MDV,291429
7671626,137,6175,2009,,,-0.415182,-0.9298379999999999,MDV,291430
7678152,137,6176,2009,,,-0.415182,-0.9298379999999999,MDV,291441
7684678,137,6177,2009,,,-0.415182,-0.9298379999999999,MDV,291449
7691204,137,6178,2009,0.0,728.0,-0.415182,-0.9298379999999999,MDV,291450
7697730,137,6179,2009,,,-0.415182,-0.9298379999999999,MDV,291461
7704256,137,6180,2009,,,-0.415182,-0.9298379999999999,MDV,291469
7710782,137,6181,2009,,,-0.415182,-0.9298379999999999,MDV,291470
7717308,137,6182,2009,,,-0.415182,-0.9298379999999999,MDV,291511
7723834,137,6183,2009,,,-0.415182,-0.9298379999999999,MDV,291512
7730360,137,6184,2009,0.0,55800.0,-0.415182,-0.9298379999999999,MDV,291513
7736886,137,6185,2009,,,-0.415182,-0.9298379999999999,MDV,291521
7743412,137,6186,2009,,,-0.415182,-0.9298379999999999,MDV,291522
7749938,137,6187,2009,,,-0.415182,-0.9298379999999999,MDV,291523
7756464,137,6188,2009,,,-0.415182,-0.9298379999999999,MDV,291524
7762990,137,6189,2009,,,-0.415182,-0.9298379999999999,MDV,291529
7769516,137,6190,2009,0.0,8661.0,-0.415182,-0.9298379999999999,MDV,291531
7776042,137,6191,2009,,,-0.415182,-0.9298379999999999,MDV,291532
7782568,137,6192,2009,,,-0.415182,-0.9298379999999999,MDV,291533
7789094,137,6193,2009,,,-0.415182,-0.9298379999999999,MDV,291534
7795620,137,6194,2009,,,-0.415182,-0.9298379999999999,MDV,291535
7802146,137,6195,2009,,,-0.415182,-0.9298379999999999,MDV,291539
7808672,137,6196,2009,,,-0.415182,-0.9298379999999999,MDV,291540
7815198,137,6197,2009,,,-0.415182,-0.9298379999999999,MDV,291550
7821724,137,6198,2009,,,-0.415182,-0.9298379999999999,MDV,291560
7828250,137,6199,2009,,,-0.415182,-0.9298379999999999,MDV,291570
7834776,137,6200,2009,,,-0.415182,-0.9298379999999999,MDV,291590
7841302,137,6201,2009,0.0,1103991.0,-0.415182,-0.9298379999999999,MDV,291611
7847828,137,6202,2009,,,-0.415182,-0.9298379999999999,MDV,291612
7854354,137,6203,2009,,,-0.415182,-0.9298379999999999,MDV,291613
7860880,137,6204,2009,,,-0.415182,-0.9298379999999999,MDV,291614
7867406,137,6205,2009,,,-0.415182,-0.9298379999999999,MDV,291615
7873932,137,6206,2009,,,-0.415182,-0.9298379999999999,MDV,291619
7880458,137,6207,2009,0.0,918.0,-0.415182,-0.9298379999999999,MDV,291620
7886984,137,6208,2009,0.0,1739.0,-0.415182,-0.9298379999999999,MDV,291631
7893510,137,6209,2009,0.0,1217.0,-0.415182,-0.9298379999999999,MDV,291632
7900036,137,6210,2009,,,-0.415182,-0.9298379999999999,MDV,291633
7906562,137,6211,2009,,,-0.415182,-0.9298379999999999,MDV,291639
7913088,137,6212,2009,0.0,2138.0,-0.415182,-0.9298379999999999,MDV,291711
7919614,137,6213,2009,,,-0.415182,-0.9298379999999999,MDV,291712
7926140,137,6214,2009,,,-0.415182,-0.9298379999999999,MDV,291713
7932666,137,6215,2009,,,-0.415182,-0.9298379999999999,MDV,291714
7939192,137,6216,2009,0.0,6517.0,-0.415182,-0.9298379999999999,MDV,291719
7945718,137,6217,2009,,,-0.415182,-0.9298379999999999,MDV,291720
7952244,137,6218,2009,,,-0.415182,-0.9298379999999999,MDV,291731
7958770,137,6219,2009,,,-0.415182,-0.9298379999999999,MDV,291732
7965296,137,6220,2009,,,-0.415182,-0.9298379999999999,MDV,291733
7971822,137,6221,2009,,,-0.415182,-0.9298379999999999,MDV,291734
7978348,137,6222,2009,,,-0.415182,-0.9298379999999999,MDV,291735
7984874,137,6223,2009,,,-0.415182,-0.9298379999999999,MDV,291736
7991400,137,6224,2009,,,-0.415182,-0.9298379999999999,MDV,291737
7997926,137,6225,2009,,,-0.415182,-0.9298379999999999,MDV,291739
8004452,137,6226,2009,,,-0.415182,-0.9298379999999999,MDV,291811
8010978,137,6227,2009,,,-0.415182,-0.9298379999999999,MDV,291812
8017504,137,6228,2009,,,-0.415182,-0.9298379999999999,MDV,291813
8024030,137,6229,2009,0.0,2698.0,-0.415182,-0.9298379999999999,MDV,291814
8030556,137,6230,2009,,,-0.415182,-0.9298379999999999,MDV,291815
8037082,137,6231,2009,,,-0.415182,-0.9298379999999999,MDV,291816
8043608,137,6232,2009,,,-0.415182,-0.9298379999999999,MDV,291817
8050134,137,6233,2009,,,-0.415182,-0.9298379999999999,MDV,291819
8056660,137,6234,2009,0.0,935.0,-0.415182,-0.9298379999999999,MDV,291821
8063186,137,6235,2009,,,-0.415182,-0.9298379999999999,MDV,291822
8069712,137,6236,2009,,,-0.415182,-0.9298379999999999,MDV,291823
8076238,137,6237,2009,0.0,758.0,-0.415182,-0.9298379999999999,MDV,291829
8082764,137,6238,2009,,,-0.415182,-0.9298379999999999,MDV,291830
8089290,137,6239,2009,,,-0.415182,-0.9298379999999999,MDV,291890
8095816,137,6240,2009,,,-0.415182,-0.9298379999999999,MDV,291900
8102342,137,6241,2009,,,-0.415182,-0.9298379999999999,MDV,292010
8108868,137,6242,2009,,,-0.415182,-0.9298379999999999,MDV,292090
8115394,137,6243,2009,0.0,3001.0,-0.415182,-0.9298379999999999,MDV,292111
8121920,137,6244,2009,,,-0.415182,-0.9298379999999999,MDV,292112
8128446,137,6245,2009,,,-0.415182,-0.9298379999999999,MDV,292119
8134972,137,6246,2009,,,-0.415182,-0.9298379999999999,MDV,292121
8141498,137,6247,2009,,,-0.415182,-0.9298379999999999,MDV,292122
8148024,137,6248,2009,,,-0.415182,-0.9298379999999999,MDV,292129
8154550,137,6249,2009,,,-0.415182,-0.9298379999999999,MDV,292130
8161076,137,6250,2009,,,-0.415182,-0.9298379999999999,MDV,292141
8167602,137,6251,2009,0.0,923.0,-0.415182,-0.9298379999999999,MDV,292142
8174128,137,6252,2009,,,-0.415182,-0.9298379999999999,MDV,292143
8180654,137,6253,2009,,,-0.415182,-0.9298379999999999,MDV,292144
8187180,137,6254,2009,,,-0.415182,-0.9298379999999999,MDV,292145
8193706,137,6255,2009,,,-0.415182,-0.9298379999999999,MDV,292149
8200232,137,6256,2009,,,-0.415182,-0.9298379999999999,MDV,292151
8206758,137,6257,2009,,,-0.415182,-0.9298379999999999,MDV,292159
8213284,137,6258,2009,0.0,1937.0,-0.415182,-0.9298379999999999,MDV,292211
8219810,137,6259,2009,,,-0.415182,-0.9298379999999999,MDV,292212
8226336,137,6260,2009,,,-0.415182,-0.9298379999999999,MDV,292213
8232862,137,6261,2009,,,-0.415182,-0.9298379999999999,MDV,292219
8239388,137,6262,2009,,,-0.415182,-0.9298379999999999,MDV,292221
8245914,137,6263,2009,,,-0.415182,-0.9298379999999999,MDV,292222
8252440,137,6264,2009,0.0,1155.0,-0.415182,-0.9298379999999999,MDV,292229
8258966,137,6265,2009,,,-0.415182,-0.9298379999999999,MDV,292230
8265492,137,6266,2009,,,-0.415182,-0.9298379999999999,MDV,292241
8272018,137,6267,2009,0.0,186360.0,-0.415182,-0.9298379999999999,MDV,292242
8278544,137,6268,2009,,,-0.415182,-0.9298379999999999,MDV,292249
8285070,137,6269,2009,,,-0.415182,-0.9298379999999999,MDV,292250
8291596,137,6270,2009,,,-0.415182,-0.9298379999999999,MDV,292310
8298122,137,6271,2009,,,-0.415182,-0.9298379999999999,MDV,292320
8304648,137,6272,2009,,,-0.415182,-0.9298379999999999,MDV,292390
8311174,137,6273,2009,,,-0.415182,-0.9298379999999999,MDV,292410
8317700,137,6274,2009,,,-0.415182,-0.9298379999999999,MDV,292421
8324226,137,6275,2009,0.0,1000.0,-0.415182,-0.9298379999999999,MDV,292429
8330752,137,6276,2009,,,-0.415182,-0.9298379999999999,MDV,292511
8337278,137,6277,2009,0.0,5621.0,-0.415182,-0.9298379999999999,MDV,292519
8343804,137,6278,2009,,,-0.415182,-0.9298379999999999,MDV,292520
8350330,137,6279,2009,,,-0.415182,-0.9298379999999999,MDV,292610
8356856,137,6280,2009,,,-0.415182,-0.9298379999999999,MDV,292620
8363382,137,6281,2009,,,-0.415182,-0.9298379999999999,MDV,292690
8369908,137,6282,2009,,,-0.415182,-0.9298379999999999,MDV,292700
8376434,137,6283,2009,,,-0.415182,-0.9298379999999999,MDV,292800
8382960,137,6284,2009,,,-0.415182,-0.9298379999999999,MDV,292910
8389486,137,6285,2009,0.0,62068.0,-0.415182,-0.9298379999999999,MDV,292990
8396012,137,6286,2009,,,-0.415182,-0.9298379999999999,MDV,293010
8402538,137,6287,2009,0.0,8240.0,-0.415182,-0.9298379999999999,MDV,293020
8409064,137,6288,2009,,,-0.415182,-0.9298379999999999,MDV,293030
8415590,137,6289,2009,,,-0.415182,-0.9298379999999999,MDV,293040
8422116,137,6290,2009,,,-0.415182,-0.9298379999999999,MDV,293090
8428642,137,6291,2009,0.0,8212.0,-0.415182,-0.9298379999999999,MDV,293100
8435168,137,6292,2009,,,-0.415182,-0.9298379999999999,MDV,293211
8441694,137,6293,2009,,,-0.415182,-0.9298379999999999,MDV,293212
8448220,137,6294,2009,,,-0.415182,-0.9298379999999999,MDV,293213
8454746,137,6295,2009,,,-0.415182,-0.9298379999999999,MDV,293219
8461272,137,6296,2009,,,-0.415182,-0.9298379999999999,MDV,293221
8467798,137,6297,2009,,,-0.415182,-0.9298379999999999,MDV,293229
8474324,137,6298,2009,0.0,5994.0,-0.415182,-0.9298379999999999,MDV,293290
8480850,137,6299,2009,,,-0.415182,-0.9298379999999999,MDV,293311
8487376,137,6300,2009,,,-0.415182,-0.9298379999999999,MDV,293319
8493902,137,6301,2009,0.0,1648.0,-0.415182,-0.9298379999999999,MDV,293321
8500428,137,6302,2009,,,-0.415182,-0.9298379999999999,MDV,293329
8506954,137,6303,2009,,,-0.415182,-0.9298379999999999,MDV,293331
8513480,137,6304,2009,,,-0.415182,-0.9298379999999999,MDV,293339
8520006,137,6305,2009,,,-0.415182,-0.9298379999999999,MDV,293340
8526532,137,6306,2009,,,-0.415182,-0.9298379999999999,MDV,293351
8533058,137,6307,2009,0.0,10388.0,-0.415182,-0.9298379999999999,MDV,293359
8539584,137,6308,2009,,,-0.415182,-0.9298379999999999,MDV,293361
8546110,137,6309,2009,0.0,37149.0,-0.415182,-0.9298379999999999,MDV,293369
8552636,137,6310,2009,,,-0.415182,-0.9298379999999999,MDV,293371
8559162,137,6311,2009,,,-0.415182,-0.9298379999999999,MDV,293379
8565688,137,6312,2009,,,-0.415182,-0.9298379999999999,MDV,293390
8572214,137,6313,2009,,,-0.415182,-0.9298379999999999,MDV,293410
8578740,137,6314,2009,,,-0.415182,-0.9298379999999999,MDV,293420
8585266,137,6315,2009,0.0,1494.0,-0.415182,-0.9298379999999999,MDV,293430
8591792,137,6316,2009,,,-0.415182,-0.9298379999999999,MDV,293490
8598318,137,6317,2009,,,-0.415182,-0.9298379999999999,MDV,293500
8604844,137,6318,2009,,,-0.415182,-0.9298379999999999,MDV,293610
8611370,137,6319,2009,,,-0.415182,-0.9298379999999999,MDV,293621
8617896,137,6320,2009,,,-0.415182,-0.9298379999999999,MDV,293622
8624422,137,6321,2009,0.0,16330.0,-0.415182,-0.9298379999999999,MDV,293623
8630948,137,6322,2009,,,-0.415182,-0.9298379999999999,MDV,293624
8637474,137,6323,2009,,,-0.415182,-0.9298379999999999,MDV,293625
8644000,137,6324,2009,,,-0.415182,-0.9298379999999999,MDV,293626
8650526,137,6325,2009,,,-0.415182,-0.9298379999999999,MDV,293627
8657052,137,6326,2009,,,-0.415182,-0.9298379999999999,MDV,293628
8663578,137,6327,2009,0.0,3692.0,-0.415182,-0.9298379999999999,MDV,293629
8670104,137,6328,2009,0.0,1159.0,-0.415182,-0.9298379999999999,MDV,293690
8676630,137,6329,2009,,,-0.415182,-0.9298379999999999,MDV,293710
8683156,137,6330,2009,,,-0.415182,-0.9298379999999999,MDV,293721
8689682,137,6331,2009,,,-0.415182,-0.9298379999999999,MDV,293722
8696208,137,6332,2009,,,-0.415182,-0.9298379999999999,MDV,293729
8702734,137,6333,2009,,,-0.415182,-0.9298379999999999,MDV,293791
8709260,137,6334,2009,,,-0.415182,-0.9298379999999999,MDV,293792
8715786,137,6335,2009,,,-0.415182,-0.9298379999999999,MDV,293799
8722312,137,6336,2009,,,-0.415182,-0.9298379999999999,MDV,293810
8728838,137,6337,2009,0.0,2998.0,-0.415182,-0.9298379999999999,MDV,293890
8735364,137,6338,2009,,,-0.415182,-0.9298379999999999,MDV,293910
8741890,137,6339,2009,,,-0.415182,-0.9298379999999999,MDV,293921
8748416,137,6340,2009,,,-0.415182,-0.9298379999999999,MDV,293929
8754942,137,6341,2009,,,-0.415182,-0.9298379999999999,MDV,293930
8761468,137,6342,2009,,,-0.415182,-0.9298379999999999,MDV,293940
8767994,137,6343,2009,,,-0.415182,-0.9298379999999999,MDV,293950
8774520,137,6344,2009,,,-0.415182,-0.9298379999999999,MDV,293960
8781046,137,6345,2009,,,-0.415182,-0.9298379999999999,MDV,293970
8787572,137,6346,2009,0.0,5799.0,-0.415182,-0.9298379999999999,MDV,293990
8794098,137,6347,2009,0.0,12407.0,-0.415182,-0.9298379999999999,MDV,294000
8800624,137,6348,2009,,,-0.415182,-0.9298379999999999,MDV,294110
8807150,137,6349,2009,,,-0.415182,-0.9298379999999999,MDV,294120
8813676,137,6350,2009,,,-0.415182,-0.9298379999999999,MDV,294130
8820202,137,6351,2009,,,-0.415182,-0.9298379999999999,MDV,294140
8826728,137,6352,2009,,,-0.415182,-0.9298379999999999,MDV,294150
8833254,137,6353,2009,0.0,2137.0,-0.415182,-0.9298379999999999,MDV,294190
8839780,137,6354,2009,0.0,14354.0,-0.415182,-0.9298379999999999,MDV,294200
8846306,137,6355,2009,,,-0.415182,-0.9298379999999999,MDV,300110
8852832,137,6356,2009,,,-0.415182,-0.9298379999999999,MDV,300120
8859358,137,6357,2009,0.0,7628.0,-0.415182,-0.9298379999999999,MDV,300190
8865884,137,6358,2009,0.0,77566.0,-0.415182,-0.9298379999999999,MDV,300210
8872410,137,6359,2009,0.0,136498.0,-0.415182,-0.9298379999999999,MDV,300220
8878936,137,6360,2009,,,-0.415182,-0.9298379999999999,MDV,300231
8885462,137,6361,2009,0.0,14372.0,-0.415182,-0.9298379999999999,MDV,300239
8891988,137,6362,2009,0.0,49229.0,-0.415182,-0.9298379999999999,MDV,300290
8898514,137,6363,2009,0.0,12681.0,-0.415182,-0.9298379999999999,MDV,300310
8905040,137,6364,2009,0.0,14162.0,-0.415182,-0.9298379999999999,MDV,300320
8911566,137,6365,2009,,,-0.415182,-0.9298379999999999,MDV,300331
8918092,137,6366,2009,0.0,175557.0,-0.415182,-0.9298379999999999,MDV,300339
8924618,137,6367,2009,,,-0.415182,-0.9298379999999999,MDV,300340
8931144,137,6368,2009,0.0,202947.0,-0.415182,-0.9298379999999999,MDV,300390
8937670,137,6369,2009,0.0,56165.0,-0.415182,-0.9298379999999999,MDV,300410
8944196,137,6370,2009,0.0,904733.0,-0.415182,-0.9298379999999999,MDV,300420
8950722,137,6371,2009,0.0,91894.0,-0.415182,-0.9298379999999999,MDV,300431
8957248,137,6372,2009,0.0,15149.0,-0.415182,-0.9298379999999999,MDV,300432
8963774,137,6373,2009,0.0,6212.0,-0.415182,-0.9298379999999999,MDV,300439
8970300,137,6374,2009,0.0,32140.0,-0.415182,-0.9298379999999999,MDV,300440
8976826,137,6375,2009,0.0,499254.0,-0.415182,-0.9298379999999999,MDV,300450
8983352,137,6376,2009,0.0,4917790.0,-0.415182,-0.9298379999999999,MDV,300490
8989878,137,6377,2009,0.0,102315.0,-0.415182,-0.9298379999999999,MDV,300510
8996404,137,6378,2009,0.0,169671.0,-0.415182,-0.9298379999999999,MDV,300590
9002930,137,6379,2009,0.0,190010.0,-0.415182,-0.9298379999999999,MDV,300610
9009456,137,6380,2009,0.0,69680.0,-0.415182,-0.9298379999999999,MDV,300620
9015982,137,6381,2009,0.0,8450.0,-0.415182,-0.9298379999999999,MDV,300630
9022508,137,6382,2009,0.0,12640.0,-0.415182,-0.9298379999999999,MDV,300640
9029034,137,6383,2009,0.0,37380.0,-0.415182,-0.9298379999999999,MDV,300650
9035560,137,6384,2009,0.0,31388.0,-0.415182,-0.9298379999999999,MDV,300660
9042086,137,6385,2009,0.0,284318.0,-0.415182,-0.9298379999999999,MDV,310100
9048612,137,6386,2009,0.0,8892.0,-0.415182,-0.9298379999999999,MDV,310210
9055138,137,6387,2009,0.0,4183.0,-0.415182,-0.9298379999999999,MDV,310221
9061664,137,6388,2009,0.0,10598.0,-0.415182,-0.9298379999999999,MDV,310229
9068190,137,6389,2009,,,-0.415182,-0.9298379999999999,MDV,310230
9074716,137,6390,2009,,,-0.415182,-0.9298379999999999,MDV,310240
9081242,137,6391,2009,,,-0.415182,-0.9298379999999999,MDV,310250
9087768,137,6392,2009,,,-0.415182,-0.9298379999999999,MDV,310260
9094294,137,6393,2009,,,-0.415182,-0.9298379999999999,MDV,310270
9100820,137,6394,2009,,,-0.415182,-0.9298379999999999,MDV,310280
9107346,137,6395,2009,0.0,65174.0,-0.415182,-0.9298379999999999,MDV,310290
9113872,137,6396,2009,0.0,2846.0,-0.415182,-0.9298379999999999,MDV,310310
9120398,137,6397,2009,,,-0.415182,-0.9298379999999999,MDV,310320
9126924,137,6398,2009,0.0,24320.0,-0.415182,-0.9298379999999999,MDV,310390
9133450,137,6399,2009,,,-0.415182,-0.9298379999999999,MDV,310410
9139976,137,6400,2009,,,-0.415182,-0.9298379999999999,MDV,310420
9146502,137,6401,2009,0.0,6792.0,-0.415182,-0.9298379999999999,MDV,310430
9153028,137,6402,2009,0.0,2678.0,-0.415182,-0.9298379999999999,MDV,310490
9159554,137,6403,2009,0.0,3837.0,-0.415182,-0.9298379999999999,MDV,310510
9166080,137,6404,2009,0.0,110558.0,-0.415182,-0.9298379999999999,MDV,310520
9172606,137,6405,2009,,,-0.415182,-0.9298379999999999,MDV,310530
9179132,137,6406,2009,,,-0.415182,-0.9298379999999999,MDV,310540
9185658,137,6407,2009,,,-0.415182,-0.9298379999999999,MDV,310551
9192184,137,6408,2009,0.0,1334.0,-0.415182,-0.9298379999999999,MDV,310559
9198710,137,6409,2009,,,-0.415182,-0.9298379999999999,MDV,310560
9205236,137,6410,2009,0.0,48003.0,-0.415182,-0.9298379999999999,MDV,310590
9211762,137,6411,2009,,,-0.415182,-0.9298379999999999,MDV,320110
9218288,137,6412,2009,,,-0.415182,-0.9298379999999999,MDV,320120
9224814,137,6413,2009,,,-0.415182,-0.9298379999999999,MDV,320130
9231340,137,6414,2009,,,-0.415182,-0.9298379999999999,MDV,320190
9237866,137,6415,2009,,,-0.415182,-0.9298379999999999,MDV,320210
9244392,137,6416,2009,,,-0.415182,-0.9298379999999999,MDV,320290
9250918,137,6417,2009,0.0,81401.0,-0.415182,-0.9298379999999999,MDV,320300
9257444,137,6418,2009,,,-0.415182,-0.9298379999999999,MDV,320411
9263970,137,6419,2009,,,-0.415182,-0.9298379999999999,MDV,320412
9270496,137,6420,2009,,,-0.415182,-0.9298379999999999,MDV,320413
9277022,137,6421,2009,,,-0.415182,-0.9298379999999999,MDV,320414
9283548,137,6422,2009,0.0,2121.0,-0.415182,-0.9298379999999999,MDV,320415
9290074,137,6423,2009,,,-0.415182,-0.9298379999999999,MDV,320416
9296600,137,6424,2009,0.0,1250.0,-0.415182,-0.9298379999999999,MDV,320417
9303126,137,6425,2009,0.0,12418.0,-0.415182,-0.9298379999999999,MDV,320419
9309652,137,6426,2009,0.0,1240.0,-0.415182,-0.9298379999999999,MDV,320420
9316178,137,6427,2009,0.0,2170.0,-0.415182,-0.9298379999999999,MDV,320490
9322704,137,6428,2009,0.0,7503.0,-0.415182,-0.9298379999999999,MDV,320500
9329230,137,6429,2009,,,-0.415182,-0.9298379999999999,MDV,320610
9335756,137,6430,2009,0.0,9820.0,-0.415182,-0.9298379999999999,MDV,320620
9342282,137,6431,2009,,,-0.415182,-0.9298379999999999,MDV,320630
9348808,137,6432,2009,0.0,4806.0,-0.415182,-0.9298379999999999,MDV,320641
9355334,137,6433,2009,,,-0.415182,-0.9298379999999999,MDV,320642
9361860,137,6434,2009,,,-0.415182,-0.9298379999999999,MDV,320643
9368386,137,6435,2009,0.0,6311.0,-0.415182,-0.9298379999999999,MDV,320649
9374912,137,6436,2009,,,-0.415182,-0.9298379999999999,MDV,320650
9381438,137,6437,2009,0.0,68111.0,-0.415182,-0.9298379999999999,MDV,320710
9387964,137,6438,2009,0.0,958.0,-0.415182,-0.9298379999999999,MDV,320720
9394490,137,6439,2009,0.0,3375.0,-0.415182,-0.9298379999999999,MDV,320730
9401016,137,6440,2009,0.0,12240.0,-0.415182,-0.9298379999999999,MDV,320740
9407542,137,6441,2009,0.0,242070.0,-0.415182,-0.9298379999999999,MDV,320810
9414068,137,6442,2009,0.0,439287.0,-0.415182,-0.9298379999999999,MDV,320820
9420594,137,6443,2009,0.0,1709096.0,-0.415182,-0.9298379999999999,MDV,320890
9427120,137,6444,2009,0.0,596849.0,-0.415182,-0.9298379999999999,MDV,320910
9433646,137,6445,2009,0.0,1375948.0,-0.415182,-0.9298379999999999,MDV,320990
9440172,137,6446,2009,0.0,827902.0,-0.415182,-0.9298379999999999,MDV,321000
9446698,137,6447,2009,,,-0.415182,-0.9298379999999999,MDV,321100
9453224,137,6448,2009,,,-0.415182,-0.9298379999999999,MDV,321210
9459750,137,6449,2009,0.0,26470.0,-0.415182,-0.9298379999999999,MDV,321290
9466276,137,6450,2009,0.0,31160.0,-0.415182,-0.9298379999999999,MDV,321310
9472802,137,6451,2009,0.0,13124.0,-0.415182,-0.9298379999999999,MDV,321390
9479328,137,6452,2009,0.0,385802.0,-0.415182,-0.9298379999999999,MDV,321410
9485854,137,6453,2009,0.0,319171.0,-0.415182,-0.9298379999999999,MDV,321490
9492380,137,6454,2009,0.0,122324.0,-0.415182,-0.9298379999999999,MDV,321511
9498906,137,6455,2009,13873.0,16638.0,-0.415182,-0.9298379999999999,MDV,321519
9505432,137,6456,2009,0.0,767257.0,-0.415182,-0.9298379999999999,MDV,321590
9511958,137,6457,2009,,,-0.415182,-0.9298379999999999,MDV,330111
9518484,137,6458,2009,0.0,5699.0,-0.415182,-0.9298379999999999,MDV,330112
9525010,137,6459,2009,,,-0.415182,-0.9298379999999999,MDV,330113
9531536,137,6460,2009,,,-0.415182,-0.9298379999999999,MDV,330114
9538062,137,6461,2009,0.0,17925.0,-0.415182,-0.9298379999999999,MDV,330119
9544588,137,6462,2009,0.0,15851.0,-0.415182,-0.9298379999999999,MDV,330121
9551114,137,6463,2009,,,-0.415182,-0.9298379999999999,MDV,330122
9557640,137,6464,2009,,,-0.415182,-0.9298379999999999,MDV,330123
9564166,137,6465,2009,,,-0.415182,-0.9298379999999999,MDV,330124
9570692,137,6466,2009,0.0,122893.0,-0.415182,-0.9298379999999999,MDV,330125
9577218,137,6467,2009,,,-0.415182,-0.9298379999999999,MDV,330126
9583744,137,6468,2009,0.0,334308.0,-0.415182,-0.9298379999999999,MDV,330129
9590270,137,6469,2009,0.0,34182.0,-0.415182,-0.9298379999999999,MDV,330130
9596796,137,6470,2009,0.0,71008.0,-0.415182,-0.9298379999999999,MDV,330190
9603322,137,6471,2009,0.0,453838.0,-0.415182,-0.9298379999999999,MDV,330210
9609848,137,6472,2009,0.0,22909.0,-0.415182,-0.9298379999999999,MDV,330290
9616374,137,6473,2009,0.0,1846419.0,-0.415182,-0.9298379999999999,MDV,330300
9622900,137,6474,2009,0.0,103495.0,-0.415182,-0.9298379999999999,MDV,330410
9629426,137,6475,2009,0.0,66362.0,-0.415182,-0.9298379999999999,MDV,330420
9635952,137,6476,2009,0.0,35819.0,-0.415182,-0.9298379999999999,MDV,330430
9642478,137,6477,2009,0.0,108529.0,-0.415182,-0.9298379999999999,MDV,330491
9649004,137,6478,2009,1249.0,2802136.0,-0.415182,-0.9298379999999999,MDV,330499
9655530,137,6479,2009,0.0,747303.0,-0.415182,-0.9298379999999999,MDV,330510
9662056,137,6480,2009,0.0,83942.0,-0.415182,-0.9298379999999999,MDV,330520
9668582,137,6481,2009,0.0,17736.0,-0.415182,-0.9298379999999999,MDV,330530
9675108,137,6482,2009,0.0,802728.0,-0.415182,-0.9298379999999999,MDV,330590
9681634,137,6483,2009,0.0,249121.0,-0.415182,-0.9298379999999999,MDV,330610
9688160,137,6484,2009,0.0,62051.0,-0.415182,-0.9298379999999999,MDV,330690
9694686,137,6485,2009,0.0,160267.0,-0.415182,-0.9298379999999999,MDV,330710
9701212,137,6486,2009,0.0,1007594.0,-0.415182,-0.9298379999999999,MDV,330720
9707738,137,6487,2009,0.0,247543.0,-0.415182,-0.9298379999999999,MDV,330730
9714264,137,6488,2009,0.0,37008.0,-0.415182,-0.9298379999999999,MDV,330741
9720790,137,6489,2009,0.0,535087.0,-0.415182,-0.9298379999999999,MDV,330749
9727316,137,6490,2009,0.0,461991.0,-0.415182,-0.9298379999999999,MDV,330790
9733842,137,6491,2009,0.0,795907.0,-0.415182,-0.9298379999999999,MDV,340111
9740368,137,6492,2009,0.0,141345.0,-0.415182,-0.9298379999999999,MDV,340119
9746894,137,6493,2009,0.0,365683.0,-0.415182,-0.9298379999999999,MDV,340120
9753420,137,6494,2009,0.0,39407.0,-0.415182,-0.9298379999999999,MDV,340211
9759946,137,6495,2009,,,-0.415182,-0.9298379999999999,MDV,340212
9766472,137,6496,2009,0.0,128655.0,-0.415182,-0.9298379999999999,MDV,340213
9772998,137,6497,2009,0.0,13353.0,-0.415182,-0.9298379999999999,MDV,340219
9779524,137,6498,2009,0.0,3039493.0,-0.415182,-0.9298379999999999,MDV,340220
9786050,137,6499,2009,0.0,1562089.0,-0.415182,-0.9298379999999999,MDV,340290
9792576,137,6500,2009,0.0,25350.0,-0.415182,-0.9298379999999999,MDV,340311
9799102,137,6501,2009,0.0,17866.0,-0.415182,-0.9298379999999999,MDV,340319
9805628,137,6502,2009,0.0,32126.0,-0.415182,-0.9298379999999999,MDV,340391
9812154,137,6503,2009,0.0,53673.0,-0.415182,-0.9298379999999999,MDV,340399
9818680,137,6504,2009,,,-0.415182,-0.9298379999999999,MDV,340410
9825206,137,6505,2009,0.0,1306.0,-0.415182,-0.9298379999999999,MDV,340420
9831732,137,6506,2009,0.0,109235.0,-0.415182,-0.9298379999999999,MDV,340490
9838258,137,6507,2009,0.0,17178.0,-0.415182,-0.9298379999999999,MDV,340510
9844784,137,6508,2009,0.0,14364.0,-0.415182,-0.9298379999999999,MDV,340520
9851310,137,6509,2009,0.0,24241.0,-0.415182,-0.9298379999999999,MDV,340530
9857836,137,6510,2009,0.0,17989.0,-0.415182,-0.9298379999999999,MDV,340540
9864362,137,6511,2009,0.0,72821.0,-0.415182,-0.9298379999999999,MDV,340590
9870888,137,6512,2009,0.0,230499.0,-0.415182,-0.9298379999999999,MDV,340600
9877414,137,6513,2009,0.0,19709.0,-0.415182,-0.9298379999999999,MDV,340700
9883940,137,6514,2009,,,-0.415182,-0.9298379999999999,MDV,350110
9890466,137,6515,2009,,,-0.415182,-0.9298379999999999,MDV,350190
9896992,137,6516,2009,0.0,3415.0,-0.415182,-0.9298379999999999,MDV,350210
9903518,137,6517,2009,,,-0.415182,-0.9298379999999999,MDV,350290
9910044,137,6518,2009,0.0,62318.0,-0.415182,-0.9298379999999999,MDV,350300
9916570,137,6519,2009,,,-0.415182,-0.9298379999999999,MDV,350400
9923096,137,6520,2009,0.0,23960.0,-0.415182,-0.9298379999999999,MDV,350510
9929622,137,6521,2009,0.0,14183.0,-0.415182,-0.9298379999999999,MDV,350520
9936148,137,6522,2009,0.0,315616.0,-0.415182,-0.9298379999999999,MDV,350610
9942674,137,6523,2009,0.0,71022.0,-0.415182,-0.9298379999999999,MDV,350691
9949200,137,6524,2009,0.0,475194.0,-0.415182,-0.9298379999999999,MDV,350699
9955726,137,6525,2009,,,-0.415182,-0.9298379999999999,MDV,350710
9962252,137,6526,2009,0.0,5990.0,-0.415182,-0.9298379999999999,MDV,350790
9968778,137,6527,2009,,,-0.415182,-0.9298379999999999,MDV,360100
9975304,137,6528,2009,,,-0.415182,-0.9298379999999999,MDV,360200
9981830,137,6529,2009,0.0,12558.0,-0.415182,-0.9298379999999999,MDV,360300
9988356,137,6530,2009,0.0,9757.0,-0.415182,-0.9298379999999999,MDV,360410
9994882,137,6531,2009,0.0,3869.0,-0.415182,-0.9298379999999999,MDV,360490
10001408,137,6532,2009,0.0,27922.0,-0.415182,-0.9298379999999999,MDV,360500
10007934,137,6533,2009,0.0,585.0,-0.415182,-0.9298379999999999,MDV,360610
10014460,137,6534,2009,0.0,108410.0,-0.415182,-0.9298379999999999,MDV,360690
10020986,137,6535,2009,0.0,65774.0,-0.415182,-0.9298379999999999,MDV,370110
10027512,137,6536,2009,,,-0.415182,-0.9298379999999999,MDV,370120
10034038,137,6537,2009,0.0,130117.0,-0.415182,-0.9298379999999999,MDV,370130
10040564,137,6538,2009,0.0,2754.0,-0.415182,-0.9298379999999999,MDV,370191
10047090,137,6539,2009,,,-0.415182,-0.9298379999999999,MDV,370199
10053616,137,6540,2009,0.0,7892.0,-0.415182,-0.9298379999999999,MDV,370210
10060142,137,6541,2009,,,-0.415182,-0.9298379999999999,MDV,370220
10066668,137,6542,2009,0.0,6079.0,-0.415182,-0.9298379999999999,MDV,370231
10073194,137,6543,2009,,,-0.415182,-0.9298379999999999,MDV,370232
10079720,137,6544,2009,0.0,13655.0,-0.415182,-0.9298379999999999,MDV,370239
10086246,137,6545,2009,0.0,7823.0,-0.415182,-0.9298379999999999,MDV,370241
10092772,137,6546,2009,,,-0.415182,-0.9298379999999999,MDV,370242
10099298,137,6547,2009,,,-0.415182,-0.9298379999999999,MDV,370243
10105824,137,6548,2009,0.0,32961.0,-0.415182,-0.9298379999999999,MDV,370244
10112350,137,6549,2009,,,-0.415182,-0.9298379999999999,MDV,370251
10118876,137,6550,2009,,,-0.415182,-0.9298379999999999,MDV,370252
10125402,137,6551,2009,,,-0.415182,-0.9298379999999999,MDV,370253
10131928,137,6552,2009,0.0,9857.0,-0.415182,-0.9298379999999999,MDV,370254
10138454,137,6553,2009,0.0,15573.0,-0.415182,-0.9298379999999999,MDV,370255
10144980,137,6554,2009,,,-0.415182,-0.9298379999999999,MDV,370256
10151506,137,6555,2009,,,-0.415182,-0.9298379999999999,MDV,370291
10158032,137,6556,2009,,,-0.415182,-0.9298379999999999,MDV,370292
10164558,137,6557,2009,,,-0.415182,-0.9298379999999999,MDV,370293
10171084,137,6558,2009,,,-0.415182,-0.9298379999999999,MDV,370294
10177610,137,6559,2009,,,-0.415182,-0.9298379999999999,MDV,370295
10184136,137,6560,2009,0.0,26109.0,-0.415182,-0.9298379999999999,MDV,370310
10190662,137,6561,2009,0.0,78559.0,-0.415182,-0.9298379999999999,MDV,370320
10197188,137,6562,2009,0.0,11878.0,-0.415182,-0.9298379999999999,MDV,370390
10203714,137,6563,2009,4305.0,5304.0,-0.415182,-0.9298379999999999,MDV,370400
10210240,137,6564,2009,,,-0.415182,-0.9298379999999999,MDV,370510
10216766,137,6565,2009,,,-0.415182,-0.9298379999999999,MDV,370520
10223292,137,6566,2009,0.0,1761.0,-0.415182,-0.9298379999999999,MDV,370590
10229818,137,6567,2009,,,-0.415182,-0.9298379999999999,MDV,370610
10236344,137,6568,2009,,,-0.415182,-0.9298379999999999,MDV,370690
10242870,137,6569,2009,0.0,5233.0,-0.415182,-0.9298379999999999,MDV,370710
10249396,137,6570,2009,0.0,125593.0,-0.415182,-0.9298379999999999,MDV,370790
10255922,137,6571,2009,0.0,4356.0,-0.415182,-0.9298379999999999,MDV,380110
10262448,137,6572,2009,,,-0.415182,-0.9298379999999999,MDV,380120
10268974,137,6573,2009,,,-0.415182,-0.9298379999999999,MDV,380130
10275500,137,6574,2009,,,-0.415182,-0.9298379999999999,MDV,380190
10282026,137,6575,2009,0.0,3625.0,-0.415182,-0.9298379999999999,MDV,380210
10288552,137,6576,2009,0.0,2781.0,-0.415182,-0.9298379999999999,MDV,380290
10295078,137,6577,2009,,,-0.415182,-0.9298379999999999,MDV,380300
10301604,137,6578,2009,,,-0.415182,-0.9298379999999999,MDV,380400
10308130,137,6579,2009,0.0,1340.0,-0.415182,-0.9298379999999999,MDV,380510
10314656,137,6580,2009,,,-0.415182,-0.9298379999999999,MDV,380520
10321182,137,6581,2009,,,-0.415182,-0.9298379999999999,MDV,380590
10327708,137,6582,2009,0.0,3324.0,-0.415182,-0.9298379999999999,MDV,380610
10334234,137,6583,2009,,,-0.415182,-0.9298379999999999,MDV,380620
10340760,137,6584,2009,,,-0.415182,-0.9298379999999999,MDV,380630
10347286,137,6585,2009,0.0,2961.0,-0.415182,-0.9298379999999999,MDV,380690
10353812,137,6586,2009,0.0,107164.0,-0.415182,-0.9298379999999999,MDV,380700
10360338,137,6587,2009,0.0,609520.0,-0.415182,-0.9298379999999999,MDV,380810
10366864,137,6588,2009,0.0,5631.0,-0.415182,-0.9298379999999999,MDV,380820
10373390,137,6589,2009,0.0,7558.0,-0.415182,-0.9298379999999999,MDV,380830
10379916,137,6590,2009,0.0,108811.0,-0.415182,-0.9298379999999999,MDV,380840
10386442,137,6591,2009,0.0,74564.0,-0.415182,-0.9298379999999999,MDV,380890
10392968,137,6592,2009,,,-0.415182,-0.9298379999999999,MDV,380910
10399494,137,6593,2009,0.0,46265.0,-0.415182,-0.9298379999999999,MDV,380991
10406020,137,6594,2009,,,-0.415182,-0.9298379999999999,MDV,380992
10412546,137,6595,2009,0.0,14666.0,-0.415182,-0.9298379999999999,MDV,380993
10419072,137,6596,2009,,,-0.415182,-0.9298379999999999,MDV,380999
10425598,137,6597,2009,0.0,1014.0,-0.415182,-0.9298379999999999,MDV,381010
10432124,137,6598,2009,0.0,1744.0,-0.415182,-0.9298379999999999,MDV,381090
10438650,137,6599,2009,,,-0.415182,-0.9298379999999999,MDV,381111
10445176,137,6600,2009,,,-0.415182,-0.9298379999999999,MDV,381119
10451702,137,6601,2009,,,-0.415182,-0.9298379999999999,MDV,381121
10458228,137,6602,2009,0.0,4830.0,-0.415182,-0.9298379999999999,MDV,381129
10464754,137,6603,2009,0.0,22826.0,-0.415182,-0.9298379999999999,MDV,381190
10471280,137,6604,2009,0.0,2230.0,-0.415182,-0.9298379999999999,MDV,381210
10477806,137,6605,2009,0.0,26609.0,-0.415182,-0.9298379999999999,MDV,381220
10484332,137,6606,2009,0.0,7985.0,-0.415182,-0.9298379999999999,MDV,381230
10490858,137,6607,2009,0.0,31112.0,-0.415182,-0.9298379999999999,MDV,381300
10497384,137,6608,2009,0.0,204100.0,-0.415182,-0.9298379999999999,MDV,381400
10503910,137,6609,2009,,,-0.415182,-0.9298379999999999,MDV,381511
10510436,137,6610,2009,,,-0.415182,-0.9298379999999999,MDV,381512
10516962,137,6611,2009,0.0,33161.0,-0.415182,-0.9298379999999999,MDV,381519
10523488,137,6612,2009,,,-0.415182,-0.9298379999999999,MDV,381590
10530014,137,6613,2009,0.0,94240.0,-0.415182,-0.9298379999999999,MDV,381600
10536540,137,6614,2009,,,-0.415182,-0.9298379999999999,MDV,381710
10543066,137,6615,2009,,,-0.415182,-0.9298379999999999,MDV,381720
10549592,137,6616,2009,,,-0.415182,-0.9298379999999999,MDV,381800
10556118,137,6617,2009,0.0,22452.0,-0.415182,-0.9298379999999999,MDV,381900
10562644,137,6618,2009,0.0,74467.0,-0.415182,-0.9298379999999999,MDV,382000
10569170,137,6619,2009,0.0,21028.0,-0.415182,-0.9298379999999999,MDV,382100
10575696,137,6620,2009,0.0,694933.0,-0.415182,-0.9298379999999999,MDV,382200
10582222,137,6621,2009,,,-0.415182,-0.9298379999999999,MDV,382310
10588748,137,6622,2009,,,-0.415182,-0.9298379999999999,MDV,382320
10595274,137,6623,2009,,,-0.415182,-0.9298379999999999,MDV,382330
10601800,137,6624,2009,0.0,197974.0,-0.415182,-0.9298379999999999,MDV,382340
10608326,137,6625,2009,0.0,37465.0,-0.415182,-0.9298379999999999,MDV,382350
10614852,137,6626,2009,,,-0.415182,-0.9298379999999999,MDV,382360
10621378,137,6627,2009,0.0,193115.0,-0.415182,-0.9298379999999999,MDV,382390
10627904,137,6628,2009,0.0,69415.0,-0.415182,-0.9298379999999999,MDV,390110
10634430,137,6629,2009,0.0,13527.0,-0.415182,-0.9298379999999999,MDV,390120
10640956,137,6630,2009,,,-0.415182,-0.9298379999999999,MDV,390130
10647482,137,6631,2009,0.0,80451.0,-0.415182,-0.9298379999999999,MDV,390190
10654008,137,6632,2009,0.0,18835.0,-0.415182,-0.9298379999999999,MDV,390210
10660534,137,6633,2009,,,-0.415182,-0.9298379999999999,MDV,390220
10667060,137,6634,2009,,,-0.415182,-0.9298379999999999,MDV,390230
10673586,137,6635,2009,0.0,2924.0,-0.415182,-0.9298379999999999,MDV,390290
10680112,137,6636,2009,,,-0.415182,-0.9298379999999999,MDV,390311
10686638,137,6637,2009,,,-0.415182,-0.9298379999999999,MDV,390319
10693164,137,6638,2009,,,-0.415182,-0.9298379999999999,MDV,390320
10699690,137,6639,2009,,,-0.415182,-0.9298379999999999,MDV,390330
10706216,137,6640,2009,0.0,4696.0,-0.415182,-0.9298379999999999,MDV,390390
10712742,137,6641,2009,0.0,22244.0,-0.415182,-0.9298379999999999,MDV,390410
10719268,137,6642,2009,,,-0.415182,-0.9298379999999999,MDV,390421
10725794,137,6643,2009,,,-0.415182,-0.9298379999999999,MDV,390422
10732320,137,6644,2009,,,-0.415182,-0.9298379999999999,MDV,390430
10738846,137,6645,2009,,,-0.415182,-0.9298379999999999,MDV,390440
10745372,137,6646,2009,,,-0.415182,-0.9298379999999999,MDV,390450
10751898,137,6647,2009,0.0,7959.0,-0.415182,-0.9298379999999999,MDV,390461
10758424,137,6648,2009,0.0,1876.0,-0.415182,-0.9298379999999999,MDV,390469
10764950,137,6649,2009,0.0,2724.0,-0.415182,-0.9298379999999999,MDV,390490
10771476,137,6650,2009,0.0,833.0,-0.415182,-0.9298379999999999,MDV,390511
10778002,137,6651,2009,0.0,5240.0,-0.415182,-0.9298379999999999,MDV,390519
10784528,137,6652,2009,,,-0.415182,-0.9298379999999999,MDV,390520
10791054,137,6653,2009,,,-0.415182,-0.9298379999999999,MDV,390590
10797580,137,6654,2009,,,-0.415182,-0.9298379999999999,MDV,390610
10804106,137,6655,2009,0.0,229928.0,-0.415182,-0.9298379999999999,MDV,390690
10810632,137,6656,2009,,,-0.415182,-0.9298379999999999,MDV,390710
10817158,137,6657,2009,,,-0.415182,-0.9298379999999999,MDV,390720
10823684,137,6658,2009,0.0,275273.0,-0.415182,-0.9298379999999999,MDV,390730
10830210,137,6659,2009,0.0,29504.0,-0.415182,-0.9298379999999999,MDV,390740
10836736,137,6660,2009,0.0,26272.0,-0.415182,-0.9298379999999999,MDV,390750
10843262,137,6661,2009,0.0,791612.0,-0.415182,-0.9298379999999999,MDV,390760
10849788,137,6662,2009,0.0,1179187.0,-0.415182,-0.9298379999999999,MDV,390791
10856314,137,6663,2009,0.0,159162.0,-0.415182,-0.9298379999999999,MDV,390799
10862840,137,6664,2009,,,-0.415182,-0.9298379999999999,MDV,390810
10869366,137,6665,2009,0.0,13026.0,-0.415182,-0.9298379999999999,MDV,390890
10875892,137,6666,2009,,,-0.415182,-0.9298379999999999,MDV,390910
10882418,137,6667,2009,,,-0.415182,-0.9298379999999999,MDV,390920
10888944,137,6668,2009,,,-0.415182,-0.9298379999999999,MDV,390930
10895470,137,6669,2009,0.0,27803.0,-0.415182,-0.9298379999999999,MDV,390940
10901996,137,6670,2009,0.0,69212.0,-0.415182,-0.9298379999999999,MDV,390950
10908522,137,6671,2009,0.0,34192.0,-0.415182,-0.9298379999999999,MDV,391000
10915048,137,6672,2009,,,-0.415182,-0.9298379999999999,MDV,391110
10921574,137,6673,2009,0.0,4849.0,-0.415182,-0.9298379999999999,MDV,391190
10928100,137,6674,2009,,,-0.415182,-0.9298379999999999,MDV,391211
10934626,137,6675,2009,,,-0.415182,-0.9298379999999999,MDV,391212
10941152,137,6676,2009,0.0,16121.0,-0.415182,-0.9298379999999999,MDV,391220
10947678,137,6677,2009,,,-0.415182,-0.9298379999999999,MDV,391231
10954204,137,6678,2009,,,-0.415182,-0.9298379999999999,MDV,391239
10960730,137,6679,2009,,,-0.415182,-0.9298379999999999,MDV,391290
10967256,137,6680,2009,,,-0.415182,-0.9298379999999999,MDV,391310
10973782,137,6681,2009,,,-0.415182,-0.9298379999999999,MDV,391390
10980308,137,6682,2009,0.0,1108.0,-0.415182,-0.9298379999999999,MDV,391400
10986834,137,6683,2009,,,-0.415182,-0.9298379999999999,MDV,391510
10993360,137,6684,2009,,,-0.415182,-0.9298379999999999,MDV,391520
10999886,137,6685,2009,,,-0.415182,-0.9298379999999999,MDV,391530
11006412,137,6686,2009,0.0,1094.0,-0.415182,-0.9298379999999999,MDV,391590
11012938,137,6687,2009,0.0,38059.0,-0.415182,-0.9298379999999999,MDV,391610
11019464,137,6688,2009,0.0,23762.0,-0.415182,-0.9298379999999999,MDV,391620
11025990,137,6689,2009,0.0,34425.0,-0.415182,-0.9298379999999999,MDV,391690
11032516,137,6690,2009,0.0,2560.0,-0.415182,-0.9298379999999999,MDV,391710
11039042,137,6691,2009,0.0,645444.0,-0.415182,-0.9298379999999999,MDV,391721
11045568,137,6692,2009,0.0,120380.0,-0.415182,-0.9298379999999999,MDV,391722
11052094,137,6693,2009,0.0,1557612.0,-0.415182,-0.9298379999999999,MDV,391723
11058620,137,6694,2009,0.0,474711.0,-0.415182,-0.9298379999999999,MDV,391729
11065146,137,6695,2009,0.0,79933.0,-0.415182,-0.9298379999999999,MDV,391731
11071672,137,6696,2009,0.0,454997.0,-0.415182,-0.9298379999999999,MDV,391732
11078198,137,6697,2009,0.0,34889.0,-0.415182,-0.9298379999999999,MDV,391733
11084724,137,6698,2009,0.0,177890.0,-0.415182,-0.9298379999999999,MDV,391739
11091250,137,6699,2009,0.0,2013611.0,-0.415182,-0.9298379999999999,MDV,391740
11097776,137,6700,2009,0.0,274115.0,-0.415182,-0.9298379999999999,MDV,391810
11104302,137,6701,2009,0.0,133067.0,-0.415182,-0.9298379999999999,MDV,391890
11110828,137,6702,2009,0.0,214185.0,-0.415182,-0.9298379999999999,MDV,391910
11117354,137,6703,2009,0.0,197884.0,-0.415182,-0.9298379999999999,MDV,391990
11123880,137,6704,2009,0.0,129913.0,-0.415182,-0.9298379999999999,MDV,392010
11130406,137,6705,2009,0.0,83950.0,-0.415182,-0.9298379999999999,MDV,392020
11136932,137,6706,2009,0.0,2756.0,-0.415182,-0.9298379999999999,MDV,392030
11143458,137,6707,2009,,,-0.415182,-0.9298379999999999,MDV,392041
11149984,137,6708,2009,0.0,204090.0,-0.415182,-0.9298379999999999,MDV,392042
11156510,137,6709,2009,0.0,1353.0,-0.415182,-0.9298379999999999,MDV,392051
11163036,137,6710,2009,0.0,99260.0,-0.415182,-0.9298379999999999,MDV,392059
11169562,137,6711,2009,0.0,878.0,-0.415182,-0.9298379999999999,MDV,392061
11176088,137,6712,2009,0.0,29228.0,-0.415182,-0.9298379999999999,MDV,392062
11182614,137,6713,2009,,,-0.415182,-0.9298379999999999,MDV,392063
11189140,137,6714,2009,0.0,44056.0,-0.415182,-0.9298379999999999,MDV,392069
11195666,137,6715,2009,0.0,22600.0,-0.415182,-0.9298379999999999,MDV,392071
11202192,137,6716,2009,,,-0.415182,-0.9298379999999999,MDV,392072
11208718,137,6717,2009,,,-0.415182,-0.9298379999999999,MDV,392073
11215244,137,6718,2009,,,-0.415182,-0.9298379999999999,MDV,392079
11221770,137,6719,2009,0.0,775.0,-0.415182,-0.9298379999999999,MDV,392091
11228296,137,6720,2009,,,-0.415182,-0.9298379999999999,MDV,392092
11234822,137,6721,2009,,,-0.415182,-0.9298379999999999,MDV,392093
11241348,137,6722,2009,0.0,22990.0,-0.415182,-0.9298379999999999,MDV,392094
11247874,137,6723,2009,0.0,54972.0,-0.415182,-0.9298379999999999,MDV,392099
11254400,137,6724,2009,0.0,53953.0,-0.415182,-0.9298379999999999,MDV,392111
11260926,137,6725,2009,0.0,24384.0,-0.415182,-0.9298379999999999,MDV,392112
11267452,137,6726,2009,0.0,81271.0,-0.415182,-0.9298379999999999,MDV,392113
11273978,137,6727,2009,0.0,9886.0,-0.415182,-0.9298379999999999,MDV,392114
11280504,137,6728,2009,0.0,124125.0,-0.415182,-0.9298379999999999,MDV,392119
11287030,137,6729,2009,0.0,193463.0,-0.415182,-0.9298379999999999,MDV,392190
11293556,137,6730,2009,0.0,150107.0,-0.415182,-0.9298379999999999,MDV,392210
11300082,137,6731,2009,0.0,27813.0,-0.415182,-0.9298379999999999,MDV,392220
11306608,137,6732,2009,0.0,170650.0,-0.415182,-0.9298379999999999,MDV,392290
11313134,137,6733,2009,0.0,369464.0,-0.415182,-0.9298379999999999,MDV,392310
11319660,137,6734,2009,0.0,529942.0,-0.415182,-0.9298379999999999,MDV,392321
11326186,137,6735,2009,0.0,368409.0,-0.415182,-0.9298379999999999,MDV,392329
11332712,137,6736,2009,0.0,852416.0,-0.415182,-0.9298379999999999,MDV,392330
11339238,137,6737,2009,,,-0.415182,-0.9298379999999999,MDV,392340
11345764,137,6738,2009,0.0,308430.0,-0.415182,-0.9298379999999999,MDV,392350
11352290,137,6739,2009,0.0,695617.0,-0.415182,-0.9298379999999999,MDV,392390
11358816,137,6740,2009,0.0,665423.0,-0.415182,-0.9298379999999999,MDV,392410
11365342,137,6741,2009,0.0,2718573.0,-0.415182,-0.9298379999999999,MDV,392490
11371868,137,6742,2009,0.0,733557.0,-0.415182,-0.9298379999999999,MDV,392510
11378394,137,6743,2009,4111.0,198028.0,-0.415182,-0.9298379999999999,MDV,392520
11384920,137,6744,2009,0.0,610865.0,-0.415182,-0.9298379999999999,MDV,392530
11391446,137,6745,2009,0.0,307082.0,-0.415182,-0.9298379999999999,MDV,392590
11397972,137,6746,2009,1103.0,454272.0,-0.415182,-0.9298379999999999,MDV,392610
11404498,137,6747,2009,0.0,1043548.0,-0.415182,-0.9298379999999999,MDV,392620
11411024,137,6748,2009,0.0,123792.0,-0.415182,-0.9298379999999999,MDV,392630
11417550,137,6749,2009,0.0,230682.0,-0.415182,-0.9298379999999999,MDV,392640
11424076,137,6750,2009,2032.0,1547065.0,-0.415182,-0.9298379999999999,MDV,392690
11430602,137,6751,2009,,,-0.415182,-0.9298379999999999,MDV,400110
11437128,137,6752,2009,,,-0.415182,-0.9298379999999999,MDV,400121
11443654,137,6753,2009,,,-0.415182,-0.9298379999999999,MDV,400122
11450180,137,6754,2009,0.0,271416.0,-0.415182,-0.9298379999999999,MDV,400129
11456706,137,6755,2009,,,-0.415182,-0.9298379999999999,MDV,400130
11463232,137,6756,2009,0.0,1273.0,-0.415182,-0.9298379999999999,MDV,400211
11469758,137,6757,2009,0.0,22987.0,-0.415182,-0.9298379999999999,MDV,400219
11476284,137,6758,2009,,,-0.415182,-0.9298379999999999,MDV,400220
11482810,137,6759,2009,,,-0.415182,-0.9298379999999999,MDV,400231
11489336,137,6760,2009,,,-0.415182,-0.9298379999999999,MDV,400239
11495862,137,6761,2009,,,-0.415182,-0.9298379999999999,MDV,400241
11502388,137,6762,2009,,,-0.415182,-0.9298379999999999,MDV,400249
11508914,137,6763,2009,,,-0.415182,-0.9298379999999999,MDV,400251
11515440,137,6764,2009,,,-0.415182,-0.9298379999999999,MDV,400259
11521966,137,6765,2009,,,-0.415182,-0.9298379999999999,MDV,400260
11528492,137,6766,2009,0.0,16559.0,-0.415182,-0.9298379999999999,MDV,400270
11535018,137,6767,2009,,,-0.415182,-0.9298379999999999,MDV,400280
11541544,137,6768,2009,,,-0.415182,-0.9298379999999999,MDV,400291
11548070,137,6769,2009,,,-0.415182,-0.9298379999999999,MDV,400299
11554596,137,6770,2009,0.0,27200.0,-0.415182,-0.9298379999999999,MDV,400300
11561122,137,6771,2009,,,-0.415182,-0.9298379999999999,MDV,400400
11567648,137,6772,2009,0.0,1858.0,-0.415182,-0.9298379999999999,MDV,400510
11574174,137,6773,2009,0.0,17765.0,-0.415182,-0.9298379999999999,MDV,400520
11580700,137,6774,2009,0.0,80279.0,-0.415182,-0.9298379999999999,MDV,400591
11587226,137,6775,2009,,,-0.415182,-0.9298379999999999,MDV,400599
11593752,137,6776,2009,,,-0.415182,-0.9298379999999999,MDV,400610
11600278,137,6777,2009,0.0,3152.0,-0.415182,-0.9298379999999999,MDV,400690
11606804,137,6778,2009,,,-0.415182,-0.9298379999999999,MDV,400700
11613330,137,6779,2009,0.0,5541.0,-0.415182,-0.9298379999999999,MDV,400811
11619856,137,6780,2009,,,-0.415182,-0.9298379999999999,MDV,400819
11626382,137,6781,2009,0.0,28343.0,-0.415182,-0.9298379999999999,MDV,400821
11632908,137,6782,2009,0.0,4977.0,-0.415182,-0.9298379999999999,MDV,400829
11639434,137,6783,2009,0.0,173295.0,-0.415182,-0.9298379999999999,MDV,400910
11645960,137,6784,2009,0.0,92427.0,-0.415182,-0.9298379999999999,MDV,400920
11652486,137,6785,2009,0.0,12632.0,-0.415182,-0.9298379999999999,MDV,400930
11659012,137,6786,2009,0.0,57279.0,-0.415182,-0.9298379999999999,MDV,400940
11665538,137,6787,2009,0.0,59635.0,-0.415182,-0.9298379999999999,MDV,400950
11672064,137,6788,2009,0.0,33711.0,-0.415182,-0.9298379999999999,MDV,401010
11678590,137,6789,2009,,,-0.415182,-0.9298379999999999,MDV,401091
11685116,137,6790,2009,0.0,48825.0,-0.415182,-0.9298379999999999,MDV,401099
11691642,137,6791,2009,0.0,210317.0,-0.415182,-0.9298379999999999,MDV,401110
11698168,137,6792,2009,0.0,153192.0,-0.415182,-0.9298379999999999,MDV,401120
11704694,137,6793,2009,0.0,77913.0,-0.415182,-0.9298379999999999,MDV,401130
11711220,137,6794,2009,0.0,94884.0,-0.415182,-0.9298379999999999,MDV,401140
11717746,137,6795,2009,0.0,20188.0,-0.415182,-0.9298379999999999,MDV,401150
11724272,137,6796,2009,0.0,110651.0,-0.415182,-0.9298379999999999,MDV,401191
11730798,137,6797,2009,0.0,72246.0,-0.415182,-0.9298379999999999,MDV,401199
11737324,137,6798,2009,0.0,58676.0,-0.415182,-0.9298379999999999,MDV,401210
11743850,137,6799,2009,0.0,56430.0,-0.415182,-0.9298379999999999,MDV,401220
11750376,137,6800,2009,0.0,45246.0,-0.415182,-0.9298379999999999,MDV,401290
11756902,137,6801,2009,0.0,11795.0,-0.415182,-0.9298379999999999,MDV,401310
11763428,137,6802,2009,0.0,64105.0,-0.415182,-0.9298379999999999,MDV,401320
11769954,137,6803,2009,0.0,44459.0,-0.415182,-0.9298379999999999,MDV,401390
11776480,137,6804,2009,0.0,13648.0,-0.415182,-0.9298379999999999,MDV,401410
11783006,137,6805,2009,0.0,17049.0,-0.415182,-0.9298379999999999,MDV,401490
11789532,137,6806,2009,0.0,57981.0,-0.415182,-0.9298379999999999,MDV,401511
11796058,137,6807,2009,0.0,144390.0,-0.415182,-0.9298379999999999,MDV,401519
11802584,137,6808,2009,0.0,68628.0,-0.415182,-0.9298379999999999,MDV,401590
11809110,137,6809,2009,0.0,11098.0,-0.415182,-0.9298379999999999,MDV,401610
11815636,137,6810,2009,0.0,101861.0,-0.415182,-0.9298379999999999,MDV,401691
11822162,137,6811,2009,0.0,20711.0,-0.415182,-0.9298379999999999,MDV,401692
11828688,137,6812,2009,0.0,210258.0,-0.415182,-0.9298379999999999,MDV,401693
11835214,137,6813,2009,0.0,56824.0,-0.415182,-0.9298379999999999,MDV,401694
11841740,137,6814,2009,0.0,61764.0,-0.415182,-0.9298379999999999,MDV,401695
11848266,137,6815,2009,0.0,165950.0,-0.415182,-0.9298379999999999,MDV,401699
11854792,137,6816,2009,0.0,88877.0,-0.415182,-0.9298379999999999,MDV,401700
11861318,137,6817,2009,,,-0.415182,-0.9298379999999999,MDV,410110
11867844,137,6818,2009,,,-0.415182,-0.9298379999999999,MDV,410121
11874370,137,6819,2009,,,-0.415182,-0.9298379999999999,MDV,410122
11880896,137,6820,2009,,,-0.415182,-0.9298379999999999,MDV,410129
11887422,137,6821,2009,,,-0.415182,-0.9298379999999999,MDV,410130
11893948,137,6822,2009,,,-0.415182,-0.9298379999999999,MDV,410140
11900474,137,6823,2009,,,-0.415182,-0.9298379999999999,MDV,410210
11907000,137,6824,2009,,,-0.415182,-0.9298379999999999,MDV,410221
11913526,137,6825,2009,,,-0.415182,-0.9298379999999999,MDV,410229
11920052,137,6826,2009,,,-0.415182,-0.9298379999999999,MDV,410310
11926578,137,6827,2009,,,-0.415182,-0.9298379999999999,MDV,410320
11933104,137,6828,2009,,,-0.415182,-0.9298379999999999,MDV,410390
11939630,137,6829,2009,,,-0.415182,-0.9298379999999999,MDV,410410
11946156,137,6830,2009,,,-0.415182,-0.9298379999999999,MDV,410421
11952682,137,6831,2009,,,-0.415182,-0.9298379999999999,MDV,410422
11959208,137,6832,2009,,,-0.415182,-0.9298379999999999,MDV,410429
11965734,137,6833,2009,,,-0.415182,-0.9298379999999999,MDV,410431
11972260,137,6834,2009,0.0,1252.0,-0.415182,-0.9298379999999999,MDV,410439
11978786,137,6835,2009,,,-0.415182,-0.9298379999999999,MDV,410511
11985312,137,6836,2009,,,-0.415182,-0.9298379999999999,MDV,410512
11991838,137,6837,2009,,,-0.415182,-0.9298379999999999,MDV,410519
11998364,137,6838,2009,,,-0.415182,-0.9298379999999999,MDV,410520
12004890,137,6839,2009,,,-0.415182,-0.9298379999999999,MDV,410611
12011416,137,6840,2009,,,-0.415182,-0.9298379999999999,MDV,410612
12017942,137,6841,2009,,,-0.415182,-0.9298379999999999,MDV,410619
12024468,137,6842,2009,,,-0.415182,-0.9298379999999999,MDV,410620
12030994,137,6843,2009,,,-0.415182,-0.9298379999999999,MDV,410710
12037520,137,6844,2009,,,-0.415182,-0.9298379999999999,MDV,410721
12044046,137,6845,2009,,,-0.415182,-0.9298379999999999,MDV,410729
12050572,137,6846,2009,,,-0.415182,-0.9298379999999999,MDV,410790
12057098,137,6847,2009,,,-0.415182,-0.9298379999999999,MDV,410800
12063624,137,6848,2009,,,-0.415182,-0.9298379999999999,MDV,410900
12070150,137,6849,2009,0.0,16417.0,-0.415182,-0.9298379999999999,MDV,411000
12076676,137,6850,2009,0.0,28649.0,-0.415182,-0.9298379999999999,MDV,411100
12083202,137,6851,2009,0.0,4942.0,-0.415182,-0.9298379999999999,MDV,420100
12089728,137,6852,2009,0.0,91609.0,-0.415182,-0.9298379999999999,MDV,420211
12096254,137,6853,2009,0.0,809228.0,-0.415182,-0.9298379999999999,MDV,420212
12102780,137,6854,2009,0.0,52284.0,-0.415182,-0.9298379999999999,MDV,420219
12109306,137,6855,2009,0.0,10683.0,-0.415182,-0.9298379999999999,MDV,420221
12115832,137,6856,2009,0.0,454094.0,-0.415182,-0.9298379999999999,MDV,420222
12122358,137,6857,2009,0.0,63259.0,-0.415182,-0.9298379999999999,MDV,420229
12128884,137,6858,2009,1324.0,18441.0,-0.415182,-0.9298379999999999,MDV,420231
12135410,137,6859,2009,0.0,36963.0,-0.415182,-0.9298379999999999,MDV,420232
12141936,137,6860,2009,0.0,43773.0,-0.415182,-0.9298379999999999,MDV,420239
12148462,137,6861,2009,0.0,31678.0,-0.415182,-0.9298379999999999,MDV,420291
12154988,137,6862,2009,822.0,161376.0,-0.415182,-0.9298379999999999,MDV,420292
12161514,137,6863,2009,0.0,146314.0,-0.415182,-0.9298379999999999,MDV,420299
12168040,137,6864,2009,0.0,3365.0,-0.415182,-0.9298379999999999,MDV,420310
12174566,137,6865,2009,0.0,1725.0,-0.415182,-0.9298379999999999,MDV,420321
12181092,137,6866,2009,0.0,37545.0,-0.415182,-0.9298379999999999,MDV,420329
12187618,137,6867,2009,0.0,111391.0,-0.415182,-0.9298379999999999,MDV,420330
12194144,137,6868,2009,,,-0.415182,-0.9298379999999999,MDV,420340
12200670,137,6869,2009,,,-0.415182,-0.9298379999999999,MDV,420400
12207196,137,6870,2009,0.0,131029.0,-0.415182,-0.9298379999999999,MDV,420500
12213722,137,6871,2009,,,-0.415182,-0.9298379999999999,MDV,420610
12220248,137,6872,2009,,,-0.415182,-0.9298379999999999,MDV,420690
12226774,137,6873,2009,,,-0.415182,-0.9298379999999999,MDV,430110
12233300,137,6874,2009,,,-0.415182,-0.9298379999999999,MDV,430120
12239826,137,6875,2009,,,-0.415182,-0.9298379999999999,MDV,430130
12246352,137,6876,2009,,,-0.415182,-0.9298379999999999,MDV,430140
12252878,137,6877,2009,,,-0.415182,-0.9298379999999999,MDV,430150
12259404,137,6878,2009,,,-0.415182,-0.9298379999999999,MDV,430160
12265930,137,6879,2009,,,-0.415182,-0.9298379999999999,MDV,430170
12272456,137,6880,2009,,,-0.415182,-0.9298379999999999,MDV,430180
12278982,137,6881,2009,,,-0.415182,-0.9298379999999999,MDV,430190
12285508,137,6882,2009,,,-0.415182,-0.9298379999999999,MDV,430211
12292034,137,6883,2009,,,-0.415182,-0.9298379999999999,MDV,430212
12298560,137,6884,2009,,,-0.415182,-0.9298379999999999,MDV,430213
12305086,137,6885,2009,,,-0.415182,-0.9298379999999999,MDV,430219
12311612,137,6886,2009,,,-0.415182,-0.9298379999999999,MDV,430220
12318138,137,6887,2009,,,-0.415182,-0.9298379999999999,MDV,430230
12324664,137,6888,2009,0.0,2914.0,-0.415182,-0.9298379999999999,MDV,430310
12331190,137,6889,2009,0.0,1268.0,-0.415182,-0.9298379999999999,MDV,430390
12337716,137,6890,2009,0.0,9570.0,-0.415182,-0.9298379999999999,MDV,430400
12344242,137,6891,2009,0.0,50419.0,-0.415182,-0.9298379999999999,MDV,440110
12350768,137,6892,2009,,,-0.415182,-0.9298379999999999,MDV,440121
12357294,137,6893,2009,,,-0.415182,-0.9298379999999999,MDV,440122
12363820,137,6894,2009,0.0,21008.0,-0.415182,-0.9298379999999999,MDV,440130
12370346,137,6895,2009,0.0,78039.0,-0.415182,-0.9298379999999999,MDV,440200
12376872,137,6896,2009,0.0,510688.0,-0.415182,-0.9298379999999999,MDV,440310
12383398,137,6897,2009,0.0,28854.0,-0.415182,-0.9298379999999999,MDV,440320
12389924,137,6898,2009,0.0,3355.0,-0.415182,-0.9298379999999999,MDV,440331
12396450,137,6899,2009,,,-0.415182,-0.9298379999999999,MDV,440332
12402976,137,6900,2009,,,-0.415182,-0.9298379999999999,MDV,440333
12409502,137,6901,2009,,,-0.415182,-0.9298379999999999,MDV,440334
12416028,137,6902,2009,,,-0.415182,-0.9298379999999999,MDV,440335
12422554,137,6903,2009,0.0,5754.0,-0.415182,-0.9298379999999999,MDV,440391
12429080,137,6904,2009,0.0,5135.0,-0.415182,-0.9298379999999999,MDV,440392
12435606,137,6905,2009,0.0,233440.0,-0.415182,-0.9298379999999999,MDV,440399
12442132,137,6906,2009,0.0,1523.0,-0.415182,-0.9298379999999999,MDV,440410
12448658,137,6907,2009,0.0,247607.0,-0.415182,-0.9298379999999999,MDV,440420
12455184,137,6908,2009,0.0,2387.0,-0.415182,-0.9298379999999999,MDV,440500
12461710,137,6909,2009,,,-0.415182,-0.9298379999999999,MDV,440610
12468236,137,6910,2009,,,-0.415182,-0.9298379999999999,MDV,440690
12474762,137,6911,2009,0.0,828975.0,-0.415182,-0.9298379999999999,MDV,440710
12481288,137,6912,2009,0.0,1389777.0,-0.415182,-0.9298379999999999,MDV,440721
12487814,137,6913,2009,,,-0.415182,-0.9298379999999999,MDV,440722
12494340,137,6914,2009,,,-0.415182,-0.9298379999999999,MDV,440723
12500866,137,6915,2009,,,-0.415182,-0.9298379999999999,MDV,440791
12507392,137,6916,2009,,,-0.415182,-0.9298379999999999,MDV,440792
12513918,137,6917,2009,0.0,5983140.0,-0.415182,-0.9298379999999999,MDV,440799
12520444,137,6918,2009,0.0,13659.0,-0.415182,-0.9298379999999999,MDV,440810
12526970,137,6919,2009,0.0,163586.0,-0.415182,-0.9298379999999999,MDV,440820
12533496,137,6920,2009,0.0,1427.0,-0.415182,-0.9298379999999999,MDV,440890
12540022,137,6921,2009,0.0,1484883.0,-0.415182,-0.9298379999999999,MDV,440910
12546548,137,6922,2009,0.0,3475171.0,-0.415182,-0.9298379999999999,MDV,440920
12553074,137,6923,2009,0.0,104713.0,-0.415182,-0.9298379999999999,MDV,441010
12559600,137,6924,2009,0.0,703003.0,-0.415182,-0.9298379999999999,MDV,441090
12566126,137,6925,2009,,,-0.415182,-0.9298379999999999,MDV,441111
12572652,137,6926,2009,0.0,30736.0,-0.415182,-0.9298379999999999,MDV,441119
12579178,137,6927,2009,,,-0.415182,-0.9298379999999999,MDV,441121
12585704,137,6928,2009,0.0,81337.0,-0.415182,-0.9298379999999999,MDV,441129
12592230,137,6929,2009,,,-0.415182,-0.9298379999999999,MDV,441131
12598756,137,6930,2009,,,-0.415182,-0.9298379999999999,MDV,441139
12605282,137,6931,2009,,,-0.415182,-0.9298379999999999,MDV,441191
12611808,137,6932,2009,0.0,9932.0,-0.415182,-0.9298379999999999,MDV,441199
12618334,137,6933,2009,0.0,1134730.0,-0.415182,-0.9298379999999999,MDV,441211
12624860,137,6934,2009,0.0,83256.0,-0.415182,-0.9298379999999999,MDV,441212
12631386,137,6935,2009,0.0,829428.0,-0.415182,-0.9298379999999999,MDV,441219
12637912,137,6936,2009,0.0,18440.0,-0.415182,-0.9298379999999999,MDV,441221
12644438,137,6937,2009,,,-0.415182,-0.9298379999999999,MDV,441229
12650964,137,6938,2009,,,-0.415182,-0.9298379999999999,MDV,441291
12657490,137,6939,2009,0.0,1786958.0,-0.415182,-0.9298379999999999,MDV,441299
12664016,137,6940,2009,0.0,9096.0,-0.415182,-0.9298379999999999,MDV,441300
12670542,137,6941,2009,0.0,71042.0,-0.415182,-0.9298379999999999,MDV,441400
12677068,137,6942,2009,0.0,82570.0,-0.415182,-0.9298379999999999,MDV,441510
12683594,137,6943,2009,0.0,3637.0,-0.415182,-0.9298379999999999,MDV,441520
12690120,137,6944,2009,0.0,16792.0,-0.415182,-0.9298379999999999,MDV,441600
12696646,137,6945,2009,0.0,16414.0,-0.415182,-0.9298379999999999,MDV,441700
12703172,137,6946,2009,0.0,214025.0,-0.415182,-0.9298379999999999,MDV,441810
12709698,137,6947,2009,0.0,1608638.0,-0.415182,-0.9298379999999999,MDV,441820
12716224,137,6948,2009,0.0,438705.0,-0.415182,-0.9298379999999999,MDV,441830
12722750,137,6949,2009,0.0,291938.0,-0.415182,-0.9298379999999999,MDV,441840
12729276,137,6950,2009,0.0,98106.0,-0.415182,-0.9298379999999999,MDV,441850
12735802,137,6951,2009,0.0,1609276.0,-0.415182,-0.9298379999999999,MDV,441890
12742328,137,6952,2009,0.0,231792.0,-0.415182,-0.9298379999999999,MDV,441900
12748854,137,6953,2009,0.0,512265.0,-0.415182,-0.9298379999999999,MDV,442010
12755380,137,6954,2009,0.0,283442.0,-0.415182,-0.9298379999999999,MDV,442090
12761906,137,6955,2009,0.0,59977.0,-0.415182,-0.9298379999999999,MDV,442110
12768432,137,6956,2009,1686.0,271486.0,-0.415182,-0.9298379999999999,MDV,442190
12774958,137,6957,2009,,,-0.415182,-0.9298379999999999,MDV,450110
12781484,137,6958,2009,,,-0.415182,-0.9298379999999999,MDV,450190
12788010,137,6959,2009,,,-0.415182,-0.9298379999999999,MDV,450200
12794536,137,6960,2009,0.0,1979.0,-0.415182,-0.9298379999999999,MDV,450310
12801062,137,6961,2009,,,-0.415182,-0.9298379999999999,MDV,450390
12807588,137,6962,2009,,,-0.415182,-0.9298379999999999,MDV,450410
12814114,137,6963,2009,0.0,13190.0,-0.415182,-0.9298379999999999,MDV,450490
12820640,137,6964,2009,,,-0.415182,-0.9298379999999999,MDV,460110
12827166,137,6965,2009,0.0,70378.0,-0.415182,-0.9298379999999999,MDV,460120
12833692,137,6966,2009,0.0,2620.0,-0.415182,-0.9298379999999999,MDV,460191
12840218,137,6967,2009,0.0,10245.0,-0.415182,-0.9298379999999999,MDV,460199
12846744,137,6968,2009,0.0,174646.0,-0.415182,-0.9298379999999999,MDV,460210
12853270,137,6969,2009,0.0,101241.0,-0.415182,-0.9298379999999999,MDV,460290
12859796,137,6970,2009,,,-0.415182,-0.9298379999999999,MDV,470100
12866322,137,6971,2009,,,-0.415182,-0.9298379999999999,MDV,470200
12872848,137,6972,2009,,,-0.415182,-0.9298379999999999,MDV,470311
12879374,137,6973,2009,,,-0.415182,-0.9298379999999999,MDV,470319
12885900,137,6974,2009,,,-0.415182,-0.9298379999999999,MDV,470321
12892426,137,6975,2009,,,-0.415182,-0.9298379999999999,MDV,470329
12898952,137,6976,2009,,,-0.415182,-0.9298379999999999,MDV,470411
12905478,137,6977,2009,,,-0.415182,-0.9298379999999999,MDV,470419
12912004,137,6978,2009,0.0,15273.0,-0.415182,-0.9298379999999999,MDV,470421
12918530,137,6979,2009,,,-0.415182,-0.9298379999999999,MDV,470429
12925056,137,6980,2009,,,-0.415182,-0.9298379999999999,MDV,470500
12931582,137,6981,2009,,,-0.415182,-0.9298379999999999,MDV,470610
12938108,137,6982,2009,,,-0.415182,-0.9298379999999999,MDV,470691
12944634,137,6983,2009,0.0,1289.0,-0.415182,-0.9298379999999999,MDV,470692
12951160,137,6984,2009,,,-0.415182,-0.9298379999999999,MDV,470693
12957686,137,6985,2009,0.0,3190.0,-0.415182,-0.9298379999999999,MDV,470710
12964212,137,6986,2009,,,-0.415182,-0.9298379999999999,MDV,470720
12970738,137,6987,2009,,,-0.415182,-0.9298379999999999,MDV,470730
12977264,137,6988,2009,0.0,2543.0,-0.415182,-0.9298379999999999,MDV,470790
12983790,137,6989,2009,0.0,143953.0,-0.415182,-0.9298379999999999,MDV,480100
12990316,137,6990,2009,0.0,12255.0,-0.415182,-0.9298379999999999,MDV,480210
12996842,137,6991,2009,0.0,8720.0,-0.415182,-0.9298379999999999,MDV,480220
13003368,137,6992,2009,0.0,311517.0,-0.415182,-0.9298379999999999,MDV,480230
13009894,137,6993,2009,0.0,1780.0,-0.415182,-0.9298379999999999,MDV,480240
13016420,137,6994,2009,0.0,84160.0,-0.415182,-0.9298379999999999,MDV,480251
13022946,137,6995,2009,0.0,543079.0,-0.415182,-0.9298379999999999,MDV,480252
13029472,137,6996,2009,0.0,236436.0,-0.415182,-0.9298379999999999,MDV,480253
13035998,137,6997,2009,0.0,37078.0,-0.415182,-0.9298379999999999,MDV,480260
13042524,137,6998,2009,0.0,176982.0,-0.415182,-0.9298379999999999,MDV,480300
13049050,137,6999,2009,0.0,1216.0,-0.415182,-0.9298379999999999,MDV,480411
13055576,137,7000,2009,,,-0.415182,-0.9298379999999999,MDV,480419
13062102,137,7001,2009,,,-0.415182,-0.9298379999999999,MDV,480421
13068628,137,7002,2009,0.0,101853.0,-0.415182,-0.9298379999999999,MDV,480429
13075154,137,7003,2009,,,-0.415182,-0.9298379999999999,MDV,480431
13081680,137,7004,2009,0.0,260932.0,-0.415182,-0.9298379999999999,MDV,480439
13088206,137,7005,2009,,,-0.415182,-0.9298379999999999,MDV,480441
13094732,137,7006,2009,,,-0.415182,-0.9298379999999999,MDV,480442
13101258,137,7007,2009,0.0,29623.0,-0.415182,-0.9298379999999999,MDV,480449
13107784,137,7008,2009,,,-0.415182,-0.9298379999999999,MDV,480451
13114310,137,7009,2009,,,-0.415182,-0.9298379999999999,MDV,480452
13120836,137,7010,2009,,,-0.415182,-0.9298379999999999,MDV,480459
13127362,137,7011,2009,,,-0.415182,-0.9298379999999999,MDV,480510
13133888,137,7012,2009,,,-0.415182,-0.9298379999999999,MDV,480521
13140414,137,7013,2009,,,-0.415182,-0.9298379999999999,MDV,480522
13146940,137,7014,2009,,,-0.415182,-0.9298379999999999,MDV,480523
13153466,137,7015,2009,,,-0.415182,-0.9298379999999999,MDV,480529
13159992,137,7016,2009,0.0,14381.0,-0.415182,-0.9298379999999999,MDV,480530
13166518,137,7017,2009,0.0,9431.0,-0.415182,-0.9298379999999999,MDV,480540
13173044,137,7018,2009,0.0,2315.0,-0.415182,-0.9298379999999999,MDV,480550
13179570,137,7019,2009,0.0,124706.0,-0.415182,-0.9298379999999999,MDV,480560
13186096,137,7020,2009,0.0,66393.0,-0.415182,-0.9298379999999999,MDV,480570
13192622,137,7021,2009,0.0,62606.0,-0.415182,-0.9298379999999999,MDV,480580
13199148,137,7022,2009,0.0,2287.0,-0.415182,-0.9298379999999999,MDV,480610
13205674,137,7023,2009,0.0,8055.0,-0.415182,-0.9298379999999999,MDV,480620
13212200,137,7024,2009,0.0,22811.0,-0.415182,-0.9298379999999999,MDV,480630
13218726,137,7025,2009,0.0,6625.0,-0.415182,-0.9298379999999999,MDV,480640
13225252,137,7026,2009,,,-0.415182,-0.9298379999999999,MDV,480710
13231778,137,7027,2009,,,-0.415182,-0.9298379999999999,MDV,480791
13238304,137,7028,2009,,,-0.415182,-0.9298379999999999,MDV,480799
13244830,137,7029,2009,,,-0.415182,-0.9298379999999999,MDV,480810
13251356,137,7030,2009,,,-0.415182,-0.9298379999999999,MDV,480820
13257882,137,7031,2009,0.0,13407.0,-0.415182,-0.9298379999999999,MDV,480830
13264408,137,7032,2009,0.0,7722.0,-0.415182,-0.9298379999999999,MDV,480890
13270934,137,7033,2009,,,-0.415182,-0.9298379999999999,MDV,480910
13277460,137,7034,2009,0.0,36380.0,-0.415182,-0.9298379999999999,MDV,480920
13283986,137,7035,2009,0.0,15203.0,-0.415182,-0.9298379999999999,MDV,480990
13290512,137,7036,2009,0.0,120298.0,-0.415182,-0.9298379999999999,MDV,481011
13297038,137,7037,2009,,,-0.415182,-0.9298379999999999,MDV,481012
13303564,137,7038,2009,0.0,3047.0,-0.415182,-0.9298379999999999,MDV,481021
13310090,137,7039,2009,0.0,58543.0,-0.415182,-0.9298379999999999,MDV,481029
13316616,137,7040,2009,0.0,3142.0,-0.415182,-0.9298379999999999,MDV,481031
13323142,137,7041,2009,,,-0.415182,-0.9298379999999999,MDV,481032
13329668,137,7042,2009,0.0,1989.0,-0.415182,-0.9298379999999999,MDV,481039
13336194,137,7043,2009,0.0,5619.0,-0.415182,-0.9298379999999999,MDV,481091
13342720,137,7044,2009,0.0,200678.0,-0.415182,-0.9298379999999999,MDV,481099
13349246,137,7045,2009,,,-0.415182,-0.9298379999999999,MDV,481110
13355772,137,7046,2009,0.0,103755.0,-0.415182,-0.9298379999999999,MDV,481121
13362298,137,7047,2009,0.0,989.0,-0.415182,-0.9298379999999999,MDV,481129
13368824,137,7048,2009,,,-0.415182,-0.9298379999999999,MDV,481131
13375350,137,7049,2009,0.0,4133.0,-0.415182,-0.9298379999999999,MDV,481139
13381876,137,7050,2009,0.0,38949.0,-0.415182,-0.9298379999999999,MDV,481140
13388402,137,7051,2009,0.0,32474.0,-0.415182,-0.9298379999999999,MDV,481190
13394928,137,7052,2009,0.0,21847.0,-0.415182,-0.9298379999999999,MDV,481200
13401454,137,7053,2009,0.0,4737.0,-0.415182,-0.9298379999999999,MDV,481310
13407980,137,7054,2009,,,-0.415182,-0.9298379999999999,MDV,481320
13414506,137,7055,2009,0.0,1362.0,-0.415182,-0.9298379999999999,MDV,481390
13421032,137,7056,2009,,,-0.415182,-0.9298379999999999,MDV,481410
13427558,137,7057,2009,0.0,74900.0,-0.415182,-0.9298379999999999,MDV,481420
13434084,137,7058,2009,,,-0.415182,-0.9298379999999999,MDV,481430
13440610,137,7059,2009,0.0,14004.0,-0.415182,-0.9298379999999999,MDV,481490
13447136,137,7060,2009,,,-0.415182,-0.9298379999999999,MDV,481500
13453662,137,7061,2009,,,-0.415182,-0.9298379999999999,MDV,481610
13460188,137,7062,2009,0.0,18747.0,-0.415182,-0.9298379999999999,MDV,481620
13466714,137,7063,2009,,,-0.415182,-0.9298379999999999,MDV,481630
13473240,137,7064,2009,0.0,97475.0,-0.415182,-0.9298379999999999,MDV,481690
13479766,137,7065,2009,0.0,158250.0,-0.415182,-0.9298379999999999,MDV,481710
13486292,137,7066,2009,0.0,12077.0,-0.415182,-0.9298379999999999,MDV,481720
13492818,137,7067,2009,0.0,190258.0,-0.415182,-0.9298379999999999,MDV,481730
13499344,137,7068,2009,0.0,290818.0,-0.415182,-0.9298379999999999,MDV,481810
13505870,137,7069,2009,0.0,739517.0,-0.415182,-0.9298379999999999,MDV,481820
13512396,137,7070,2009,0.0,268700.0,-0.415182,-0.9298379999999999,MDV,481830
13518922,137,7071,2009,0.0,2887086.0,-0.415182,-0.9298379999999999,MDV,481840
13525448,137,7072,2009,0.0,2871.0,-0.415182,-0.9298379999999999,MDV,481850
13531974,137,7073,2009,0.0,39114.0,-0.415182,-0.9298379999999999,MDV,481890
13538500,137,7074,2009,0.0,690721.0,-0.415182,-0.9298379999999999,MDV,481910
13545026,137,7075,2009,0.0,84256.0,-0.415182,-0.9298379999999999,MDV,481920
13551552,137,7076,2009,0.0,93681.0,-0.415182,-0.9298379999999999,MDV,481930
13558078,137,7077,2009,0.0,73787.0,-0.415182,-0.9298379999999999,MDV,481940
13564604,137,7078,2009,0.0,3460.0,-0.415182,-0.9298379999999999,MDV,481950
13571130,137,7079,2009,0.0,46545.0,-0.415182,-0.9298379999999999,MDV,481960
13577656,137,7080,2009,0.0,1139808.0,-0.415182,-0.9298379999999999,MDV,482010
13584182,137,7081,2009,0.0,167252.0,-0.415182,-0.9298379999999999,MDV,482020
13590708,137,7082,2009,0.0,48676.0,-0.415182,-0.9298379999999999,MDV,482030
13597234,137,7083,2009,0.0,3916.0,-0.415182,-0.9298379999999999,MDV,482040
13603760,137,7084,2009,0.0,31814.0,-0.415182,-0.9298379999999999,MDV,482050
13610286,137,7085,2009,0.0,87608.0,-0.415182,-0.9298379999999999,MDV,482090
13616812,137,7086,2009,0.0,141601.0,-0.415182,-0.9298379999999999,MDV,482110
13623338,137,7087,2009,0.0,92759.0,-0.415182,-0.9298379999999999,MDV,482190
13629864,137,7088,2009,,,-0.415182,-0.9298379999999999,MDV,482210
13636390,137,7089,2009,0.0,1257.0,-0.415182,-0.9298379999999999,MDV,482290
13642916,137,7090,2009,,,-0.415182,-0.9298379999999999,MDV,482311
13649442,137,7091,2009,,,-0.415182,-0.9298379999999999,MDV,482319
13655968,137,7092,2009,0.0,7010.0,-0.415182,-0.9298379999999999,MDV,482320
13662494,137,7093,2009,,,-0.415182,-0.9298379999999999,MDV,482330
13669020,137,7094,2009,0.0,44020.0,-0.415182,-0.9298379999999999,MDV,482340
13675546,137,7095,2009,,,-0.415182,-0.9298379999999999,MDV,482351
13682072,137,7096,2009,,,-0.415182,-0.9298379999999999,MDV,482359
13688598,137,7097,2009,0.0,76663.0,-0.415182,-0.9298379999999999,MDV,482360
13695124,137,7098,2009,0.0,15601.0,-0.415182,-0.9298379999999999,MDV,482370
13701650,137,7099,2009,0.0,200168.0,-0.415182,-0.9298379999999999,MDV,482390
13708176,137,7100,2009,1032.0,1443421.0,-0.415182,-0.9298379999999999,MDV,490110
13714702,137,7101,2009,0.0,5560.0,-0.415182,-0.9298379999999999,MDV,490191
13721228,137,7102,2009,2950.0,1252046.0,-0.415182,-0.9298379999999999,MDV,490199
13727754,137,7103,2009,0.0,9240.0,-0.415182,-0.9298379999999999,MDV,490210
13734280,137,7104,2009,0.0,136394.0,-0.415182,-0.9298379999999999,MDV,490290
13740806,137,7105,2009,0.0,15511.0,-0.415182,-0.9298379999999999,MDV,490300
13747332,137,7106,2009,,,-0.415182,-0.9298379999999999,MDV,490400
13753858,137,7107,2009,0.0,6496.0,-0.415182,-0.9298379999999999,MDV,490510
13760384,137,7108,2009,0.0,9980.0,-0.415182,-0.9298379999999999,MDV,490591
13766910,137,7109,2009,0.0,50228.0,-0.415182,-0.9298379999999999,MDV,490599
13773436,137,7110,2009,0.0,2733.0,-0.415182,-0.9298379999999999,MDV,490600
13779962,137,7111,2009,0.0,764487.0,-0.415182,-0.9298379999999999,MDV,490700
13786488,137,7112,2009,0.0,6846.0,-0.415182,-0.9298379999999999,MDV,490810
13793014,137,7113,2009,,,-0.415182,-0.9298379999999999,MDV,490890
13799540,137,7114,2009,0.0,200078.0,-0.415182,-0.9298379999999999,MDV,490900
13806066,137,7115,2009,0.0,89621.0,-0.415182,-0.9298379999999999,MDV,491000
13812592,137,7116,2009,2634.0,225506.0,-0.415182,-0.9298379999999999,MDV,491110
13819118,137,7117,2009,0.0,113246.0,-0.415182,-0.9298379999999999,MDV,491191
13825644,137,7118,2009,15135.0,974049.0,-0.415182,-0.9298379999999999,MDV,491199
13832170,137,7119,2009,,,-0.415182,-0.9298379999999999,MDV,500100
13838696,137,7120,2009,,,-0.415182,-0.9298379999999999,MDV,500200
13845222,137,7121,2009,,,-0.415182,-0.9298379999999999,MDV,500310
13851748,137,7122,2009,0.0,1676.0,-0.415182,-0.9298379999999999,MDV,500390
13858274,137,7123,2009,0.0,1938.0,-0.415182,-0.9298379999999999,MDV,500400
13864800,137,7124,2009,0.0,87131.0,-0.415182,-0.9298379999999999,MDV,500500
13871326,137,7125,2009,0.0,274.0,-0.415182,-0.9298379999999999,MDV,500600
13877852,137,7126,2009,,,-0.415182,-0.9298379999999999,MDV,500710
13884378,137,7127,2009,,,-0.415182,-0.9298379999999999,MDV,500720
13890904,137,7128,2009,0.0,44422.0,-0.415182,-0.9298379999999999,MDV,500790
13897430,137,7129,2009,,,-0.415182,-0.9298379999999999,MDV,510111
13903956,137,7130,2009,,,-0.415182,-0.9298379999999999,MDV,510119
13910482,137,7131,2009,,,-0.415182,-0.9298379999999999,MDV,510121
13917008,137,7132,2009,,,-0.415182,-0.9298379999999999,MDV,510129
13923534,137,7133,2009,,,-0.415182,-0.9298379999999999,MDV,510130
13930060,137,7134,2009,,,-0.415182,-0.9298379999999999,MDV,510210
13936586,137,7135,2009,,,-0.415182,-0.9298379999999999,MDV,510220
13943112,137,7136,2009,,,-0.415182,-0.9298379999999999,MDV,510310
13949638,137,7137,2009,,,-0.415182,-0.9298379999999999,MDV,510320
13956164,137,7138,2009,,,-0.415182,-0.9298379999999999,MDV,510330
13962690,137,7139,2009,,,-0.415182,-0.9298379999999999,MDV,510400
13969216,137,7140,2009,,,-0.415182,-0.9298379999999999,MDV,510510
13975742,137,7141,2009,,,-0.415182,-0.9298379999999999,MDV,510521
13982268,137,7142,2009,,,-0.415182,-0.9298379999999999,MDV,510529
13988794,137,7143,2009,,,-0.415182,-0.9298379999999999,MDV,510530
13995320,137,7144,2009,,,-0.415182,-0.9298379999999999,MDV,510540
14001846,137,7145,2009,,,-0.415182,-0.9298379999999999,MDV,510610
14008372,137,7146,2009,,,-0.415182,-0.9298379999999999,MDV,510620
14014898,137,7147,2009,,,-0.415182,-0.9298379999999999,MDV,510710
14021424,137,7148,2009,,,-0.415182,-0.9298379999999999,MDV,510720
14027950,137,7149,2009,,,-0.415182,-0.9298379999999999,MDV,510810
14034476,137,7150,2009,,,-0.415182,-0.9298379999999999,MDV,510820
14041002,137,7151,2009,0.0,3469.0,-0.415182,-0.9298379999999999,MDV,510910
14047528,137,7152,2009,0.0,1636.0,-0.415182,-0.9298379999999999,MDV,510990
14054054,137,7153,2009,,,-0.415182,-0.9298379999999999,MDV,511000
14060580,137,7154,2009,0.0,12145.0,-0.415182,-0.9298379999999999,MDV,511111
14067106,137,7155,2009,0.0,1435.0,-0.415182,-0.9298379999999999,MDV,511119
14073632,137,7156,2009,,,-0.415182,-0.9298379999999999,MDV,511120
14080158,137,7157,2009,,,-0.415182,-0.9298379999999999,MDV,511130
14086684,137,7158,2009,,,-0.415182,-0.9298379999999999,MDV,511190
14093210,137,7159,2009,,,-0.415182,-0.9298379999999999,MDV,511211
14099736,137,7160,2009,,,-0.415182,-0.9298379999999999,MDV,511219
14106262,137,7161,2009,,,-0.415182,-0.9298379999999999,MDV,511220
14112788,137,7162,2009,,,-0.415182,-0.9298379999999999,MDV,511230
14119314,137,7163,2009,0.0,7671.0,-0.415182,-0.9298379999999999,MDV,511290
14125840,137,7164,2009,,,-0.415182,-0.9298379999999999,MDV,511300
14132366,137,7165,2009,,,-0.415182,-0.9298379999999999,MDV,520100
14138892,137,7166,2009,0.0,1249.0,-0.415182,-0.9298379999999999,MDV,520210
14145418,137,7167,2009,,,-0.415182,-0.9298379999999999,MDV,520291
14151944,137,7168,2009,0.0,10007.0,-0.415182,-0.9298379999999999,MDV,520299
14158470,137,7169,2009,0.0,106744.0,-0.415182,-0.9298379999999999,MDV,520300
14164996,137,7170,2009,0.0,1326.0,-0.415182,-0.9298379999999999,MDV,520411
14171522,137,7171,2009,,,-0.415182,-0.9298379999999999,MDV,520419
14178048,137,7172,2009,0.0,13213.0,-0.415182,-0.9298379999999999,MDV,520420
14184574,137,7173,2009,0.0,1125.0,-0.415182,-0.9298379999999999,MDV,520511
14191100,137,7174,2009,0.0,1866.0,-0.415182,-0.9298379999999999,MDV,520512
14197626,137,7175,2009,,,-0.415182,-0.9298379999999999,MDV,520513
14204152,137,7176,2009,,,-0.415182,-0.9298379999999999,MDV,520514
14210678,137,7177,2009,,,-0.415182,-0.9298379999999999,MDV,520515
14217204,137,7178,2009,,,-0.415182,-0.9298379999999999,MDV,520521
14223730,137,7179,2009,,,-0.415182,-0.9298379999999999,MDV,520522
14230256,137,7180,2009,,,-0.415182,-0.9298379999999999,MDV,520523
14236782,137,7181,2009,,,-0.415182,-0.9298379999999999,MDV,520524
14243308,137,7182,2009,,,-0.415182,-0.9298379999999999,MDV,520525
14249834,137,7183,2009,,,-0.415182,-0.9298379999999999,MDV,520531
14256360,137,7184,2009,,,-0.415182,-0.9298379999999999,MDV,520532
14262886,137,7185,2009,,,-0.415182,-0.9298379999999999,MDV,520533
14269412,137,7186,2009,,,-0.415182,-0.9298379999999999,MDV,520534
14275938,137,7187,2009,,,-0.415182,-0.9298379999999999,MDV,520535
14282464,137,7188,2009,,,-0.415182,-0.9298379999999999,MDV,520541
14288990,137,7189,2009,,,-0.415182,-0.9298379999999999,MDV,520542
14295516,137,7190,2009,,,-0.415182,-0.9298379999999999,MDV,520543
14302042,137,7191,2009,,,-0.415182,-0.9298379999999999,MDV,520544
14308568,137,7192,2009,,,-0.415182,-0.9298379999999999,MDV,520545
14315094,137,7193,2009,,,-0.415182,-0.9298379999999999,MDV,520611
14321620,137,7194,2009,,,-0.415182,-0.9298379999999999,MDV,520612
14328146,137,7195,2009,,,-0.415182,-0.9298379999999999,MDV,520613
14334672,137,7196,2009,,,-0.415182,-0.9298379999999999,MDV,520614
14341198,137,7197,2009,,,-0.415182,-0.9298379999999999,MDV,520615
14347724,137,7198,2009,,,-0.415182,-0.9298379999999999,MDV,520621
14354250,137,7199,2009,,,-0.415182,-0.9298379999999999,MDV,520622
14360776,137,7200,2009,,,-0.415182,-0.9298379999999999,MDV,520623
14367302,137,7201,2009,,,-0.415182,-0.9298379999999999,MDV,520624
14373828,137,7202,2009,,,-0.415182,-0.9298379999999999,MDV,520625
14380354,137,7203,2009,,,-0.415182,-0.9298379999999999,MDV,520631
14386880,137,7204,2009,,,-0.415182,-0.9298379999999999,MDV,520632
14393406,137,7205,2009,,,-0.415182,-0.9298379999999999,MDV,520633
14399932,137,7206,2009,,,-0.415182,-0.9298379999999999,MDV,520634
14406458,137,7207,2009,,,-0.415182,-0.9298379999999999,MDV,520635
14412984,137,7208,2009,,,-0.415182,-0.9298379999999999,MDV,520641
14419510,137,7209,2009,,,-0.415182,-0.9298379999999999,MDV,520642
14426036,137,7210,2009,,,-0.415182,-0.9298379999999999,MDV,520643
14432562,137,7211,2009,,,-0.415182,-0.9298379999999999,MDV,520644
14439088,137,7212,2009,,,-0.415182,-0.9298379999999999,MDV,520645
14445614,137,7213,2009,,,-0.415182,-0.9298379999999999,MDV,520710
14452140,137,7214,2009,0.0,1002.0,-0.415182,-0.9298379999999999,MDV,520790
14458666,137,7215,2009,0.0,50486.0,-0.415182,-0.9298379999999999,MDV,520811
14465192,137,7216,2009,,,-0.415182,-0.9298379999999999,MDV,520812
14471718,137,7217,2009,,,-0.415182,-0.9298379999999999,MDV,520813
14478244,137,7218,2009,0.0,100281.0,-0.415182,-0.9298379999999999,MDV,520819
14484770,137,7219,2009,0.0,10543.0,-0.415182,-0.9298379999999999,MDV,520821
14491296,137,7220,2009,0.0,12668.0,-0.415182,-0.9298379999999999,MDV,520822
14497822,137,7221,2009,0.0,931.0,-0.415182,-0.9298379999999999,MDV,520823
14504348,137,7222,2009,0.0,17025.0,-0.415182,-0.9298379999999999,MDV,520829
14510874,137,7223,2009,0.0,63856.0,-0.415182,-0.9298379999999999,MDV,520831
14517400,137,7224,2009,0.0,1108.0,-0.415182,-0.9298379999999999,MDV,520832
14523926,137,7225,2009,,,-0.415182,-0.9298379999999999,MDV,520833
14530452,137,7226,2009,0.0,20662.0,-0.415182,-0.9298379999999999,MDV,520839
14536978,137,7227,2009,0.0,1306.0,-0.415182,-0.9298379999999999,MDV,520841
14543504,137,7228,2009,,,-0.415182,-0.9298379999999999,MDV,520842
14550030,137,7229,2009,,,-0.415182,-0.9298379999999999,MDV,520843
14556556,137,7230,2009,0.0,302839.0,-0.415182,-0.9298379999999999,MDV,520849
14563082,137,7231,2009,0.0,30847.0,-0.415182,-0.9298379999999999,MDV,520851
14569608,137,7232,2009,0.0,2963.0,-0.415182,-0.9298379999999999,MDV,520852
14576134,137,7233,2009,,,-0.415182,-0.9298379999999999,MDV,520853
14582660,137,7234,2009,0.0,121089.0,-0.415182,-0.9298379999999999,MDV,520859
14589186,137,7235,2009,0.0,12165.0,-0.415182,-0.9298379999999999,MDV,520911
14595712,137,7236,2009,,,-0.415182,-0.9298379999999999,MDV,520912
14602238,137,7237,2009,0.0,9684.0,-0.415182,-0.9298379999999999,MDV,520919
14608764,137,7238,2009,0.0,951.0,-0.415182,-0.9298379999999999,MDV,520921
14615290,137,7239,2009,0.0,1499.0,-0.415182,-0.9298379999999999,MDV,520922
14621816,137,7240,2009,0.0,6636.0,-0.415182,-0.9298379999999999,MDV,520929
14628342,137,7241,2009,,,-0.415182,-0.9298379999999999,MDV,520931
14634868,137,7242,2009,0.0,750.0,-0.415182,-0.9298379999999999,MDV,520932
14641394,137,7243,2009,0.0,39162.0,-0.415182,-0.9298379999999999,MDV,520939
14647920,137,7244,2009,0.0,5556.0,-0.415182,-0.9298379999999999,MDV,520941
14654446,137,7245,2009,,,-0.415182,-0.9298379999999999,MDV,520942
14660972,137,7246,2009,,,-0.415182,-0.9298379999999999,MDV,520943
14667498,137,7247,2009,0.0,1278.0,-0.415182,-0.9298379999999999,MDV,520949
14674024,137,7248,2009,0.0,28533.0,-0.415182,-0.9298379999999999,MDV,520951
14680550,137,7249,2009,0.0,1628.0,-0.415182,-0.9298379999999999,MDV,520952
14687076,137,7250,2009,0.0,61235.0,-0.415182,-0.9298379999999999,MDV,520959
14693602,137,7251,2009,0.0,3124.0,-0.415182,-0.9298379999999999,MDV,521011
14700128,137,7252,2009,,,-0.415182,-0.9298379999999999,MDV,521012
14706654,137,7253,2009,,,-0.415182,-0.9298379999999999,MDV,521019
14713180,137,7254,2009,,,-0.415182,-0.9298379999999999,MDV,521021
14719706,137,7255,2009,,,-0.415182,-0.9298379999999999,MDV,521022
14726232,137,7256,2009,,,-0.415182,-0.9298379999999999,MDV,521029
14732758,137,7257,2009,0.0,7265.0,-0.415182,-0.9298379999999999,MDV,521031
14739284,137,7258,2009,0.0,3578.0,-0.415182,-0.9298379999999999,MDV,521032
14745810,137,7259,2009,,,-0.415182,-0.9298379999999999,MDV,521039
14752336,137,7260,2009,,,-0.415182,-0.9298379999999999,MDV,521041
14758862,137,7261,2009,,,-0.415182,-0.9298379999999999,MDV,521042
14765388,137,7262,2009,,,-0.415182,-0.9298379999999999,MDV,521049
14771914,137,7263,2009,,,-0.415182,-0.9298379999999999,MDV,521051
14778440,137,7264,2009,,,-0.415182,-0.9298379999999999,MDV,521052
14784966,137,7265,2009,0.0,49604.0,-0.415182,-0.9298379999999999,MDV,521059
14791492,137,7266,2009,,,-0.415182,-0.9298379999999999,MDV,521111
14798018,137,7267,2009,,,-0.415182,-0.9298379999999999,MDV,521112
14804544,137,7268,2009,0.0,3236.0,-0.415182,-0.9298379999999999,MDV,521119
14811070,137,7269,2009,,,-0.415182,-0.9298379999999999,MDV,521121
14817596,137,7270,2009,,,-0.415182,-0.9298379999999999,MDV,521122
14824122,137,7271,2009,,,-0.415182,-0.9298379999999999,MDV,521129
14830648,137,7272,2009,,,-0.415182,-0.9298379999999999,MDV,521131
14837174,137,7273,2009,,,-0.415182,-0.9298379999999999,MDV,521132
14843700,137,7274,2009,,,-0.415182,-0.9298379999999999,MDV,521139
14850226,137,7275,2009,,,-0.415182,-0.9298379999999999,MDV,521141
14856752,137,7276,2009,,,-0.415182,-0.9298379999999999,MDV,521142
14863278,137,7277,2009,,,-0.415182,-0.9298379999999999,MDV,521143
14869804,137,7278,2009,0.0,1561.0,-0.415182,-0.9298379999999999,MDV,521149
14876330,137,7279,2009,,,-0.415182,-0.9298379999999999,MDV,521151
14882856,137,7280,2009,,,-0.415182,-0.9298379999999999,MDV,521152
14889382,137,7281,2009,0.0,28405.0,-0.415182,-0.9298379999999999,MDV,521159
14895908,137,7282,2009,0.0,935.0,-0.415182,-0.9298379999999999,MDV,521211
14902434,137,7283,2009,,,-0.415182,-0.9298379999999999,MDV,521212
14908960,137,7284,2009,0.0,8624.0,-0.415182,-0.9298379999999999,MDV,521213
14915486,137,7285,2009,0.0,11749.0,-0.415182,-0.9298379999999999,MDV,521214
14922012,137,7286,2009,,,-0.415182,-0.9298379999999999,MDV,521215
14928538,137,7287,2009,,,-0.415182,-0.9298379999999999,MDV,521221
14935064,137,7288,2009,,,-0.415182,-0.9298379999999999,MDV,521222
14941590,137,7289,2009,,,-0.415182,-0.9298379999999999,MDV,521223
14948116,137,7290,2009,0.0,17077.0,-0.415182,-0.9298379999999999,MDV,521224
14954642,137,7291,2009,,,-0.415182,-0.9298379999999999,MDV,521225
14961168,137,7292,2009,,,-0.415182,-0.9298379999999999,MDV,530110
14967694,137,7293,2009,,,-0.415182,-0.9298379999999999,MDV,530121
14974220,137,7294,2009,,,-0.415182,-0.9298379999999999,MDV,530129
14980746,137,7295,2009,,,-0.415182,-0.9298379999999999,MDV,530130
14987272,137,7296,2009,,,-0.415182,-0.9298379999999999,MDV,530210
14993798,137,7297,2009,,,-0.415182,-0.9298379999999999,MDV,530290
15000324,137,7298,2009,,,-0.415182,-0.9298379999999999,MDV,530310
15006850,137,7299,2009,,,-0.415182,-0.9298379999999999,MDV,530390
15013376,137,7300,2009,,,-0.415182,-0.9298379999999999,MDV,530410
15019902,137,7301,2009,,,-0.415182,-0.9298379999999999,MDV,530490
15026428,137,7302,2009,,,-0.415182,-0.9298379999999999,MDV,530511
15032954,137,7303,2009,,,-0.415182,-0.9298379999999999,MDV,530519
15039480,137,7304,2009,,,-0.415182,-0.9298379999999999,MDV,530521
15046006,137,7305,2009,,,-0.415182,-0.9298379999999999,MDV,530529
15052532,137,7306,2009,,,-0.415182,-0.9298379999999999,MDV,530591
15059058,137,7307,2009,0.0,21567.0,-0.415182,-0.9298379999999999,MDV,530599
15065584,137,7308,2009,,,-0.415182,-0.9298379999999999,MDV,530610
15072110,137,7309,2009,,,-0.415182,-0.9298379999999999,MDV,530620
15078636,137,7310,2009,,,-0.415182,-0.9298379999999999,MDV,530710
15085162,137,7311,2009,,,-0.415182,-0.9298379999999999,MDV,530720
15091688,137,7312,2009,0.0,25241.0,-0.415182,-0.9298379999999999,MDV,530810
15098214,137,7313,2009,,,-0.415182,-0.9298379999999999,MDV,530820
15104740,137,7314,2009,,,-0.415182,-0.9298379999999999,MDV,530830
15111266,137,7315,2009,,,-0.415182,-0.9298379999999999,MDV,530890
15117792,137,7316,2009,0.0,6474.0,-0.415182,-0.9298379999999999,MDV,530911
15124318,137,7317,2009,0.0,35468.0,-0.415182,-0.9298379999999999,MDV,530919
15130844,137,7318,2009,0.0,959.0,-0.415182,-0.9298379999999999,MDV,530921
15137370,137,7319,2009,0.0,15144.0,-0.415182,-0.9298379999999999,MDV,530929
15143896,137,7320,2009,0.0,28563.0,-0.415182,-0.9298379999999999,MDV,531010
15150422,137,7321,2009,0.0,30175.0,-0.415182,-0.9298379999999999,MDV,531090
15156948,137,7322,2009,0.0,119290.0,-0.415182,-0.9298379999999999,MDV,531100
15163474,137,7323,2009,0.0,16796.0,-0.415182,-0.9298379999999999,MDV,540110
15170000,137,7324,2009,0.0,1054.0,-0.415182,-0.9298379999999999,MDV,540120
15176526,137,7325,2009,0.0,1514.0,-0.415182,-0.9298379999999999,MDV,540210
15183052,137,7326,2009,,,-0.415182,-0.9298379999999999,MDV,540220
15189578,137,7327,2009,,,-0.415182,-0.9298379999999999,MDV,540231
15196104,137,7328,2009,,,-0.415182,-0.9298379999999999,MDV,540232
15202630,137,7329,2009,0.0,1376.0,-0.415182,-0.9298379999999999,MDV,540233
15209156,137,7330,2009,,,-0.415182,-0.9298379999999999,MDV,540239
15215682,137,7331,2009,,,-0.415182,-0.9298379999999999,MDV,540241
15222208,137,7332,2009,,,-0.415182,-0.9298379999999999,MDV,540242
15228734,137,7333,2009,,,-0.415182,-0.9298379999999999,MDV,540243
15235260,137,7334,2009,,,-0.415182,-0.9298379999999999,MDV,540249
15241786,137,7335,2009,0.0,14156.0,-0.415182,-0.9298379999999999,MDV,540251
15248312,137,7336,2009,,,-0.415182,-0.9298379999999999,MDV,540252
15254838,137,7337,2009,0.0,965.0,-0.415182,-0.9298379999999999,MDV,540259
15261364,137,7338,2009,0.0,221750.0,-0.415182,-0.9298379999999999,MDV,540261
15267890,137,7339,2009,0.0,9507.0,-0.415182,-0.9298379999999999,MDV,540262
15274416,137,7340,2009,,,-0.415182,-0.9298379999999999,MDV,540269
15280942,137,7341,2009,,,-0.415182,-0.9298379999999999,MDV,540310
15287468,137,7342,2009,,,-0.415182,-0.9298379999999999,MDV,540320
15293994,137,7343,2009,,,-0.415182,-0.9298379999999999,MDV,540331
15300520,137,7344,2009,,,-0.415182,-0.9298379999999999,MDV,540332
15307046,137,7345,2009,,,-0.415182,-0.9298379999999999,MDV,540333
15313572,137,7346,2009,,,-0.415182,-0.9298379999999999,MDV,540339
15320098,137,7347,2009,,,-0.415182,-0.9298379999999999,MDV,540341
15326624,137,7348,2009,,,-0.415182,-0.9298379999999999,MDV,540342
15333150,137,7349,2009,,,-0.415182,-0.9298379999999999,MDV,540349
15339676,137,7350,2009,0.0,52240.0,-0.415182,-0.9298379999999999,MDV,540410
15346202,137,7351,2009,0.0,14827.0,-0.415182,-0.9298379999999999,MDV,540490
15352728,137,7352,2009,,,-0.415182,-0.9298379999999999,MDV,540500
15359254,137,7353,2009,,,-0.415182,-0.9298379999999999,MDV,540610
15365780,137,7354,2009,,,-0.415182,-0.9298379999999999,MDV,540620
15372306,137,7355,2009,0.0,97974.0,-0.415182,-0.9298379999999999,MDV,540710
15378832,137,7356,2009,0.0,30166.0,-0.415182,-0.9298379999999999,MDV,540720
15385358,137,7357,2009,0.0,7422.0,-0.415182,-0.9298379999999999,MDV,540730
15391884,137,7358,2009,0.0,1972.0,-0.415182,-0.9298379999999999,MDV,540741
15398410,137,7359,2009,0.0,4054.0,-0.415182,-0.9298379999999999,MDV,540742
15404936,137,7360,2009,0.0,1055.0,-0.415182,-0.9298379999999999,MDV,540743
15411462,137,7361,2009,0.0,33962.0,-0.415182,-0.9298379999999999,MDV,540744
15417988,137,7362,2009,0.0,149904.0,-0.415182,-0.9298379999999999,MDV,540751
15424514,137,7363,2009,0.0,29757.0,-0.415182,-0.9298379999999999,MDV,540752
15431040,137,7364,2009,,,-0.415182,-0.9298379999999999,MDV,540753
15437566,137,7365,2009,0.0,660793.0,-0.415182,-0.9298379999999999,MDV,540754
15444092,137,7366,2009,,,-0.415182,-0.9298379999999999,MDV,540760
15450618,137,7367,2009,,,-0.415182,-0.9298379999999999,MDV,540771
15457144,137,7368,2009,0.0,34675.0,-0.415182,-0.9298379999999999,MDV,540772
15463670,137,7369,2009,,,-0.415182,-0.9298379999999999,MDV,540773
15470196,137,7370,2009,,,-0.415182,-0.9298379999999999,MDV,540774
15476722,137,7371,2009,0.0,8086.0,-0.415182,-0.9298379999999999,MDV,540781
15483248,137,7372,2009,0.0,6477.0,-0.415182,-0.9298379999999999,MDV,540782
15489774,137,7373,2009,,,-0.415182,-0.9298379999999999,MDV,540783
15496300,137,7374,2009,,,-0.415182,-0.9298379999999999,MDV,540784
15502826,137,7375,2009,,,-0.415182,-0.9298379999999999,MDV,540791
15509352,137,7376,2009,0.0,57884.0,-0.415182,-0.9298379999999999,MDV,540792
15515878,137,7377,2009,,,-0.415182,-0.9298379999999999,MDV,540793
15522404,137,7378,2009,,,-0.415182,-0.9298379999999999,MDV,540794
15528930,137,7379,2009,0.0,20619.0,-0.415182,-0.9298379999999999,MDV,540810
15535456,137,7380,2009,0.0,711.0,-0.415182,-0.9298379999999999,MDV,540821
15541982,137,7381,2009,0.0,4433.0,-0.415182,-0.9298379999999999,MDV,540822
15548508,137,7382,2009,,,-0.415182,-0.9298379999999999,MDV,540823
15555034,137,7383,2009,,,-0.415182,-0.9298379999999999,MDV,540824
15561560,137,7384,2009,,,-0.415182,-0.9298379999999999,MDV,540831
15568086,137,7385,2009,,,-0.415182,-0.9298379999999999,MDV,540832
15574612,137,7386,2009,,,-0.415182,-0.9298379999999999,MDV,540833
15581138,137,7387,2009,0.0,1286.0,-0.415182,-0.9298379999999999,MDV,540834
15587664,137,7388,2009,,,-0.415182,-0.9298379999999999,MDV,550110
15594190,137,7389,2009,,,-0.415182,-0.9298379999999999,MDV,550120
15600716,137,7390,2009,,,-0.415182,-0.9298379999999999,MDV,550130
15607242,137,7391,2009,,,-0.415182,-0.9298379999999999,MDV,550190
15613768,137,7392,2009,,,-0.415182,-0.9298379999999999,MDV,550200
15620294,137,7393,2009,,,-0.415182,-0.9298379999999999,MDV,550310
15626820,137,7394,2009,0.0,7962.0,-0.415182,-0.9298379999999999,MDV,550320
15633346,137,7395,2009,,,-0.415182,-0.9298379999999999,MDV,550330
15639872,137,7396,2009,,,-0.415182,-0.9298379999999999,MDV,550340
15646398,137,7397,2009,0.0,17776.0,-0.415182,-0.9298379999999999,MDV,550390
15652924,137,7398,2009,,,-0.415182,-0.9298379999999999,MDV,550410
15659450,137,7399,2009,0.0,2697.0,-0.415182,-0.9298379999999999,MDV,550490
15665976,137,7400,2009,,,-0.415182,-0.9298379999999999,MDV,550510
15672502,137,7401,2009,,,-0.415182,-0.9298379999999999,MDV,550520
15679028,137,7402,2009,,,-0.415182,-0.9298379999999999,MDV,550610
15685554,137,7403,2009,,,-0.415182,-0.9298379999999999,MDV,550620
15692080,137,7404,2009,,,-0.415182,-0.9298379999999999,MDV,550630
15698606,137,7405,2009,,,-0.415182,-0.9298379999999999,MDV,550690
15705132,137,7406,2009,,,-0.415182,-0.9298379999999999,MDV,550700
15711658,137,7407,2009,,,-0.415182,-0.9298379999999999,MDV,550810
15718184,137,7408,2009,,,-0.415182,-0.9298379999999999,MDV,550820
15724710,137,7409,2009,,,-0.415182,-0.9298379999999999,MDV,550911
15731236,137,7410,2009,,,-0.415182,-0.9298379999999999,MDV,550912
15737762,137,7411,2009,,,-0.415182,-0.9298379999999999,MDV,550921
15744288,137,7412,2009,,,-0.415182,-0.9298379999999999,MDV,550922
15750814,137,7413,2009,,,-0.415182,-0.9298379999999999,MDV,550931
15757340,137,7414,2009,,,-0.415182,-0.9298379999999999,MDV,550932
15763866,137,7415,2009,,,-0.415182,-0.9298379999999999,MDV,550941
15770392,137,7416,2009,,,-0.415182,-0.9298379999999999,MDV,550942
15776918,137,7417,2009,,,-0.415182,-0.9298379999999999,MDV,550951
15783444,137,7418,2009,,,-0.415182,-0.9298379999999999,MDV,550952
15789970,137,7419,2009,,,-0.415182,-0.9298379999999999,MDV,550953
15796496,137,7420,2009,,,-0.415182,-0.9298379999999999,MDV,550959
15803022,137,7421,2009,,,-0.415182,-0.9298379999999999,MDV,550961
15809548,137,7422,2009,,,-0.415182,-0.9298379999999999,MDV,550962
15816074,137,7423,2009,,,-0.415182,-0.9298379999999999,MDV,550969
15822600,137,7424,2009,,,-0.415182,-0.9298379999999999,MDV,550991
15829126,137,7425,2009,,,-0.415182,-0.9298379999999999,MDV,550992
15835652,137,7426,2009,,,-0.415182,-0.9298379999999999,MDV,550999
15842178,137,7427,2009,,,-0.415182,-0.9298379999999999,MDV,551011
15848704,137,7428,2009,,,-0.415182,-0.9298379999999999,MDV,551012
15855230,137,7429,2009,,,-0.415182,-0.9298379999999999,MDV,551020
15861756,137,7430,2009,,,-0.415182,-0.9298379999999999,MDV,551030
15868282,137,7431,2009,,,-0.415182,-0.9298379999999999,MDV,551090
15874808,137,7432,2009,,,-0.415182,-0.9298379999999999,MDV,551110
15881334,137,7433,2009,,,-0.415182,-0.9298379999999999,MDV,551120
15887860,137,7434,2009,,,-0.415182,-0.9298379999999999,MDV,551130
15894386,137,7435,2009,,,-0.415182,-0.9298379999999999,MDV,551211
15900912,137,7436,2009,0.0,70950.0,-0.415182,-0.9298379999999999,MDV,551219
15907438,137,7437,2009,0.0,3907.0,-0.415182,-0.9298379999999999,MDV,551221
15913964,137,7438,2009,0.0,348533.0,-0.415182,-0.9298379999999999,MDV,551229
15920490,137,7439,2009,,,-0.415182,-0.9298379999999999,MDV,551291
15927016,137,7440,2009,,,-0.415182,-0.9298379999999999,MDV,551299
15933542,137,7441,2009,0.0,17152.0,-0.415182,-0.9298379999999999,MDV,551311
15940068,137,7442,2009,,,-0.415182,-0.9298379999999999,MDV,551312
15946594,137,7443,2009,0.0,678.0,-0.415182,-0.9298379999999999,MDV,551313
15953120,137,7444,2009,0.0,686.0,-0.415182,-0.9298379999999999,MDV,551319
15959646,137,7445,2009,,,-0.415182,-0.9298379999999999,MDV,551321
15966172,137,7446,2009,,,-0.415182,-0.9298379999999999,MDV,551322
15972698,137,7447,2009,,,-0.415182,-0.9298379999999999,MDV,551323
15979224,137,7448,2009,,,-0.415182,-0.9298379999999999,MDV,551329
15985750,137,7449,2009,,,-0.415182,-0.9298379999999999,MDV,551331
15992276,137,7450,2009,,,-0.415182,-0.9298379999999999,MDV,551332
15998802,137,7451,2009,,,-0.415182,-0.9298379999999999,MDV,551333
16005328,137,7452,2009,0.0,906.0,-0.415182,-0.9298379999999999,MDV,551339
16011854,137,7453,2009,,,-0.415182,-0.9298379999999999,MDV,551341
16018380,137,7454,2009,,,-0.415182,-0.9298379999999999,MDV,551342
16024906,137,7455,2009,,,-0.415182,-0.9298379999999999,MDV,551343
16031432,137,7456,2009,,,-0.415182,-0.9298379999999999,MDV,551349
16037958,137,7457,2009,0.0,1150.0,-0.415182,-0.9298379999999999,MDV,551411
16044484,137,7458,2009,,,-0.415182,-0.9298379999999999,MDV,551412
16051010,137,7459,2009,,,-0.415182,-0.9298379999999999,MDV,551413
16057536,137,7460,2009,,,-0.415182,-0.9298379999999999,MDV,551419
16064062,137,7461,2009,0.0,8440.0,-0.415182,-0.9298379999999999,MDV,551421
16070588,137,7462,2009,,,-0.415182,-0.9298379999999999,MDV,551422
16077114,137,7463,2009,,,-0.415182,-0.9298379999999999,MDV,551423
16083640,137,7464,2009,0.0,1240.0,-0.415182,-0.9298379999999999,MDV,551429
16090166,137,7465,2009,,,-0.415182,-0.9298379999999999,MDV,551431
16096692,137,7466,2009,,,-0.415182,-0.9298379999999999,MDV,551432
16103218,137,7467,2009,,,-0.415182,-0.9298379999999999,MDV,551433
16109744,137,7468,2009,,,-0.415182,-0.9298379999999999,MDV,551439
16116270,137,7469,2009,,,-0.415182,-0.9298379999999999,MDV,551441
16122796,137,7470,2009,,,-0.415182,-0.9298379999999999,MDV,551442
16129322,137,7471,2009,,,-0.415182,-0.9298379999999999,MDV,551443
16135848,137,7472,2009,0.0,11288.0,-0.415182,-0.9298379999999999,MDV,551449
16142374,137,7473,2009,0.0,135373.0,-0.415182,-0.9298379999999999,MDV,551511
16148900,137,7474,2009,0.0,1808.0,-0.415182,-0.9298379999999999,MDV,551512
16155426,137,7475,2009,,,-0.415182,-0.9298379999999999,MDV,551513
16161952,137,7476,2009,0.0,2894.0,-0.415182,-0.9298379999999999,MDV,551519
16168478,137,7477,2009,,,-0.415182,-0.9298379999999999,MDV,551521
16175004,137,7478,2009,,,-0.415182,-0.9298379999999999,MDV,551522
16181530,137,7479,2009,,,-0.415182,-0.9298379999999999,MDV,551529
16188056,137,7480,2009,,,-0.415182,-0.9298379999999999,MDV,551591
16194582,137,7481,2009,,,-0.415182,-0.9298379999999999,MDV,551592
16201108,137,7482,2009,0.0,7495.0,-0.415182,-0.9298379999999999,MDV,551599
16207634,137,7483,2009,0.0,4790.0,-0.415182,-0.9298379999999999,MDV,551611
16214160,137,7484,2009,0.0,2294.0,-0.415182,-0.9298379999999999,MDV,551612
16220686,137,7485,2009,,,-0.415182,-0.9298379999999999,MDV,551613
16227212,137,7486,2009,0.0,3607.0,-0.415182,-0.9298379999999999,MDV,551614
16233738,137,7487,2009,,,-0.415182,-0.9298379999999999,MDV,551621
16240264,137,7488,2009,,,-0.415182,-0.9298379999999999,MDV,551622
16246790,137,7489,2009,,,-0.415182,-0.9298379999999999,MDV,551623
16253316,137,7490,2009,,,-0.415182,-0.9298379999999999,MDV,551624
16259842,137,7491,2009,,,-0.415182,-0.9298379999999999,MDV,551631
16266368,137,7492,2009,,,-0.415182,-0.9298379999999999,MDV,551632
16272894,137,7493,2009,,,-0.415182,-0.9298379999999999,MDV,551633
16279420,137,7494,2009,,,-0.415182,-0.9298379999999999,MDV,551634
16285946,137,7495,2009,,,-0.415182,-0.9298379999999999,MDV,551641
16292472,137,7496,2009,,,-0.415182,-0.9298379999999999,MDV,551642
16298998,137,7497,2009,,,-0.415182,-0.9298379999999999,MDV,551643
16305524,137,7498,2009,,,-0.415182,-0.9298379999999999,MDV,551644
16312050,137,7499,2009,,,-0.415182,-0.9298379999999999,MDV,551691
16318576,137,7500,2009,,,-0.415182,-0.9298379999999999,MDV,551692
16325102,137,7501,2009,,,-0.415182,-0.9298379999999999,MDV,551693
16331628,137,7502,2009,,,-0.415182,-0.9298379999999999,MDV,551694
16338154,137,7503,2009,0.0,62807.0,-0.415182,-0.9298379999999999,MDV,560110
16344680,137,7504,2009,0.0,50358.0,-0.415182,-0.9298379999999999,MDV,560121
16351206,137,7505,2009,0.0,2256.0,-0.415182,-0.9298379999999999,MDV,560122
16357732,137,7506,2009,0.0,5748.0,-0.415182,-0.9298379999999999,MDV,560129
16364258,137,7507,2009,,,-0.415182,-0.9298379999999999,MDV,560130
16370784,137,7508,2009,0.0,29986.0,-0.415182,-0.9298379999999999,MDV,560210
16377310,137,7509,2009,,,-0.415182,-0.9298379999999999,MDV,560221
16383836,137,7510,2009,0.0,8739.0,-0.415182,-0.9298379999999999,MDV,560229
16390362,137,7511,2009,0.0,33088.0,-0.415182,-0.9298379999999999,MDV,560290
16396888,137,7512,2009,0.0,253468.0,-0.415182,-0.9298379999999999,MDV,560300
16403414,137,7513,2009,0.0,1237.0,-0.415182,-0.9298379999999999,MDV,560410
16409940,137,7514,2009,,,-0.415182,-0.9298379999999999,MDV,560420
16416466,137,7515,2009,0.0,8771.0,-0.415182,-0.9298379999999999,MDV,560490
16422992,137,7516,2009,,,-0.415182,-0.9298379999999999,MDV,560500
16429518,137,7517,2009,,,-0.415182,-0.9298379999999999,MDV,560600
16436044,137,7518,2009,,,-0.415182,-0.9298379999999999,MDV,560710
16442570,137,7519,2009,,,-0.415182,-0.9298379999999999,MDV,560721
16449096,137,7520,2009,,,-0.415182,-0.9298379999999999,MDV,560729
16455622,137,7521,2009,,,-0.415182,-0.9298379999999999,MDV,560730
16462148,137,7522,2009,0.0,54975.0,-0.415182,-0.9298379999999999,MDV,560741
16468674,137,7523,2009,0.0,274532.0,-0.415182,-0.9298379999999999,MDV,560749
16475200,137,7524,2009,0.0,44445.0,-0.415182,-0.9298379999999999,MDV,560750
16481726,137,7525,2009,0.0,56581.0,-0.415182,-0.9298379999999999,MDV,560790
16488252,137,7526,2009,0.0,43472.0,-0.415182,-0.9298379999999999,MDV,560811
16494778,137,7527,2009,0.0,43510.0,-0.415182,-0.9298379999999999,MDV,560819
16501304,137,7528,2009,0.0,131796.0,-0.415182,-0.9298379999999999,MDV,560890
16507830,137,7529,2009,0.0,17094.0,-0.415182,-0.9298379999999999,MDV,560900
16514356,137,7530,2009,0.0,1603.0,-0.415182,-0.9298379999999999,MDV,570110
16520882,137,7531,2009,0.0,45759.0,-0.415182,-0.9298379999999999,MDV,570190
16527408,137,7532,2009,0.0,3553.0,-0.415182,-0.9298379999999999,MDV,570210
16533934,137,7533,2009,0.0,64435.0,-0.415182,-0.9298379999999999,MDV,570220
16540460,137,7534,2009,,,-0.415182,-0.9298379999999999,MDV,570231
16546986,137,7535,2009,0.0,22372.0,-0.415182,-0.9298379999999999,MDV,570232
16553512,137,7536,2009,,,-0.415182,-0.9298379999999999,MDV,570239
16560038,137,7537,2009,0.0,1425.0,-0.415182,-0.9298379999999999,MDV,570241
16566564,137,7538,2009,0.0,6606.0,-0.415182,-0.9298379999999999,MDV,570242
16573090,137,7539,2009,0.0,2241.0,-0.415182,-0.9298379999999999,MDV,570249
16579616,137,7540,2009,,,-0.415182,-0.9298379999999999,MDV,570251
16586142,137,7541,2009,,,-0.415182,-0.9298379999999999,MDV,570252
16592668,137,7542,2009,0.0,9444.0,-0.415182,-0.9298379999999999,MDV,570259
16599194,137,7543,2009,0.0,23622.0,-0.415182,-0.9298379999999999,MDV,570291
16605720,137,7544,2009,0.0,56427.0,-0.415182,-0.9298379999999999,MDV,570292
16612246,137,7545,2009,0.0,125845.0,-0.415182,-0.9298379999999999,MDV,570299
16618772,137,7546,2009,0.0,14147.0,-0.415182,-0.9298379999999999,MDV,570310
16625298,137,7547,2009,0.0,105709.0,-0.415182,-0.9298379999999999,MDV,570320
16631824,137,7548,2009,0.0,177489.0,-0.415182,-0.9298379999999999,MDV,570330
16638350,137,7549,2009,0.0,48419.0,-0.415182,-0.9298379999999999,MDV,570390
16644876,137,7550,2009,0.0,33251.0,-0.415182,-0.9298379999999999,MDV,570410
16651402,137,7551,2009,0.0,34242.0,-0.415182,-0.9298379999999999,MDV,570490
16657928,137,7552,2009,0.0,98340.0,-0.415182,-0.9298379999999999,MDV,570500
16664454,137,7553,2009,,,-0.415182,-0.9298379999999999,MDV,580110
16670980,137,7554,2009,,,-0.415182,-0.9298379999999999,MDV,580121
16677506,137,7555,2009,,,-0.415182,-0.9298379999999999,MDV,580122
16684032,137,7556,2009,,,-0.415182,-0.9298379999999999,MDV,580123
16690558,137,7557,2009,,,-0.415182,-0.9298379999999999,MDV,580124
16697084,137,7558,2009,,,-0.415182,-0.9298379999999999,MDV,580125
16703610,137,7559,2009,,,-0.415182,-0.9298379999999999,MDV,580126
16710136,137,7560,2009,,,-0.415182,-0.9298379999999999,MDV,580131
16716662,137,7561,2009,,,-0.415182,-0.9298379999999999,MDV,580132
16723188,137,7562,2009,,,-0.415182,-0.9298379999999999,MDV,580133
16729714,137,7563,2009,0.0,23395.0,-0.415182,-0.9298379999999999,MDV,580134
16736240,137,7564,2009,,,-0.415182,-0.9298379999999999,MDV,580135
16742766,137,7565,2009,,,-0.415182,-0.9298379999999999,MDV,580136
16749292,137,7566,2009,0.0,678.0,-0.415182,-0.9298379999999999,MDV,580190
16755818,137,7567,2009,0.0,5835.0,-0.415182,-0.9298379999999999,MDV,580211
16762344,137,7568,2009,0.0,68101.0,-0.415182,-0.9298379999999999,MDV,580219
16768870,137,7569,2009,0.0,23220.0,-0.415182,-0.9298379999999999,MDV,580220
16775396,137,7570,2009,0.0,16208.0,-0.415182,-0.9298379999999999,MDV,580230
16781922,137,7571,2009,,,-0.415182,-0.9298379999999999,MDV,580310
16788448,137,7572,2009,,,-0.415182,-0.9298379999999999,MDV,580390
16794974,137,7573,2009,0.0,28520.0,-0.415182,-0.9298379999999999,MDV,580410
16801500,137,7574,2009,0.0,3911.0,-0.415182,-0.9298379999999999,MDV,580421
16808026,137,7575,2009,0.0,2098.0,-0.415182,-0.9298379999999999,MDV,580429
16814552,137,7576,2009,,,-0.415182,-0.9298379999999999,MDV,580430
16821078,137,7577,2009,,,-0.415182,-0.9298379999999999,MDV,580500
16827604,137,7578,2009,,,-0.415182,-0.9298379999999999,MDV,580610
16834130,137,7579,2009,0.0,8738.0,-0.415182,-0.9298379999999999,MDV,580620
16840656,137,7580,2009,0.0,6714.0,-0.415182,-0.9298379999999999,MDV,580631
16847182,137,7581,2009,0.0,13397.0,-0.415182,-0.9298379999999999,MDV,580632
16853708,137,7582,2009,0.0,56352.0,-0.415182,-0.9298379999999999,MDV,580639
16860234,137,7583,2009,,,-0.415182,-0.9298379999999999,MDV,580640
16866760,137,7584,2009,0.0,28880.0,-0.415182,-0.9298379999999999,MDV,580710
16873286,137,7585,2009,0.0,140316.0,-0.415182,-0.9298379999999999,MDV,580790
16879812,137,7586,2009,0.0,18072.0,-0.415182,-0.9298379999999999,MDV,580810
16886338,137,7587,2009,0.0,48498.0,-0.415182,-0.9298379999999999,MDV,580890
16892864,137,7588,2009,0.0,2137.0,-0.415182,-0.9298379999999999,MDV,580900
16899390,137,7589,2009,,,-0.415182,-0.9298379999999999,MDV,581010
16905916,137,7590,2009,0.0,44701.0,-0.415182,-0.9298379999999999,MDV,581091
16912442,137,7591,2009,0.0,6548.0,-0.415182,-0.9298379999999999,MDV,581092
16918968,137,7592,2009,0.0,4614.0,-0.415182,-0.9298379999999999,MDV,581099
16925494,137,7593,2009,0.0,18718.0,-0.415182,-0.9298379999999999,MDV,581100
16932020,137,7594,2009,0.0,1135.0,-0.415182,-0.9298379999999999,MDV,590110
16938546,137,7595,2009,0.0,35808.0,-0.415182,-0.9298379999999999,MDV,590190
16945072,137,7596,2009,0.0,80094.0,-0.415182,-0.9298379999999999,MDV,590210
16951598,137,7597,2009,0.0,35511.0,-0.415182,-0.9298379999999999,MDV,590220
16958124,137,7598,2009,0.0,188960.0,-0.415182,-0.9298379999999999,MDV,590290
16964650,137,7599,2009,0.0,71279.0,-0.415182,-0.9298379999999999,MDV,590310
16971176,137,7600,2009,0.0,1675.0,-0.415182,-0.9298379999999999,MDV,590320
16977702,137,7601,2009,0.0,114804.0,-0.415182,-0.9298379999999999,MDV,590390
16984228,137,7602,2009,0.0,48671.0,-0.415182,-0.9298379999999999,MDV,590410
16990754,137,7603,2009,,,-0.415182,-0.9298379999999999,MDV,590491
16997280,137,7604,2009,0.0,1435.0,-0.415182,-0.9298379999999999,MDV,590492
17003806,137,7605,2009,0.0,22677.0,-0.415182,-0.9298379999999999,MDV,590500
17010332,137,7606,2009,0.0,85406.0,-0.415182,-0.9298379999999999,MDV,590610
17016858,137,7607,2009,,,-0.415182,-0.9298379999999999,MDV,590691
17023384,137,7608,2009,0.0,36414.0,-0.415182,-0.9298379999999999,MDV,590699
17029910,137,7609,2009,0.0,121996.0,-0.415182,-0.9298379999999999,MDV,590700
17036436,137,7610,2009,0.0,3512.0,-0.415182,-0.9298379999999999,MDV,590800
17042962,137,7611,2009,0.0,7561.0,-0.415182,-0.9298379999999999,MDV,590900
17049488,137,7612,2009,,,-0.415182,-0.9298379999999999,MDV,591000
17056014,137,7613,2009,0.0,281045.0,-0.415182,-0.9298379999999999,MDV,591110
17062540,137,7614,2009,,,-0.415182,-0.9298379999999999,MDV,591120
17069066,137,7615,2009,,,-0.415182,-0.9298379999999999,MDV,591131
17075592,137,7616,2009,0.0,6396.0,-0.415182,-0.9298379999999999,MDV,591132
17082118,137,7617,2009,,,-0.415182,-0.9298379999999999,MDV,591140
17088644,137,7618,2009,0.0,20844.0,-0.415182,-0.9298379999999999,MDV,591190
17095170,137,7619,2009,0.0,5556.0,-0.415182,-0.9298379999999999,MDV,600110
17101696,137,7620,2009,,,-0.415182,-0.9298379999999999,MDV,600121
17108222,137,7621,2009,,,-0.415182,-0.9298379999999999,MDV,600122
17114748,137,7622,2009,,,-0.415182,-0.9298379999999999,MDV,600129
17121274,137,7623,2009,,,-0.415182,-0.9298379999999999,MDV,600191
17127800,137,7624,2009,0.0,12528.0,-0.415182,-0.9298379999999999,MDV,600192
17134326,137,7625,2009,0.0,1780.0,-0.415182,-0.9298379999999999,MDV,600199
17140852,137,7626,2009,,,-0.415182,-0.9298379999999999,MDV,600210
17147378,137,7627,2009,0.0,18216.0,-0.415182,-0.9298379999999999,MDV,600220
17153904,137,7628,2009,,,-0.415182,-0.9298379999999999,MDV,600230
17160430,137,7629,2009,,,-0.415182,-0.9298379999999999,MDV,600241
17166956,137,7630,2009,,,-0.415182,-0.9298379999999999,MDV,600242
17173482,137,7631,2009,,,-0.415182,-0.9298379999999999,MDV,600243
17180008,137,7632,2009,0.0,1468.0,-0.415182,-0.9298379999999999,MDV,600249
17186534,137,7633,2009,,,-0.415182,-0.9298379999999999,MDV,600291
17193060,137,7634,2009,,,-0.415182,-0.9298379999999999,MDV,600292
17199586,137,7635,2009,0.0,140356.0,-0.415182,-0.9298379999999999,MDV,600293
17206112,137,7636,2009,0.0,8293.0,-0.415182,-0.9298379999999999,MDV,600299
17212638,137,7637,2009,,,-0.415182,-0.9298379999999999,MDV,610110
17219164,137,7638,2009,19292.0,5396.0,-0.415182,-0.9298379999999999,MDV,610120
17225690,137,7639,2009,3215.0,7158.0,-0.415182,-0.9298379999999999,MDV,610130
17232216,137,7640,2009,0.0,8086.0,-0.415182,-0.9298379999999999,MDV,610190
17238742,137,7641,2009,,,-0.415182,-0.9298379999999999,MDV,610210
17245268,137,7642,2009,,,-0.415182,-0.9298379999999999,MDV,610220
17251794,137,7643,2009,,,-0.415182,-0.9298379999999999,MDV,610230
17258320,137,7644,2009,0.0,1979.0,-0.415182,-0.9298379999999999,MDV,610290
17264846,137,7645,2009,,,-0.415182,-0.9298379999999999,MDV,610311
17271372,137,7646,2009,,,-0.415182,-0.9298379999999999,MDV,610312
17277898,137,7647,2009,0.0,1580.0,-0.415182,-0.9298379999999999,MDV,610319
17284424,137,7648,2009,,,-0.415182,-0.9298379999999999,MDV,610321
17290950,137,7649,2009,0.0,34006.0,-0.415182,-0.9298379999999999,MDV,610322
17297476,137,7650,2009,,,-0.415182,-0.9298379999999999,MDV,610323
17304002,137,7651,2009,,,-0.415182,-0.9298379999999999,MDV,610329
17310528,137,7652,2009,,,-0.415182,-0.9298379999999999,MDV,610331
17317054,137,7653,2009,0.0,605222.0,-0.415182,-0.9298379999999999,MDV,610332
17323580,137,7654,2009,0.0,2506.0,-0.415182,-0.9298379999999999,MDV,610333
17330106,137,7655,2009,0.0,79939.0,-0.415182,-0.9298379999999999,MDV,610339
17336632,137,7656,2009,,,-0.415182,-0.9298379999999999,MDV,610341
17343158,137,7657,2009,0.0,1255003.0,-0.415182,-0.9298379999999999,MDV,610342
17349684,137,7658,2009,0.0,47467.0,-0.415182,-0.9298379999999999,MDV,610343
17356210,137,7659,2009,0.0,225206.0,-0.415182,-0.9298379999999999,MDV,610349
17362736,137,7660,2009,,,-0.415182,-0.9298379999999999,MDV,610411
17369262,137,7661,2009,,,-0.415182,-0.9298379999999999,MDV,610412
17375788,137,7662,2009,,,-0.415182,-0.9298379999999999,MDV,610413
17382314,137,7663,2009,0.0,5235.0,-0.415182,-0.9298379999999999,MDV,610419
17388840,137,7664,2009,,,-0.415182,-0.9298379999999999,MDV,610421
17395366,137,7665,2009,,,-0.415182,-0.9298379999999999,MDV,610422
17401892,137,7666,2009,,,-0.415182,-0.9298379999999999,MDV,610423
17408418,137,7667,2009,,,-0.415182,-0.9298379999999999,MDV,610429
17414944,137,7668,2009,,,-0.415182,-0.9298379999999999,MDV,610431
17421470,137,7669,2009,0.0,1311573.0,-0.415182,-0.9298379999999999,MDV,610432
17427996,137,7670,2009,0.0,92604.0,-0.415182,-0.9298379999999999,MDV,610433
17434522,137,7671,2009,0.0,13311.0,-0.415182,-0.9298379999999999,MDV,610439
17441048,137,7672,2009,,,-0.415182,-0.9298379999999999,MDV,610441
17447574,137,7673,2009,0.0,117227.0,-0.415182,-0.9298379999999999,MDV,610442
17454100,137,7674,2009,0.0,6009.0,-0.415182,-0.9298379999999999,MDV,610443
17460626,137,7675,2009,0.0,5091.0,-0.415182,-0.9298379999999999,MDV,610444
17467152,137,7676,2009,0.0,269468.0,-0.415182,-0.9298379999999999,MDV,610449
17473678,137,7677,2009,,,-0.415182,-0.9298379999999999,MDV,610451
17480204,137,7678,2009,0.0,103670.0,-0.415182,-0.9298379999999999,MDV,610452
17486730,137,7679,2009,0.0,3215.0,-0.415182,-0.9298379999999999,MDV,610453
17493256,137,7680,2009,0.0,21465.0,-0.415182,-0.9298379999999999,MDV,610459
17499782,137,7681,2009,,,-0.415182,-0.9298379999999999,MDV,610461
17506308,137,7682,2009,0.0,692909.0,-0.415182,-0.9298379999999999,MDV,610462
17512834,137,7683,2009,0.0,9681.0,-0.415182,-0.9298379999999999,MDV,610463
17519360,137,7684,2009,0.0,47938.0,-0.415182,-0.9298379999999999,MDV,610469
17525886,137,7685,2009,2282.0,168270.0,-0.415182,-0.9298379999999999,MDV,610510
17532412,137,7686,2009,0.0,121868.0,-0.415182,-0.9298379999999999,MDV,610520
17538938,137,7687,2009,0.0,126321.0,-0.415182,-0.9298379999999999,MDV,610590
17545464,137,7688,2009,1043.0,58802.0,-0.415182,-0.9298379999999999,MDV,610610
17551990,137,7689,2009,0.0,3944.0,-0.415182,-0.9298379999999999,MDV,610620
17558516,137,7690,2009,0.0,467713.0,-0.415182,-0.9298379999999999,MDV,610690
17565042,137,7691,2009,0.0,41099.0,-0.415182,-0.9298379999999999,MDV,610711
17571568,137,7692,2009,0.0,1100.0,-0.415182,-0.9298379999999999,MDV,610712
17578094,137,7693,2009,0.0,21937.0,-0.415182,-0.9298379999999999,MDV,610719
17584620,137,7694,2009,0.0,13866.0,-0.415182,-0.9298379999999999,MDV,610721
17591146,137,7695,2009,,,-0.415182,-0.9298379999999999,MDV,610722
17597672,137,7696,2009,0.0,36745.0,-0.415182,-0.9298379999999999,MDV,610729
17604198,137,7697,2009,0.0,100678.0,-0.415182,-0.9298379999999999,MDV,610791
17610724,137,7698,2009,,,-0.415182,-0.9298379999999999,MDV,610792
17617250,137,7699,2009,0.0,70878.0,-0.415182,-0.9298379999999999,MDV,610799
17623776,137,7700,2009,0.0,14183.0,-0.415182,-0.9298379999999999,MDV,610811
17630302,137,7701,2009,0.0,12043.0,-0.415182,-0.9298379999999999,MDV,610819
17636828,137,7702,2009,0.0,37351.0,-0.415182,-0.9298379999999999,MDV,610821
17643354,137,7703,2009,0.0,10443.0,-0.415182,-0.9298379999999999,MDV,610822
17649880,137,7704,2009,0.0,127544.0,-0.415182,-0.9298379999999999,MDV,610829
17656406,137,7705,2009,0.0,4089.0,-0.415182,-0.9298379999999999,MDV,610831
17662932,137,7706,2009,,,-0.415182,-0.9298379999999999,MDV,610832
17669458,137,7707,2009,0.0,30490.0,-0.415182,-0.9298379999999999,MDV,610839
17675984,137,7708,2009,0.0,59403.0,-0.415182,-0.9298379999999999,MDV,610891
17682510,137,7709,2009,,,-0.415182,-0.9298379999999999,MDV,610892
17689036,137,7710,2009,0.0,55850.0,-0.415182,-0.9298379999999999,MDV,610899
17695562,137,7711,2009,13662.0,1547674.0,-0.415182,-0.9298379999999999,MDV,610910
17702088,137,7712,2009,2360.0,391724.0,-0.415182,-0.9298379999999999,MDV,610990
17708614,137,7713,2009,1567.0,147545.0,-0.415182,-0.9298379999999999,MDV,611010
17715140,137,7714,2009,10792.0,4540.0,-0.415182,-0.9298379999999999,MDV,611020
17721666,137,7715,2009,2936.0,23736.0,-0.415182,-0.9298379999999999,MDV,611030
17728192,137,7716,2009,0.0,21736.0,-0.415182,-0.9298379999999999,MDV,611090
17734718,137,7717,2009,0.0,4682.0,-0.415182,-0.9298379999999999,MDV,611110
17741244,137,7718,2009,0.0,1079760.0,-0.415182,-0.9298379999999999,MDV,611120
17747770,137,7719,2009,0.0,5820.0,-0.415182,-0.9298379999999999,MDV,611130
17754296,137,7720,2009,0.0,232222.0,-0.415182,-0.9298379999999999,MDV,611190
17760822,137,7721,2009,0.0,6338.0,-0.415182,-0.9298379999999999,MDV,611211
17767348,137,7722,2009,0.0,1979.0,-0.415182,-0.9298379999999999,MDV,611212
17773874,137,7723,2009,0.0,16555.0,-0.415182,-0.9298379999999999,MDV,611219
17780400,137,7724,2009,,,-0.415182,-0.9298379999999999,MDV,611220
17786926,137,7725,2009,0.0,29485.0,-0.415182,-0.9298379999999999,MDV,611231
17793452,137,7726,2009,0.0,1609.0,-0.415182,-0.9298379999999999,MDV,611239
17799978,137,7727,2009,0.0,82995.0,-0.415182,-0.9298379999999999,MDV,611241
17806504,137,7728,2009,0.0,92081.0,-0.415182,-0.9298379999999999,MDV,611249
17813030,137,7729,2009,0.0,64666.0,-0.415182,-0.9298379999999999,MDV,611300
17819556,137,7730,2009,,,-0.415182,-0.9298379999999999,MDV,611410
17826082,137,7731,2009,0.0,183844.0,-0.415182,-0.9298379999999999,MDV,611420
17832608,137,7732,2009,0.0,57099.0,-0.415182,-0.9298379999999999,MDV,611430
17839134,137,7733,2009,0.0,47507.0,-0.415182,-0.9298379999999999,MDV,611490
17845660,137,7734,2009,,,-0.415182,-0.9298379999999999,MDV,611511
17852186,137,7735,2009,,,-0.415182,-0.9298379999999999,MDV,611512
17858712,137,7736,2009,0.0,55197.0,-0.415182,-0.9298379999999999,MDV,611519
17865238,137,7737,2009,0.0,4235.0,-0.415182,-0.9298379999999999,MDV,611520
17871764,137,7738,2009,0.0,903.0,-0.415182,-0.9298379999999999,MDV,611591
17878290,137,7739,2009,0.0,92493.0,-0.415182,-0.9298379999999999,MDV,611592
17884816,137,7740,2009,0.0,2106.0,-0.415182,-0.9298379999999999,MDV,611593
17891342,137,7741,2009,0.0,23544.0,-0.415182,-0.9298379999999999,MDV,611599
17897868,137,7742,2009,0.0,61711.0,-0.415182,-0.9298379999999999,MDV,611610
17904394,137,7743,2009,,,-0.415182,-0.9298379999999999,MDV,611691
17910920,137,7744,2009,0.0,33171.0,-0.415182,-0.9298379999999999,MDV,611692
17917446,137,7745,2009,0.0,6791.0,-0.415182,-0.9298379999999999,MDV,611693
17923972,137,7746,2009,0.0,18646.0,-0.415182,-0.9298379999999999,MDV,611699
17930498,137,7747,2009,0.0,64891.0,-0.415182,-0.9298379999999999,MDV,611710
17937024,137,7748,2009,,,-0.415182,-0.9298379999999999,MDV,611720
17943550,137,7749,2009,0.0,29356.0,-0.415182,-0.9298379999999999,MDV,611780
17950076,137,7750,2009,0.0,5611.0,-0.415182,-0.9298379999999999,MDV,611790
17956602,137,7751,2009,0.0,858.0,-0.415182,-0.9298379999999999,MDV,620111
17963128,137,7752,2009,0.0,48585.0,-0.415182,-0.9298379999999999,MDV,620112
17969654,137,7753,2009,15202.0,4122.0,-0.415182,-0.9298379999999999,MDV,620113
17976180,137,7754,2009,0.0,7809.0,-0.415182,-0.9298379999999999,MDV,620119
17982706,137,7755,2009,,,-0.415182,-0.9298379999999999,MDV,620191
17989232,137,7756,2009,0.0,3617.0,-0.415182,-0.9298379999999999,MDV,620192
17995758,137,7757,2009,0.0,2891.0,-0.415182,-0.9298379999999999,MDV,620193
18002284,137,7758,2009,,,-0.415182,-0.9298379999999999,MDV,620199
18008810,137,7759,2009,0.0,1062.0,-0.415182,-0.9298379999999999,MDV,620211
18015336,137,7760,2009,,,-0.415182,-0.9298379999999999,MDV,620212
18021862,137,7761,2009,,,-0.415182,-0.9298379999999999,MDV,620213
18028388,137,7762,2009,,,-0.415182,-0.9298379999999999,MDV,620219
18034914,137,7763,2009,,,-0.415182,-0.9298379999999999,MDV,620291
18041440,137,7764,2009,0.0,1170.0,-0.415182,-0.9298379999999999,MDV,620292
18047966,137,7765,2009,4159.0,1318.0,-0.415182,-0.9298379999999999,MDV,620293
18054492,137,7766,2009,0.0,5601.0,-0.415182,-0.9298379999999999,MDV,620299
18061018,137,7767,2009,,,-0.415182,-0.9298379999999999,MDV,620311
18067544,137,7768,2009,0.0,6840.0,-0.415182,-0.9298379999999999,MDV,620312
18074070,137,7769,2009,0.0,23059.0,-0.415182,-0.9298379999999999,MDV,620319
18080596,137,7770,2009,,,-0.415182,-0.9298379999999999,MDV,620321
18087122,137,7771,2009,0.0,13545.0,-0.415182,-0.9298379999999999,MDV,620322
18093648,137,7772,2009,,,-0.415182,-0.9298379999999999,MDV,620323
18100174,137,7773,2009,0.0,12986.0,-0.415182,-0.9298379999999999,MDV,620329
18106700,137,7774,2009,,,-0.415182,-0.9298379999999999,MDV,620331
18113226,137,7775,2009,0.0,6541.0,-0.415182,-0.9298379999999999,MDV,620332
18119752,137,7776,2009,0.0,7484.0,-0.415182,-0.9298379999999999,MDV,620333
18126278,137,7777,2009,0.0,8740.0,-0.415182,-0.9298379999999999,MDV,620339
18132804,137,7778,2009,0.0,2700.0,-0.415182,-0.9298379999999999,MDV,620341
18139330,137,7779,2009,0.0,1097746.0,-0.415182,-0.9298379999999999,MDV,620342
18145856,137,7780,2009,0.0,42829.0,-0.415182,-0.9298379999999999,MDV,620343
18152382,137,7781,2009,0.0,47985.0,-0.415182,-0.9298379999999999,MDV,620349
18158908,137,7782,2009,0.0,1803.0,-0.415182,-0.9298379999999999,MDV,620411
18165434,137,7783,2009,0.0,17217.0,-0.415182,-0.9298379999999999,MDV,620412
18171960,137,7784,2009,,,-0.415182,-0.9298379999999999,MDV,620413
18178486,137,7785,2009,0.0,15927.0,-0.415182,-0.9298379999999999,MDV,620419
18185012,137,7786,2009,0.0,4981.0,-0.415182,-0.9298379999999999,MDV,620421
18191538,137,7787,2009,0.0,5613.0,-0.415182,-0.9298379999999999,MDV,620422
18198064,137,7788,2009,,,-0.415182,-0.9298379999999999,MDV,620423
18204590,137,7789,2009,0.0,32751.0,-0.415182,-0.9298379999999999,MDV,620429
18211116,137,7790,2009,741.0,0.0,-0.415182,-0.9298379999999999,MDV,620431
18217642,137,7791,2009,0.0,54698.0,-0.415182,-0.9298379999999999,MDV,620432
18224168,137,7792,2009,0.0,1806.0,-0.415182,-0.9298379999999999,MDV,620433
18230694,137,7793,2009,0.0,1814.0,-0.415182,-0.9298379999999999,MDV,620439
18237220,137,7794,2009,,,-0.415182,-0.9298379999999999,MDV,620441
18243746,137,7795,2009,0.0,100404.0,-0.415182,-0.9298379999999999,MDV,620442
18250272,137,7796,2009,0.0,3341.0,-0.415182,-0.9298379999999999,MDV,620443
18256798,137,7797,2009,,,-0.415182,-0.9298379999999999,MDV,620444
18263324,137,7798,2009,0.0,73999.0,-0.415182,-0.9298379999999999,MDV,620449
18269850,137,7799,2009,,,-0.415182,-0.9298379999999999,MDV,620451
18276376,137,7800,2009,0.0,18885.0,-0.415182,-0.9298379999999999,MDV,620452
18282902,137,7801,2009,0.0,6611.0,-0.415182,-0.9298379999999999,MDV,620453
18289428,137,7802,2009,0.0,5124.0,-0.415182,-0.9298379999999999,MDV,620459
18295954,137,7803,2009,0.0,4033.0,-0.415182,-0.9298379999999999,MDV,620461
18302480,137,7804,2009,329580.0,151175.0,-0.415182,-0.9298379999999999,MDV,620462
18309006,137,7805,2009,1449.0,58419.0,-0.415182,-0.9298379999999999,MDV,620463
18315532,137,7806,2009,0.0,17752.0,-0.415182,-0.9298379999999999,MDV,620469
18322058,137,7807,2009,,,-0.415182,-0.9298379999999999,MDV,620510
18328584,137,7808,2009,0.0,187557.0,-0.415182,-0.9298379999999999,MDV,620520
18335110,137,7809,2009,0.0,15260.0,-0.415182,-0.9298379999999999,MDV,620530
18341636,137,7810,2009,3312.0,98138.0,-0.415182,-0.9298379999999999,MDV,620590
18348162,137,7811,2009,974.0,2495.0,-0.415182,-0.9298379999999999,MDV,620610
18354688,137,7812,2009,0.0,7920.0,-0.415182,-0.9298379999999999,MDV,620620
18361214,137,7813,2009,0.0,58538.0,-0.415182,-0.9298379999999999,MDV,620630
18367740,137,7814,2009,0.0,7161.0,-0.415182,-0.9298379999999999,MDV,620640
18374266,137,7815,2009,0.0,17329.0,-0.415182,-0.9298379999999999,MDV,620690
18380792,137,7816,2009,0.0,13922.0,-0.415182,-0.9298379999999999,MDV,620711
18387318,137,7817,2009,0.0,13433.0,-0.415182,-0.9298379999999999,MDV,620719
18393844,137,7818,2009,0.0,20689.0,-0.415182,-0.9298379999999999,MDV,620721
18400370,137,7819,2009,0.0,2122.0,-0.415182,-0.9298379999999999,MDV,620722
18406896,137,7820,2009,0.0,3954.0,-0.415182,-0.9298379999999999,MDV,620729
18413422,137,7821,2009,0.0,17684.0,-0.415182,-0.9298379999999999,MDV,620791
18419948,137,7822,2009,,,-0.415182,-0.9298379999999999,MDV,620792
18426474,137,7823,2009,0.0,74796.0,-0.415182,-0.9298379999999999,MDV,620799
18433000,137,7824,2009,,,-0.415182,-0.9298379999999999,MDV,620811
18439526,137,7825,2009,0.0,7185.0,-0.415182,-0.9298379999999999,MDV,620819
18446052,137,7826,2009,0.0,3698.0,-0.415182,-0.9298379999999999,MDV,620821
18452578,137,7827,2009,,,-0.415182,-0.9298379999999999,MDV,620822
18459104,137,7828,2009,0.0,32667.0,-0.415182,-0.9298379999999999,MDV,620829
18465630,137,7829,2009,0.0,16832.0,-0.415182,-0.9298379999999999,MDV,620891
18472156,137,7830,2009,0.0,1716.0,-0.415182,-0.9298379999999999,MDV,620892
18478682,137,7831,2009,0.0,28010.0,-0.415182,-0.9298379999999999,MDV,620899
18485208,137,7832,2009,,,-0.415182,-0.9298379999999999,MDV,620910
18491734,137,7833,2009,0.0,62240.0,-0.415182,-0.9298379999999999,MDV,620920
18498260,137,7834,2009,0.0,2098.0,-0.415182,-0.9298379999999999,MDV,620930
18504786,137,7835,2009,0.0,13443.0,-0.415182,-0.9298379999999999,MDV,620990
18511312,137,7836,2009,2877.0,18875.0,-0.415182,-0.9298379999999999,MDV,621010
18517838,137,7837,2009,0.0,1193.0,-0.415182,-0.9298379999999999,MDV,621020
18524364,137,7838,2009,,,-0.415182,-0.9298379999999999,MDV,621030
18530890,137,7839,2009,0.0,249521.0,-0.415182,-0.9298379999999999,MDV,621040
18537416,137,7840,2009,0.0,69422.0,-0.415182,-0.9298379999999999,MDV,621050
18543942,137,7841,2009,0.0,125720.0,-0.415182,-0.9298379999999999,MDV,621111
18550468,137,7842,2009,0.0,83380.0,-0.415182,-0.9298379999999999,MDV,621112
18556994,137,7843,2009,,,-0.415182,-0.9298379999999999,MDV,621120
18563520,137,7844,2009,,,-0.415182,-0.9298379999999999,MDV,621131
18570046,137,7845,2009,0.0,28296.0,-0.415182,-0.9298379999999999,MDV,621132
18576572,137,7846,2009,0.0,34544.0,-0.415182,-0.9298379999999999,MDV,621133
18583098,137,7847,2009,0.0,45836.0,-0.415182,-0.9298379999999999,MDV,621139
18589624,137,7848,2009,,,-0.415182,-0.9298379999999999,MDV,621141
18596150,137,7849,2009,0.0,25372.0,-0.415182,-0.9298379999999999,MDV,621142
18602676,137,7850,2009,0.0,49465.0,-0.415182,-0.9298379999999999,MDV,621143
18609202,137,7851,2009,0.0,137830.0,-0.415182,-0.9298379999999999,MDV,621149
18615728,137,7852,2009,0.0,16768.0,-0.415182,-0.9298379999999999,MDV,621210
18622254,137,7853,2009,0.0,3777.0,-0.415182,-0.9298379999999999,MDV,621220
18628780,137,7854,2009,,,-0.415182,-0.9298379999999999,MDV,621230
18635306,137,7855,2009,0.0,17789.0,-0.415182,-0.9298379999999999,MDV,621290
18641832,137,7856,2009,,,-0.415182,-0.9298379999999999,MDV,621310
18648358,137,7857,2009,0.0,11109.0,-0.415182,-0.9298379999999999,MDV,621320
18654884,137,7858,2009,0.0,11704.0,-0.415182,-0.9298379999999999,MDV,621390
18661410,137,7859,2009,0.0,34788.0,-0.415182,-0.9298379999999999,MDV,621410
18667936,137,7860,2009,0.0,11525.0,-0.415182,-0.9298379999999999,MDV,621420
18674462,137,7861,2009,0.0,30232.0,-0.415182,-0.9298379999999999,MDV,621430
18680988,137,7862,2009,0.0,2793.0,-0.415182,-0.9298379999999999,MDV,621440
18687514,137,7863,2009,0.0,80578.0,-0.415182,-0.9298379999999999,MDV,621490
18694040,137,7864,2009,0.0,3207.0,-0.415182,-0.9298379999999999,MDV,621510
18700566,137,7865,2009,0.0,2175.0,-0.415182,-0.9298379999999999,MDV,621520
18707092,137,7866,2009,0.0,18460.0,-0.415182,-0.9298379999999999,MDV,621590
18713618,137,7867,2009,0.0,50315.0,-0.415182,-0.9298379999999999,MDV,621600
18720144,137,7868,2009,0.0,133114.0,-0.415182,-0.9298379999999999,MDV,621710
18726670,137,7869,2009,0.0,22695.0,-0.415182,-0.9298379999999999,MDV,621790
18733196,137,7870,2009,0.0,3169.0,-0.415182,-0.9298379999999999,MDV,630110
18739722,137,7871,2009,0.0,1765.0,-0.415182,-0.9298379999999999,MDV,630120
18746248,137,7872,2009,0.0,65106.0,-0.415182,-0.9298379999999999,MDV,630130
18752774,137,7873,2009,0.0,7229.0,-0.415182,-0.9298379999999999,MDV,630140
18759300,137,7874,2009,0.0,101284.0,-0.415182,-0.9298379999999999,MDV,630190
18765826,137,7875,2009,0.0,147001.0,-0.415182,-0.9298379999999999,MDV,630210
18772352,137,7876,2009,0.0,190730.0,-0.415182,-0.9298379999999999,MDV,630221
18778878,137,7877,2009,0.0,23936.0,-0.415182,-0.9298379999999999,MDV,630222
18785404,137,7878,2009,0.0,77413.0,-0.415182,-0.9298379999999999,MDV,630229
18791930,137,7879,2009,0.0,324088.0,-0.415182,-0.9298379999999999,MDV,630231
18798456,137,7880,2009,0.0,10589.0,-0.415182,-0.9298379999999999,MDV,630232
18804982,137,7881,2009,0.0,240852.0,-0.415182,-0.9298379999999999,MDV,630239
18811508,137,7882,2009,0.0,13400.0,-0.415182,-0.9298379999999999,MDV,630240
18818034,137,7883,2009,0.0,146349.0,-0.415182,-0.9298379999999999,MDV,630251
18824560,137,7884,2009,,,-0.415182,-0.9298379999999999,MDV,630252
18831086,137,7885,2009,0.0,31879.0,-0.415182,-0.9298379999999999,MDV,630253
18837612,137,7886,2009,0.0,91689.0,-0.415182,-0.9298379999999999,MDV,630259
18844138,137,7887,2009,0.0,345392.0,-0.415182,-0.9298379999999999,MDV,630260
18850664,137,7888,2009,0.0,537212.0,-0.415182,-0.9298379999999999,MDV,630291
18857190,137,7889,2009,,,-0.415182,-0.9298379999999999,MDV,630292
18863716,137,7890,2009,,,-0.415182,-0.9298379999999999,MDV,630293
18870242,137,7891,2009,0.0,168169.0,-0.415182,-0.9298379999999999,MDV,630299
18876768,137,7892,2009,,,-0.415182,-0.9298379999999999,MDV,630311
18883294,137,7893,2009,0.0,28449.0,-0.415182,-0.9298379999999999,MDV,630312
18889820,137,7894,2009,0.0,161642.0,-0.415182,-0.9298379999999999,MDV,630319
18896346,137,7895,2009,0.0,132403.0,-0.415182,-0.9298379999999999,MDV,630391
18902872,137,7896,2009,0.0,62857.0,-0.415182,-0.9298379999999999,MDV,630392
18909398,137,7897,2009,0.0,406260.0,-0.415182,-0.9298379999999999,MDV,630399
18915924,137,7898,2009,0.0,177079.0,-0.415182,-0.9298379999999999,MDV,630411
18922450,137,7899,2009,0.0,167824.0,-0.415182,-0.9298379999999999,MDV,630419
18928976,137,7900,2009,0.0,111298.0,-0.415182,-0.9298379999999999,MDV,630491
18935502,137,7901,2009,0.0,169209.0,-0.415182,-0.9298379999999999,MDV,630492
18942028,137,7902,2009,0.0,45674.0,-0.415182,-0.9298379999999999,MDV,630493
18948554,137,7903,2009,0.0,54345.0,-0.415182,-0.9298379999999999,MDV,630499
18955080,137,7904,2009,0.0,52011.0,-0.415182,-0.9298379999999999,MDV,630510
18961606,137,7905,2009,0.0,98573.0,-0.415182,-0.9298379999999999,MDV,630520
18968132,137,7906,2009,0.0,128539.0,-0.415182,-0.9298379999999999,MDV,630531
18974658,137,7907,2009,0.0,37216.0,-0.415182,-0.9298379999999999,MDV,630539
18981184,137,7908,2009,0.0,139271.0,-0.415182,-0.9298379999999999,MDV,630590
18987710,137,7909,2009,,,-0.415182,-0.9298379999999999,MDV,630611
18994236,137,7910,2009,0.0,274462.0,-0.415182,-0.9298379999999999,MDV,630612
19000762,137,7911,2009,0.0,112871.0,-0.415182,-0.9298379999999999,MDV,630619
19007288,137,7912,2009,,,-0.415182,-0.9298379999999999,MDV,630621
19013814,137,7913,2009,0.0,330549.0,-0.415182,-0.9298379999999999,MDV,630622
19020340,137,7914,2009,0.0,61214.0,-0.415182,-0.9298379999999999,MDV,630629
19026866,137,7915,2009,0.0,38207.0,-0.415182,-0.9298379999999999,MDV,630631
19033392,137,7916,2009,,,-0.415182,-0.9298379999999999,MDV,630639
19039918,137,7917,2009,,,-0.415182,-0.9298379999999999,MDV,630641
19046444,137,7918,2009,0.0,91982.0,-0.415182,-0.9298379999999999,MDV,630649
19052970,137,7919,2009,0.0,17875.0,-0.415182,-0.9298379999999999,MDV,630691
19059496,137,7920,2009,0.0,35345.0,-0.415182,-0.9298379999999999,MDV,630699
19066022,137,7921,2009,0.0,83931.0,-0.415182,-0.9298379999999999,MDV,630710
19072548,137,7922,2009,0.0,211696.0,-0.415182,-0.9298379999999999,MDV,630720
19079074,137,7923,2009,2414.0,222816.0,-0.415182,-0.9298379999999999,MDV,630790
19085600,137,7924,2009,0.0,55418.0,-0.415182,-0.9298379999999999,MDV,630800
19092126,137,7925,2009,5432.0,26981.0,-0.415182,-0.9298379999999999,MDV,630900
19098652,137,7926,2009,0.0,2805.0,-0.415182,-0.9298379999999999,MDV,631010
19105178,137,7927,2009,0.0,15494.0,-0.415182,-0.9298379999999999,MDV,631090
19111704,137,7928,2009,0.0,53767.0,-0.415182,-0.9298379999999999,MDV,640110
19118230,137,7929,2009,0.0,20838.0,-0.415182,-0.9298379999999999,MDV,640191
19124756,137,7930,2009,0.0,519050.0,-0.415182,-0.9298379999999999,MDV,640192
19131282,137,7931,2009,0.0,389602.0,-0.415182,-0.9298379999999999,MDV,640199
19137808,137,7932,2009,0.0,9525.0,-0.415182,-0.9298379999999999,MDV,640211
19144334,137,7933,2009,0.0,72147.0,-0.415182,-0.9298379999999999,MDV,640219
19150860,137,7934,2009,0.0,211982.0,-0.415182,-0.9298379999999999,MDV,640220
19157386,137,7935,2009,0.0,27032.0,-0.415182,-0.9298379999999999,MDV,640230
19163912,137,7936,2009,0.0,4240.0,-0.415182,-0.9298379999999999,MDV,640291
19170438,137,7937,2009,0.0,138536.0,-0.415182,-0.9298379999999999,MDV,640299
19176964,137,7938,2009,,,-0.415182,-0.9298379999999999,MDV,640311
19183490,137,7939,2009,0.0,101043.0,-0.415182,-0.9298379999999999,MDV,640319
19190016,137,7940,2009,0.0,32292.0,-0.415182,-0.9298379999999999,MDV,640320
19196542,137,7941,2009,0.0,1090.0,-0.415182,-0.9298379999999999,MDV,640330
19203068,137,7942,2009,0.0,77512.0,-0.415182,-0.9298379999999999,MDV,640340
19209594,137,7943,2009,0.0,17951.0,-0.415182,-0.9298379999999999,MDV,640351
19216120,137,7944,2009,0.0,218392.0,-0.415182,-0.9298379999999999,MDV,640359
19222646,137,7945,2009,2593.0,92767.0,-0.415182,-0.9298379999999999,MDV,640391
19229172,137,7946,2009,11987.0,82181.0,-0.415182,-0.9298379999999999,MDV,640399
19235698,137,7947,2009,0.0,313784.0,-0.415182,-0.9298379999999999,MDV,640411
19242224,137,7948,2009,0.0,213320.0,-0.415182,-0.9298379999999999,MDV,640419
19248750,137,7949,2009,0.0,174325.0,-0.415182,-0.9298379999999999,MDV,640420
19255276,137,7950,2009,0.0,112570.0,-0.415182,-0.9298379999999999,MDV,640510
19261802,137,7951,2009,0.0,37057.0,-0.415182,-0.9298379999999999,MDV,640520
19268328,137,7952,2009,0.0,440201.0,-0.415182,-0.9298379999999999,MDV,640590
19274854,137,7953,2009,0.0,7820.0,-0.415182,-0.9298379999999999,MDV,640610
19281380,137,7954,2009,0.0,25024.0,-0.415182,-0.9298379999999999,MDV,640620
19287906,137,7955,2009,,,-0.415182,-0.9298379999999999,MDV,640691
19294432,137,7956,2009,0.0,6639.0,-0.415182,-0.9298379999999999,MDV,640699
19300958,137,7957,2009,0.0,1627.0,-0.415182,-0.9298379999999999,MDV,650100
19307484,137,7958,2009,,,-0.415182,-0.9298379999999999,MDV,650200
19314010,137,7959,2009,0.0,1105.0,-0.415182,-0.9298379999999999,MDV,650300
19320536,137,7960,2009,0.0,16118.0,-0.415182,-0.9298379999999999,MDV,650400
19327062,137,7961,2009,0.0,4737.0,-0.415182,-0.9298379999999999,MDV,650510
19333588,137,7962,2009,0.0,91589.0,-0.415182,-0.9298379999999999,MDV,650590
19340114,137,7963,2009,0.0,71179.0,-0.415182,-0.9298379999999999,MDV,650610
19346640,137,7964,2009,0.0,33525.0,-0.415182,-0.9298379999999999,MDV,650691
19353166,137,7965,2009,,,-0.415182,-0.9298379999999999,MDV,650692
19359692,137,7966,2009,0.0,93134.0,-0.415182,-0.9298379999999999,MDV,650699
19366218,137,7967,2009,0.0,2162.0,-0.415182,-0.9298379999999999,MDV,650700
19372744,137,7968,2009,0.0,162500.0,-0.415182,-0.9298379999999999,MDV,660110
19379270,137,7969,2009,0.0,27657.0,-0.415182,-0.9298379999999999,MDV,660191
19385796,137,7970,2009,0.0,149857.0,-0.415182,-0.9298379999999999,MDV,660199
19392322,137,7971,2009,0.0,1347.0,-0.415182,-0.9298379999999999,MDV,660200
19398848,137,7972,2009,,,-0.415182,-0.9298379999999999,MDV,660310
19405374,137,7973,2009,0.0,35203.0,-0.415182,-0.9298379999999999,MDV,660320
19411900,137,7974,2009,0.0,38186.0,-0.415182,-0.9298379999999999,MDV,660390
19418426,137,7975,2009,0.0,4370.0,-0.415182,-0.9298379999999999,MDV,670100
19424952,137,7976,2009,0.0,57508.0,-0.415182,-0.9298379999999999,MDV,670210
19431478,137,7977,2009,0.0,11135.0,-0.415182,-0.9298379999999999,MDV,670290
19438004,137,7978,2009,,,-0.415182,-0.9298379999999999,MDV,670300
19444530,137,7979,2009,0.0,7794.0,-0.415182,-0.9298379999999999,MDV,670411
19451056,137,7980,2009,,,-0.415182,-0.9298379999999999,MDV,670419
19457582,137,7981,2009,,,-0.415182,-0.9298379999999999,MDV,670420
19464108,137,7982,2009,0.0,1009.0,-0.415182,-0.9298379999999999,MDV,670490
19470634,137,7983,2009,0.0,14427.0,-0.415182,-0.9298379999999999,MDV,680100
19477160,137,7984,2009,0.0,443862.0,-0.415182,-0.9298379999999999,MDV,680210
19483686,137,7985,2009,0.0,99354.0,-0.415182,-0.9298379999999999,MDV,680221
19490212,137,7986,2009,0.0,72415.0,-0.415182,-0.9298379999999999,MDV,680222
19496738,137,7987,2009,0.0,307842.0,-0.415182,-0.9298379999999999,MDV,680223
19503264,137,7988,2009,0.0,44539.0,-0.415182,-0.9298379999999999,MDV,680229
19509790,137,7989,2009,0.0,87846.0,-0.415182,-0.9298379999999999,MDV,680291
19516316,137,7990,2009,0.0,20276.0,-0.415182,-0.9298379999999999,MDV,680292
19522842,137,7991,2009,0.0,236290.0,-0.415182,-0.9298379999999999,MDV,680293
19529368,137,7992,2009,0.0,237311.0,-0.415182,-0.9298379999999999,MDV,680299
19535894,137,7993,2009,0.0,100686.0,-0.415182,-0.9298379999999999,MDV,680300
19542420,137,7994,2009,,,-0.415182,-0.9298379999999999,MDV,680410
19548946,137,7995,2009,0.0,38606.0,-0.415182,-0.9298379999999999,MDV,680421
19555472,137,7996,2009,0.0,16874.0,-0.415182,-0.9298379999999999,MDV,680422
19561998,137,7997,2009,0.0,3420.0,-0.415182,-0.9298379999999999,MDV,680423
19568524,137,7998,2009,0.0,15148.0,-0.415182,-0.9298379999999999,MDV,680430
19575050,137,7999,2009,0.0,7453.0,-0.415182,-0.9298379999999999,MDV,680510
19581576,137,8000,2009,0.0,50655.0,-0.415182,-0.9298379999999999,MDV,680520
19588102,137,8001,2009,0.0,58469.0,-0.415182,-0.9298379999999999,MDV,680530
19594628,137,8002,2009,0.0,34023.0,-0.415182,-0.9298379999999999,MDV,680610
19601154,137,8003,2009,,,-0.415182,-0.9298379999999999,MDV,680620
19607680,137,8004,2009,0.0,102757.0,-0.415182,-0.9298379999999999,MDV,680690
19614206,137,8005,2009,0.0,31608.0,-0.415182,-0.9298379999999999,MDV,680710
19620732,137,8006,2009,0.0,59861.0,-0.415182,-0.9298379999999999,MDV,680790
19627258,137,8007,2009,0.0,181512.0,-0.415182,-0.9298379999999999,MDV,680800
19633784,137,8008,2009,0.0,371142.0,-0.415182,-0.9298379999999999,MDV,680911
19640310,137,8009,2009,0.0,58771.0,-0.415182,-0.9298379999999999,MDV,680919
19646836,137,8010,2009,0.0,156361.0,-0.415182,-0.9298379999999999,MDV,680990
19653362,137,8011,2009,0.0,151458.0,-0.415182,-0.9298379999999999,MDV,681011
19659888,137,8012,2009,0.0,373629.0,-0.415182,-0.9298379999999999,MDV,681019
19666414,137,8013,2009,,,-0.415182,-0.9298379999999999,MDV,681020
19672940,137,8014,2009,0.0,31811.0,-0.415182,-0.9298379999999999,MDV,681091
19679466,137,8015,2009,0.0,121416.0,-0.415182,-0.9298379999999999,MDV,681099
19685992,137,8016,2009,0.0,10784.0,-0.415182,-0.9298379999999999,MDV,681110
19692518,137,8017,2009,0.0,168249.0,-0.415182,-0.9298379999999999,MDV,681120
19699044,137,8018,2009,,,-0.415182,-0.9298379999999999,MDV,681130
19705570,137,8019,2009,0.0,126092.0,-0.415182,-0.9298379999999999,MDV,681190
19712096,137,8020,2009,,,-0.415182,-0.9298379999999999,MDV,681210
19718622,137,8021,2009,,,-0.415182,-0.9298379999999999,MDV,681220
19725148,137,8022,2009,,,-0.415182,-0.9298379999999999,MDV,681230
19731674,137,8023,2009,,,-0.415182,-0.9298379999999999,MDV,681240
19738200,137,8024,2009,0.0,115815.0,-0.415182,-0.9298379999999999,MDV,681250
19744726,137,8025,2009,0.0,2424.0,-0.415182,-0.9298379999999999,MDV,681260
19751252,137,8026,2009,,,-0.415182,-0.9298379999999999,MDV,681270
19757778,137,8027,2009,0.0,64022.0,-0.415182,-0.9298379999999999,MDV,681290
19764304,137,8028,2009,,,-0.415182,-0.9298379999999999,MDV,681310
19770830,137,8029,2009,,,-0.415182,-0.9298379999999999,MDV,681390
19777356,137,8030,2009,,,-0.415182,-0.9298379999999999,MDV,681410
19783882,137,8031,2009,,,-0.415182,-0.9298379999999999,MDV,681490
19790408,137,8032,2009,0.0,16115.0,-0.415182,-0.9298379999999999,MDV,681510
19796934,137,8033,2009,,,-0.415182,-0.9298379999999999,MDV,681520
19803460,137,8034,2009,,,-0.415182,-0.9298379999999999,MDV,681591
19809986,137,8035,2009,0.0,45924.0,-0.415182,-0.9298379999999999,MDV,681599
19816512,137,8036,2009,0.0,85989.0,-0.415182,-0.9298379999999999,MDV,690100
19823038,137,8037,2009,,,-0.415182,-0.9298379999999999,MDV,690210
19829564,137,8038,2009,0.0,1232.0,-0.415182,-0.9298379999999999,MDV,690220
19836090,137,8039,2009,0.0,8503.0,-0.415182,-0.9298379999999999,MDV,690290
19842616,137,8040,2009,,,-0.415182,-0.9298379999999999,MDV,690310
19849142,137,8041,2009,,,-0.415182,-0.9298379999999999,MDV,690320
19855668,137,8042,2009,0.0,10078.0,-0.415182,-0.9298379999999999,MDV,690390
19862194,137,8043,2009,0.0,13699.0,-0.415182,-0.9298379999999999,MDV,690410
19868720,137,8044,2009,0.0,65621.0,-0.415182,-0.9298379999999999,MDV,690490
19875246,137,8045,2009,0.0,13531.0,-0.415182,-0.9298379999999999,MDV,690510
19881772,137,8046,2009,0.0,7379.0,-0.415182,-0.9298379999999999,MDV,690590
19888298,137,8047,2009,0.0,1030.0,-0.415182,-0.9298379999999999,MDV,690600
19894824,137,8048,2009,0.0,279444.0,-0.415182,-0.9298379999999999,MDV,690710
19901350,137,8049,2009,0.0,1021060.0,-0.415182,-0.9298379999999999,MDV,690790
19907876,137,8050,2009,0.0,1137786.0,-0.415182,-0.9298379999999999,MDV,690810
19914402,137,8051,2009,0.0,2721157.0,-0.415182,-0.9298379999999999,MDV,690890
19920928,137,8052,2009,,,-0.415182,-0.9298379999999999,MDV,690911
19927454,137,8053,2009,0.0,1702.0,-0.415182,-0.9298379999999999,MDV,690919
19933980,137,8054,2009,,,-0.415182,-0.9298379999999999,MDV,690990
19940506,137,8055,2009,0.0,600540.0,-0.415182,-0.9298379999999999,MDV,691010
19947032,137,8056,2009,0.0,794349.0,-0.415182,-0.9298379999999999,MDV,691090
19953558,137,8057,2009,0.0,411953.0,-0.415182,-0.9298379999999999,MDV,691110
19960084,137,8058,2009,0.0,112412.0,-0.415182,-0.9298379999999999,MDV,691190
19966610,137,8059,2009,1292.0,438152.0,-0.415182,-0.9298379999999999,MDV,691200
19973136,137,8060,2009,0.0,88778.0,-0.415182,-0.9298379999999999,MDV,691310
19979662,137,8061,2009,0.0,85877.0,-0.415182,-0.9298379999999999,MDV,691390
19986188,137,8062,2009,0.0,40031.0,-0.415182,-0.9298379999999999,MDV,691410
19992714,137,8063,2009,0.0,98734.0,-0.415182,-0.9298379999999999,MDV,691490
19999240,137,8064,2009,0.0,2243.0,-0.415182,-0.9298379999999999,MDV,700100
20005766,137,8065,2009,,,-0.415182,-0.9298379999999999,MDV,700210
20012292,137,8066,2009,,,-0.415182,-0.9298379999999999,MDV,700220
20018818,137,8067,2009,,,-0.415182,-0.9298379999999999,MDV,700231
20025344,137,8068,2009,0.0,97364.0,-0.415182,-0.9298379999999999,MDV,700232
20031870,137,8069,2009,,,-0.415182,-0.9298379999999999,MDV,700239
20038396,137,8070,2009,0.0,4910.0,-0.415182,-0.9298379999999999,MDV,700311
20044922,137,8071,2009,0.0,7099.0,-0.415182,-0.9298379999999999,MDV,700319
20051448,137,8072,2009,,,-0.415182,-0.9298379999999999,MDV,700320
20057974,137,8073,2009,,,-0.415182,-0.9298379999999999,MDV,700330
20064500,137,8074,2009,,,-0.415182,-0.9298379999999999,MDV,700410
20071026,137,8075,2009,0.0,66271.0,-0.415182,-0.9298379999999999,MDV,700490
20077552,137,8076,2009,0.0,5253.0,-0.415182,-0.9298379999999999,MDV,700510
20084078,137,8077,2009,0.0,207979.0,-0.415182,-0.9298379999999999,MDV,700521
20090604,137,8078,2009,0.0,166580.0,-0.415182,-0.9298379999999999,MDV,700529
20097130,137,8079,2009,0.0,979.0,-0.415182,-0.9298379999999999,MDV,700530
20103656,137,8080,2009,0.0,1497242.0,-0.415182,-0.9298379999999999,MDV,700600
20110182,137,8081,2009,0.0,27557.0,-0.415182,-0.9298379999999999,MDV,700711
20116708,137,8082,2009,0.0,146038.0,-0.415182,-0.9298379999999999,MDV,700719
20123234,137,8083,2009,,,-0.415182,-0.9298379999999999,MDV,700721
20129760,137,8084,2009,0.0,218243.0,-0.415182,-0.9298379999999999,MDV,700729
20136286,137,8085,2009,0.0,55000.0,-0.415182,-0.9298379999999999,MDV,700800
20142812,137,8086,2009,0.0,72033.0,-0.415182,-0.9298379999999999,MDV,700910
20149338,137,8087,2009,0.0,58717.0,-0.415182,-0.9298379999999999,MDV,700991
20155864,137,8088,2009,0.0,200967.0,-0.415182,-0.9298379999999999,MDV,700992
20162390,137,8089,2009,,,-0.415182,-0.9298379999999999,MDV,701010
20168916,137,8090,2009,0.0,102499.0,-0.415182,-0.9298379999999999,MDV,701090
20175442,137,8091,2009,0.0,2002.0,-0.415182,-0.9298379999999999,MDV,701110
20181968,137,8092,2009,0.0,161307.0,-0.415182,-0.9298379999999999,MDV,701120
20188494,137,8093,2009,0.0,4256.0,-0.415182,-0.9298379999999999,MDV,701190
20195020,137,8094,2009,0.0,1643.0,-0.415182,-0.9298379999999999,MDV,701200
20201546,137,8095,2009,0.0,48961.0,-0.415182,-0.9298379999999999,MDV,701310
20208072,137,8096,2009,0.0,17641.0,-0.415182,-0.9298379999999999,MDV,701321
20214598,137,8097,2009,0.0,438714.0,-0.415182,-0.9298379999999999,MDV,701329
20221124,137,8098,2009,0.0,4705.0,-0.415182,-0.9298379999999999,MDV,701331
20227650,137,8099,2009,0.0,24727.0,-0.415182,-0.9298379999999999,MDV,701332
20234176,137,8100,2009,0.0,293253.0,-0.415182,-0.9298379999999999,MDV,701339
20240702,137,8101,2009,0.0,8457.0,-0.415182,-0.9298379999999999,MDV,701391
20247228,137,8102,2009,0.0,313094.0,-0.415182,-0.9298379999999999,MDV,701399
20253754,137,8103,2009,0.0,947.0,-0.415182,-0.9298379999999999,MDV,701400
20260280,137,8104,2009,,,-0.415182,-0.9298379999999999,MDV,701510
20266806,137,8105,2009,0.0,7122.0,-0.415182,-0.9298379999999999,MDV,701590
20273332,137,8106,2009,0.0,120661.0,-0.415182,-0.9298379999999999,MDV,701610
20279858,137,8107,2009,0.0,108632.0,-0.415182,-0.9298379999999999,MDV,701690
20286384,137,8108,2009,,,-0.415182,-0.9298379999999999,MDV,701710
20292910,137,8109,2009,0.0,5739.0,-0.415182,-0.9298379999999999,MDV,701720
20299436,137,8110,2009,0.0,67837.0,-0.415182,-0.9298379999999999,MDV,701790
20305962,137,8111,2009,0.0,24463.0,-0.415182,-0.9298379999999999,MDV,701810
20312488,137,8112,2009,,,-0.415182,-0.9298379999999999,MDV,701820
20319014,137,8113,2009,0.0,254037.0,-0.415182,-0.9298379999999999,MDV,701890
20325540,137,8114,2009,0.0,287434.0,-0.415182,-0.9298379999999999,MDV,701910
20332066,137,8115,2009,0.0,26426.0,-0.415182,-0.9298379999999999,MDV,701920
20338592,137,8116,2009,0.0,226939.0,-0.415182,-0.9298379999999999,MDV,701931
20345118,137,8117,2009,0.0,30146.0,-0.415182,-0.9298379999999999,MDV,701932
20351644,137,8118,2009,0.0,51467.0,-0.415182,-0.9298379999999999,MDV,701939
20358170,137,8119,2009,0.0,189286.0,-0.415182,-0.9298379999999999,MDV,701990
20364696,137,8120,2009,0.0,479683.0,-0.415182,-0.9298379999999999,MDV,702000
20371222,137,8121,2009,0.0,19710.0,-0.415182,-0.9298379999999999,MDV,710110
20377748,137,8122,2009,,,-0.415182,-0.9298379999999999,MDV,710121
20384274,137,8123,2009,0.0,8501.0,-0.415182,-0.9298379999999999,MDV,710122
20390800,137,8124,2009,,,-0.415182,-0.9298379999999999,MDV,710210
20397326,137,8125,2009,,,-0.415182,-0.9298379999999999,MDV,710221
20403852,137,8126,2009,,,-0.415182,-0.9298379999999999,MDV,710229
20410378,137,8127,2009,,,-0.415182,-0.9298379999999999,MDV,710231
20416904,137,8128,2009,0.0,33924.0,-0.415182,-0.9298379999999999,MDV,710239
20423430,137,8129,2009,0.0,4956.0,-0.415182,-0.9298379999999999,MDV,710310
20429956,137,8130,2009,0.0,18963.0,-0.415182,-0.9298379999999999,MDV,710391
20436482,137,8131,2009,0.0,22684.0,-0.415182,-0.9298379999999999,MDV,710399
20443008,137,8132,2009,,,-0.415182,-0.9298379999999999,MDV,710410
20449534,137,8133,2009,,,-0.415182,-0.9298379999999999,MDV,710420
20456060,137,8134,2009,0.0,1910.0,-0.415182,-0.9298379999999999,MDV,710490
20462586,137,8135,2009,,,-0.415182,-0.9298379999999999,MDV,710510
20469112,137,8136,2009,,,-0.415182,-0.9298379999999999,MDV,710590
20475638,137,8137,2009,,,-0.415182,-0.9298379999999999,MDV,710610
20482164,137,8138,2009,,,-0.415182,-0.9298379999999999,MDV,710691
20488690,137,8139,2009,,,-0.415182,-0.9298379999999999,MDV,710692
20495216,137,8140,2009,,,-0.415182,-0.9298379999999999,MDV,710700
20501742,137,8141,2009,,,-0.415182,-0.9298379999999999,MDV,710811
20508268,137,8142,2009,,,-0.415182,-0.9298379999999999,MDV,710812
20514794,137,8143,2009,0.0,28143.0,-0.415182,-0.9298379999999999,MDV,710813
20521320,137,8144,2009,,,-0.415182,-0.9298379999999999,MDV,710900
20527846,137,8145,2009,,,-0.415182,-0.9298379999999999,MDV,711011
20534372,137,8146,2009,,,-0.415182,-0.9298379999999999,MDV,711019
20540898,137,8147,2009,,,-0.415182,-0.9298379999999999,MDV,711021
20547424,137,8148,2009,,,-0.415182,-0.9298379999999999,MDV,711029
20553950,137,8149,2009,,,-0.415182,-0.9298379999999999,MDV,711031
20560476,137,8150,2009,,,-0.415182,-0.9298379999999999,MDV,711039
20567002,137,8151,2009,,,-0.415182,-0.9298379999999999,MDV,711041
20573528,137,8152,2009,,,-0.415182,-0.9298379999999999,MDV,711049
20580054,137,8153,2009,,,-0.415182,-0.9298379999999999,MDV,711100
20586580,137,8154,2009,,,-0.415182,-0.9298379999999999,MDV,711210
20593106,137,8155,2009,,,-0.415182,-0.9298379999999999,MDV,711220
20599632,137,8156,2009,,,-0.415182,-0.9298379999999999,MDV,711290
20606158,137,8157,2009,0.0,105112.0,-0.415182,-0.9298379999999999,MDV,711311
20612684,137,8158,2009,237620.0,1401253.0,-0.415182,-0.9298379999999999,MDV,711319
20619210,137,8159,2009,0.0,20471.0,-0.415182,-0.9298379999999999,MDV,711320
20625736,137,8160,2009,0.0,3978.0,-0.415182,-0.9298379999999999,MDV,711411
20632262,137,8161,2009,0.0,3673.0,-0.415182,-0.9298379999999999,MDV,711419
20638788,137,8162,2009,0.0,4739.0,-0.415182,-0.9298379999999999,MDV,711420
20645314,137,8163,2009,,,-0.415182,-0.9298379999999999,MDV,711510
20651840,137,8164,2009,,,-0.415182,-0.9298379999999999,MDV,711590
20658366,137,8165,2009,0.0,24114.0,-0.415182,-0.9298379999999999,MDV,711610
20664892,137,8166,2009,0.0,274888.0,-0.415182,-0.9298379999999999,MDV,711620
20671418,137,8167,2009,0.0,29233.0,-0.415182,-0.9298379999999999,MDV,711711
20677944,137,8168,2009,0.0,116128.0,-0.415182,-0.9298379999999999,MDV,711719
20684470,137,8169,2009,0.0,85100.0,-0.415182,-0.9298379999999999,MDV,711790
20690996,137,8170,2009,0.0,449448.0,-0.415182,-0.9298379999999999,MDV,711810
20697522,137,8171,2009,,,-0.415182,-0.9298379999999999,MDV,720110
20704048,137,8172,2009,,,-0.415182,-0.9298379999999999,MDV,720120
20710574,137,8173,2009,,,-0.415182,-0.9298379999999999,MDV,720130
20717100,137,8174,2009,,,-0.415182,-0.9298379999999999,MDV,720140
20723626,137,8175,2009,,,-0.415182,-0.9298379999999999,MDV,720211
20730152,137,8176,2009,,,-0.415182,-0.9298379999999999,MDV,720219
20736678,137,8177,2009,,,-0.415182,-0.9298379999999999,MDV,720221
20743204,137,8178,2009,,,-0.415182,-0.9298379999999999,MDV,720229
20749730,137,8179,2009,,,-0.415182,-0.9298379999999999,MDV,720230
20756256,137,8180,2009,,,-0.415182,-0.9298379999999999,MDV,720241
20762782,137,8181,2009,,,-0.415182,-0.9298379999999999,MDV,720249
20769308,137,8182,2009,,,-0.415182,-0.9298379999999999,MDV,720250
20775834,137,8183,2009,,,-0.415182,-0.9298379999999999,MDV,720260
20782360,137,8184,2009,,,-0.415182,-0.9298379999999999,MDV,720270
20788886,137,8185,2009,,,-0.415182,-0.9298379999999999,MDV,720280
20795412,137,8186,2009,,,-0.415182,-0.9298379999999999,MDV,720291
20801938,137,8187,2009,,,-0.415182,-0.9298379999999999,MDV,720292
20808464,137,8188,2009,,,-0.415182,-0.9298379999999999,MDV,720293
20814990,137,8189,2009,,,-0.415182,-0.9298379999999999,MDV,720299
20821516,137,8190,2009,,,-0.415182,-0.9298379999999999,MDV,720310
20828042,137,8191,2009,0.0,9553.0,-0.415182,-0.9298379999999999,MDV,720390
20834568,137,8192,2009,59678.0,0.0,-0.415182,-0.9298379999999999,MDV,720410
20841094,137,8193,2009,3115.0,0.0,-0.415182,-0.9298379999999999,MDV,720421
20847620,137,8194,2009,774108.0,0.0,-0.415182,-0.9298379999999999,MDV,720429
20854146,137,8195,2009,,,-0.415182,-0.9298379999999999,MDV,720430
20860672,137,8196,2009,,,-0.415182,-0.9298379999999999,MDV,720441
20867198,137,8197,2009,863991.0,0.0,-0.415182,-0.9298379999999999,MDV,720449
20873724,137,8198,2009,,,-0.415182,-0.9298379999999999,MDV,720450
20880250,137,8199,2009,,,-0.415182,-0.9298379999999999,MDV,720510
20886776,137,8200,2009,,,-0.415182,-0.9298379999999999,MDV,720521
20893302,137,8201,2009,,,-0.415182,-0.9298379999999999,MDV,720529
20899828,137,8202,2009,,,-0.415182,-0.9298379999999999,MDV,720610
20906354,137,8203,2009,,,-0.415182,-0.9298379999999999,MDV,720690
20912880,137,8204,2009,0.0,988.0,-0.415182,-0.9298379999999999,MDV,720711
20919406,137,8205,2009,,,-0.415182,-0.9298379999999999,MDV,720712
20925932,137,8206,2009,0.0,15932.0,-0.415182,-0.9298379999999999,MDV,720719
20932458,137,8207,2009,0.0,65827.0,-0.415182,-0.9298379999999999,MDV,720720
20938984,137,8208,2009,,,-0.415182,-0.9298379999999999,MDV,720811
20945510,137,8209,2009,,,-0.415182,-0.9298379999999999,MDV,720812
20952036,137,8210,2009,,,-0.415182,-0.9298379999999999,MDV,720813
20958562,137,8211,2009,,,-0.415182,-0.9298379999999999,MDV,720814
20965088,137,8212,2009,,,-0.415182,-0.9298379999999999,MDV,720821
20971614,137,8213,2009,0.0,5999.0,-0.415182,-0.9298379999999999,MDV,720822
20978140,137,8214,2009,0.0,2363.0,-0.415182,-0.9298379999999999,MDV,720823
20984666,137,8215,2009,0.0,48070.0,-0.415182,-0.9298379999999999,MDV,720824
20991192,137,8216,2009,,,-0.415182,-0.9298379999999999,MDV,720831
20997718,137,8217,2009,,,-0.415182,-0.9298379999999999,MDV,720832
21004244,137,8218,2009,,,-0.415182,-0.9298379999999999,MDV,720833
21010770,137,8219,2009,,,-0.415182,-0.9298379999999999,MDV,720834
21017296,137,8220,2009,,,-0.415182,-0.9298379999999999,MDV,720835
21023822,137,8221,2009,,,-0.415182,-0.9298379999999999,MDV,720841
21030348,137,8222,2009,0.0,157621.0,-0.415182,-0.9298379999999999,MDV,720842
21036874,137,8223,2009,0.0,32633.0,-0.415182,-0.9298379999999999,MDV,720843
21043400,137,8224,2009,0.0,5198.0,-0.415182,-0.9298379999999999,MDV,720844
21049926,137,8225,2009,,,-0.415182,-0.9298379999999999,MDV,720845
21056452,137,8226,2009,0.0,1639.0,-0.415182,-0.9298379999999999,MDV,720890
21062978,137,8227,2009,,,-0.415182,-0.9298379999999999,MDV,720911
21069504,137,8228,2009,,,-0.415182,-0.9298379999999999,MDV,720912
21076030,137,8229,2009,,,-0.415182,-0.9298379999999999,MDV,720913
21082556,137,8230,2009,,,-0.415182,-0.9298379999999999,MDV,720914
21089082,137,8231,2009,0.0,25963.0,-0.415182,-0.9298379999999999,MDV,720921
21095608,137,8232,2009,,,-0.415182,-0.9298379999999999,MDV,720922
21102134,137,8233,2009,0.0,18398.0,-0.415182,-0.9298379999999999,MDV,720923
21108660,137,8234,2009,,,-0.415182,-0.9298379999999999,MDV,720924
21115186,137,8235,2009,,,-0.415182,-0.9298379999999999,MDV,720931
21121712,137,8236,2009,,,-0.415182,-0.9298379999999999,MDV,720932
21128238,137,8237,2009,,,-0.415182,-0.9298379999999999,MDV,720933
21134764,137,8238,2009,,,-0.415182,-0.9298379999999999,MDV,720934
21141290,137,8239,2009,,,-0.415182,-0.9298379999999999,MDV,720941
21147816,137,8240,2009,,,-0.415182,-0.9298379999999999,MDV,720942
21154342,137,8241,2009,,,-0.415182,-0.9298379999999999,MDV,720943
21160868,137,8242,2009,,,-0.415182,-0.9298379999999999,MDV,720944
21167394,137,8243,2009,0.0,5973.0,-0.415182,-0.9298379999999999,MDV,720990
21173920,137,8244,2009,,,-0.415182,-0.9298379999999999,MDV,721011
21180446,137,8245,2009,,,-0.415182,-0.9298379999999999,MDV,721012
21186972,137,8246,2009,,,-0.415182,-0.9298379999999999,MDV,721020
21193498,137,8247,2009,,,-0.415182,-0.9298379999999999,MDV,721031
21200024,137,8248,2009,,,-0.415182,-0.9298379999999999,MDV,721039
21206550,137,8249,2009,0.0,112044.0,-0.415182,-0.9298379999999999,MDV,721041
21213076,137,8250,2009,0.0,2984385.0,-0.415182,-0.9298379999999999,MDV,721049
21219602,137,8251,2009,0.0,544959.0,-0.415182,-0.9298379999999999,MDV,721050
21226128,137,8252,2009,0.0,443000.0,-0.415182,-0.9298379999999999,MDV,721060
21232654,137,8253,2009,0.0,1054551.0,-0.415182,-0.9298379999999999,MDV,721070
21239180,137,8254,2009,0.0,121846.0,-0.415182,-0.9298379999999999,MDV,721090
21245706,137,8255,2009,,,-0.415182,-0.9298379999999999,MDV,721111
21252232,137,8256,2009,,,-0.415182,-0.9298379999999999,MDV,721112
21258758,137,8257,2009,,,-0.415182,-0.9298379999999999,MDV,721119
21265284,137,8258,2009,,,-0.415182,-0.9298379999999999,MDV,721121
21271810,137,8259,2009,0.0,12694.0,-0.415182,-0.9298379999999999,MDV,721122
21278336,137,8260,2009,0.0,3673.0,-0.415182,-0.9298379999999999,MDV,721129
21284862,137,8261,2009,,,-0.415182,-0.9298379999999999,MDV,721130
21291388,137,8262,2009,,,-0.415182,-0.9298379999999999,MDV,721141
21297914,137,8263,2009,,,-0.415182,-0.9298379999999999,MDV,721149
21304440,137,8264,2009,,,-0.415182,-0.9298379999999999,MDV,721190
21310966,137,8265,2009,,,-0.415182,-0.9298379999999999,MDV,721210
21317492,137,8266,2009,,,-0.415182,-0.9298379999999999,MDV,721221
21324018,137,8267,2009,,,-0.415182,-0.9298379999999999,MDV,721229
21330544,137,8268,2009,0.0,38054.0,-0.415182,-0.9298379999999999,MDV,721230
21337070,137,8269,2009,,,-0.415182,-0.9298379999999999,MDV,721240
21343596,137,8270,2009,0.0,3883.0,-0.415182,-0.9298379999999999,MDV,721250
21350122,137,8271,2009,,,-0.415182,-0.9298379999999999,MDV,721260
21356648,137,8272,2009,0.0,4009675.0,-0.415182,-0.9298379999999999,MDV,721310
21363174,137,8273,2009,0.0,363718.0,-0.415182,-0.9298379999999999,MDV,721320
21369700,137,8274,2009,0.0,1333.0,-0.415182,-0.9298379999999999,MDV,721331
21376226,137,8275,2009,,,-0.415182,-0.9298379999999999,MDV,721339
21382752,137,8276,2009,,,-0.415182,-0.9298379999999999,MDV,721341
21389278,137,8277,2009,,,-0.415182,-0.9298379999999999,MDV,721349
21395804,137,8278,2009,0.0,498978.0,-0.415182,-0.9298379999999999,MDV,721350
21402330,137,8279,2009,0.0,1182782.0,-0.415182,-0.9298379999999999,MDV,721410
21408856,137,8280,2009,0.0,4373632.0,-0.415182,-0.9298379999999999,MDV,721420
21415382,137,8281,2009,0.0,165249.0,-0.415182,-0.9298379999999999,MDV,721430
21421908,137,8282,2009,0.0,68780.0,-0.415182,-0.9298379999999999,MDV,721440
21428434,137,8283,2009,,,-0.415182,-0.9298379999999999,MDV,721450
21434960,137,8284,2009,,,-0.415182,-0.9298379999999999,MDV,721460
21441486,137,8285,2009,0.0,4807.0,-0.415182,-0.9298379999999999,MDV,721510
21448012,137,8286,2009,0.0,157888.0,-0.415182,-0.9298379999999999,MDV,721520
21454538,137,8287,2009,,,-0.415182,-0.9298379999999999,MDV,721530
21461064,137,8288,2009,,,-0.415182,-0.9298379999999999,MDV,721540
21467590,137,8289,2009,0.0,668242.0,-0.415182,-0.9298379999999999,MDV,721590
21474116,137,8290,2009,0.0,58395.0,-0.415182,-0.9298379999999999,MDV,721610
21480642,137,8291,2009,0.0,25740.0,-0.415182,-0.9298379999999999,MDV,721621
21487168,137,8292,2009,,,-0.415182,-0.9298379999999999,MDV,721622
21493694,137,8293,2009,0.0,29793.0,-0.415182,-0.9298379999999999,MDV,721631
21500220,137,8294,2009,0.0,4809.0,-0.415182,-0.9298379999999999,MDV,721632
21506746,137,8295,2009,0.0,62226.0,-0.415182,-0.9298379999999999,MDV,721633
21513272,137,8296,2009,0.0,76381.0,-0.415182,-0.9298379999999999,MDV,721640
21519798,137,8297,2009,0.0,179923.0,-0.415182,-0.9298379999999999,MDV,721650
21526324,137,8298,2009,0.0,339983.0,-0.415182,-0.9298379999999999,MDV,721660
21532850,137,8299,2009,0.0,144597.0,-0.415182,-0.9298379999999999,MDV,721690
21539376,137,8300,2009,,,-0.415182,-0.9298379999999999,MDV,721711
21545902,137,8301,2009,22352.0,118276.0,-0.415182,-0.9298379999999999,MDV,721712
21552428,137,8302,2009,0.0,44012.0,-0.415182,-0.9298379999999999,MDV,721713
21558954,137,8303,2009,,,-0.415182,-0.9298379999999999,MDV,721719
21565480,137,8304,2009,,,-0.415182,-0.9298379999999999,MDV,721721
21572006,137,8305,2009,,,-0.415182,-0.9298379999999999,MDV,721722
21578532,137,8306,2009,,,-0.415182,-0.9298379999999999,MDV,721723
21585058,137,8307,2009,,,-0.415182,-0.9298379999999999,MDV,721729
21591584,137,8308,2009,,,-0.415182,-0.9298379999999999,MDV,721731
21598110,137,8309,2009,,,-0.415182,-0.9298379999999999,MDV,721732
21604636,137,8310,2009,,,-0.415182,-0.9298379999999999,MDV,721733
21611162,137,8311,2009,0.0,82761.0,-0.415182,-0.9298379999999999,MDV,721739
21617688,137,8312,2009,,,-0.415182,-0.9298379999999999,MDV,721810
21624214,137,8313,2009,0.0,24812.0,-0.415182,-0.9298379999999999,MDV,721890
21630740,137,8314,2009,0.0,25677.0,-0.415182,-0.9298379999999999,MDV,721911
21637266,137,8315,2009,,,-0.415182,-0.9298379999999999,MDV,721912
21643792,137,8316,2009,,,-0.415182,-0.9298379999999999,MDV,721913
21650318,137,8317,2009,,,-0.415182,-0.9298379999999999,MDV,721914
21656844,137,8318,2009,0.0,94757.0,-0.415182,-0.9298379999999999,MDV,721921
21663370,137,8319,2009,,,-0.415182,-0.9298379999999999,MDV,721922
21669896,137,8320,2009,0.0,22552.0,-0.415182,-0.9298379999999999,MDV,721923
21676422,137,8321,2009,0.0,59081.0,-0.415182,-0.9298379999999999,MDV,721924
21682948,137,8322,2009,,,-0.415182,-0.9298379999999999,MDV,721931
21689474,137,8323,2009,0.0,1724.0,-0.415182,-0.9298379999999999,MDV,721932
21696000,137,8324,2009,0.0,9117.0,-0.415182,-0.9298379999999999,MDV,721933
21702526,137,8325,2009,,,-0.415182,-0.9298379999999999,MDV,721934
21709052,137,8326,2009,,,-0.415182,-0.9298379999999999,MDV,721935
21715578,137,8327,2009,0.0,10672.0,-0.415182,-0.9298379999999999,MDV,721990
21722104,137,8328,2009,0.0,1254.0,-0.415182,-0.9298379999999999,MDV,722011
21728630,137,8329,2009,,,-0.415182,-0.9298379999999999,MDV,722012
21735156,137,8330,2009,0.0,1369.0,-0.415182,-0.9298379999999999,MDV,722020
21741682,137,8331,2009,0.0,23241.0,-0.415182,-0.9298379999999999,MDV,722090
21748208,137,8332,2009,0.0,23075.0,-0.415182,-0.9298379999999999,MDV,722100
21754734,137,8333,2009,0.0,9430.0,-0.415182,-0.9298379999999999,MDV,722210
21761260,137,8334,2009,0.0,19160.0,-0.415182,-0.9298379999999999,MDV,722220
21767786,137,8335,2009,0.0,199062.0,-0.415182,-0.9298379999999999,MDV,722230
21774312,137,8336,2009,0.0,238142.0,-0.415182,-0.9298379999999999,MDV,722240
21780838,137,8337,2009,0.0,100516.0,-0.415182,-0.9298379999999999,MDV,722300
21787364,137,8338,2009,0.0,5312.0,-0.415182,-0.9298379999999999,MDV,722410
21793890,137,8339,2009,0.0,235426.0,-0.415182,-0.9298379999999999,MDV,722490
21800416,137,8340,2009,,,-0.415182,-0.9298379999999999,MDV,722510
21806942,137,8341,2009,,,-0.415182,-0.9298379999999999,MDV,722520
21813468,137,8342,2009,,,-0.415182,-0.9298379999999999,MDV,722530
21819994,137,8343,2009,,,-0.415182,-0.9298379999999999,MDV,722540
21826520,137,8344,2009,,,-0.415182,-0.9298379999999999,MDV,722550
21833046,137,8345,2009,,,-0.415182,-0.9298379999999999,MDV,722590
21839572,137,8346,2009,,,-0.415182,-0.9298379999999999,MDV,722610
21846098,137,8347,2009,,,-0.415182,-0.9298379999999999,MDV,722620
21852624,137,8348,2009,,,-0.415182,-0.9298379999999999,MDV,722691
21859150,137,8349,2009,,,-0.415182,-0.9298379999999999,MDV,722692
21865676,137,8350,2009,,,-0.415182,-0.9298379999999999,MDV,722699
21872202,137,8351,2009,,,-0.415182,-0.9298379999999999,MDV,722710
21878728,137,8352,2009,,,-0.415182,-0.9298379999999999,MDV,722720
21885254,137,8353,2009,0.0,356443.0,-0.415182,-0.9298379999999999,MDV,722790
21891780,137,8354,2009,,,-0.415182,-0.9298379999999999,MDV,722810
21898306,137,8355,2009,,,-0.415182,-0.9298379999999999,MDV,722820
21904832,137,8356,2009,,,-0.415182,-0.9298379999999999,MDV,722830
21911358,137,8357,2009,,,-0.415182,-0.9298379999999999,MDV,722840
21917884,137,8358,2009,,,-0.415182,-0.9298379999999999,MDV,722850
21924410,137,8359,2009,0.0,5919.0,-0.415182,-0.9298379999999999,MDV,722860
21930936,137,8360,2009,0.0,4112.0,-0.415182,-0.9298379999999999,MDV,722870
21937462,137,8361,2009,0.0,19909.0,-0.415182,-0.9298379999999999,MDV,722880
21943988,137,8362,2009,,,-0.415182,-0.9298379999999999,MDV,722910
21950514,137,8363,2009,,,-0.415182,-0.9298379999999999,MDV,722920
21957040,137,8364,2009,0.0,52101.0,-0.415182,-0.9298379999999999,MDV,722990
21963566,137,8365,2009,0.0,306146.0,-0.415182,-0.9298379999999999,MDV,730110
21970092,137,8366,2009,0.0,234332.0,-0.415182,-0.9298379999999999,MDV,730120
21976618,137,8367,2009,0.0,31518.0,-0.415182,-0.9298379999999999,MDV,730210
21983144,137,8368,2009,,,-0.415182,-0.9298379999999999,MDV,730220
21989670,137,8369,2009,,,-0.415182,-0.9298379999999999,MDV,730230
21996196,137,8370,2009,0.0,3040.0,-0.415182,-0.9298379999999999,MDV,730240
22002722,137,8371,2009,0.0,11989.0,-0.415182,-0.9298379999999999,MDV,730290
22009248,137,8372,2009,0.0,115371.0,-0.415182,-0.9298379999999999,MDV,730300
22015774,137,8373,2009,7660.0,47350.0,-0.415182,-0.9298379999999999,MDV,730410
22022300,137,8374,2009,0.0,20466.0,-0.415182,-0.9298379999999999,MDV,730420
22028826,137,8375,2009,0.0,123254.0,-0.415182,-0.9298379999999999,MDV,730431
22035352,137,8376,2009,0.0,15155.0,-0.415182,-0.9298379999999999,MDV,730439
22041878,137,8377,2009,0.0,24426.0,-0.415182,-0.9298379999999999,MDV,730441
22048404,137,8378,2009,0.0,27936.0,-0.415182,-0.9298379999999999,MDV,730449
22054930,137,8379,2009,,,-0.415182,-0.9298379999999999,MDV,730451
22061456,137,8380,2009,,,-0.415182,-0.9298379999999999,MDV,730459
22067982,137,8381,2009,0.0,1145469.0,-0.415182,-0.9298379999999999,MDV,730490
22074508,137,8382,2009,0.0,3200.0,-0.415182,-0.9298379999999999,MDV,730511
22081034,137,8383,2009,,,-0.415182,-0.9298379999999999,MDV,730512
22087560,137,8384,2009,0.0,5490.0,-0.415182,-0.9298379999999999,MDV,730519
22094086,137,8385,2009,,,-0.415182,-0.9298379999999999,MDV,730520
22100612,137,8386,2009,0.0,4871.0,-0.415182,-0.9298379999999999,MDV,730531
22107138,137,8387,2009,,,-0.415182,-0.9298379999999999,MDV,730539
22113664,137,8388,2009,0.0,4314.0,-0.415182,-0.9298379999999999,MDV,730590
22120190,137,8389,2009,0.0,129007.0,-0.415182,-0.9298379999999999,MDV,730610
22126716,137,8390,2009,0.0,5195.0,-0.415182,-0.9298379999999999,MDV,730620
22133242,137,8391,2009,0.0,394221.0,-0.415182,-0.9298379999999999,MDV,730630
22139768,137,8392,2009,0.0,142911.0,-0.415182,-0.9298379999999999,MDV,730640
22146294,137,8393,2009,0.0,11176.0,-0.415182,-0.9298379999999999,MDV,730650
22152820,137,8394,2009,0.0,1785.0,-0.415182,-0.9298379999999999,MDV,730660
22159346,137,8395,2009,0.0,488745.0,-0.415182,-0.9298379999999999,MDV,730690
22165872,137,8396,2009,0.0,3913.0,-0.415182,-0.9298379999999999,MDV,730711
22172398,137,8397,2009,0.0,398080.0,-0.415182,-0.9298379999999999,MDV,730719
22178924,137,8398,2009,0.0,21415.0,-0.415182,-0.9298379999999999,MDV,730721
22185450,137,8399,2009,0.0,16118.0,-0.415182,-0.9298379999999999,MDV,730722
22191976,137,8400,2009,0.0,17121.0,-0.415182,-0.9298379999999999,MDV,730723
22198502,137,8401,2009,0.0,161096.0,-0.415182,-0.9298379999999999,MDV,730729
22205028,137,8402,2009,0.0,99104.0,-0.415182,-0.9298379999999999,MDV,730791
22211554,137,8403,2009,0.0,79564.0,-0.415182,-0.9298379999999999,MDV,730792
22218080,137,8404,2009,0.0,1898.0,-0.415182,-0.9298379999999999,MDV,730793
22224606,137,8405,2009,0.0,382463.0,-0.415182,-0.9298379999999999,MDV,730799
22231132,137,8406,2009,0.0,1199.0,-0.415182,-0.9298379999999999,MDV,730810
22237658,137,8407,2009,0.0,341715.0,-0.415182,-0.9298379999999999,MDV,730820
22244184,137,8408,2009,0.0,173237.0,-0.415182,-0.9298379999999999,MDV,730830
22250710,137,8409,2009,0.0,190640.0,-0.415182,-0.9298379999999999,MDV,730840
22257236,137,8410,2009,4384.0,1076219.0,-0.415182,-0.9298379999999999,MDV,730890
22263762,137,8411,2009,0.0,72450.0,-0.415182,-0.9298379999999999,MDV,730900
22270288,137,8412,2009,142437.0,113150.0,-0.415182,-0.9298379999999999,MDV,731010
22276814,137,8413,2009,0.0,81343.0,-0.415182,-0.9298379999999999,MDV,731021
22283340,137,8414,2009,25250.0,146127.0,-0.415182,-0.9298379999999999,MDV,731029
22289866,137,8415,2009,54466.0,332666.0,-0.415182,-0.9298379999999999,MDV,731100
22296392,137,8416,2009,0.0,222447.0,-0.415182,-0.9298379999999999,MDV,731210
22302918,137,8417,2009,0.0,178115.0,-0.415182,-0.9298379999999999,MDV,731290
22309444,137,8418,2009,0.0,75729.0,-0.415182,-0.9298379999999999,MDV,731300
22315970,137,8419,2009,,,-0.415182,-0.9298379999999999,MDV,731411
22322496,137,8420,2009,0.0,4855.0,-0.415182,-0.9298379999999999,MDV,731419
22329022,137,8421,2009,0.0,48338.0,-0.415182,-0.9298379999999999,MDV,731420
22335548,137,8422,2009,0.0,30154.0,-0.415182,-0.9298379999999999,MDV,731430
22342074,137,8423,2009,0.0,52370.0,-0.415182,-0.9298379999999999,MDV,731441
22348600,137,8424,2009,0.0,66347.0,-0.415182,-0.9298379999999999,MDV,731442
22355126,137,8425,2009,0.0,126566.0,-0.415182,-0.9298379999999999,MDV,731449
22361652,137,8426,2009,,,-0.415182,-0.9298379999999999,MDV,731450
22368178,137,8427,2009,0.0,43986.0,-0.415182,-0.9298379999999999,MDV,731511
22374704,137,8428,2009,0.0,20207.0,-0.415182,-0.9298379999999999,MDV,731512
22381230,137,8429,2009,,,-0.415182,-0.9298379999999999,MDV,731519
22387756,137,8430,2009,,,-0.415182,-0.9298379999999999,MDV,731520
22394282,137,8431,2009,0.0,15198.0,-0.415182,-0.9298379999999999,MDV,731581
22400808,137,8432,2009,0.0,6155.0,-0.415182,-0.9298379999999999,MDV,731582
22407334,137,8433,2009,0.0,69477.0,-0.415182,-0.9298379999999999,MDV,731589
22413860,137,8434,2009,0.0,20546.0,-0.415182,-0.9298379999999999,MDV,731590
22420386,137,8435,2009,0.0,38252.0,-0.415182,-0.9298379999999999,MDV,731600
22426912,137,8436,2009,0.0,259981.0,-0.415182,-0.9298379999999999,MDV,731700
22433438,137,8437,2009,0.0,39740.0,-0.415182,-0.9298379999999999,MDV,731811
22439964,137,8438,2009,0.0,126084.0,-0.415182,-0.9298379999999999,MDV,731812
22446490,137,8439,2009,0.0,2436.0,-0.415182,-0.9298379999999999,MDV,731813
22453016,137,8440,2009,0.0,67181.0,-0.415182,-0.9298379999999999,MDV,731814
22459542,137,8441,2009,1454.0,507156.0,-0.415182,-0.9298379999999999,MDV,731815
22466068,137,8442,2009,0.0,91408.0,-0.415182,-0.9298379999999999,MDV,731816
22472594,137,8443,2009,0.0,59394.0,-0.415182,-0.9298379999999999,MDV,731819
22479120,137,8444,2009,0.0,2559.0,-0.415182,-0.9298379999999999,MDV,731821
22485646,137,8445,2009,0.0,53493.0,-0.415182,-0.9298379999999999,MDV,731822
22492172,137,8446,2009,0.0,31185.0,-0.415182,-0.9298379999999999,MDV,731823
22498698,137,8447,2009,0.0,1228.0,-0.415182,-0.9298379999999999,MDV,731824
22505224,137,8448,2009,0.0,62359.0,-0.415182,-0.9298379999999999,MDV,731829
22511750,137,8449,2009,,,-0.415182,-0.9298379999999999,MDV,731910
22518276,137,8450,2009,0.0,17024.0,-0.415182,-0.9298379999999999,MDV,731920
22524802,137,8451,2009,0.0,12246.0,-0.415182,-0.9298379999999999,MDV,731930
22531328,137,8452,2009,0.0,6429.0,-0.415182,-0.9298379999999999,MDV,731990
22537854,137,8453,2009,0.0,4010.0,-0.415182,-0.9298379999999999,MDV,732010
22544380,137,8454,2009,0.0,4380.0,-0.415182,-0.9298379999999999,MDV,732020
22550906,137,8455,2009,0.0,114852.0,-0.415182,-0.9298379999999999,MDV,732090
22557432,137,8456,2009,0.0,225102.0,-0.415182,-0.9298379999999999,MDV,732111
22563958,137,8457,2009,0.0,9433.0,-0.415182,-0.9298379999999999,MDV,732112
22570484,137,8458,2009,0.0,21774.0,-0.415182,-0.9298379999999999,MDV,732113
22577010,137,8459,2009,0.0,77723.0,-0.415182,-0.9298379999999999,MDV,732181
22583536,137,8460,2009,0.0,79476.0,-0.415182,-0.9298379999999999,MDV,732182
22590062,137,8461,2009,0.0,14357.0,-0.415182,-0.9298379999999999,MDV,732183
22596588,137,8462,2009,0.0,38146.0,-0.415182,-0.9298379999999999,MDV,732190
22603114,137,8463,2009,0.0,24515.0,-0.415182,-0.9298379999999999,MDV,732211
22609640,137,8464,2009,0.0,152270.0,-0.415182,-0.9298379999999999,MDV,732219
22616166,137,8465,2009,0.0,63045.0,-0.415182,-0.9298379999999999,MDV,732290
22622692,137,8466,2009,0.0,28051.0,-0.415182,-0.9298379999999999,MDV,732310
22629218,137,8467,2009,0.0,89018.0,-0.415182,-0.9298379999999999,MDV,732391
22635744,137,8468,2009,0.0,9894.0,-0.415182,-0.9298379999999999,MDV,732392
22642270,137,8469,2009,0.0,1057686.0,-0.415182,-0.9298379999999999,MDV,732393
22648796,137,8470,2009,0.0,258989.0,-0.415182,-0.9298379999999999,MDV,732394
22655322,137,8471,2009,0.0,501317.0,-0.415182,-0.9298379999999999,MDV,732399
22661848,137,8472,2009,0.0,129061.0,-0.415182,-0.9298379999999999,MDV,732410
22668374,137,8473,2009,0.0,12487.0,-0.415182,-0.9298379999999999,MDV,732421
22674900,137,8474,2009,0.0,12472.0,-0.415182,-0.9298379999999999,MDV,732429
22681426,137,8475,2009,0.0,513049.0,-0.415182,-0.9298379999999999,MDV,732490
22687952,137,8476,2009,0.0,76116.0,-0.415182,-0.9298379999999999,MDV,732510
22694478,137,8477,2009,,,-0.415182,-0.9298379999999999,MDV,732591
22701004,137,8478,2009,0.0,99253.0,-0.415182,-0.9298379999999999,MDV,732599
22707530,137,8479,2009,0.0,784.0,-0.415182,-0.9298379999999999,MDV,732611
22714056,137,8480,2009,0.0,8759.0,-0.415182,-0.9298379999999999,MDV,732619
22720582,137,8481,2009,0.0,44524.0,-0.415182,-0.9298379999999999,MDV,732620
22727108,137,8482,2009,1494.0,487414.0,-0.415182,-0.9298379999999999,MDV,732690
22733634,137,8483,2009,,,-0.415182,-0.9298379999999999,MDV,740110
22740160,137,8484,2009,,,-0.415182,-0.9298379999999999,MDV,740120
22746686,137,8485,2009,,,-0.415182,-0.9298379999999999,MDV,740200
22753212,137,8486,2009,,,-0.415182,-0.9298379999999999,MDV,740311
22759738,137,8487,2009,,,-0.415182,-0.9298379999999999,MDV,740312
22766264,137,8488,2009,,,-0.415182,-0.9298379999999999,MDV,740313
22772790,137,8489,2009,0.0,935.0,-0.415182,-0.9298379999999999,MDV,740319
22779316,137,8490,2009,0.0,1438.0,-0.415182,-0.9298379999999999,MDV,740321
22785842,137,8491,2009,0.0,17239.0,-0.415182,-0.9298379999999999,MDV,740322
22792368,137,8492,2009,,,-0.415182,-0.9298379999999999,MDV,740323
22798894,137,8493,2009,,,-0.415182,-0.9298379999999999,MDV,740329
22805420,137,8494,2009,334373.0,0.0,-0.415182,-0.9298379999999999,MDV,740400
22811946,137,8495,2009,0.0,13268.0,-0.415182,-0.9298379999999999,MDV,740500
22818472,137,8496,2009,,,-0.415182,-0.9298379999999999,MDV,740610
22824998,137,8497,2009,,,-0.415182,-0.9298379999999999,MDV,740620
22831524,137,8498,2009,0.0,109175.0,-0.415182,-0.9298379999999999,MDV,740710
22838050,137,8499,2009,0.0,53331.0,-0.415182,-0.9298379999999999,MDV,740721
22844576,137,8500,2009,,,-0.415182,-0.9298379999999999,MDV,740722
22851102,137,8501,2009,0.0,7986.0,-0.415182,-0.9298379999999999,MDV,740729
22857628,137,8502,2009,0.0,4428.0,-0.415182,-0.9298379999999999,MDV,740811
22864154,137,8503,2009,0.0,28625.0,-0.415182,-0.9298379999999999,MDV,740819
22870680,137,8504,2009,0.0,1731.0,-0.415182,-0.9298379999999999,MDV,740821
22877206,137,8505,2009,,,-0.415182,-0.9298379999999999,MDV,740822
22883732,137,8506,2009,0.0,2988.0,-0.415182,-0.9298379999999999,MDV,740829
22890258,137,8507,2009,0.0,2222.0,-0.415182,-0.9298379999999999,MDV,740911
22896784,137,8508,2009,0.0,15956.0,-0.415182,-0.9298379999999999,MDV,740919
22903310,137,8509,2009,,,-0.415182,-0.9298379999999999,MDV,740921
22909836,137,8510,2009,0.0,31210.0,-0.415182,-0.9298379999999999,MDV,740929
22916362,137,8511,2009,,,-0.415182,-0.9298379999999999,MDV,740931
22922888,137,8512,2009,0.0,10263.0,-0.415182,-0.9298379999999999,MDV,740939
22929414,137,8513,2009,,,-0.415182,-0.9298379999999999,MDV,740940
22935940,137,8514,2009,,,-0.415182,-0.9298379999999999,MDV,740990
22942466,137,8515,2009,,,-0.415182,-0.9298379999999999,MDV,741011
22948992,137,8516,2009,,,-0.415182,-0.9298379999999999,MDV,741012
22955518,137,8517,2009,,,-0.415182,-0.9298379999999999,MDV,741021
22962044,137,8518,2009,,,-0.415182,-0.9298379999999999,MDV,741022
22968570,137,8519,2009,0.0,73577.0,-0.415182,-0.9298379999999999,MDV,741110
22975096,137,8520,2009,0.0,11693.0,-0.415182,-0.9298379999999999,MDV,741121
22981622,137,8521,2009,,,-0.415182,-0.9298379999999999,MDV,741122
22988148,137,8522,2009,0.0,37595.0,-0.415182,-0.9298379999999999,MDV,741129
22994674,137,8523,2009,0.0,39574.0,-0.415182,-0.9298379999999999,MDV,741210
23001200,137,8524,2009,0.0,118903.0,-0.415182,-0.9298379999999999,MDV,741220
23007726,137,8525,2009,0.0,49824.0,-0.415182,-0.9298379999999999,MDV,741300
23014252,137,8526,2009,,,-0.415182,-0.9298379999999999,MDV,741410
23020778,137,8527,2009,,,-0.415182,-0.9298379999999999,MDV,741490
23027304,137,8528,2009,0.0,14212.0,-0.415182,-0.9298379999999999,MDV,741510
23033830,137,8529,2009,0.0,103529.0,-0.415182,-0.9298379999999999,MDV,741521
23040356,137,8530,2009,0.0,1573.0,-0.415182,-0.9298379999999999,MDV,741529
23046882,137,8531,2009,,,-0.415182,-0.9298379999999999,MDV,741531
23053408,137,8532,2009,0.0,47108.0,-0.415182,-0.9298379999999999,MDV,741532
23059934,137,8533,2009,0.0,5467.0,-0.415182,-0.9298379999999999,MDV,741539
23066460,137,8534,2009,,,-0.415182,-0.9298379999999999,MDV,741600
23072986,137,8535,2009,,,-0.415182,-0.9298379999999999,MDV,741700
23079512,137,8536,2009,0.0,35776.0,-0.415182,-0.9298379999999999,MDV,741810
23086038,137,8537,2009,0.0,123757.0,-0.415182,-0.9298379999999999,MDV,741820
23092564,137,8538,2009,0.0,662.0,-0.415182,-0.9298379999999999,MDV,741910
23099090,137,8539,2009,0.0,1909.0,-0.415182,-0.9298379999999999,MDV,741991
23105616,137,8540,2009,0.0,274450.0,-0.415182,-0.9298379999999999,MDV,741999
23112142,137,8541,2009,,,-0.415182,-0.9298379999999999,MDV,750110
23118668,137,8542,2009,,,-0.415182,-0.9298379999999999,MDV,750120
23125194,137,8543,2009,,,-0.415182,-0.9298379999999999,MDV,750210
23131720,137,8544,2009,,,-0.415182,-0.9298379999999999,MDV,750220
23138246,137,8545,2009,,,-0.415182,-0.9298379999999999,MDV,750300
23144772,137,8546,2009,,,-0.415182,-0.9298379999999999,MDV,750400
23151298,137,8547,2009,,,-0.415182,-0.9298379999999999,MDV,750511
23157824,137,8548,2009,0.0,7877.0,-0.415182,-0.9298379999999999,MDV,750512
23164350,137,8549,2009,,,-0.415182,-0.9298379999999999,MDV,750521
23170876,137,8550,2009,,,-0.415182,-0.9298379999999999,MDV,750522
23177402,137,8551,2009,,,-0.415182,-0.9298379999999999,MDV,750610
23183928,137,8552,2009,,,-0.415182,-0.9298379999999999,MDV,750620
23190454,137,8553,2009,,,-0.415182,-0.9298379999999999,MDV,750711
23196980,137,8554,2009,,,-0.415182,-0.9298379999999999,MDV,750712
23203506,137,8555,2009,,,-0.415182,-0.9298379999999999,MDV,750720
23210032,137,8556,2009,0.0,7020.0,-0.415182,-0.9298379999999999,MDV,750800
23216558,137,8557,2009,0.0,11963.0,-0.415182,-0.9298379999999999,MDV,760110
23223084,137,8558,2009,,,-0.415182,-0.9298379999999999,MDV,760120
23229610,137,8559,2009,88647.0,0.0,-0.415182,-0.9298379999999999,MDV,760200
23236136,137,8560,2009,,,-0.415182,-0.9298379999999999,MDV,760310
23242662,137,8561,2009,,,-0.415182,-0.9298379999999999,MDV,760320
23249188,137,8562,2009,0.0,127120.0,-0.415182,-0.9298379999999999,MDV,760410
23255714,137,8563,2009,0.0,273121.0,-0.415182,-0.9298379999999999,MDV,760421
23262240,137,8564,2009,0.0,340867.0,-0.415182,-0.9298379999999999,MDV,760429
23268766,137,8565,2009,,,-0.415182,-0.9298379999999999,MDV,760511
23275292,137,8566,2009,0.0,7495.0,-0.415182,-0.9298379999999999,MDV,760519
23281818,137,8567,2009,0.0,1735.0,-0.415182,-0.9298379999999999,MDV,760521
23288344,137,8568,2009,,,-0.415182,-0.9298379999999999,MDV,760529
23294870,137,8569,2009,0.0,83547.0,-0.415182,-0.9298379999999999,MDV,760611
23301396,137,8570,2009,0.0,136725.0,-0.415182,-0.9298379999999999,MDV,760612
23307922,137,8571,2009,0.0,564924.0,-0.415182,-0.9298379999999999,MDV,760691
23314448,137,8572,2009,0.0,21242.0,-0.415182,-0.9298379999999999,MDV,760692
23320974,137,8573,2009,0.0,62469.0,-0.415182,-0.9298379999999999,MDV,760711
23327500,137,8574,2009,0.0,44923.0,-0.415182,-0.9298379999999999,MDV,760719
23334026,137,8575,2009,0.0,69432.0,-0.415182,-0.9298379999999999,MDV,760720
23340552,137,8576,2009,0.0,8676.0,-0.415182,-0.9298379999999999,MDV,760810
23347078,137,8577,2009,0.0,50759.0,-0.415182,-0.9298379999999999,MDV,760820
23353604,137,8578,2009,0.0,18560.0,-0.415182,-0.9298379999999999,MDV,760900
23360130,137,8579,2009,0.0,1054752.0,-0.415182,-0.9298379999999999,MDV,761010
23366656,137,8580,2009,0.0,1067963.0,-0.415182,-0.9298379999999999,MDV,761090
23373182,137,8581,2009,0.0,901.0,-0.415182,-0.9298379999999999,MDV,761100
23379708,137,8582,2009,0.0,1757.0,-0.415182,-0.9298379999999999,MDV,761210
23386234,137,8583,2009,2757.0,28288.0,-0.415182,-0.9298379999999999,MDV,761290
23392760,137,8584,2009,0.0,34239.0,-0.415182,-0.9298379999999999,MDV,761300
23399286,137,8585,2009,0.0,35711.0,-0.415182,-0.9298379999999999,MDV,761410
23405812,137,8586,2009,0.0,1633.0,-0.415182,-0.9298379999999999,MDV,761490
23412338,137,8587,2009,0.0,445401.0,-0.415182,-0.9298379999999999,MDV,761510
23418864,137,8588,2009,0.0,151460.0,-0.415182,-0.9298379999999999,MDV,761520
23425390,137,8589,2009,0.0,49350.0,-0.415182,-0.9298379999999999,MDV,761610
23431916,137,8590,2009,1204.0,385310.0,-0.415182,-0.9298379999999999,MDV,761690
23438442,137,8591,2009,0.0,30288.0,-0.415182,-0.9298379999999999,MDV,780110
23444968,137,8592,2009,,,-0.415182,-0.9298379999999999,MDV,780191
23451494,137,8593,2009,0.0,10583.0,-0.415182,-0.9298379999999999,MDV,780199
23458020,137,8594,2009,0.0,8432.0,-0.415182,-0.9298379999999999,MDV,780200
23464546,137,8595,2009,,,-0.415182,-0.9298379999999999,MDV,780300
23471072,137,8596,2009,,,-0.415182,-0.9298379999999999,MDV,780411
23477598,137,8597,2009,0.0,22148.0,-0.415182,-0.9298379999999999,MDV,780419
23484124,137,8598,2009,0.0,905.0,-0.415182,-0.9298379999999999,MDV,780420
23490650,137,8599,2009,,,-0.415182,-0.9298379999999999,MDV,780500
23497176,137,8600,2009,0.0,6328.0,-0.415182,-0.9298379999999999,MDV,780600
23503702,137,8601,2009,,,-0.415182,-0.9298379999999999,MDV,790111
23510228,137,8602,2009,,,-0.415182,-0.9298379999999999,MDV,790112
23516754,137,8603,2009,0.0,24163.0,-0.415182,-0.9298379999999999,MDV,790120
23523280,137,8604,2009,,,-0.415182,-0.9298379999999999,MDV,790200
23529806,137,8605,2009,,,-0.415182,-0.9298379999999999,MDV,790310
23536332,137,8606,2009,,,-0.415182,-0.9298379999999999,MDV,790390
23542858,137,8607,2009,0.0,3972.0,-0.415182,-0.9298379999999999,MDV,790400
23549384,137,8608,2009,0.0,56876.0,-0.415182,-0.9298379999999999,MDV,790500
23555910,137,8609,2009,,,-0.415182,-0.9298379999999999,MDV,790600
23562436,137,8610,2009,,,-0.415182,-0.9298379999999999,MDV,790710
23568962,137,8611,2009,0.0,67935.0,-0.415182,-0.9298379999999999,MDV,790790
23575488,137,8612,2009,,,-0.415182,-0.9298379999999999,MDV,800110
23582014,137,8613,2009,,,-0.415182,-0.9298379999999999,MDV,800120
23588540,137,8614,2009,,,-0.415182,-0.9298379999999999,MDV,800200
23595066,137,8615,2009,,,-0.415182,-0.9298379999999999,MDV,800300
23601592,137,8616,2009,,,-0.415182,-0.9298379999999999,MDV,800400
23608118,137,8617,2009,,,-0.415182,-0.9298379999999999,MDV,800510
23614644,137,8618,2009,,,-0.415182,-0.9298379999999999,MDV,800520
23621170,137,8619,2009,,,-0.415182,-0.9298379999999999,MDV,800600
23627696,137,8620,2009,0.0,13897.0,-0.415182,-0.9298379999999999,MDV,800700
23634222,137,8621,2009,,,-0.415182,-0.9298379999999999,MDV,810110
23640748,137,8622,2009,,,-0.415182,-0.9298379999999999,MDV,810191
23647274,137,8623,2009,,,-0.415182,-0.9298379999999999,MDV,810192
23653800,137,8624,2009,,,-0.415182,-0.9298379999999999,MDV,810193
23660326,137,8625,2009,,,-0.415182,-0.9298379999999999,MDV,810199
23666852,137,8626,2009,,,-0.415182,-0.9298379999999999,MDV,810210
23673378,137,8627,2009,,,-0.415182,-0.9298379999999999,MDV,810291
23679904,137,8628,2009,,,-0.415182,-0.9298379999999999,MDV,810292
23686430,137,8629,2009,,,-0.415182,-0.9298379999999999,MDV,810293
23692956,137,8630,2009,,,-0.415182,-0.9298379999999999,MDV,810299
23699482,137,8631,2009,,,-0.415182,-0.9298379999999999,MDV,810310
23706008,137,8632,2009,,,-0.415182,-0.9298379999999999,MDV,810390
23712534,137,8633,2009,,,-0.415182,-0.9298379999999999,MDV,810411
23719060,137,8634,2009,,,-0.415182,-0.9298379999999999,MDV,810419
23725586,137,8635,2009,,,-0.415182,-0.9298379999999999,MDV,810420
23732112,137,8636,2009,,,-0.415182,-0.9298379999999999,MDV,810430
23738638,137,8637,2009,,,-0.415182,-0.9298379999999999,MDV,810490
23745164,137,8638,2009,,,-0.415182,-0.9298379999999999,MDV,810510
23751690,137,8639,2009,,,-0.415182,-0.9298379999999999,MDV,810590
23758216,137,8640,2009,,,-0.415182,-0.9298379999999999,MDV,810600
23764742,137,8641,2009,,,-0.415182,-0.9298379999999999,MDV,810710
23771268,137,8642,2009,,,-0.415182,-0.9298379999999999,MDV,810790
23777794,137,8643,2009,,,-0.415182,-0.9298379999999999,MDV,810810
23784320,137,8644,2009,0.0,2010.0,-0.415182,-0.9298379999999999,MDV,810890
23790846,137,8645,2009,,,-0.415182,-0.9298379999999999,MDV,810910
23797372,137,8646,2009,,,-0.415182,-0.9298379999999999,MDV,810990
23803898,137,8647,2009,,,-0.415182,-0.9298379999999999,MDV,811000
23810424,137,8648,2009,,,-0.415182,-0.9298379999999999,MDV,811100
23816950,137,8649,2009,,,-0.415182,-0.9298379999999999,MDV,811211
23823476,137,8650,2009,,,-0.415182,-0.9298379999999999,MDV,811219
23830002,137,8651,2009,0.0,14029.0,-0.415182,-0.9298379999999999,MDV,811220
23836528,137,8652,2009,,,-0.415182,-0.9298379999999999,MDV,811230
23843054,137,8653,2009,,,-0.415182,-0.9298379999999999,MDV,811240
23849580,137,8654,2009,,,-0.415182,-0.9298379999999999,MDV,811291
23856106,137,8655,2009,0.0,57916.0,-0.415182,-0.9298379999999999,MDV,811299
23862632,137,8656,2009,,,-0.415182,-0.9298379999999999,MDV,811300
23869158,137,8657,2009,0.0,26112.0,-0.415182,-0.9298379999999999,MDV,820110
23875684,137,8658,2009,0.0,2578.0,-0.415182,-0.9298379999999999,MDV,820120
23882210,137,8659,2009,0.0,17435.0,-0.415182,-0.9298379999999999,MDV,820130
23888736,137,8660,2009,0.0,1113.0,-0.415182,-0.9298379999999999,MDV,820140
23895262,137,8661,2009,,,-0.415182,-0.9298379999999999,MDV,820150
23901788,137,8662,2009,0.0,5892.0,-0.415182,-0.9298379999999999,MDV,820160
23908314,137,8663,2009,0.0,37422.0,-0.415182,-0.9298379999999999,MDV,820190
23914840,137,8664,2009,0.0,92391.0,-0.415182,-0.9298379999999999,MDV,820210
23921366,137,8665,2009,0.0,2681.0,-0.415182,-0.9298379999999999,MDV,820220
23927892,137,8666,2009,0.0,8224.0,-0.415182,-0.9298379999999999,MDV,820231
23934418,137,8667,2009,0.0,22821.0,-0.415182,-0.9298379999999999,MDV,820232
23940944,137,8668,2009,0.0,13706.0,-0.415182,-0.9298379999999999,MDV,820240
23947470,137,8669,2009,0.0,4512.0,-0.415182,-0.9298379999999999,MDV,820291
23953996,137,8670,2009,0.0,18961.0,-0.415182,-0.9298379999999999,MDV,820299
23960522,137,8671,2009,0.0,39403.0,-0.415182,-0.9298379999999999,MDV,820310
23967048,137,8672,2009,0.0,74520.0,-0.415182,-0.9298379999999999,MDV,820320
23973574,137,8673,2009,0.0,11760.0,-0.415182,-0.9298379999999999,MDV,820330
23980100,137,8674,2009,0.0,16895.0,-0.415182,-0.9298379999999999,MDV,820340
23986626,137,8675,2009,0.0,23960.0,-0.415182,-0.9298379999999999,MDV,820411
23993152,137,8676,2009,0.0,45459.0,-0.415182,-0.9298379999999999,MDV,820412
23999678,137,8677,2009,0.0,65945.0,-0.415182,-0.9298379999999999,MDV,820420
24006204,137,8678,2009,0.0,79978.0,-0.415182,-0.9298379999999999,MDV,820510
24012730,137,8679,2009,0.0,14606.0,-0.415182,-0.9298379999999999,MDV,820520
24019256,137,8680,2009,0.0,9264.0,-0.415182,-0.9298379999999999,MDV,820530
24025782,137,8681,2009,0.0,14582.0,-0.415182,-0.9298379999999999,MDV,820540
24032308,137,8682,2009,0.0,230489.0,-0.415182,-0.9298379999999999,MDV,820551
24038834,137,8683,2009,1118.0,158862.0,-0.415182,-0.9298379999999999,MDV,820559
24045360,137,8684,2009,,,-0.415182,-0.9298379999999999,MDV,820560
24051886,137,8685,2009,0.0,42940.0,-0.415182,-0.9298379999999999,MDV,820570
24058412,137,8686,2009,0.0,8578.0,-0.415182,-0.9298379999999999,MDV,820580
24064938,137,8687,2009,0.0,661470.0,-0.415182,-0.9298379999999999,MDV,820590
24071464,137,8688,2009,0.0,52076.0,-0.415182,-0.9298379999999999,MDV,820600
24077990,137,8689,2009,0.0,6265.0,-0.415182,-0.9298379999999999,MDV,820711
24084516,137,8690,2009,0.0,51064.0,-0.415182,-0.9298379999999999,MDV,820712
24091042,137,8691,2009,,,-0.415182,-0.9298379999999999,MDV,820720
24097568,137,8692,2009,0.0,9680.0,-0.415182,-0.9298379999999999,MDV,820730
24104094,137,8693,2009,0.0,5051.0,-0.415182,-0.9298379999999999,MDV,820740
24110620,137,8694,2009,0.0,45379.0,-0.415182,-0.9298379999999999,MDV,820750
24117146,137,8695,2009,,,-0.415182,-0.9298379999999999,MDV,820760
24123672,137,8696,2009,,,-0.415182,-0.9298379999999999,MDV,820770
24130198,137,8697,2009,0.0,3217.0,-0.415182,-0.9298379999999999,MDV,820780
24136724,137,8698,2009,2565.0,287764.0,-0.415182,-0.9298379999999999,MDV,820790
24143250,137,8699,2009,0.0,5017.0,-0.415182,-0.9298379999999999,MDV,820810
24149776,137,8700,2009,0.0,20236.0,-0.415182,-0.9298379999999999,MDV,820820
24156302,137,8701,2009,0.0,30164.0,-0.415182,-0.9298379999999999,MDV,820830
24162828,137,8702,2009,,,-0.415182,-0.9298379999999999,MDV,820840
24169354,137,8703,2009,0.0,61178.0,-0.415182,-0.9298379999999999,MDV,820890
24175880,137,8704,2009,0.0,1082.0,-0.415182,-0.9298379999999999,MDV,820900
24182406,137,8705,2009,0.0,52123.0,-0.415182,-0.9298379999999999,MDV,821000
24188932,137,8706,2009,0.0,64553.0,-0.415182,-0.9298379999999999,MDV,821110
24195458,137,8707,2009,0.0,16549.0,-0.415182,-0.9298379999999999,MDV,821191
24201984,137,8708,2009,0.0,88203.0,-0.415182,-0.9298379999999999,MDV,821192
24208510,137,8709,2009,0.0,53206.0,-0.415182,-0.9298379999999999,MDV,821193
24215036,137,8710,2009,0.0,5045.0,-0.415182,-0.9298379999999999,MDV,821194
24221562,137,8711,2009,0.0,71808.0,-0.415182,-0.9298379999999999,MDV,821210
24228088,137,8712,2009,0.0,134613.0,-0.415182,-0.9298379999999999,MDV,821220
24234614,137,8713,2009,0.0,2030.0,-0.415182,-0.9298379999999999,MDV,821290
24241140,137,8714,2009,0.0,30718.0,-0.415182,-0.9298379999999999,MDV,821300
24247666,137,8715,2009,0.0,31404.0,-0.415182,-0.9298379999999999,MDV,821410
24254192,137,8716,2009,0.0,47239.0,-0.415182,-0.9298379999999999,MDV,821420
24260718,137,8717,2009,0.0,36737.0,-0.415182,-0.9298379999999999,MDV,821490
24267244,137,8718,2009,0.0,6062.0,-0.415182,-0.9298379999999999,MDV,821510
24273770,137,8719,2009,0.0,85720.0,-0.415182,-0.9298379999999999,MDV,821520
24280296,137,8720,2009,0.0,1861.0,-0.415182,-0.9298379999999999,MDV,821591
24286822,137,8721,2009,0.0,223273.0,-0.415182,-0.9298379999999999,MDV,821599
24293348,137,8722,2009,0.0,68540.0,-0.415182,-0.9298379999999999,MDV,830110
24299874,137,8723,2009,0.0,29356.0,-0.415182,-0.9298379999999999,MDV,830120
24306400,137,8724,2009,0.0,131754.0,-0.415182,-0.9298379999999999,MDV,830130
24312926,137,8725,2009,0.0,276058.0,-0.415182,-0.9298379999999999,MDV,830140
24319452,137,8726,2009,0.0,11803.0,-0.415182,-0.9298379999999999,MDV,830150
24325978,137,8727,2009,0.0,154712.0,-0.415182,-0.9298379999999999,MDV,830160
24332504,137,8728,2009,0.0,31572.0,-0.415182,-0.9298379999999999,MDV,830170
24339030,137,8729,2009,0.0,353522.0,-0.415182,-0.9298379999999999,MDV,830210
24345556,137,8730,2009,0.0,22829.0,-0.415182,-0.9298379999999999,MDV,830220
24352082,137,8731,2009,0.0,73448.0,-0.415182,-0.9298379999999999,MDV,830230
24358608,137,8732,2009,8251.0,298173.0,-0.415182,-0.9298379999999999,MDV,830241
24365134,137,8733,2009,0.0,139018.0,-0.415182,-0.9298379999999999,MDV,830242
24371660,137,8734,2009,0.0,192979.0,-0.415182,-0.9298379999999999,MDV,830249
24378186,137,8735,2009,0.0,180165.0,-0.415182,-0.9298379999999999,MDV,830250
24384712,137,8736,2009,0.0,66412.0,-0.415182,-0.9298379999999999,MDV,830260
24391238,137,8737,2009,0.0,141598.0,-0.415182,-0.9298379999999999,MDV,830300
24397764,137,8738,2009,0.0,13228.0,-0.415182,-0.9298379999999999,MDV,830400
24404290,137,8739,2009,0.0,5697.0,-0.415182,-0.9298379999999999,MDV,830510
24410816,137,8740,2009,0.0,22813.0,-0.415182,-0.9298379999999999,MDV,830520
24417342,137,8741,2009,0.0,34770.0,-0.415182,-0.9298379999999999,MDV,830590
24423868,137,8742,2009,0.0,12125.0,-0.415182,-0.9298379999999999,MDV,830610
24430394,137,8743,2009,0.0,14547.0,-0.415182,-0.9298379999999999,MDV,830621
24436920,137,8744,2009,0.0,105760.0,-0.415182,-0.9298379999999999,MDV,830629
24443446,137,8745,2009,0.0,33946.0,-0.415182,-0.9298379999999999,MDV,830630
24449972,137,8746,2009,0.0,14326.0,-0.415182,-0.9298379999999999,MDV,830710
24456498,137,8747,2009,0.0,11496.0,-0.415182,-0.9298379999999999,MDV,830790
24463024,137,8748,2009,0.0,52839.0,-0.415182,-0.9298379999999999,MDV,830810
24469550,137,8749,2009,,,-0.415182,-0.9298379999999999,MDV,830820
24476076,137,8750,2009,0.0,11536.0,-0.415182,-0.9298379999999999,MDV,830890
24482602,137,8751,2009,,,-0.415182,-0.9298379999999999,MDV,830910
24489128,137,8752,2009,0.0,94508.0,-0.415182,-0.9298379999999999,MDV,830990
24495654,137,8753,2009,0.0,31790.0,-0.415182,-0.9298379999999999,MDV,831000
24502180,137,8754,2009,0.0,77379.0,-0.415182,-0.9298379999999999,MDV,831110
24508706,137,8755,2009,0.0,15656.0,-0.415182,-0.9298379999999999,MDV,831120
24515232,137,8756,2009,0.0,62123.0,-0.415182,-0.9298379999999999,MDV,831130
24521758,137,8757,2009,0.0,22288.0,-0.415182,-0.9298379999999999,MDV,831190
24528284,137,8758,2009,,,-0.415182,-0.9298379999999999,MDV,840110
24534810,137,8759,2009,,,-0.415182,-0.9298379999999999,MDV,840120
24541336,137,8760,2009,,,-0.415182,-0.9298379999999999,MDV,840130
24547862,137,8761,2009,,,-0.415182,-0.9298379999999999,MDV,840140
24554388,137,8762,2009,0.0,189234.0,-0.415182,-0.9298379999999999,MDV,840211
24560914,137,8763,2009,0.0,18397.0,-0.415182,-0.9298379999999999,MDV,840212
24567440,137,8764,2009,0.0,93034.0,-0.415182,-0.9298379999999999,MDV,840219
24573966,137,8765,2009,,,-0.415182,-0.9298379999999999,MDV,840220
24580492,137,8766,2009,0.0,25429.0,-0.415182,-0.9298379999999999,MDV,840290
24587018,137,8767,2009,0.0,8840.0,-0.415182,-0.9298379999999999,MDV,840310
24593544,137,8768,2009,0.0,8313.0,-0.415182,-0.9298379999999999,MDV,840390
24600070,137,8769,2009,,,-0.415182,-0.9298379999999999,MDV,840410
24606596,137,8770,2009,0.0,3946.0,-0.415182,-0.9298379999999999,MDV,840420
24613122,137,8771,2009,0.0,21846.0,-0.415182,-0.9298379999999999,MDV,840490
24619648,137,8772,2009,0.0,78226.0,-0.415182,-0.9298379999999999,MDV,840510
24626174,137,8773,2009,0.0,7569.0,-0.415182,-0.9298379999999999,MDV,840590
24632700,137,8774,2009,,,-0.415182,-0.9298379999999999,MDV,840611
24639226,137,8775,2009,,,-0.415182,-0.9298379999999999,MDV,840619
24645752,137,8776,2009,0.0,4416.0,-0.415182,-0.9298379999999999,MDV,840690
24652278,137,8777,2009,538553.0,3915086.0,-0.415182,-0.9298379999999999,MDV,840710
24658804,137,8778,2009,0.0,1279852.0,-0.415182,-0.9298379999999999,MDV,840721
24665330,137,8779,2009,0.0,43902.0,-0.415182,-0.9298379999999999,MDV,840729
24671856,137,8780,2009,0.0,16411.0,-0.415182,-0.9298379999999999,MDV,840731
24678382,137,8781,2009,0.0,24052.0,-0.415182,-0.9298379999999999,MDV,840732
24684908,137,8782,2009,,,-0.415182,-0.9298379999999999,MDV,840733
24691434,137,8783,2009,0.0,1286.0,-0.415182,-0.9298379999999999,MDV,840734
24697960,137,8784,2009,0.0,22937.0,-0.415182,-0.9298379999999999,MDV,840790
24704486,137,8785,2009,0.0,1163929.0,-0.415182,-0.9298379999999999,MDV,840810
24711012,137,8786,2009,0.0,16742.0,-0.415182,-0.9298379999999999,MDV,840820
24717538,137,8787,2009,0.0,210576.0,-0.415182,-0.9298379999999999,MDV,840890
24724064,137,8788,2009,0.0,978074.0,-0.415182,-0.9298379999999999,MDV,840910
24730590,137,8789,2009,80476.0,1223065.0,-0.415182,-0.9298379999999999,MDV,840991
24737116,137,8790,2009,1811.0,4413624.0,-0.415182,-0.9298379999999999,MDV,840999
24743642,137,8791,2009,,,-0.415182,-0.9298379999999999,MDV,841011
24750168,137,8792,2009,,,-0.415182,-0.9298379999999999,MDV,841012
24756694,137,8793,2009,,,-0.415182,-0.9298379999999999,MDV,841013
24763220,137,8794,2009,0.0,108733.0,-0.415182,-0.9298379999999999,MDV,841090
24769746,137,8795,2009,,,-0.415182,-0.9298379999999999,MDV,841111
24776272,137,8796,2009,40670.0,0.0,-0.415182,-0.9298379999999999,MDV,841112
24782798,137,8797,2009,35786.0,263329.0,-0.415182,-0.9298379999999999,MDV,841121
24789324,137,8798,2009,878034.0,2214606.0,-0.415182,-0.9298379999999999,MDV,841122
24795850,137,8799,2009,0.0,99179.0,-0.415182,-0.9298379999999999,MDV,841181
24802376,137,8800,2009,0.0,475725.0,-0.415182,-0.9298379999999999,MDV,841182
24808902,137,8801,2009,1012.0,526802.0,-0.415182,-0.9298379999999999,MDV,841191
24815428,137,8802,2009,0.0,17185.0,-0.415182,-0.9298379999999999,MDV,841199
24821954,137,8803,2009,,,-0.415182,-0.9298379999999999,MDV,841210
24828480,137,8804,2009,1581.0,150648.0,-0.415182,-0.9298379999999999,MDV,841221
24835006,137,8805,2009,0.0,22206.0,-0.415182,-0.9298379999999999,MDV,841229
24841532,137,8806,2009,,,-0.415182,-0.9298379999999999,MDV,841231
24848058,137,8807,2009,,,-0.415182,-0.9298379999999999,MDV,841239
24854584,137,8808,2009,0.0,189400.0,-0.415182,-0.9298379999999999,MDV,841280
24861110,137,8809,2009,0.0,263369.0,-0.415182,-0.9298379999999999,MDV,841290
24867636,137,8810,2009,0.0,120327.0,-0.415182,-0.9298379999999999,MDV,841311
24874162,137,8811,2009,0.0,145968.0,-0.415182,-0.9298379999999999,MDV,841319
24880688,137,8812,2009,0.0,202198.0,-0.415182,-0.9298379999999999,MDV,841320
24887214,137,8813,2009,4451.0,164992.0,-0.415182,-0.9298379999999999,MDV,841330
24893740,137,8814,2009,0.0,6074.0,-0.415182,-0.9298379999999999,MDV,841340
24900266,137,8815,2009,0.0,69101.0,-0.415182,-0.9298379999999999,MDV,841350
24906792,137,8816,2009,0.0,157255.0,-0.415182,-0.9298379999999999,MDV,841360
24913318,137,8817,2009,6141.0,1065335.0,-0.415182,-0.9298379999999999,MDV,841370
24919844,137,8818,2009,9372.0,1462673.0,-0.415182,-0.9298379999999999,MDV,841381
24926370,137,8819,2009,0.0,20120.0,-0.415182,-0.9298379999999999,MDV,841382
24932896,137,8820,2009,9222.0,986729.0,-0.415182,-0.9298379999999999,MDV,841391
24939422,137,8821,2009,0.0,39700.0,-0.415182,-0.9298379999999999,MDV,841392
24945948,137,8822,2009,0.0,55626.0,-0.415182,-0.9298379999999999,MDV,841410
24952474,137,8823,2009,0.0,68359.0,-0.415182,-0.9298379999999999,MDV,841420
24959000,137,8824,2009,0.0,372044.0,-0.415182,-0.9298379999999999,MDV,841430
24965526,137,8825,2009,0.0,69717.0,-0.415182,-0.9298379999999999,MDV,841440
24972052,137,8826,2009,0.0,1140790.0,-0.415182,-0.9298379999999999,MDV,841451
24978578,137,8827,2009,0.0,421977.0,-0.415182,-0.9298379999999999,MDV,841459
24985104,137,8828,2009,0.0,100256.0,-0.415182,-0.9298379999999999,MDV,841460
24991630,137,8829,2009,8399.0,641490.0,-0.415182,-0.9298379999999999,MDV,841480
24998156,137,8830,2009,0.0,787206.0,-0.415182,-0.9298379999999999,MDV,841490
25004682,137,8831,2009,0.0,3376613.0,-0.415182,-0.9298379999999999,MDV,841510
25011208,137,8832,2009,0.0,287053.0,-0.415182,-0.9298379999999999,MDV,841581
25017734,137,8833,2009,0.0,1189171.0,-0.415182,-0.9298379999999999,MDV,841582
25024260,137,8834,2009,0.0,109864.0,-0.415182,-0.9298379999999999,MDV,841583
25030786,137,8835,2009,13236.0,1102310.0,-0.415182,-0.9298379999999999,MDV,841590
25037312,137,8836,2009,0.0,2779.0,-0.415182,-0.9298379999999999,MDV,841610
25043838,137,8837,2009,0.0,70373.0,-0.415182,-0.9298379999999999,MDV,841620
25050364,137,8838,2009,,,-0.415182,-0.9298379999999999,MDV,841630
25056890,137,8839,2009,0.0,8358.0,-0.415182,-0.9298379999999999,MDV,841690
25063416,137,8840,2009,,,-0.415182,-0.9298379999999999,MDV,841710
25069942,137,8841,2009,0.0,110778.0,-0.415182,-0.9298379999999999,MDV,841720
25076468,137,8842,2009,0.0,38559.0,-0.415182,-0.9298379999999999,MDV,841780
25082994,137,8843,2009,0.0,19859.0,-0.415182,-0.9298379999999999,MDV,841790
25089520,137,8844,2009,0.0,584404.0,-0.415182,-0.9298379999999999,MDV,841810
25096046,137,8845,2009,0.0,615844.0,-0.415182,-0.9298379999999999,MDV,841821
25102572,137,8846,2009,,,-0.415182,-0.9298379999999999,MDV,841822
25109098,137,8847,2009,0.0,182088.0,-0.415182,-0.9298379999999999,MDV,841829
25115624,137,8848,2009,7775.0,163043.0,-0.415182,-0.9298379999999999,MDV,841830
25122150,137,8849,2009,0.0,96522.0,-0.415182,-0.9298379999999999,MDV,841840
25128676,137,8850,2009,0.0,652170.0,-0.415182,-0.9298379999999999,MDV,841850
25135202,137,8851,2009,0.0,163399.0,-0.415182,-0.9298379999999999,MDV,841861
25141728,137,8852,2009,0.0,596841.0,-0.415182,-0.9298379999999999,MDV,841869
25148254,137,8853,2009,0.0,157976.0,-0.415182,-0.9298379999999999,MDV,841891
25154780,137,8854,2009,0.0,671514.0,-0.415182,-0.9298379999999999,MDV,841899
25161306,137,8855,2009,0.0,9851.0,-0.415182,-0.9298379999999999,MDV,841911
25167832,137,8856,2009,0.0,37910.0,-0.415182,-0.9298379999999999,MDV,841919
25174358,137,8857,2009,0.0,8825.0,-0.415182,-0.9298379999999999,MDV,841920
25180884,137,8858,2009,,,-0.415182,-0.9298379999999999,MDV,841931
25187410,137,8859,2009,,,-0.415182,-0.9298379999999999,MDV,841932
25193936,137,8860,2009,0.0,33619.0,-0.415182,-0.9298379999999999,MDV,841939
25200462,137,8861,2009,0.0,8084.0,-0.415182,-0.9298379999999999,MDV,841940
25206988,137,8862,2009,0.0,126571.0,-0.415182,-0.9298379999999999,MDV,841950
25213514,137,8863,2009,,,-0.415182,-0.9298379999999999,MDV,841960
25220040,137,8864,2009,0.0,530386.0,-0.415182,-0.9298379999999999,MDV,841981
25226566,137,8865,2009,9608.0,154174.0,-0.415182,-0.9298379999999999,MDV,841989
25233092,137,8866,2009,0.0,381923.0,-0.415182,-0.9298379999999999,MDV,841990
25239618,137,8867,2009,0.0,4589.0,-0.415182,-0.9298379999999999,MDV,842010
25246144,137,8868,2009,0.0,3744.0,-0.415182,-0.9298379999999999,MDV,842091
25252670,137,8869,2009,0.0,209726.0,-0.415182,-0.9298379999999999,MDV,842099
25259196,137,8870,2009,,,-0.415182,-0.9298379999999999,MDV,842111
25265722,137,8871,2009,0.0,28603.0,-0.415182,-0.9298379999999999,MDV,842112
25272248,137,8872,2009,28811.0,96890.0,-0.415182,-0.9298379999999999,MDV,842119
25278774,137,8873,2009,0.0,2606244.0,-0.415182,-0.9298379999999999,MDV,842121
25285300,137,8874,2009,0.0,46025.0,-0.415182,-0.9298379999999999,MDV,842122
25291826,137,8875,2009,0.0,383999.0,-0.415182,-0.9298379999999999,MDV,842123
25298352,137,8876,2009,0.0,223609.0,-0.415182,-0.9298379999999999,MDV,842129
25304878,137,8877,2009,0.0,129434.0,-0.415182,-0.9298379999999999,MDV,842131
25311404,137,8878,2009,0.0,126831.0,-0.415182,-0.9298379999999999,MDV,842139
25317930,137,8879,2009,0.0,66228.0,-0.415182,-0.9298379999999999,MDV,842191
25324456,137,8880,2009,0.0,779152.0,-0.415182,-0.9298379999999999,MDV,842199
25330982,137,8881,2009,0.0,69047.0,-0.415182,-0.9298379999999999,MDV,842211
25337508,137,8882,2009,0.0,76390.0,-0.415182,-0.9298379999999999,MDV,842219
25344034,137,8883,2009,0.0,77431.0,-0.415182,-0.9298379999999999,MDV,842220
25350560,137,8884,2009,0.0,97862.0,-0.415182,-0.9298379999999999,MDV,842230
25357086,137,8885,2009,0.0,72630.0,-0.415182,-0.9298379999999999,MDV,842240
25363612,137,8886,2009,0.0,123915.0,-0.415182,-0.9298379999999999,MDV,842290
25370138,137,8887,2009,0.0,32960.0,-0.415182,-0.9298379999999999,MDV,842310
25376664,137,8888,2009,0.0,38435.0,-0.415182,-0.9298379999999999,MDV,842320
25383190,137,8889,2009,0.0,17917.0,-0.415182,-0.9298379999999999,MDV,842330
25389716,137,8890,2009,0.0,4805.0,-0.415182,-0.9298379999999999,MDV,842381
25396242,137,8891,2009,0.0,10474.0,-0.415182,-0.9298379999999999,MDV,842382
25402768,137,8892,2009,0.0,14415.0,-0.415182,-0.9298379999999999,MDV,842389
25409294,137,8893,2009,0.0,5205.0,-0.415182,-0.9298379999999999,MDV,842390
25415820,137,8894,2009,0.0,167827.0,-0.415182,-0.9298379999999999,MDV,842410
25422346,137,8895,2009,0.0,71412.0,-0.415182,-0.9298379999999999,MDV,842420
25428872,137,8896,2009,0.0,81854.0,-0.415182,-0.9298379999999999,MDV,842430
25435398,137,8897,2009,0.0,259947.0,-0.415182,-0.9298379999999999,MDV,842481
25441924,137,8898,2009,0.0,158364.0,-0.415182,-0.9298379999999999,MDV,842489
25448450,137,8899,2009,51121.0,234070.0,-0.415182,-0.9298379999999999,MDV,842490
25454976,137,8900,2009,0.0,22540.0,-0.415182,-0.9298379999999999,MDV,842511
25461502,137,8901,2009,0.0,22042.0,-0.415182,-0.9298379999999999,MDV,842519
25468028,137,8902,2009,,,-0.415182,-0.9298379999999999,MDV,842520
25474554,137,8903,2009,0.0,42220.0,-0.415182,-0.9298379999999999,MDV,842531
25481080,137,8904,2009,2880.0,42142.0,-0.415182,-0.9298379999999999,MDV,842539
25487606,137,8905,2009,,,-0.415182,-0.9298379999999999,MDV,842541
25494132,137,8906,2009,0.0,40708.0,-0.415182,-0.9298379999999999,MDV,842542
25500658,137,8907,2009,0.0,8618.0,-0.415182,-0.9298379999999999,MDV,842549
25507184,137,8908,2009,,,-0.415182,-0.9298379999999999,MDV,842611
25513710,137,8909,2009,0.0,622138.0,-0.415182,-0.9298379999999999,MDV,842612
25520236,137,8910,2009,0.0,1587078.0,-0.415182,-0.9298379999999999,MDV,842619
25526762,137,8911,2009,0.0,7580.0,-0.415182,-0.9298379999999999,MDV,842620
25533288,137,8912,2009,,,-0.415182,-0.9298379999999999,MDV,842630
25539814,137,8913,2009,0.0,1359846.0,-0.415182,-0.9298379999999999,MDV,842641
25546340,137,8914,2009,85337.0,384814.0,-0.415182,-0.9298379999999999,MDV,842649
25552866,137,8915,2009,,,-0.415182,-0.9298379999999999,MDV,842691
25559392,137,8916,2009,0.0,37461.0,-0.415182,-0.9298379999999999,MDV,842699
25565918,137,8917,2009,0.0,8088.0,-0.415182,-0.9298379999999999,MDV,842710
25572444,137,8918,2009,0.0,78721.0,-0.415182,-0.9298379999999999,MDV,842720
25578970,137,8919,2009,0.0,61883.0,-0.415182,-0.9298379999999999,MDV,842790
25585496,137,8920,2009,0.0,920575.0,-0.415182,-0.9298379999999999,MDV,842810
25592022,137,8921,2009,0.0,5196.0,-0.415182,-0.9298379999999999,MDV,842820
25598548,137,8922,2009,0.0,1351.0,-0.415182,-0.9298379999999999,MDV,842831
25605074,137,8923,2009,,,-0.415182,-0.9298379999999999,MDV,842832
25611600,137,8924,2009,0.0,28336.0,-0.415182,-0.9298379999999999,MDV,842833
25618126,137,8925,2009,0.0,310169.0,-0.415182,-0.9298379999999999,MDV,842839
25624652,137,8926,2009,,,-0.415182,-0.9298379999999999,MDV,842840
25631178,137,8927,2009,,,-0.415182,-0.9298379999999999,MDV,842850
25637704,137,8928,2009,,,-0.415182,-0.9298379999999999,MDV,842860
25644230,137,8929,2009,0.0,24229.0,-0.415182,-0.9298379999999999,MDV,842890
25650756,137,8930,2009,,,-0.415182,-0.9298379999999999,MDV,842911
25657282,137,8931,2009,,,-0.415182,-0.9298379999999999,MDV,842919
25663808,137,8932,2009,18546.0,972.0,-0.415182,-0.9298379999999999,MDV,842920
25670334,137,8933,2009,,,-0.415182,-0.9298379999999999,MDV,842930
25676860,137,8934,2009,0.0,40979.0,-0.415182,-0.9298379999999999,MDV,842940
25683386,137,8935,2009,0.0,24826.0,-0.415182,-0.9298379999999999,MDV,842951
25689912,137,8936,2009,0.0,1239002.0,-0.415182,-0.9298379999999999,MDV,842952
25696438,137,8937,2009,50102.0,630479.0,-0.415182,-0.9298379999999999,MDV,842959
25702964,137,8938,2009,0.0,2350.0,-0.415182,-0.9298379999999999,MDV,843010
25709490,137,8939,2009,,,-0.415182,-0.9298379999999999,MDV,843020
25716016,137,8940,2009,,,-0.415182,-0.9298379999999999,MDV,843031
25722542,137,8941,2009,,,-0.415182,-0.9298379999999999,MDV,843039
25729068,137,8942,2009,0.0,17195.0,-0.415182,-0.9298379999999999,MDV,843041
25735594,137,8943,2009,,,-0.415182,-0.9298379999999999,MDV,843049
25742120,137,8944,2009,0.0,152702.0,-0.415182,-0.9298379999999999,MDV,843050
25748646,137,8945,2009,0.0,10608.0,-0.415182,-0.9298379999999999,MDV,843061
25755172,137,8946,2009,,,-0.415182,-0.9298379999999999,MDV,843062
25761698,137,8947,2009,0.0,944.0,-0.415182,-0.9298379999999999,MDV,843069
25768224,137,8948,2009,0.0,24549.0,-0.415182,-0.9298379999999999,MDV,843110
25774750,137,8949,2009,6988.0,101116.0,-0.415182,-0.9298379999999999,MDV,843120
25781276,137,8950,2009,0.0,83574.0,-0.415182,-0.9298379999999999,MDV,843131
25787802,137,8951,2009,0.0,254404.0,-0.415182,-0.9298379999999999,MDV,843139
25794328,137,8952,2009,0.0,31790.0,-0.415182,-0.9298379999999999,MDV,843141
25800854,137,8953,2009,0.0,90824.0,-0.415182,-0.9298379999999999,MDV,843142
25807380,137,8954,2009,0.0,30083.0,-0.415182,-0.9298379999999999,MDV,843143
25813906,137,8955,2009,20665.0,559072.0,-0.415182,-0.9298379999999999,MDV,843149
25820432,137,8956,2009,,,-0.415182,-0.9298379999999999,MDV,843210
25826958,137,8957,2009,,,-0.415182,-0.9298379999999999,MDV,843221
25833484,137,8958,2009,,,-0.415182,-0.9298379999999999,MDV,843229
25840010,137,8959,2009,,,-0.415182,-0.9298379999999999,MDV,843230
25846536,137,8960,2009,,,-0.415182,-0.9298379999999999,MDV,843240
25853062,137,8961,2009,0.0,13830.0,-0.415182,-0.9298379999999999,MDV,843280
25859588,137,8962,2009,0.0,1004.0,-0.415182,-0.9298379999999999,MDV,843290
25866114,137,8963,2009,0.0,2860.0,-0.415182,-0.9298379999999999,MDV,843311
25872640,137,8964,2009,0.0,12464.0,-0.415182,-0.9298379999999999,MDV,843319
25879166,137,8965,2009,,,-0.415182,-0.9298379999999999,MDV,843320
25885692,137,8966,2009,,,-0.415182,-0.9298379999999999,MDV,843330
25892218,137,8967,2009,0.0,1754.0,-0.415182,-0.9298379999999999,MDV,843340
25898744,137,8968,2009,,,-0.415182,-0.9298379999999999,MDV,843351
25905270,137,8969,2009,,,-0.415182,-0.9298379999999999,MDV,843352
25911796,137,8970,2009,,,-0.415182,-0.9298379999999999,MDV,843353
25918322,137,8971,2009,,,-0.415182,-0.9298379999999999,MDV,843359
25924848,137,8972,2009,,,-0.415182,-0.9298379999999999,MDV,843360
25931374,137,8973,2009,0.0,17801.0,-0.415182,-0.9298379999999999,MDV,843390
25937900,137,8974,2009,,,-0.415182,-0.9298379999999999,MDV,843410
25944426,137,8975,2009,,,-0.415182,-0.9298379999999999,MDV,843420
25950952,137,8976,2009,,,-0.415182,-0.9298379999999999,MDV,843490
25957478,137,8977,2009,0.0,30907.0,-0.415182,-0.9298379999999999,MDV,843510
25964004,137,8978,2009,0.0,3886.0,-0.415182,-0.9298379999999999,MDV,843590
25970530,137,8979,2009,,,-0.415182,-0.9298379999999999,MDV,843610
25977056,137,8980,2009,0.0,6094.0,-0.415182,-0.9298379999999999,MDV,843621
25983582,137,8981,2009,0.0,9877.0,-0.415182,-0.9298379999999999,MDV,843629
25990108,137,8982,2009,0.0,28991.0,-0.415182,-0.9298379999999999,MDV,843680
25996634,137,8983,2009,,,-0.415182,-0.9298379999999999,MDV,843691
26003160,137,8984,2009,0.0,38332.0,-0.415182,-0.9298379999999999,MDV,843699
26009686,137,8985,2009,,,-0.415182,-0.9298379999999999,MDV,843710
26016212,137,8986,2009,0.0,5892.0,-0.415182,-0.9298379999999999,MDV,843780
26022738,137,8987,2009,,,-0.415182,-0.9298379999999999,MDV,843790
26029264,137,8988,2009,0.0,53455.0,-0.415182,-0.9298379999999999,MDV,843810
26035790,137,8989,2009,0.0,4227.0,-0.415182,-0.9298379999999999,MDV,843820
26042316,137,8990,2009,,,-0.415182,-0.9298379999999999,MDV,843830
26048842,137,8991,2009,0.0,1320.0,-0.415182,-0.9298379999999999,MDV,843840
26055368,137,8992,2009,0.0,50338.0,-0.415182,-0.9298379999999999,MDV,843850
26061894,137,8993,2009,0.0,38307.0,-0.415182,-0.9298379999999999,MDV,843860
26068420,137,8994,2009,0.0,213449.0,-0.415182,-0.9298379999999999,MDV,843880
26074946,137,8995,2009,0.0,40330.0,-0.415182,-0.9298379999999999,MDV,843890
26081472,137,8996,2009,,,-0.415182,-0.9298379999999999,MDV,843910
26087998,137,8997,2009,,,-0.415182,-0.9298379999999999,MDV,843920
26094524,137,8998,2009,,,-0.415182,-0.9298379999999999,MDV,843930
26101050,137,8999,2009,,,-0.415182,-0.9298379999999999,MDV,843991
26107576,137,9000,2009,,,-0.415182,-0.9298379999999999,MDV,843999
26114102,137,9001,2009,0.0,266710.0,-0.415182,-0.9298379999999999,MDV,844010
26120628,137,9002,2009,0.0,2421.0,-0.415182,-0.9298379999999999,MDV,844090
26127154,137,9003,2009,0.0,11983.0,-0.415182,-0.9298379999999999,MDV,844110
26133680,137,9004,2009,0.0,1404.0,-0.415182,-0.9298379999999999,MDV,844120
26140206,137,9005,2009,0.0,3865.0,-0.415182,-0.9298379999999999,MDV,844130
26146732,137,9006,2009,,,-0.415182,-0.9298379999999999,MDV,844140
26153258,137,9007,2009,0.0,9983.0,-0.415182,-0.9298379999999999,MDV,844180
26159784,137,9008,2009,,,-0.415182,-0.9298379999999999,MDV,844190
26166310,137,9009,2009,,,-0.415182,-0.9298379999999999,MDV,844210
26172836,137,9010,2009,,,-0.415182,-0.9298379999999999,MDV,844220
26179362,137,9011,2009,,,-0.415182,-0.9298379999999999,MDV,844230
26185888,137,9012,2009,0.0,24977.0,-0.415182,-0.9298379999999999,MDV,844240
26192414,137,9013,2009,0.0,198193.0,-0.415182,-0.9298379999999999,MDV,844250
26198940,137,9014,2009,,,-0.415182,-0.9298379999999999,MDV,844311
26205466,137,9015,2009,,,-0.415182,-0.9298379999999999,MDV,844312
26211992,137,9016,2009,0.0,6195.0,-0.415182,-0.9298379999999999,MDV,844319
26218518,137,9017,2009,,,-0.415182,-0.9298379999999999,MDV,844321
26225044,137,9018,2009,,,-0.415182,-0.9298379999999999,MDV,844329
26231570,137,9019,2009,,,-0.415182,-0.9298379999999999,MDV,844330
26238096,137,9020,2009,,,-0.415182,-0.9298379999999999,MDV,844340
26244622,137,9021,2009,15621.0,787721.0,-0.415182,-0.9298379999999999,MDV,844350
26251148,137,9022,2009,,,-0.415182,-0.9298379999999999,MDV,844360
26257674,137,9023,2009,1097.0,1205820.0,-0.415182,-0.9298379999999999,MDV,844390
26264200,137,9024,2009,0.0,3277.0,-0.415182,-0.9298379999999999,MDV,844400
26270726,137,9025,2009,,,-0.415182,-0.9298379999999999,MDV,844511
26277252,137,9026,2009,,,-0.415182,-0.9298379999999999,MDV,844512
26283778,137,9027,2009,,,-0.415182,-0.9298379999999999,MDV,844513
26290304,137,9028,2009,,,-0.415182,-0.9298379999999999,MDV,844519
26296830,137,9029,2009,,,-0.415182,-0.9298379999999999,MDV,844520
26303356,137,9030,2009,,,-0.415182,-0.9298379999999999,MDV,844530
26309882,137,9031,2009,0.0,1897.0,-0.415182,-0.9298379999999999,MDV,844540
26316408,137,9032,2009,,,-0.415182,-0.9298379999999999,MDV,844590
26322934,137,9033,2009,,,-0.415182,-0.9298379999999999,MDV,844610
26329460,137,9034,2009,,,-0.415182,-0.9298379999999999,MDV,844621
26335986,137,9035,2009,,,-0.415182,-0.9298379999999999,MDV,844629
26342512,137,9036,2009,,,-0.415182,-0.9298379999999999,MDV,844630
26349038,137,9037,2009,,,-0.415182,-0.9298379999999999,MDV,844711
26355564,137,9038,2009,,,-0.415182,-0.9298379999999999,MDV,844712
26362090,137,9039,2009,,,-0.415182,-0.9298379999999999,MDV,844720
26368616,137,9040,2009,0.0,19482.0,-0.415182,-0.9298379999999999,MDV,844790
26375142,137,9041,2009,,,-0.415182,-0.9298379999999999,MDV,844811
26381668,137,9042,2009,,,-0.415182,-0.9298379999999999,MDV,844819
26388194,137,9043,2009,0.0,1071.0,-0.415182,-0.9298379999999999,MDV,844820
26394720,137,9044,2009,,,-0.415182,-0.9298379999999999,MDV,844831
26401246,137,9045,2009,,,-0.415182,-0.9298379999999999,MDV,844832
26407772,137,9046,2009,,,-0.415182,-0.9298379999999999,MDV,844833
26414298,137,9047,2009,,,-0.415182,-0.9298379999999999,MDV,844839
26420824,137,9048,2009,,,-0.415182,-0.9298379999999999,MDV,844841
26427350,137,9049,2009,,,-0.415182,-0.9298379999999999,MDV,844842
26433876,137,9050,2009,0.0,1524.0,-0.415182,-0.9298379999999999,MDV,844849
26440402,137,9051,2009,,,-0.415182,-0.9298379999999999,MDV,844851
26446928,137,9052,2009,,,-0.415182,-0.9298379999999999,MDV,844859
26453454,137,9053,2009,,,-0.415182,-0.9298379999999999,MDV,844900
26459980,137,9054,2009,0.0,488423.0,-0.415182,-0.9298379999999999,MDV,845011
26466506,137,9055,2009,0.0,546112.0,-0.415182,-0.9298379999999999,MDV,845012
26473032,137,9056,2009,0.0,319311.0,-0.415182,-0.9298379999999999,MDV,845019
26479558,137,9057,2009,0.0,200766.0,-0.415182,-0.9298379999999999,MDV,845020
26486084,137,9058,2009,0.0,143875.0,-0.415182,-0.9298379999999999,MDV,845090
26492610,137,9059,2009,,,-0.415182,-0.9298379999999999,MDV,845110
26499136,137,9060,2009,0.0,23724.0,-0.415182,-0.9298379999999999,MDV,845121
26505662,137,9061,2009,0.0,69328.0,-0.415182,-0.9298379999999999,MDV,845129
26512188,137,9062,2009,0.0,401081.0,-0.415182,-0.9298379999999999,MDV,845130
26518714,137,9063,2009,0.0,6706.0,-0.415182,-0.9298379999999999,MDV,845140
26525240,137,9064,2009,0.0,17390.0,-0.415182,-0.9298379999999999,MDV,845150
26531766,137,9065,2009,0.0,40694.0,-0.415182,-0.9298379999999999,MDV,845180
26538292,137,9066,2009,0.0,66225.0,-0.415182,-0.9298379999999999,MDV,845190
26544818,137,9067,2009,0.0,63448.0,-0.415182,-0.9298379999999999,MDV,845210
26551344,137,9068,2009,0.0,6579.0,-0.415182,-0.9298379999999999,MDV,845221
26557870,137,9069,2009,0.0,29255.0,-0.415182,-0.9298379999999999,MDV,845229
26564396,137,9070,2009,0.0,1169.0,-0.415182,-0.9298379999999999,MDV,845230
26570922,137,9071,2009,,,-0.415182,-0.9298379999999999,MDV,845240
26577448,137,9072,2009,0.0,4792.0,-0.415182,-0.9298379999999999,MDV,845290
26583974,137,9073,2009,,,-0.415182,-0.9298379999999999,MDV,845310
26590500,137,9074,2009,,,-0.415182,-0.9298379999999999,MDV,845320
26597026,137,9075,2009,,,-0.415182,-0.9298379999999999,MDV,845380
26603552,137,9076,2009,,,-0.415182,-0.9298379999999999,MDV,845390
26610078,137,9077,2009,0.0,1934.0,-0.415182,-0.9298379999999999,MDV,845410
26616604,137,9078,2009,,,-0.415182,-0.9298379999999999,MDV,845420
26623130,137,9079,2009,,,-0.415182,-0.9298379999999999,MDV,845430
26629656,137,9080,2009,,,-0.415182,-0.9298379999999999,MDV,845490
26636182,137,9081,2009,,,-0.415182,-0.9298379999999999,MDV,845510
26642708,137,9082,2009,,,-0.415182,-0.9298379999999999,MDV,845521
26649234,137,9083,2009,,,-0.415182,-0.9298379999999999,MDV,845522
26655760,137,9084,2009,,,-0.415182,-0.9298379999999999,MDV,845530
26662286,137,9085,2009,0.0,4123.0,-0.415182,-0.9298379999999999,MDV,845590
26668812,137,9086,2009,0.0,1649.0,-0.415182,-0.9298379999999999,MDV,845610
26675338,137,9087,2009,,,-0.415182,-0.9298379999999999,MDV,845620
26681864,137,9088,2009,,,-0.415182,-0.9298379999999999,MDV,845630
26688390,137,9089,2009,0.0,1094.0,-0.415182,-0.9298379999999999,MDV,845690
26694916,137,9090,2009,,,-0.415182,-0.9298379999999999,MDV,845710
26701442,137,9091,2009,,,-0.415182,-0.9298379999999999,MDV,845720
26707968,137,9092,2009,0.0,2265.0,-0.415182,-0.9298379999999999,MDV,845730
26714494,137,9093,2009,,,-0.415182,-0.9298379999999999,MDV,845811
26721020,137,9094,2009,0.0,31071.0,-0.415182,-0.9298379999999999,MDV,845819
26727546,137,9095,2009,,,-0.415182,-0.9298379999999999,MDV,845891
26734072,137,9096,2009,0.0,42063.0,-0.415182,-0.9298379999999999,MDV,845899
26740598,137,9097,2009,,,-0.415182,-0.9298379999999999,MDV,845910
26747124,137,9098,2009,,,-0.415182,-0.9298379999999999,MDV,845921
26753650,137,9099,2009,0.0,162278.0,-0.415182,-0.9298379999999999,MDV,845929
26760176,137,9100,2009,,,-0.415182,-0.9298379999999999,MDV,845931
26766702,137,9101,2009,,,-0.415182,-0.9298379999999999,MDV,845939
26773228,137,9102,2009,0.0,16774.0,-0.415182,-0.9298379999999999,MDV,845940
26779754,137,9103,2009,,,-0.415182,-0.9298379999999999,MDV,845951
26786280,137,9104,2009,,,-0.415182,-0.9298379999999999,MDV,845959
26792806,137,9105,2009,,,-0.415182,-0.9298379999999999,MDV,845961
26799332,137,9106,2009,,,-0.415182,-0.9298379999999999,MDV,845969
26805858,137,9107,2009,0.0,1516.0,-0.415182,-0.9298379999999999,MDV,845970
26812384,137,9108,2009,,,-0.415182,-0.9298379999999999,MDV,846011
26818910,137,9109,2009,0.0,4575.0,-0.415182,-0.9298379999999999,MDV,846019
26825436,137,9110,2009,0.0,25414.0,-0.415182,-0.9298379999999999,MDV,846021
26831962,137,9111,2009,0.0,24959.0,-0.415182,-0.9298379999999999,MDV,846029
26838488,137,9112,2009,,,-0.415182,-0.9298379999999999,MDV,846031
26845014,137,9113,2009,0.0,10301.0,-0.415182,-0.9298379999999999,MDV,846039
26851540,137,9114,2009,0.0,930.0,-0.415182,-0.9298379999999999,MDV,846040
26858066,137,9115,2009,0.0,39060.0,-0.415182,-0.9298379999999999,MDV,846090
26864592,137,9116,2009,,,-0.415182,-0.9298379999999999,MDV,846110
26871118,137,9117,2009,0.0,6015.0,-0.415182,-0.9298379999999999,MDV,846120
26877644,137,9118,2009,,,-0.415182,-0.9298379999999999,MDV,846130
26884170,137,9119,2009,,,-0.415182,-0.9298379999999999,MDV,846140
26890696,137,9120,2009,0.0,10419.0,-0.415182,-0.9298379999999999,MDV,846150
26897222,137,9121,2009,2689.0,1406.0,-0.415182,-0.9298379999999999,MDV,846190
26903748,137,9122,2009,0.0,5719.0,-0.415182,-0.9298379999999999,MDV,846210
26910274,137,9123,2009,,,-0.415182,-0.9298379999999999,MDV,846221
26916800,137,9124,2009,0.0,22606.0,-0.415182,-0.9298379999999999,MDV,846229
26923326,137,9125,2009,,,-0.415182,-0.9298379999999999,MDV,846231
26929852,137,9126,2009,0.0,228773.0,-0.415182,-0.9298379999999999,MDV,846239
26936378,137,9127,2009,,,-0.415182,-0.9298379999999999,MDV,846241
26942904,137,9128,2009,0.0,5917.0,-0.415182,-0.9298379999999999,MDV,846249
26949430,137,9129,2009,0.0,18711.0,-0.415182,-0.9298379999999999,MDV,846291
26955956,137,9130,2009,0.0,6649.0,-0.415182,-0.9298379999999999,MDV,846299
26962482,137,9131,2009,,,-0.415182,-0.9298379999999999,MDV,846310
26969008,137,9132,2009,,,-0.415182,-0.9298379999999999,MDV,846320
26975534,137,9133,2009,,,-0.415182,-0.9298379999999999,MDV,846330
26982060,137,9134,2009,0.0,7192.0,-0.415182,-0.9298379999999999,MDV,846390
26988586,137,9135,2009,0.0,10333.0,-0.415182,-0.9298379999999999,MDV,846410
26995112,137,9136,2009,0.0,13060.0,-0.415182,-0.9298379999999999,MDV,846420
27001638,137,9137,2009,0.0,127609.0,-0.415182,-0.9298379999999999,MDV,846490
27008164,137,9138,2009,0.0,11274.0,-0.415182,-0.9298379999999999,MDV,846510
27014690,137,9139,2009,0.0,16208.0,-0.415182,-0.9298379999999999,MDV,846591
27021216,137,9140,2009,0.0,72129.0,-0.415182,-0.9298379999999999,MDV,846592
27027742,137,9141,2009,0.0,12132.0,-0.415182,-0.9298379999999999,MDV,846593
27034268,137,9142,2009,,,-0.415182,-0.9298379999999999,MDV,846594
27040794,137,9143,2009,0.0,4581.0,-0.415182,-0.9298379999999999,MDV,846595
27047320,137,9144,2009,,,-0.415182,-0.9298379999999999,MDV,846596
27053846,137,9145,2009,0.0,84427.0,-0.415182,-0.9298379999999999,MDV,846599
27060372,137,9146,2009,0.0,48243.0,-0.415182,-0.9298379999999999,MDV,846610
27066898,137,9147,2009,,,-0.415182,-0.9298379999999999,MDV,846620
27073424,137,9148,2009,0.0,14549.0,-0.415182,-0.9298379999999999,MDV,846630
27079950,137,9149,2009,0.0,16342.0,-0.415182,-0.9298379999999999,MDV,846691
27086476,137,9150,2009,0.0,39605.0,-0.415182,-0.9298379999999999,MDV,846692
27093002,137,9151,2009,0.0,64049.0,-0.415182,-0.9298379999999999,MDV,846693
27099528,137,9152,2009,0.0,112186.0,-0.415182,-0.9298379999999999,MDV,846694
27106054,137,9153,2009,0.0,1194.0,-0.415182,-0.9298379999999999,MDV,846711
27112580,137,9154,2009,0.0,44352.0,-0.415182,-0.9298379999999999,MDV,846719
27119106,137,9155,2009,,,-0.415182,-0.9298379999999999,MDV,846781
27125632,137,9156,2009,0.0,759284.0,-0.415182,-0.9298379999999999,MDV,846789
27132158,137,9157,2009,0.0,10648.0,-0.415182,-0.9298379999999999,MDV,846791
27138684,137,9158,2009,0.0,290068.0,-0.415182,-0.9298379999999999,MDV,846792
27145210,137,9159,2009,0.0,47881.0,-0.415182,-0.9298379999999999,MDV,846799
27151736,137,9160,2009,0.0,2244.0,-0.415182,-0.9298379999999999,MDV,846810
27158262,137,9161,2009,0.0,4613.0,-0.415182,-0.9298379999999999,MDV,846820
27164788,137,9162,2009,0.0,63470.0,-0.415182,-0.9298379999999999,MDV,846880
27171314,137,9163,2009,0.0,14612.0,-0.415182,-0.9298379999999999,MDV,846890
27177840,137,9164,2009,,,-0.415182,-0.9298379999999999,MDV,846910
27184366,137,9165,2009,,,-0.415182,-0.9298379999999999,MDV,846921
27190892,137,9166,2009,,,-0.415182,-0.9298379999999999,MDV,846929
27197418,137,9167,2009,,,-0.415182,-0.9298379999999999,MDV,846931
27203944,137,9168,2009,,,-0.415182,-0.9298379999999999,MDV,846939
27210470,137,9169,2009,0.0,99524.0,-0.415182,-0.9298379999999999,MDV,847010
27216996,137,9170,2009,0.0,2122.0,-0.415182,-0.9298379999999999,MDV,847021
27223522,137,9171,2009,0.0,10652.0,-0.415182,-0.9298379999999999,MDV,847029
27230048,137,9172,2009,0.0,2321.0,-0.415182,-0.9298379999999999,MDV,847030
27236574,137,9173,2009,,,-0.415182,-0.9298379999999999,MDV,847040
27243100,137,9174,2009,0.0,91448.0,-0.415182,-0.9298379999999999,MDV,847050
27249626,137,9175,2009,0.0,16188.0,-0.415182,-0.9298379999999999,MDV,847090
27256152,137,9176,2009,,,-0.415182,-0.9298379999999999,MDV,847110
27262678,137,9177,2009,6199.0,1625313.0,-0.415182,-0.9298379999999999,MDV,847120
27269204,137,9178,2009,1550.0,1746885.0,-0.415182,-0.9298379999999999,MDV,847191
27275730,137,9179,2009,0.0,461033.0,-0.415182,-0.9298379999999999,MDV,847192
27282256,137,9180,2009,2790.0,1175676.0,-0.415182,-0.9298379999999999,MDV,847193
27288782,137,9181,2009,1686.0,1853524.0,-0.415182,-0.9298379999999999,MDV,847199
27295308,137,9182,2009,0.0,16087.0,-0.415182,-0.9298379999999999,MDV,847210
27301834,137,9183,2009,,,-0.415182,-0.9298379999999999,MDV,847220
27308360,137,9184,2009,,,-0.415182,-0.9298379999999999,MDV,847230
27314886,137,9185,2009,0.0,134652.0,-0.415182,-0.9298379999999999,MDV,847290
27321412,137,9186,2009,0.0,12040.0,-0.415182,-0.9298379999999999,MDV,847310
27327938,137,9187,2009,0.0,8691.0,-0.415182,-0.9298379999999999,MDV,847321
27334464,137,9188,2009,0.0,488751.0,-0.415182,-0.9298379999999999,MDV,847329
27340990,137,9189,2009,129878.0,10188578.0,-0.415182,-0.9298379999999999,MDV,847330
27347516,137,9190,2009,0.0,49656.0,-0.415182,-0.9298379999999999,MDV,847340
27354042,137,9191,2009,,,-0.415182,-0.9298379999999999,MDV,847410
27360568,137,9192,2009,0.0,99441.0,-0.415182,-0.9298379999999999,MDV,847420
27367094,137,9193,2009,5031.0,249326.0,-0.415182,-0.9298379999999999,MDV,847431
27373620,137,9194,2009,0.0,136958.0,-0.415182,-0.9298379999999999,MDV,847432
27380146,137,9195,2009,0.0,25978.0,-0.415182,-0.9298379999999999,MDV,847439
27386672,137,9196,2009,0.0,75855.0,-0.415182,-0.9298379999999999,MDV,847480
27393198,137,9197,2009,0.0,74467.0,-0.415182,-0.9298379999999999,MDV,847490
27399724,137,9198,2009,,,-0.415182,-0.9298379999999999,MDV,847510
27406250,137,9199,2009,,,-0.415182,-0.9298379999999999,MDV,847520
27412776,137,9200,2009,,,-0.415182,-0.9298379999999999,MDV,847590
27419302,137,9201,2009,0.0,4516.0,-0.415182,-0.9298379999999999,MDV,847611
27425828,137,9202,2009,0.0,25425.0,-0.415182,-0.9298379999999999,MDV,847619
27432354,137,9203,2009,,,-0.415182,-0.9298379999999999,MDV,847690
27438880,137,9204,2009,0.0,60088.0,-0.415182,-0.9298379999999999,MDV,847710
27445406,137,9205,2009,,,-0.415182,-0.9298379999999999,MDV,847720
27451932,137,9206,2009,0.0,41141.0,-0.415182,-0.9298379999999999,MDV,847730
27458458,137,9207,2009,,,-0.415182,-0.9298379999999999,MDV,847740
27464984,137,9208,2009,,,-0.415182,-0.9298379999999999,MDV,847751
27471510,137,9209,2009,0.0,12243.0,-0.415182,-0.9298379999999999,MDV,847759
27478036,137,9210,2009,0.0,2190.0,-0.415182,-0.9298379999999999,MDV,847780
27484562,137,9211,2009,0.0,27719.0,-0.415182,-0.9298379999999999,MDV,847790
27491088,137,9212,2009,0.0,189824.0,-0.415182,-0.9298379999999999,MDV,847810
27497614,137,9213,2009,,,-0.415182,-0.9298379999999999,MDV,847890
27504140,137,9214,2009,17737.0,190382.0,-0.415182,-0.9298379999999999,MDV,847910
27510666,137,9215,2009,,,-0.415182,-0.9298379999999999,MDV,847920
27517192,137,9216,2009,0.0,2093.0,-0.415182,-0.9298379999999999,MDV,847930
27523718,137,9217,2009,0.0,17201.0,-0.415182,-0.9298379999999999,MDV,847940
27530244,137,9218,2009,0.0,5001.0,-0.415182,-0.9298379999999999,MDV,847981
27536770,137,9219,2009,0.0,17800.0,-0.415182,-0.9298379999999999,MDV,847982
27543296,137,9220,2009,0.0,465011.0,-0.415182,-0.9298379999999999,MDV,847989
27549822,137,9221,2009,8652.0,856286.0,-0.415182,-0.9298379999999999,MDV,847990
27556348,137,9222,2009,0.0,2928.0,-0.415182,-0.9298379999999999,MDV,848010
27562874,137,9223,2009,,,-0.415182,-0.9298379999999999,MDV,848020
27569400,137,9224,2009,0.0,10896.0,-0.415182,-0.9298379999999999,MDV,848030
27575926,137,9225,2009,0.0,2848.0,-0.415182,-0.9298379999999999,MDV,848041
27582452,137,9226,2009,0.0,17557.0,-0.415182,-0.9298379999999999,MDV,848049
27588978,137,9227,2009,,,-0.415182,-0.9298379999999999,MDV,848050
27595504,137,9228,2009,0.0,7146.0,-0.415182,-0.9298379999999999,MDV,848060
27602030,137,9229,2009,13319.0,101166.0,-0.415182,-0.9298379999999999,MDV,848071
27608556,137,9230,2009,0.0,15472.0,-0.415182,-0.9298379999999999,MDV,848079
27615082,137,9231,2009,0.0,61763.0,-0.415182,-0.9298379999999999,MDV,848110
27621608,137,9232,2009,0.0,14607.0,-0.415182,-0.9298379999999999,MDV,848120
27628134,137,9233,2009,0.0,40243.0,-0.415182,-0.9298379999999999,MDV,848130
27634660,137,9234,2009,0.0,66888.0,-0.415182,-0.9298379999999999,MDV,848140
27641186,137,9235,2009,0.0,1400905.0,-0.415182,-0.9298379999999999,MDV,848180
27647712,137,9236,2009,0.0,364476.0,-0.415182,-0.9298379999999999,MDV,848190
27654238,137,9237,2009,0.0,46607.0,-0.415182,-0.9298379999999999,MDV,848210
27660764,137,9238,2009,0.0,5649.0,-0.415182,-0.9298379999999999,MDV,848220
27667290,137,9239,2009,0.0,3148.0,-0.415182,-0.9298379999999999,MDV,848230
27673816,137,9240,2009,0.0,6482.0,-0.415182,-0.9298379999999999,MDV,848240
27680342,137,9241,2009,0.0,17364.0,-0.415182,-0.9298379999999999,MDV,848250
27686868,137,9242,2009,0.0,171957.0,-0.415182,-0.9298379999999999,MDV,848280
27693394,137,9243,2009,0.0,5657.0,-0.415182,-0.9298379999999999,MDV,848291
27699920,137,9244,2009,0.0,42220.0,-0.415182,-0.9298379999999999,MDV,848299
27706446,137,9245,2009,1020.0,65236.0,-0.415182,-0.9298379999999999,MDV,848310
27712972,137,9246,2009,0.0,6919.0,-0.415182,-0.9298379999999999,MDV,848320
27719498,137,9247,2009,0.0,34468.0,-0.415182,-0.9298379999999999,MDV,848330
27726024,137,9248,2009,0.0,121519.0,-0.415182,-0.9298379999999999,MDV,848340
27732550,137,9249,2009,0.0,29072.0,-0.415182,-0.9298379999999999,MDV,848350
27739076,137,9250,2009,0.0,24866.0,-0.415182,-0.9298379999999999,MDV,848360
27745602,137,9251,2009,0.0,46160.0,-0.415182,-0.9298379999999999,MDV,848390
27752128,137,9252,2009,0.0,99602.0,-0.415182,-0.9298379999999999,MDV,848410
27758654,137,9253,2009,0.0,44817.0,-0.415182,-0.9298379999999999,MDV,848490
27765180,137,9254,2009,0.0,103328.0,-0.415182,-0.9298379999999999,MDV,848510
27771706,137,9255,2009,0.0,697424.0,-0.415182,-0.9298379999999999,MDV,848590
27778232,137,9256,2009,0.0,43962.0,-0.415182,-0.9298379999999999,MDV,850110
27784758,137,9257,2009,0.0,6702.0,-0.415182,-0.9298379999999999,MDV,850120
27791284,137,9258,2009,0.0,47224.0,-0.415182,-0.9298379999999999,MDV,850131
27797810,137,9259,2009,0.0,53983.0,-0.415182,-0.9298379999999999,MDV,850132
27804336,137,9260,2009,0.0,124744.0,-0.415182,-0.9298379999999999,MDV,850133
27810862,137,9261,2009,0.0,192207.0,-0.415182,-0.9298379999999999,MDV,850134
27817388,137,9262,2009,0.0,28542.0,-0.415182,-0.9298379999999999,MDV,850140
27823914,137,9263,2009,0.0,16649.0,-0.415182,-0.9298379999999999,MDV,850151
27830440,137,9264,2009,0.0,70972.0,-0.415182,-0.9298379999999999,MDV,850152
27836966,137,9265,2009,0.0,21296.0,-0.415182,-0.9298379999999999,MDV,850153
27843492,137,9266,2009,2470.0,119946.0,-0.415182,-0.9298379999999999,MDV,850161
27850018,137,9267,2009,0.0,468708.0,-0.415182,-0.9298379999999999,MDV,850162
27856544,137,9268,2009,0.0,976733.0,-0.415182,-0.9298379999999999,MDV,850163
27863070,137,9269,2009,4356.0,84484.0,-0.415182,-0.9298379999999999,MDV,850164
27869596,137,9270,2009,0.0,473941.0,-0.415182,-0.9298379999999999,MDV,850211
27876122,137,9271,2009,16332.0,829108.0,-0.415182,-0.9298379999999999,MDV,850212
27882648,137,9272,2009,0.0,2519707.0,-0.415182,-0.9298379999999999,MDV,850213
27889174,137,9273,2009,0.0,52337.0,-0.415182,-0.9298379999999999,MDV,850220
27895700,137,9274,2009,0.0,106677.0,-0.415182,-0.9298379999999999,MDV,850230
27902226,137,9275,2009,,,-0.415182,-0.9298379999999999,MDV,850240
27908752,137,9276,2009,0.0,1136622.0,-0.415182,-0.9298379999999999,MDV,850300
27915278,137,9277,2009,0.0,36270.0,-0.415182,-0.9298379999999999,MDV,850410
27921804,137,9278,2009,0.0,111497.0,-0.415182,-0.9298379999999999,MDV,850421
27928330,137,9279,2009,0.0,313811.0,-0.415182,-0.9298379999999999,MDV,850422
27934856,137,9280,2009,0.0,11552.0,-0.415182,-0.9298379999999999,MDV,850423
27941382,137,9281,2009,1967.0,13949.0,-0.415182,-0.9298379999999999,MDV,850431
27947908,137,9282,2009,0.0,145270.0,-0.415182,-0.9298379999999999,MDV,850432
27954434,137,9283,2009,0.0,518386.0,-0.415182,-0.9298379999999999,MDV,850433
27960960,137,9284,2009,0.0,582535.0,-0.415182,-0.9298379999999999,MDV,850434
27967486,137,9285,2009,93256.0,607731.0,-0.415182,-0.9298379999999999,MDV,850440
27974012,137,9286,2009,0.0,136662.0,-0.415182,-0.9298379999999999,MDV,850450
27980538,137,9287,2009,0.0,474624.0,-0.415182,-0.9298379999999999,MDV,850490
27987064,137,9288,2009,0.0,9681.0,-0.415182,-0.9298379999999999,MDV,850511
27993590,137,9289,2009,0.0,53094.0,-0.415182,-0.9298379999999999,MDV,850519
28000116,137,9290,2009,0.0,34921.0,-0.415182,-0.9298379999999999,MDV,850520
28006642,137,9291,2009,,,-0.415182,-0.9298379999999999,MDV,850530
28013168,137,9292,2009,0.0,262567.0,-0.415182,-0.9298379999999999,MDV,850590
28019694,137,9293,2009,0.0,156337.0,-0.415182,-0.9298379999999999,MDV,850611
28026220,137,9294,2009,0.0,980.0,-0.415182,-0.9298379999999999,MDV,850612
28032746,137,9295,2009,0.0,5205.0,-0.415182,-0.9298379999999999,MDV,850613
28039272,137,9296,2009,0.0,371391.0,-0.415182,-0.9298379999999999,MDV,850619
28045798,137,9297,2009,,,-0.415182,-0.9298379999999999,MDV,850620
28052324,137,9298,2009,0.0,26528.0,-0.415182,-0.9298379999999999,MDV,850690
28058850,137,9299,2009,0.0,253372.0,-0.415182,-0.9298379999999999,MDV,850710
28065376,137,9300,2009,0.0,507039.0,-0.415182,-0.9298379999999999,MDV,850720
28071902,137,9301,2009,0.0,18523.0,-0.415182,-0.9298379999999999,MDV,850730
28078428,137,9302,2009,,,-0.415182,-0.9298379999999999,MDV,850740
28084954,137,9303,2009,0.0,1028575.0,-0.415182,-0.9298379999999999,MDV,850780
28091480,137,9304,2009,0.0,39441.0,-0.415182,-0.9298379999999999,MDV,850790
28098006,137,9305,2009,0.0,83707.0,-0.415182,-0.9298379999999999,MDV,850810
28104532,137,9306,2009,0.0,83040.0,-0.415182,-0.9298379999999999,MDV,850820
28111058,137,9307,2009,0.0,292531.0,-0.415182,-0.9298379999999999,MDV,850880
28117584,137,9308,2009,,,-0.415182,-0.9298379999999999,MDV,850890
28124110,137,9309,2009,0.0,72589.0,-0.415182,-0.9298379999999999,MDV,850910
28130636,137,9310,2009,,,-0.415182,-0.9298379999999999,MDV,850920
28137162,137,9311,2009,,,-0.415182,-0.9298379999999999,MDV,850930
28143688,137,9312,2009,0.0,313138.0,-0.415182,-0.9298379999999999,MDV,850940
28150214,137,9313,2009,0.0,191934.0,-0.415182,-0.9298379999999999,MDV,850980
28156740,137,9314,2009,0.0,51877.0,-0.415182,-0.9298379999999999,MDV,850990
28163266,137,9315,2009,0.0,9472.0,-0.415182,-0.9298379999999999,MDV,851010
28169792,137,9316,2009,0.0,19569.0,-0.415182,-0.9298379999999999,MDV,851020
28176318,137,9317,2009,,,-0.415182,-0.9298379999999999,MDV,851090
28182844,137,9318,2009,0.0,24893.0,-0.415182,-0.9298379999999999,MDV,851110
28189370,137,9319,2009,,,-0.415182,-0.9298379999999999,MDV,851120
28195896,137,9320,2009,0.0,8827.0,-0.415182,-0.9298379999999999,MDV,851130
28202422,137,9321,2009,0.0,97346.0,-0.415182,-0.9298379999999999,MDV,851140
28208948,137,9322,2009,0.0,1204673.0,-0.415182,-0.9298379999999999,MDV,851150
28215474,137,9323,2009,0.0,1870.0,-0.415182,-0.9298379999999999,MDV,851180
28222000,137,9324,2009,3871.0,101170.0,-0.415182,-0.9298379999999999,MDV,851190
28228526,137,9325,2009,0.0,6390.0,-0.415182,-0.9298379999999999,MDV,851210
28235052,137,9326,2009,0.0,172841.0,-0.415182,-0.9298379999999999,MDV,851220
28241578,137,9327,2009,0.0,34361.0,-0.415182,-0.9298379999999999,MDV,851230
28248104,137,9328,2009,0.0,25994.0,-0.415182,-0.9298379999999999,MDV,851240
28254630,137,9329,2009,0.0,21361.0,-0.415182,-0.9298379999999999,MDV,851290
28261156,137,9330,2009,0.0,254619.0,-0.415182,-0.9298379999999999,MDV,851310
28267682,137,9331,2009,0.0,24451.0,-0.415182,-0.9298379999999999,MDV,851390
28274208,137,9332,2009,0.0,30089.0,-0.415182,-0.9298379999999999,MDV,851410
28280734,137,9333,2009,,,-0.415182,-0.9298379999999999,MDV,851420
28287260,137,9334,2009,0.0,19614.0,-0.415182,-0.9298379999999999,MDV,851430
28293786,137,9335,2009,0.0,68517.0,-0.415182,-0.9298379999999999,MDV,851440
28300312,137,9336,2009,0.0,8591.0,-0.415182,-0.9298379999999999,MDV,851490
28306838,137,9337,2009,0.0,14026.0,-0.415182,-0.9298379999999999,MDV,851511
28313364,137,9338,2009,0.0,8363.0,-0.415182,-0.9298379999999999,MDV,851519
28319890,137,9339,2009,,,-0.415182,-0.9298379999999999,MDV,851521
28326416,137,9340,2009,0.0,958.0,-0.415182,-0.9298379999999999,MDV,851529
28332942,137,9341,2009,0.0,5792.0,-0.415182,-0.9298379999999999,MDV,851531
28339468,137,9342,2009,0.0,11451.0,-0.415182,-0.9298379999999999,MDV,851539
28345994,137,9343,2009,0.0,48382.0,-0.415182,-0.9298379999999999,MDV,851580
28352520,137,9344,2009,0.0,31860.0,-0.415182,-0.9298379999999999,MDV,851590
28359046,137,9345,2009,0.0,177056.0,-0.415182,-0.9298379999999999,MDV,851610
28365572,137,9346,2009,,,-0.415182,-0.9298379999999999,MDV,851621
28372098,137,9347,2009,0.0,16870.0,-0.415182,-0.9298379999999999,MDV,851629
28378624,137,9348,2009,0.0,52098.0,-0.415182,-0.9298379999999999,MDV,851631
28385150,137,9349,2009,0.0,5259.0,-0.415182,-0.9298379999999999,MDV,851632
28391676,137,9350,2009,0.0,16256.0,-0.415182,-0.9298379999999999,MDV,851633
28398202,137,9351,2009,0.0,124469.0,-0.415182,-0.9298379999999999,MDV,851640
28404728,137,9352,2009,0.0,105230.0,-0.415182,-0.9298379999999999,MDV,851650
28411254,137,9353,2009,0.0,260967.0,-0.415182,-0.9298379999999999,MDV,851660
28417780,137,9354,2009,3759.0,125751.0,-0.415182,-0.9298379999999999,MDV,851671
28424306,137,9355,2009,0.0,57044.0,-0.415182,-0.9298379999999999,MDV,851672
28430832,137,9356,2009,0.0,285093.0,-0.415182,-0.9298379999999999,MDV,851679
28437358,137,9357,2009,0.0,8520.0,-0.415182,-0.9298379999999999,MDV,851680
28443884,137,9358,2009,0.0,245393.0,-0.415182,-0.9298379999999999,MDV,851690
28450410,137,9359,2009,12767.0,297189.0,-0.415182,-0.9298379999999999,MDV,851710
28456936,137,9360,2009,,,-0.415182,-0.9298379999999999,MDV,851720
28463462,137,9361,2009,213218.0,3112334.0,-0.415182,-0.9298379999999999,MDV,851730
28469988,137,9362,2009,24722.0,2635494.0,-0.415182,-0.9298379999999999,MDV,851740
28476514,137,9363,2009,40786.0,341749.0,-0.415182,-0.9298379999999999,MDV,851781
28483040,137,9364,2009,,,-0.415182,-0.9298379999999999,MDV,851782
28489566,137,9365,2009,457843.0,1784103.0,-0.415182,-0.9298379999999999,MDV,851790
28496092,137,9366,2009,11848.0,75853.0,-0.415182,-0.9298379999999999,MDV,851810
28502618,137,9367,2009,427741.0,29593.0,-0.415182,-0.9298379999999999,MDV,851821
28509144,137,9368,2009,0.0,86943.0,-0.415182,-0.9298379999999999,MDV,851822
28515670,137,9369,2009,3179.0,55579.0,-0.415182,-0.9298379999999999,MDV,851829
28522196,137,9370,2009,0.0,204708.0,-0.415182,-0.9298379999999999,MDV,851830
28528722,137,9371,2009,0.0,170729.0,-0.415182,-0.9298379999999999,MDV,851840
28535248,137,9372,2009,20350.0,146459.0,-0.415182,-0.9298379999999999,MDV,851850
28541774,137,9373,2009,43497.0,73174.0,-0.415182,-0.9298379999999999,MDV,851890
28548300,137,9374,2009,,,-0.415182,-0.9298379999999999,MDV,851910
28554826,137,9375,2009,,,-0.415182,-0.9298379999999999,MDV,851921
28561352,137,9376,2009,,,-0.415182,-0.9298379999999999,MDV,851929
28567878,137,9377,2009,,,-0.415182,-0.9298379999999999,MDV,851931
28574404,137,9378,2009,,,-0.415182,-0.9298379999999999,MDV,851939
28580930,137,9379,2009,,,-0.415182,-0.9298379999999999,MDV,851940
28587456,137,9380,2009,,,-0.415182,-0.9298379999999999,MDV,851991
28593982,137,9381,2009,0.0,491171.0,-0.415182,-0.9298379999999999,MDV,851999
28600508,137,9382,2009,,,-0.415182,-0.9298379999999999,MDV,852010
28607034,137,9383,2009,0.0,1754.0,-0.415182,-0.9298379999999999,MDV,852020
28613560,137,9384,2009,,,-0.415182,-0.9298379999999999,MDV,852031
28620086,137,9385,2009,,,-0.415182,-0.9298379999999999,MDV,852039
28626612,137,9386,2009,,,-0.415182,-0.9298379999999999,MDV,852090
28633138,137,9387,2009,28973.0,34616.0,-0.415182,-0.9298379999999999,MDV,852110
28639664,137,9388,2009,3220.0,965661.0,-0.415182,-0.9298379999999999,MDV,852190
28646190,137,9389,2009,0.0,952.0,-0.415182,-0.9298379999999999,MDV,852210
28652716,137,9390,2009,0.0,133055.0,-0.415182,-0.9298379999999999,MDV,852290
28659242,137,9391,2009,,,-0.415182,-0.9298379999999999,MDV,852311
28665768,137,9392,2009,,,-0.415182,-0.9298379999999999,MDV,852312
28672294,137,9393,2009,,,-0.415182,-0.9298379999999999,MDV,852313
28678820,137,9394,2009,3901.0,255135.0,-0.415182,-0.9298379999999999,MDV,852320
28685346,137,9395,2009,0.0,140848.0,-0.415182,-0.9298379999999999,MDV,852390
28691872,137,9396,2009,,,-0.415182,-0.9298379999999999,MDV,852410
28698398,137,9397,2009,,,-0.415182,-0.9298379999999999,MDV,852421
28704924,137,9398,2009,,,-0.415182,-0.9298379999999999,MDV,852422
28711450,137,9399,2009,,,-0.415182,-0.9298379999999999,MDV,852423
28717976,137,9400,2009,0.0,1359297.0,-0.415182,-0.9298379999999999,MDV,852490
28724502,137,9401,2009,0.0,586529.0,-0.415182,-0.9298379999999999,MDV,852510
28731028,137,9402,2009,0.0,11818345.0,-0.415182,-0.9298379999999999,MDV,852520
28737554,137,9403,2009,92048.0,1481921.0,-0.415182,-0.9298379999999999,MDV,852530
28744080,137,9404,2009,0.0,57663.0,-0.415182,-0.9298379999999999,MDV,852610
28750606,137,9405,2009,2455.0,94792.0,-0.415182,-0.9298379999999999,MDV,852691
28757132,137,9406,2009,0.0,7001.0,-0.415182,-0.9298379999999999,MDV,852692
28763658,137,9407,2009,0.0,32541.0,-0.415182,-0.9298379999999999,MDV,852711
28770184,137,9408,2009,0.0,27646.0,-0.415182,-0.9298379999999999,MDV,852719
28776710,137,9409,2009,0.0,11436.0,-0.415182,-0.9298379999999999,MDV,852721
28783236,137,9410,2009,0.0,67510.0,-0.415182,-0.9298379999999999,MDV,852729
28789762,137,9411,2009,0.0,61029.0,-0.415182,-0.9298379999999999,MDV,852731
28796288,137,9412,2009,0.0,50565.0,-0.415182,-0.9298379999999999,MDV,852732
28802814,137,9413,2009,0.0,21596.0,-0.415182,-0.9298379999999999,MDV,852739
28809340,137,9414,2009,,,-0.415182,-0.9298379999999999,MDV,852790
28815866,137,9415,2009,1273.0,3775274.0,-0.415182,-0.9298379999999999,MDV,852810
28822392,137,9416,2009,0.0,45110.0,-0.415182,-0.9298379999999999,MDV,852820
28828918,137,9417,2009,0.0,393839.0,-0.415182,-0.9298379999999999,MDV,852910
28835444,137,9418,2009,20094.0,664314.0,-0.415182,-0.9298379999999999,MDV,852990
28841970,137,9419,2009,,,-0.415182,-0.9298379999999999,MDV,853010
28848496,137,9420,2009,0.0,49731.0,-0.415182,-0.9298379999999999,MDV,853080
28855022,137,9421,2009,0.0,3435.0,-0.415182,-0.9298379999999999,MDV,853090
28861548,137,9422,2009,0.0,192552.0,-0.415182,-0.9298379999999999,MDV,853110
28868074,137,9423,2009,0.0,29329.0,-0.415182,-0.9298379999999999,MDV,853120
28874600,137,9424,2009,0.0,222644.0,-0.415182,-0.9298379999999999,MDV,853180
28881126,137,9425,2009,0.0,101749.0,-0.415182,-0.9298379999999999,MDV,853190
28887652,137,9426,2009,0.0,8026.0,-0.415182,-0.9298379999999999,MDV,853210
28894178,137,9427,2009,,,-0.415182,-0.9298379999999999,MDV,853221
28900704,137,9428,2009,,,-0.415182,-0.9298379999999999,MDV,853222
28907230,137,9429,2009,,,-0.415182,-0.9298379999999999,MDV,853223
28913756,137,9430,2009,,,-0.415182,-0.9298379999999999,MDV,853224
28920282,137,9431,2009,,,-0.415182,-0.9298379999999999,MDV,853225
28926808,137,9432,2009,0.0,23263.0,-0.415182,-0.9298379999999999,MDV,853229
28933334,137,9433,2009,3752.0,0.0,-0.415182,-0.9298379999999999,MDV,853230
28939860,137,9434,2009,0.0,19826.0,-0.415182,-0.9298379999999999,MDV,853290
28946386,137,9435,2009,,,-0.415182,-0.9298379999999999,MDV,853310
28952912,137,9436,2009,,,-0.415182,-0.9298379999999999,MDV,853321
28959438,137,9437,2009,,,-0.415182,-0.9298379999999999,MDV,853329
28965964,137,9438,2009,,,-0.415182,-0.9298379999999999,MDV,853331
28972490,137,9439,2009,,,-0.415182,-0.9298379999999999,MDV,853339
28979016,137,9440,2009,0.0,10548.0,-0.415182,-0.9298379999999999,MDV,853340
28985542,137,9441,2009,0.0,115647.0,-0.415182,-0.9298379999999999,MDV,853390
28992068,137,9442,2009,16294.0,113568.0,-0.415182,-0.9298379999999999,MDV,853400
28998594,137,9443,2009,0.0,4520.0,-0.415182,-0.9298379999999999,MDV,853510
29005120,137,9444,2009,2129.0,165449.0,-0.415182,-0.9298379999999999,MDV,853521
29011646,137,9445,2009,0.0,545688.0,-0.415182,-0.9298379999999999,MDV,853529
29018172,137,9446,2009,0.0,15600.0,-0.415182,-0.9298379999999999,MDV,853530
29024698,137,9447,2009,0.0,53657.0,-0.415182,-0.9298379999999999,MDV,853540
29031224,137,9448,2009,0.0,276996.0,-0.415182,-0.9298379999999999,MDV,853590
29037750,137,9449,2009,0.0,69419.0,-0.415182,-0.9298379999999999,MDV,853610
29044276,137,9450,2009,0.0,274080.0,-0.415182,-0.9298379999999999,MDV,853620
29050802,137,9451,2009,0.0,87431.0,-0.415182,-0.9298379999999999,MDV,853630
29057328,137,9452,2009,0.0,22623.0,-0.415182,-0.9298379999999999,MDV,853641
29063854,137,9453,2009,0.0,68690.0,-0.415182,-0.9298379999999999,MDV,853649
29070380,137,9454,2009,0.0,508922.0,-0.415182,-0.9298379999999999,MDV,853650
29076906,137,9455,2009,0.0,42970.0,-0.415182,-0.9298379999999999,MDV,853661
29083432,137,9456,2009,0.0,464411.0,-0.415182,-0.9298379999999999,MDV,853669
29089958,137,9457,2009,1017.0,745631.0,-0.415182,-0.9298379999999999,MDV,853690
29096484,137,9458,2009,0.0,1286965.0,-0.415182,-0.9298379999999999,MDV,853710
29103010,137,9459,2009,0.0,799668.0,-0.415182,-0.9298379999999999,MDV,853720
29109536,137,9460,2009,0.0,47001.0,-0.415182,-0.9298379999999999,MDV,853810
29116062,137,9461,2009,0.0,503425.0,-0.415182,-0.9298379999999999,MDV,853890
29122588,137,9462,2009,0.0,135307.0,-0.415182,-0.9298379999999999,MDV,853910
29129114,137,9463,2009,0.0,196316.0,-0.415182,-0.9298379999999999,MDV,853921
29135640,137,9464,2009,0.0,65491.0,-0.415182,-0.9298379999999999,MDV,853922
29142166,137,9465,2009,0.0,374679.0,-0.415182,-0.9298379999999999,MDV,853929
29148692,137,9466,2009,0.0,310066.0,-0.415182,-0.9298379999999999,MDV,853931
29155218,137,9467,2009,0.0,236090.0,-0.415182,-0.9298379999999999,MDV,853939
29161744,137,9468,2009,0.0,55592.0,-0.415182,-0.9298379999999999,MDV,853940
29168270,137,9469,2009,0.0,57373.0,-0.415182,-0.9298379999999999,MDV,853990
29174796,137,9470,2009,0.0,3406.0,-0.415182,-0.9298379999999999,MDV,854011
29181322,137,9471,2009,,,-0.415182,-0.9298379999999999,MDV,854012
29187848,137,9472,2009,,,-0.415182,-0.9298379999999999,MDV,854020
29194374,137,9473,2009,,,-0.415182,-0.9298379999999999,MDV,854030
29200900,137,9474,2009,,,-0.415182,-0.9298379999999999,MDV,854041
29207426,137,9475,2009,,,-0.415182,-0.9298379999999999,MDV,854042
29213952,137,9476,2009,,,-0.415182,-0.9298379999999999,MDV,854049
29220478,137,9477,2009,0.0,3047.0,-0.415182,-0.9298379999999999,MDV,854081
29227004,137,9478,2009,0.0,5888.0,-0.415182,-0.9298379999999999,MDV,854089
29233530,137,9479,2009,,,-0.415182,-0.9298379999999999,MDV,854091
29240056,137,9480,2009,,,-0.415182,-0.9298379999999999,MDV,854099
29246582,137,9481,2009,7245.0,5816.0,-0.415182,-0.9298379999999999,MDV,854110
29253108,137,9482,2009,,,-0.415182,-0.9298379999999999,MDV,854121
29259634,137,9483,2009,32201.0,5032.0,-0.415182,-0.9298379999999999,MDV,854129
29266160,137,9484,2009,0.0,3373.0,-0.415182,-0.9298379999999999,MDV,854130
29272686,137,9485,2009,0.0,383157.0,-0.415182,-0.9298379999999999,MDV,854140
29279212,137,9486,2009,,,-0.415182,-0.9298379999999999,MDV,854150
29285738,137,9487,2009,0.0,12052.0,-0.415182,-0.9298379999999999,MDV,854160
29292264,137,9488,2009,0.0,76529.0,-0.415182,-0.9298379999999999,MDV,854190
29298790,137,9489,2009,7181.0,580582.0,-0.415182,-0.9298379999999999,MDV,854211
29305316,137,9490,2009,3344.0,120126.0,-0.415182,-0.9298379999999999,MDV,854219
29311842,137,9491,2009,,,-0.415182,-0.9298379999999999,MDV,854220
29318368,137,9492,2009,,,-0.415182,-0.9298379999999999,MDV,854280
29324894,137,9493,2009,0.0,28415.0,-0.415182,-0.9298379999999999,MDV,854290
29331420,137,9494,2009,,,-0.415182,-0.9298379999999999,MDV,854310
29337946,137,9495,2009,0.0,20830.0,-0.415182,-0.9298379999999999,MDV,854320
29344472,137,9496,2009,,,-0.415182,-0.9298379999999999,MDV,854330
29350998,137,9497,2009,2257.0,590694.0,-0.415182,-0.9298379999999999,MDV,854380
29357524,137,9498,2009,0.0,304644.0,-0.415182,-0.9298379999999999,MDV,854390
29364050,137,9499,2009,0.0,37177.0,-0.415182,-0.9298379999999999,MDV,854411
29370576,137,9500,2009,0.0,193413.0,-0.415182,-0.9298379999999999,MDV,854419
29377102,137,9501,2009,0.0,734574.0,-0.415182,-0.9298379999999999,MDV,854420
29383628,137,9502,2009,0.0,26750.0,-0.415182,-0.9298379999999999,MDV,854430
29390154,137,9503,2009,0.0,207818.0,-0.415182,-0.9298379999999999,MDV,854441
29396680,137,9504,2009,,,-0.415182,-0.9298379999999999,MDV,854449
29403206,137,9505,2009,,,-0.415182,-0.9298379999999999,MDV,854451
29409732,137,9506,2009,6929.0,3799882.0,-0.415182,-0.9298379999999999,MDV,854459
29416258,137,9507,2009,0.0,1020042.0,-0.415182,-0.9298379999999999,MDV,854460
29422784,137,9508,2009,0.0,113742.0,-0.415182,-0.9298379999999999,MDV,854470
29429310,137,9509,2009,,,-0.415182,-0.9298379999999999,MDV,854511
29435836,137,9510,2009,0.0,801.0,-0.415182,-0.9298379999999999,MDV,854519
29442362,137,9511,2009,0.0,24376.0,-0.415182,-0.9298379999999999,MDV,854520
29448888,137,9512,2009,,,-0.415182,-0.9298379999999999,MDV,854590
29455414,137,9513,2009,0.0,3389.0,-0.415182,-0.9298379999999999,MDV,854610
29461940,137,9514,2009,,,-0.415182,-0.9298379999999999,MDV,854620
29468466,137,9515,2009,0.0,86768.0,-0.415182,-0.9298379999999999,MDV,854690
29474992,137,9516,2009,,,-0.415182,-0.9298379999999999,MDV,854710
29481518,137,9517,2009,0.0,206580.0,-0.415182,-0.9298379999999999,MDV,854720
29488044,137,9518,2009,0.0,276720.0,-0.415182,-0.9298379999999999,MDV,854790
29494570,137,9519,2009,0.0,72882.0,-0.415182,-0.9298379999999999,MDV,854800
29501096,137,9520,2009,,,-0.415182,-0.9298379999999999,MDV,860110
29507622,137,9521,2009,,,-0.415182,-0.9298379999999999,MDV,860120
29514148,137,9522,2009,,,-0.415182,-0.9298379999999999,MDV,860210
29520674,137,9523,2009,,,-0.415182,-0.9298379999999999,MDV,860290
29527200,137,9524,2009,,,-0.415182,-0.9298379999999999,MDV,860310
29533726,137,9525,2009,,,-0.415182,-0.9298379999999999,MDV,860390
29540252,137,9526,2009,,,-0.415182,-0.9298379999999999,MDV,860400
29546778,137,9527,2009,,,-0.415182,-0.9298379999999999,MDV,860500
29553304,137,9528,2009,,,-0.415182,-0.9298379999999999,MDV,860610
29559830,137,9529,2009,,,-0.415182,-0.9298379999999999,MDV,860620
29566356,137,9530,2009,,,-0.415182,-0.9298379999999999,MDV,860630
29572882,137,9531,2009,,,-0.415182,-0.9298379999999999,MDV,860691
29579408,137,9532,2009,,,-0.415182,-0.9298379999999999,MDV,860692
29585934,137,9533,2009,0.0,1467.0,-0.415182,-0.9298379999999999,MDV,860699
29592460,137,9534,2009,,,-0.415182,-0.9298379999999999,MDV,860711
29598986,137,9535,2009,,,-0.415182,-0.9298379999999999,MDV,860712
29605512,137,9536,2009,,,-0.415182,-0.9298379999999999,MDV,860719
29612038,137,9537,2009,,,-0.415182,-0.9298379999999999,MDV,860721
29618564,137,9538,2009,,,-0.415182,-0.9298379999999999,MDV,860729
29625090,137,9539,2009,,,-0.415182,-0.9298379999999999,MDV,860730
29631616,137,9540,2009,,,-0.415182,-0.9298379999999999,MDV,860791
29638142,137,9541,2009,,,-0.415182,-0.9298379999999999,MDV,860799
29644668,137,9542,2009,,,-0.415182,-0.9298379999999999,MDV,860800
29651194,137,9543,2009,0.0,160720.0,-0.415182,-0.9298379999999999,MDV,860900
29657720,137,9544,2009,,,-0.415182,-0.9298379999999999,MDV,870110
29664246,137,9545,2009,0.0,17355.0,-0.415182,-0.9298379999999999,MDV,870120
29670772,137,9546,2009,,,-0.415182,-0.9298379999999999,MDV,870130
29677298,137,9547,2009,0.0,105188.0,-0.415182,-0.9298379999999999,MDV,870190
29683824,137,9548,2009,0.0,73637.0,-0.415182,-0.9298379999999999,MDV,870210
29690350,137,9549,2009,0.0,48668.0,-0.415182,-0.9298379999999999,MDV,870290
29696876,137,9550,2009,22189.0,489908.0,-0.415182,-0.9298379999999999,MDV,870310
29703402,137,9551,2009,0.0,63117.0,-0.415182,-0.9298379999999999,MDV,870321
29709928,137,9552,2009,0.0,414075.0,-0.415182,-0.9298379999999999,MDV,870322
29716454,137,9553,2009,0.0,276508.0,-0.415182,-0.9298379999999999,MDV,870323
29722980,137,9554,2009,0.0,48628.0,-0.415182,-0.9298379999999999,MDV,870324
29729506,137,9555,2009,,,-0.415182,-0.9298379999999999,MDV,870331
29736032,137,9556,2009,,,-0.415182,-0.9298379999999999,MDV,870332
29742558,137,9557,2009,,,-0.415182,-0.9298379999999999,MDV,870333
29749084,137,9558,2009,0.0,7132.0,-0.415182,-0.9298379999999999,MDV,870390
29755610,137,9559,2009,0.0,805398.0,-0.415182,-0.9298379999999999,MDV,870410
29762136,137,9560,2009,10479.0,268029.0,-0.415182,-0.9298379999999999,MDV,870421
29768662,137,9561,2009,74739.0,226152.0,-0.415182,-0.9298379999999999,MDV,870422
29775188,137,9562,2009,1576.0,372528.0,-0.415182,-0.9298379999999999,MDV,870423
29781714,137,9563,2009,0.0,108598.0,-0.415182,-0.9298379999999999,MDV,870431
29788240,137,9564,2009,0.0,17375.0,-0.415182,-0.9298379999999999,MDV,870432
29794766,137,9565,2009,0.0,408122.0,-0.415182,-0.9298379999999999,MDV,870490
29801292,137,9566,2009,0.0,445531.0,-0.415182,-0.9298379999999999,MDV,870510
29807818,137,9567,2009,,,-0.415182,-0.9298379999999999,MDV,870520
29814344,137,9568,2009,0.0,587836.0,-0.415182,-0.9298379999999999,MDV,870530
29820870,137,9569,2009,,,-0.415182,-0.9298379999999999,MDV,870540
29827396,137,9570,2009,0.0,417005.0,-0.415182,-0.9298379999999999,MDV,870590
29833922,137,9571,2009,0.0,8742.0,-0.415182,-0.9298379999999999,MDV,870600
29840448,137,9572,2009,,,-0.415182,-0.9298379999999999,MDV,870710
29846974,137,9573,2009,0.0,22324.0,-0.415182,-0.9298379999999999,MDV,870790
29853500,137,9574,2009,0.0,27105.0,-0.415182,-0.9298379999999999,MDV,870810
29860026,137,9575,2009,0.0,4271.0,-0.415182,-0.9298379999999999,MDV,870821
29866552,137,9576,2009,0.0,159918.0,-0.415182,-0.9298379999999999,MDV,870829
29873078,137,9577,2009,0.0,772.0,-0.415182,-0.9298379999999999,MDV,870831
29879604,137,9578,2009,0.0,46010.0,-0.415182,-0.9298379999999999,MDV,870839
29886130,137,9579,2009,0.0,37883.0,-0.415182,-0.9298379999999999,MDV,870840
29892656,137,9580,2009,0.0,16621.0,-0.415182,-0.9298379999999999,MDV,870850
29899182,137,9581,2009,,,-0.415182,-0.9298379999999999,MDV,870860
29905708,137,9582,2009,0.0,39557.0,-0.415182,-0.9298379999999999,MDV,870870
29912234,137,9583,2009,0.0,74716.0,-0.415182,-0.9298379999999999,MDV,870880
29918760,137,9584,2009,0.0,70691.0,-0.415182,-0.9298379999999999,MDV,870891
29925286,137,9585,2009,0.0,38739.0,-0.415182,-0.9298379999999999,MDV,870892
29931812,137,9586,2009,0.0,289628.0,-0.415182,-0.9298379999999999,MDV,870893
29938338,137,9587,2009,0.0,5961.0,-0.415182,-0.9298379999999999,MDV,870894
29944864,137,9588,2009,0.0,462581.0,-0.415182,-0.9298379999999999,MDV,870899
29951390,137,9589,2009,0.0,69524.0,-0.415182,-0.9298379999999999,MDV,870911
29957916,137,9590,2009,0.0,700390.0,-0.415182,-0.9298379999999999,MDV,870919
29964442,137,9591,2009,0.0,78713.0,-0.415182,-0.9298379999999999,MDV,870990
29970968,137,9592,2009,,,-0.415182,-0.9298379999999999,MDV,871000
29977494,137,9593,2009,0.0,39316.0,-0.415182,-0.9298379999999999,MDV,871110
29984020,137,9594,2009,0.0,4352285.0,-0.415182,-0.9298379999999999,MDV,871120
29990546,137,9595,2009,0.0,22373.0,-0.415182,-0.9298379999999999,MDV,871130
29997072,137,9596,2009,0.0,1429.0,-0.415182,-0.9298379999999999,MDV,871140
30003598,137,9597,2009,,,-0.415182,-0.9298379999999999,MDV,871150
30010124,137,9598,2009,0.0,91649.0,-0.415182,-0.9298379999999999,MDV,871190
30016650,137,9599,2009,0.0,600644.0,-0.415182,-0.9298379999999999,MDV,871200
30023176,137,9600,2009,0.0,8284.0,-0.415182,-0.9298379999999999,MDV,871310
30029702,137,9601,2009,,,-0.415182,-0.9298379999999999,MDV,871390
30036228,137,9602,2009,,,-0.415182,-0.9298379999999999,MDV,871411
30042754,137,9603,2009,0.0,233824.0,-0.415182,-0.9298379999999999,MDV,871419
30049280,137,9604,2009,0.0,5599.0,-0.415182,-0.9298379999999999,MDV,871420
30055806,137,9605,2009,0.0,4508.0,-0.415182,-0.9298379999999999,MDV,871491
30062332,137,9606,2009,0.0,23298.0,-0.415182,-0.9298379999999999,MDV,871492
30068858,137,9607,2009,0.0,5330.0,-0.415182,-0.9298379999999999,MDV,871493
30075384,137,9608,2009,0.0,106237.0,-0.415182,-0.9298379999999999,MDV,871494
30081910,137,9609,2009,0.0,26189.0,-0.415182,-0.9298379999999999,MDV,871495
30088436,137,9610,2009,0.0,8653.0,-0.415182,-0.9298379999999999,MDV,871496
30094962,137,9611,2009,0.0,91440.0,-0.415182,-0.9298379999999999,MDV,871499
30101488,137,9612,2009,0.0,65712.0,-0.415182,-0.9298379999999999,MDV,871500
30108014,137,9613,2009,,,-0.415182,-0.9298379999999999,MDV,871610
30114540,137,9614,2009,,,-0.415182,-0.9298379999999999,MDV,871620
30121066,137,9615,2009,31529.0,13560.0,-0.415182,-0.9298379999999999,MDV,871631
30127592,137,9616,2009,0.0,141313.0,-0.415182,-0.9298379999999999,MDV,871639
30134118,137,9617,2009,0.0,1034.0,-0.415182,-0.9298379999999999,MDV,871640
30140644,137,9618,2009,0.0,325244.0,-0.415182,-0.9298379999999999,MDV,871680
30147170,137,9619,2009,0.0,59182.0,-0.415182,-0.9298379999999999,MDV,871690
30153696,137,9620,2009,,,-0.415182,-0.9298379999999999,MDV,880110
30160222,137,9621,2009,,,-0.415182,-0.9298379999999999,MDV,880190
30166748,137,9622,2009,,,-0.415182,-0.9298379999999999,MDV,880211
30173274,137,9623,2009,,,-0.415182,-0.9298379999999999,MDV,880212
30179800,137,9624,2009,,,-0.415182,-0.9298379999999999,MDV,880220
30186326,137,9625,2009,0.0,6794856.0,-0.415182,-0.9298379999999999,MDV,880230
30192852,137,9626,2009,0.0,1568916.0,-0.415182,-0.9298379999999999,MDV,880240
30199378,137,9627,2009,,,-0.415182,-0.9298379999999999,MDV,880250
30205904,137,9628,2009,48183.0,254366.0,-0.415182,-0.9298379999999999,MDV,880310
30212430,137,9629,2009,0.0,245737.0,-0.415182,-0.9298379999999999,MDV,880320
30218956,137,9630,2009,56900.0,2748458.0,-0.415182,-0.9298379999999999,MDV,880330
30225482,137,9631,2009,0.0,21301.0,-0.415182,-0.9298379999999999,MDV,880390
30232008,137,9632,2009,0.0,5290.0,-0.415182,-0.9298379999999999,MDV,880400
30238534,137,9633,2009,0.0,7520.0,-0.415182,-0.9298379999999999,MDV,880510
30245060,137,9634,2009,,,-0.415182,-0.9298379999999999,MDV,880520
30251586,137,9635,2009,0.0,356190.0,-0.415182,-0.9298379999999999,MDV,890110
30258112,137,9636,2009,0.0,177606.0,-0.415182,-0.9298379999999999,MDV,890120
30264638,137,9637,2009,,,-0.415182,-0.9298379999999999,MDV,890130
30271164,137,9638,2009,0.0,393121.0,-0.415182,-0.9298379999999999,MDV,890190
30277690,137,9639,2009,0.0,10223.0,-0.415182,-0.9298379999999999,MDV,890200
30284216,137,9640,2009,0.0,83076.0,-0.415182,-0.9298379999999999,MDV,890310
30290742,137,9641,2009,0.0,2603286.0,-0.415182,-0.9298379999999999,MDV,890391
30297268,137,9642,2009,0.0,386157.0,-0.415182,-0.9298379999999999,MDV,890392
30303794,137,9643,2009,112139.0,1915739.0,-0.415182,-0.9298379999999999,MDV,890399
30310320,137,9644,2009,,,-0.415182,-0.9298379999999999,MDV,890400
30316846,137,9645,2009,0.0,132726.0,-0.415182,-0.9298379999999999,MDV,890510
30323372,137,9646,2009,,,-0.415182,-0.9298379999999999,MDV,890520
30329898,137,9647,2009,0.0,24067820.0,-0.415182,-0.9298379999999999,MDV,890590
30336424,137,9648,2009,0.0,59457.0,-0.415182,-0.9298379999999999,MDV,890600
30342950,137,9649,2009,0.0,58017.0,-0.415182,-0.9298379999999999,MDV,890710
30349476,137,9650,2009,0.0,353034.0,-0.415182,-0.9298379999999999,MDV,890790
30356002,137,9651,2009,,,-0.415182,-0.9298379999999999,MDV,890800
30362528,137,9652,2009,0.0,21948.0,-0.415182,-0.9298379999999999,MDV,900110
30369054,137,9653,2009,,,-0.415182,-0.9298379999999999,MDV,900120
30375580,137,9654,2009,0.0,48811.0,-0.415182,-0.9298379999999999,MDV,900130
30382106,137,9655,2009,0.0,58843.0,-0.415182,-0.9298379999999999,MDV,900140
30388632,137,9656,2009,0.0,144421.0,-0.415182,-0.9298379999999999,MDV,900150
30395158,137,9657,2009,0.0,9392.0,-0.415182,-0.9298379999999999,MDV,900190
30401684,137,9658,2009,0.0,21160.0,-0.415182,-0.9298379999999999,MDV,900211
30408210,137,9659,2009,0.0,7755.0,-0.415182,-0.9298379999999999,MDV,900219
30414736,137,9660,2009,0.0,1739.0,-0.415182,-0.9298379999999999,MDV,900220
30421262,137,9661,2009,0.0,19294.0,-0.415182,-0.9298379999999999,MDV,900290
30427788,137,9662,2009,0.0,32115.0,-0.415182,-0.9298379999999999,MDV,900311
30434314,137,9663,2009,0.0,77887.0,-0.415182,-0.9298379999999999,MDV,900319
30440840,137,9664,2009,0.0,33593.0,-0.415182,-0.9298379999999999,MDV,900390
30447366,137,9665,2009,0.0,328797.0,-0.415182,-0.9298379999999999,MDV,900410
30453892,137,9666,2009,0.0,45785.0,-0.415182,-0.9298379999999999,MDV,900490
30460418,137,9667,2009,0.0,24156.0,-0.415182,-0.9298379999999999,MDV,900510
30466944,137,9668,2009,0.0,9203.0,-0.415182,-0.9298379999999999,MDV,900580
30473470,137,9669,2009,0.0,34881.0,-0.415182,-0.9298379999999999,MDV,900590
30479996,137,9670,2009,0.0,6347.0,-0.415182,-0.9298379999999999,MDV,900610
30486522,137,9671,2009,,,-0.415182,-0.9298379999999999,MDV,900620
30493048,137,9672,2009,0.0,128144.0,-0.415182,-0.9298379999999999,MDV,900630
30499574,137,9673,2009,,,-0.415182,-0.9298379999999999,MDV,900640
30506100,137,9674,2009,0.0,9849.0,-0.415182,-0.9298379999999999,MDV,900651
30512626,137,9675,2009,0.0,1279.0,-0.415182,-0.9298379999999999,MDV,900652
30519152,137,9676,2009,0.0,72554.0,-0.415182,-0.9298379999999999,MDV,900653
30525678,137,9677,2009,1460.0,64693.0,-0.415182,-0.9298379999999999,MDV,900659
30532204,137,9678,2009,0.0,8632.0,-0.415182,-0.9298379999999999,MDV,900661
30538730,137,9679,2009,,,-0.415182,-0.9298379999999999,MDV,900662
30545256,137,9680,2009,0.0,11113.0,-0.415182,-0.9298379999999999,MDV,900669
30551782,137,9681,2009,5278.0,221211.0,-0.415182,-0.9298379999999999,MDV,900691
30558308,137,9682,2009,0.0,102249.0,-0.415182,-0.9298379999999999,MDV,900699
30564834,137,9683,2009,0.0,991.0,-0.415182,-0.9298379999999999,MDV,900711
30571360,137,9684,2009,0.0,5603.0,-0.415182,-0.9298379999999999,MDV,900719
30577886,137,9685,2009,,,-0.415182,-0.9298379999999999,MDV,900721
30584412,137,9686,2009,0.0,23721.0,-0.415182,-0.9298379999999999,MDV,900729
30590938,137,9687,2009,0.0,16286.0,-0.415182,-0.9298379999999999,MDV,900791
30597464,137,9688,2009,0.0,1477.0,-0.415182,-0.9298379999999999,MDV,900792
30603990,137,9689,2009,0.0,8599.0,-0.415182,-0.9298379999999999,MDV,900810
30610516,137,9690,2009,0.0,1543.0,-0.415182,-0.9298379999999999,MDV,900820
30617042,137,9691,2009,0.0,5114.0,-0.415182,-0.9298379999999999,MDV,900830
30623568,137,9692,2009,,,-0.415182,-0.9298379999999999,MDV,900840
30630094,137,9693,2009,0.0,44957.0,-0.415182,-0.9298379999999999,MDV,900890
30636620,137,9694,2009,,,-0.415182,-0.9298379999999999,MDV,900911
30643146,137,9695,2009,,,-0.415182,-0.9298379999999999,MDV,900912
30649672,137,9696,2009,,,-0.415182,-0.9298379999999999,MDV,900921
30656198,137,9697,2009,,,-0.415182,-0.9298379999999999,MDV,900922
30662724,137,9698,2009,,,-0.415182,-0.9298379999999999,MDV,900930
30669250,137,9699,2009,0.0,1029.0,-0.415182,-0.9298379999999999,MDV,900990
30675776,137,9700,2009,0.0,4353.0,-0.415182,-0.9298379999999999,MDV,901010
30682302,137,9701,2009,0.0,35488.0,-0.415182,-0.9298379999999999,MDV,901020
30688828,137,9702,2009,0.0,37362.0,-0.415182,-0.9298379999999999,MDV,901030
30695354,137,9703,2009,0.0,125383.0,-0.415182,-0.9298379999999999,MDV,901090
30701880,137,9704,2009,,,-0.415182,-0.9298379999999999,MDV,901110
30708406,137,9705,2009,,,-0.415182,-0.9298379999999999,MDV,901120
30714932,137,9706,2009,0.0,16205.0,-0.415182,-0.9298379999999999,MDV,901180
30721458,137,9707,2009,0.0,2079.0,-0.415182,-0.9298379999999999,MDV,901190
30727984,137,9708,2009,0.0,5643.0,-0.415182,-0.9298379999999999,MDV,901210
30734510,137,9709,2009,0.0,4104.0,-0.415182,-0.9298379999999999,MDV,901290
30741036,137,9710,2009,0.0,4290.0,-0.415182,-0.9298379999999999,MDV,901310
30747562,137,9711,2009,0.0,3988.0,-0.415182,-0.9298379999999999,MDV,901320
30754088,137,9712,2009,0.0,20285.0,-0.415182,-0.9298379999999999,MDV,901380
30760614,137,9713,2009,,,-0.415182,-0.9298379999999999,MDV,901390
30767140,137,9714,2009,993.0,40464.0,-0.415182,-0.9298379999999999,MDV,901410
30773666,137,9715,2009,0.0,41923.0,-0.415182,-0.9298379999999999,MDV,901420
30780192,137,9716,2009,0.0,144462.0,-0.415182,-0.9298379999999999,MDV,901480
30786718,137,9717,2009,10627.0,16567.0,-0.415182,-0.9298379999999999,MDV,901490
30793244,137,9718,2009,0.0,30988.0,-0.415182,-0.9298379999999999,MDV,901510
30799770,137,9719,2009,0.0,14637.0,-0.415182,-0.9298379999999999,MDV,901520
30806296,137,9720,2009,0.0,28273.0,-0.415182,-0.9298379999999999,MDV,901530
30812822,137,9721,2009,0.0,159154.0,-0.415182,-0.9298379999999999,MDV,901540
30819348,137,9722,2009,1395.0,155720.0,-0.415182,-0.9298379999999999,MDV,901580
30825874,137,9723,2009,0.0,62133.0,-0.415182,-0.9298379999999999,MDV,901590
30832400,137,9724,2009,0.0,17390.0,-0.415182,-0.9298379999999999,MDV,901600
30838926,137,9725,2009,,,-0.415182,-0.9298379999999999,MDV,901710
30845452,137,9726,2009,0.0,30213.0,-0.415182,-0.9298379999999999,MDV,901720
30851978,137,9727,2009,0.0,95266.0,-0.415182,-0.9298379999999999,MDV,901730
30858504,137,9728,2009,0.0,32236.0,-0.415182,-0.9298379999999999,MDV,901780
30865030,137,9729,2009,0.0,1065.0,-0.415182,-0.9298379999999999,MDV,901790
30871556,137,9730,2009,0.0,19028.0,-0.415182,-0.9298379999999999,MDV,901811
30878082,137,9731,2009,0.0,88504.0,-0.415182,-0.9298379999999999,MDV,901819
30884608,137,9732,2009,0.0,5233.0,-0.415182,-0.9298379999999999,MDV,901820
30891134,137,9733,2009,0.0,153872.0,-0.415182,-0.9298379999999999,MDV,901831
30897660,137,9734,2009,0.0,170643.0,-0.415182,-0.9298379999999999,MDV,901832
30904186,137,9735,2009,0.0,268508.0,-0.415182,-0.9298379999999999,MDV,901839
30910712,137,9736,2009,0.0,24286.0,-0.415182,-0.9298379999999999,MDV,901841
30917238,137,9737,2009,1911.0,51557.0,-0.415182,-0.9298379999999999,MDV,901849
30923764,137,9738,2009,0.0,23737.0,-0.415182,-0.9298379999999999,MDV,901850
30930290,137,9739,2009,4578.0,1404708.0,-0.415182,-0.9298379999999999,MDV,901890
30936816,137,9740,2009,0.0,876393.0,-0.415182,-0.9298379999999999,MDV,901910
30943342,137,9741,2009,0.0,153661.0,-0.415182,-0.9298379999999999,MDV,901920
30949868,137,9742,2009,0.0,315312.0,-0.415182,-0.9298379999999999,MDV,902000
30956394,137,9743,2009,2184.0,50459.0,-0.415182,-0.9298379999999999,MDV,902111
30962920,137,9744,2009,0.0,97493.0,-0.415182,-0.9298379999999999,MDV,902119
30969446,137,9745,2009,0.0,1775.0,-0.415182,-0.9298379999999999,MDV,902121
30975972,137,9746,2009,,,-0.415182,-0.9298379999999999,MDV,902129
30982498,137,9747,2009,0.0,14380.0,-0.415182,-0.9298379999999999,MDV,902130
30989024,137,9748,2009,0.0,49658.0,-0.415182,-0.9298379999999999,MDV,902140
30995550,137,9749,2009,0.0,4049.0,-0.415182,-0.9298379999999999,MDV,902150
31002076,137,9750,2009,0.0,17976.0,-0.415182,-0.9298379999999999,MDV,902190
31008602,137,9751,2009,0.0,257965.0,-0.415182,-0.9298379999999999,MDV,902211
31015128,137,9752,2009,,,-0.415182,-0.9298379999999999,MDV,902219
31021654,137,9753,2009,,,-0.415182,-0.9298379999999999,MDV,902221
31028180,137,9754,2009,,,-0.415182,-0.9298379999999999,MDV,902229
31034706,137,9755,2009,0.0,2360.0,-0.415182,-0.9298379999999999,MDV,902230
31041232,137,9756,2009,0.0,94062.0,-0.415182,-0.9298379999999999,MDV,902290
31047758,137,9757,2009,9984.0,76267.0,-0.415182,-0.9298379999999999,MDV,902300
31054284,137,9758,2009,0.0,27863.0,-0.415182,-0.9298379999999999,MDV,902410
31060810,137,9759,2009,0.0,26828.0,-0.415182,-0.9298379999999999,MDV,902480
31067336,137,9760,2009,0.0,39054.0,-0.415182,-0.9298379999999999,MDV,902490
31073862,137,9761,2009,0.0,2490.0,-0.415182,-0.9298379999999999,MDV,902511
31080388,137,9762,2009,0.0,44454.0,-0.415182,-0.9298379999999999,MDV,902519
31086914,137,9763,2009,,,-0.415182,-0.9298379999999999,MDV,902520
31093440,137,9764,2009,0.0,9851.0,-0.415182,-0.9298379999999999,MDV,902580
31099966,137,9765,2009,0.0,9441.0,-0.415182,-0.9298379999999999,MDV,902590
31106492,137,9766,2009,0.0,60501.0,-0.415182,-0.9298379999999999,MDV,902610
31113018,137,9767,2009,0.0,70789.0,-0.415182,-0.9298379999999999,MDV,902620
31119544,137,9768,2009,0.0,30477.0,-0.415182,-0.9298379999999999,MDV,902680
31126070,137,9769,2009,0.0,126828.0,-0.415182,-0.9298379999999999,MDV,902690
31132596,137,9770,2009,0.0,15616.0,-0.415182,-0.9298379999999999,MDV,902710
31139122,137,9771,2009,0.0,2629.0,-0.415182,-0.9298379999999999,MDV,902720
31145648,137,9772,2009,0.0,17120.0,-0.415182,-0.9298379999999999,MDV,902730
31152174,137,9773,2009,,,-0.415182,-0.9298379999999999,MDV,902740
31158700,137,9774,2009,0.0,9052.0,-0.415182,-0.9298379999999999,MDV,902750
31165226,137,9775,2009,0.0,80116.0,-0.415182,-0.9298379999999999,MDV,902780
31171752,137,9776,2009,0.0,21865.0,-0.415182,-0.9298379999999999,MDV,902790
31178278,137,9777,2009,0.0,1831.0,-0.415182,-0.9298379999999999,MDV,902810
31184804,137,9778,2009,0.0,80366.0,-0.415182,-0.9298379999999999,MDV,902820
31191330,137,9779,2009,0.0,153433.0,-0.415182,-0.9298379999999999,MDV,902830
31197856,137,9780,2009,0.0,9708.0,-0.415182,-0.9298379999999999,MDV,902890
31204382,137,9781,2009,0.0,19207.0,-0.415182,-0.9298379999999999,MDV,902910
31210908,137,9782,2009,0.0,30218.0,-0.415182,-0.9298379999999999,MDV,902920
31217434,137,9783,2009,,,-0.415182,-0.9298379999999999,MDV,902990
31223960,137,9784,2009,0.0,3555.0,-0.415182,-0.9298379999999999,MDV,903010
31230486,137,9785,2009,0.0,2692.0,-0.415182,-0.9298379999999999,MDV,903020
31237012,137,9786,2009,0.0,15948.0,-0.415182,-0.9298379999999999,MDV,903031
31243538,137,9787,2009,0.0,30023.0,-0.415182,-0.9298379999999999,MDV,903039
31250064,137,9788,2009,0.0,80376.0,-0.415182,-0.9298379999999999,MDV,903040
31256590,137,9789,2009,0.0,43266.0,-0.415182,-0.9298379999999999,MDV,903081
31263116,137,9790,2009,6800.0,44465.0,-0.415182,-0.9298379999999999,MDV,903089
31269642,137,9791,2009,0.0,23077.0,-0.415182,-0.9298379999999999,MDV,903090
31276168,137,9792,2009,,,-0.415182,-0.9298379999999999,MDV,903110
31282694,137,9793,2009,0.0,1706.0,-0.415182,-0.9298379999999999,MDV,903120
31289220,137,9794,2009,,,-0.415182,-0.9298379999999999,MDV,903130
31295746,137,9795,2009,0.0,8588.0,-0.415182,-0.9298379999999999,MDV,903140
31302272,137,9796,2009,13396.0,268936.0,-0.415182,-0.9298379999999999,MDV,903180
31308798,137,9797,2009,0.0,44871.0,-0.415182,-0.9298379999999999,MDV,903190
31315324,137,9798,2009,8236.0,45346.0,-0.415182,-0.9298379999999999,MDV,903210
31321850,137,9799,2009,0.0,123495.0,-0.415182,-0.9298379999999999,MDV,903220
31328376,137,9800,2009,0.0,19642.0,-0.415182,-0.9298379999999999,MDV,903281
31334902,137,9801,2009,3101.0,150505.0,-0.415182,-0.9298379999999999,MDV,903289
31341428,137,9802,2009,17832.0,129692.0,-0.415182,-0.9298379999999999,MDV,903290
31347954,137,9803,2009,0.0,153527.0,-0.415182,-0.9298379999999999,MDV,903300
31354480,137,9804,2009,0.0,16294.0,-0.415182,-0.9298379999999999,MDV,910111
31361006,137,9805,2009,,,-0.415182,-0.9298379999999999,MDV,910112
31367532,137,9806,2009,0.0,7964.0,-0.415182,-0.9298379999999999,MDV,910119
31374058,137,9807,2009,0.0,502179.0,-0.415182,-0.9298379999999999,MDV,910121
31380584,137,9808,2009,,,-0.415182,-0.9298379999999999,MDV,910129
31387110,137,9809,2009,,,-0.415182,-0.9298379999999999,MDV,910191
31393636,137,9810,2009,0.0,4221.0,-0.415182,-0.9298379999999999,MDV,910199
31400162,137,9811,2009,0.0,382987.0,-0.415182,-0.9298379999999999,MDV,910211
31406688,137,9812,2009,0.0,6707.0,-0.415182,-0.9298379999999999,MDV,910212
31413214,137,9813,2009,0.0,116954.0,-0.415182,-0.9298379999999999,MDV,910219
31419740,137,9814,2009,0.0,32713.0,-0.415182,-0.9298379999999999,MDV,910221
31426266,137,9815,2009,0.0,559846.0,-0.415182,-0.9298379999999999,MDV,910229
31432792,137,9816,2009,,,-0.415182,-0.9298379999999999,MDV,910291
31439318,137,9817,2009,0.0,46920.0,-0.415182,-0.9298379999999999,MDV,910299
31445844,137,9818,2009,,,-0.415182,-0.9298379999999999,MDV,910310
31452370,137,9819,2009,0.0,5319.0,-0.415182,-0.9298379999999999,MDV,910390
31458896,137,9820,2009,,,-0.415182,-0.9298379999999999,MDV,910400
31465422,137,9821,2009,0.0,8713.0,-0.415182,-0.9298379999999999,MDV,910511
31471948,137,9822,2009,0.0,20934.0,-0.415182,-0.9298379999999999,MDV,910519
31478474,137,9823,2009,0.0,24504.0,-0.415182,-0.9298379999999999,MDV,910521
31485000,137,9824,2009,0.0,39778.0,-0.415182,-0.9298379999999999,MDV,910529
31491526,137,9825,2009,0.0,1184.0,-0.415182,-0.9298379999999999,MDV,910591
31498052,137,9826,2009,0.0,16929.0,-0.415182,-0.9298379999999999,MDV,910599
31504578,137,9827,2009,0.0,69379.0,-0.415182,-0.9298379999999999,MDV,910610
31511104,137,9828,2009,,,-0.415182,-0.9298379999999999,MDV,910620
31517630,137,9829,2009,0.0,5669.0,-0.415182,-0.9298379999999999,MDV,910690
31524156,137,9830,2009,0.0,30382.0,-0.415182,-0.9298379999999999,MDV,910700
31530682,137,9831,2009,0.0,580.0,-0.415182,-0.9298379999999999,MDV,910811
31537208,137,9832,2009,,,-0.415182,-0.9298379999999999,MDV,910812
31543734,137,9833,2009,0.0,1892.0,-0.415182,-0.9298379999999999,MDV,910819
31550260,137,9834,2009,,,-0.415182,-0.9298379999999999,MDV,910820
31556786,137,9835,2009,,,-0.415182,-0.9298379999999999,MDV,910891
31563312,137,9836,2009,,,-0.415182,-0.9298379999999999,MDV,910899
31569838,137,9837,2009,,,-0.415182,-0.9298379999999999,MDV,910911
31576364,137,9838,2009,,,-0.415182,-0.9298379999999999,MDV,910919
31582890,137,9839,2009,,,-0.415182,-0.9298379999999999,MDV,910990
31589416,137,9840,2009,,,-0.415182,-0.9298379999999999,MDV,911011
31595942,137,9841,2009,,,-0.415182,-0.9298379999999999,MDV,911012
31602468,137,9842,2009,,,-0.415182,-0.9298379999999999,MDV,911019
31608994,137,9843,2009,,,-0.415182,-0.9298379999999999,MDV,911090
31615520,137,9844,2009,,,-0.415182,-0.9298379999999999,MDV,911110
31622046,137,9845,2009,,,-0.415182,-0.9298379999999999,MDV,911120
31628572,137,9846,2009,0.0,536.0,-0.415182,-0.9298379999999999,MDV,911180
31635098,137,9847,2009,0.0,5389.0,-0.415182,-0.9298379999999999,MDV,911190
31641624,137,9848,2009,,,-0.415182,-0.9298379999999999,MDV,911210
31648150,137,9849,2009,0.0,2167.0,-0.415182,-0.9298379999999999,MDV,911280
31654676,137,9850,2009,,,-0.415182,-0.9298379999999999,MDV,911290
31661202,137,9851,2009,,,-0.415182,-0.9298379999999999,MDV,911310
31667728,137,9852,2009,0.0,429.0,-0.415182,-0.9298379999999999,MDV,911320
31674254,137,9853,2009,0.0,51916.0,-0.415182,-0.9298379999999999,MDV,911390
31680780,137,9854,2009,,,-0.415182,-0.9298379999999999,MDV,911410
31687306,137,9855,2009,,,-0.415182,-0.9298379999999999,MDV,911420
31693832,137,9856,2009,,,-0.415182,-0.9298379999999999,MDV,911430
31700358,137,9857,2009,,,-0.415182,-0.9298379999999999,MDV,911440
31706884,137,9858,2009,0.0,8803.0,-0.415182,-0.9298379999999999,MDV,911490
31713410,137,9859,2009,,,-0.415182,-0.9298379999999999,MDV,920110
31719936,137,9860,2009,,,-0.415182,-0.9298379999999999,MDV,920120
31726462,137,9861,2009,0.0,1628.0,-0.415182,-0.9298379999999999,MDV,920190
31732988,137,9862,2009,0.0,3557.0,-0.415182,-0.9298379999999999,MDV,920210
31739514,137,9863,2009,0.0,34735.0,-0.415182,-0.9298379999999999,MDV,920290
31746040,137,9864,2009,,,-0.415182,-0.9298379999999999,MDV,920300
31752566,137,9865,2009,,,-0.415182,-0.9298379999999999,MDV,920410
31759092,137,9866,2009,,,-0.415182,-0.9298379999999999,MDV,920420
31765618,137,9867,2009,0.0,1507.0,-0.415182,-0.9298379999999999,MDV,920510
31772144,137,9868,2009,0.0,1016.0,-0.415182,-0.9298379999999999,MDV,920590
31778670,137,9869,2009,0.0,10210.0,-0.415182,-0.9298379999999999,MDV,920600
31785196,137,9870,2009,0.0,10317.0,-0.415182,-0.9298379999999999,MDV,920710
31791722,137,9871,2009,0.0,23398.0,-0.415182,-0.9298379999999999,MDV,920790
31798248,137,9872,2009,,,-0.415182,-0.9298379999999999,MDV,920810
31804774,137,9873,2009,0.0,10113.0,-0.415182,-0.9298379999999999,MDV,920890
31811300,137,9874,2009,,,-0.415182,-0.9298379999999999,MDV,920910
31817826,137,9875,2009,,,-0.415182,-0.9298379999999999,MDV,920920
31824352,137,9876,2009,0.0,2040.0,-0.415182,-0.9298379999999999,MDV,920930
31830878,137,9877,2009,,,-0.415182,-0.9298379999999999,MDV,920991
31837404,137,9878,2009,0.0,2384.0,-0.415182,-0.9298379999999999,MDV,920992
31843930,137,9879,2009,,,-0.415182,-0.9298379999999999,MDV,920993
31850456,137,9880,2009,0.0,5365.0,-0.415182,-0.9298379999999999,MDV,920994
31856982,137,9881,2009,0.0,17655.0,-0.415182,-0.9298379999999999,MDV,920999
31863508,137,9882,2009,,,-0.415182,-0.9298379999999999,MDV,930100
31870034,137,9883,2009,,,-0.415182,-0.9298379999999999,MDV,930200
31876560,137,9884,2009,,,-0.415182,-0.9298379999999999,MDV,930310
31883086,137,9885,2009,,,-0.415182,-0.9298379999999999,MDV,930320
31889612,137,9886,2009,0.0,8283.0,-0.415182,-0.9298379999999999,MDV,930330
31896138,137,9887,2009,,,-0.415182,-0.9298379999999999,MDV,930390
31902664,137,9888,2009,,,-0.415182,-0.9298379999999999,MDV,930400
31909190,137,9889,2009,,,-0.415182,-0.9298379999999999,MDV,930510
31915716,137,9890,2009,,,-0.415182,-0.9298379999999999,MDV,930521
31922242,137,9891,2009,,,-0.415182,-0.9298379999999999,MDV,930529
31928768,137,9892,2009,,,-0.415182,-0.9298379999999999,MDV,930590
31935294,137,9893,2009,,,-0.415182,-0.9298379999999999,MDV,930610
31941820,137,9894,2009,,,-0.415182,-0.9298379999999999,MDV,930621
31948346,137,9895,2009,,,-0.415182,-0.9298379999999999,MDV,930629
31954872,137,9896,2009,0.0,1686.0,-0.415182,-0.9298379999999999,MDV,930630
31961398,137,9897,2009,,,-0.415182,-0.9298379999999999,MDV,930690
31967924,137,9898,2009,,,-0.415182,-0.9298379999999999,MDV,930700
31974450,137,9899,2009,0.0,55279.0,-0.415182,-0.9298379999999999,MDV,940110
31980976,137,9900,2009,0.0,6592.0,-0.415182,-0.9298379999999999,MDV,940120
31987502,137,9901,2009,0.0,313645.0,-0.415182,-0.9298379999999999,MDV,940130
31994028,137,9902,2009,0.0,138805.0,-0.415182,-0.9298379999999999,MDV,940140
32000554,137,9903,2009,0.0,149116.0,-0.415182,-0.9298379999999999,MDV,940150
32007080,137,9904,2009,0.0,824039.0,-0.415182,-0.9298379999999999,MDV,940161
32013606,137,9905,2009,0.0,336948.0,-0.415182,-0.9298379999999999,MDV,940169
32020132,137,9906,2009,0.0,415922.0,-0.415182,-0.9298379999999999,MDV,940171
32026658,137,9907,2009,0.0,230635.0,-0.415182,-0.9298379999999999,MDV,940179
32033184,137,9908,2009,0.0,517235.0,-0.415182,-0.9298379999999999,MDV,940180
32039710,137,9909,2009,0.0,213843.0,-0.415182,-0.9298379999999999,MDV,940190
32046236,137,9910,2009,0.0,55414.0,-0.415182,-0.9298379999999999,MDV,940210
32052762,137,9911,2009,0.0,188320.0,-0.415182,-0.9298379999999999,MDV,940290
32059288,137,9912,2009,10158.0,362224.0,-0.415182,-0.9298379999999999,MDV,940310
32065814,137,9913,2009,1754.0,1412313.0,-0.415182,-0.9298379999999999,MDV,940320
32072340,137,9914,2009,0.0,840408.0,-0.415182,-0.9298379999999999,MDV,940330
32078866,137,9915,2009,0.0,452954.0,-0.415182,-0.9298379999999999,MDV,940340
32085392,137,9916,2009,0.0,1692367.0,-0.415182,-0.9298379999999999,MDV,940350
32091918,137,9917,2009,29142.0,3898286.0,-0.415182,-0.9298379999999999,MDV,940360
32098444,137,9918,2009,0.0,289646.0,-0.415182,-0.9298379999999999,MDV,940370
32104970,137,9919,2009,0.0,2065996.0,-0.415182,-0.9298379999999999,MDV,940380
32111496,137,9920,2009,0.0,681689.0,-0.415182,-0.9298379999999999,MDV,940390
32118022,137,9921,2009,0.0,190410.0,-0.415182,-0.9298379999999999,MDV,940410
32124548,137,9922,2009,0.0,253228.0,-0.415182,-0.9298379999999999,MDV,940421
32131074,137,9923,2009,0.0,824852.0,-0.415182,-0.9298379999999999,MDV,940429
32137600,137,9924,2009,0.0,14093.0,-0.415182,-0.9298379999999999,MDV,940430
32144126,137,9925,2009,0.0,1138459.0,-0.415182,-0.9298379999999999,MDV,940490
32150652,137,9926,2009,4201.0,678953.0,-0.415182,-0.9298379999999999,MDV,940510
32157178,137,9927,2009,0.0,275239.0,-0.415182,-0.9298379999999999,MDV,940520
32163704,137,9928,2009,0.0,296209.0,-0.415182,-0.9298379999999999,MDV,940530
32170230,137,9929,2009,11850.0,1171084.0,-0.415182,-0.9298379999999999,MDV,940540
32176756,137,9930,2009,0.0,106543.0,-0.415182,-0.9298379999999999,MDV,940550
32183282,137,9931,2009,0.0,70890.0,-0.415182,-0.9298379999999999,MDV,940560
32189808,137,9932,2009,0.0,124686.0,-0.415182,-0.9298379999999999,MDV,940591
32196334,137,9933,2009,0.0,184796.0,-0.415182,-0.9298379999999999,MDV,940592
32202860,137,9934,2009,1237.0,438940.0,-0.415182,-0.9298379999999999,MDV,940599
32209386,137,9935,2009,0.0,5064094.0,-0.415182,-0.9298379999999999,MDV,940600
32215912,137,9936,2009,,,-0.415182,-0.9298379999999999,MDV,950100
32222438,137,9937,2009,,,-0.415182,-0.9298379999999999,MDV,950210
32228964,137,9938,2009,,,-0.415182,-0.9298379999999999,MDV,950291
32235490,137,9939,2009,,,-0.415182,-0.9298379999999999,MDV,950299
32242016,137,9940,2009,,,-0.415182,-0.9298379999999999,MDV,950310
32248542,137,9941,2009,,,-0.415182,-0.9298379999999999,MDV,950320
32255068,137,9942,2009,,,-0.415182,-0.9298379999999999,MDV,950330
32261594,137,9943,2009,,,-0.415182,-0.9298379999999999,MDV,950341
32268120,137,9944,2009,,,-0.415182,-0.9298379999999999,MDV,950349
32274646,137,9945,2009,,,-0.415182,-0.9298379999999999,MDV,950350
32281172,137,9946,2009,,,-0.415182,-0.9298379999999999,MDV,950360
32287698,137,9947,2009,,,-0.415182,-0.9298379999999999,MDV,950370
32294224,137,9948,2009,,,-0.415182,-0.9298379999999999,MDV,950380
32300750,137,9949,2009,0.0,609680.0,-0.415182,-0.9298379999999999,MDV,950390
32307276,137,9950,2009,0.0,232773.0,-0.415182,-0.9298379999999999,MDV,950410
32313802,137,9951,2009,0.0,56056.0,-0.415182,-0.9298379999999999,MDV,950420
32320328,137,9952,2009,0.0,52040.0,-0.415182,-0.9298379999999999,MDV,950430
32326854,137,9953,2009,0.0,36226.0,-0.415182,-0.9298379999999999,MDV,950440
32333380,137,9954,2009,0.0,109205.0,-0.415182,-0.9298379999999999,MDV,950490
32339906,137,9955,2009,0.0,120220.0,-0.415182,-0.9298379999999999,MDV,950510
32346432,137,9956,2009,0.0,24949.0,-0.415182,-0.9298379999999999,MDV,950590
32352958,137,9957,2009,,,-0.415182,-0.9298379999999999,MDV,950611
32359484,137,9958,2009,,,-0.415182,-0.9298379999999999,MDV,950612
32366010,137,9959,2009,0.0,5321.0,-0.415182,-0.9298379999999999,MDV,950619
32372536,137,9960,2009,0.0,49713.0,-0.415182,-0.9298379999999999,MDV,950621
32379062,137,9961,2009,1874.0,993765.0,-0.415182,-0.9298379999999999,MDV,950629
32385588,137,9962,2009,,,-0.415182,-0.9298379999999999,MDV,950631
32392114,137,9963,2009,0.0,6035.0,-0.415182,-0.9298379999999999,MDV,950632
32398640,137,9964,2009,0.0,116825.0,-0.415182,-0.9298379999999999,MDV,950639
32405166,137,9965,2009,0.0,7536.0,-0.415182,-0.9298379999999999,MDV,950640
32411692,137,9966,2009,0.0,6838.0,-0.415182,-0.9298379999999999,MDV,950651
32418218,137,9967,2009,0.0,46166.0,-0.415182,-0.9298379999999999,MDV,950659
32424744,137,9968,2009,0.0,1553.0,-0.415182,-0.9298379999999999,MDV,950661
32431270,137,9969,2009,0.0,31741.0,-0.415182,-0.9298379999999999,MDV,950662
32437796,137,9970,2009,0.0,28768.0,-0.415182,-0.9298379999999999,MDV,950669
32444322,137,9971,2009,0.0,303272.0,-0.415182,-0.9298379999999999,MDV,950670
32450848,137,9972,2009,0.0,622976.0,-0.415182,-0.9298379999999999,MDV,950691
32457374,137,9973,2009,7400.0,565520.0,-0.415182,-0.9298379999999999,MDV,950699
32463900,137,9974,2009,0.0,91792.0,-0.415182,-0.9298379999999999,MDV,950710
32470426,137,9975,2009,0.0,80844.0,-0.415182,-0.9298379999999999,MDV,950720
32476952,137,9976,2009,0.0,32354.0,-0.415182,-0.9298379999999999,MDV,950730
32483478,137,9977,2009,0.0,158274.0,-0.415182,-0.9298379999999999,MDV,950790
32490004,137,9978,2009,0.0,55744.0,-0.415182,-0.9298379999999999,MDV,950800
32496530,137,9979,2009,,,-0.415182,-0.9298379999999999,MDV,960110
32503056,137,9980,2009,0.0,84117.0,-0.415182,-0.9298379999999999,MDV,960190
32509582,137,9981,2009,0.0,104583.0,-0.415182,-0.9298379999999999,MDV,960200
32516108,137,9982,2009,0.0,64149.0,-0.415182,-0.9298379999999999,MDV,960310
32522634,137,9983,2009,0.0,400566.0,-0.415182,-0.9298379999999999,MDV,960321
32529160,137,9984,2009,0.0,32442.0,-0.415182,-0.9298379999999999,MDV,960329
32535686,137,9985,2009,0.0,82425.0,-0.415182,-0.9298379999999999,MDV,960330
32542212,137,9986,2009,0.0,122588.0,-0.415182,-0.9298379999999999,MDV,960340
32548738,137,9987,2009,0.0,9858.0,-0.415182,-0.9298379999999999,MDV,960350
32555264,137,9988,2009,0.0,162583.0,-0.415182,-0.9298379999999999,MDV,960390
32561790,137,9989,2009,0.0,29892.0,-0.415182,-0.9298379999999999,MDV,960400
32568316,137,9990,2009,0.0,226958.0,-0.415182,-0.9298379999999999,MDV,960500
32574842,137,9991,2009,0.0,2165.0,-0.415182,-0.9298379999999999,MDV,960610
32581368,137,9992,2009,0.0,2262.0,-0.415182,-0.9298379999999999,MDV,960621
32587894,137,9993,2009,0.0,5110.0,-0.415182,-0.9298379999999999,MDV,960622
32594420,137,9994,2009,0.0,16778.0,-0.415182,-0.9298379999999999,MDV,960629
32600946,137,9995,2009,,,-0.415182,-0.9298379999999999,MDV,960630
32607472,137,9996,2009,0.0,2055.0,-0.415182,-0.9298379999999999,MDV,960711
32613998,137,9997,2009,0.0,16623.0,-0.415182,-0.9298379999999999,MDV,960719
32620524,137,9998,2009,0.0,6131.0,-0.415182,-0.9298379999999999,MDV,960720
32627050,137,9999,2009,0.0,276261.0,-0.415182,-0.9298379999999999,MDV,960810
32633576,137,10000,2009,0.0,147133.0,-0.415182,-0.9298379999999999,MDV,960820
32640102,137,10001,2009,0.0,13061.0,-0.415182,-0.9298379999999999,MDV,960831
32646628,137,10002,2009,0.0,13224.0,-0.415182,-0.9298379999999999,MDV,960839
32653154,137,10003,2009,0.0,2159.0,-0.415182,-0.9298379999999999,MDV,960840
32659680,137,10004,2009,0.0,11244.0,-0.415182,-0.9298379999999999,MDV,960850
32666206,137,10005,2009,0.0,15674.0,-0.415182,-0.9298379999999999,MDV,960860
32672732,137,10006,2009,0.0,2071.0,-0.415182,-0.9298379999999999,MDV,960891
32679258,137,10007,2009,0.0,35804.0,-0.415182,-0.9298379999999999,MDV,960899
32685784,137,10008,2009,0.0,110922.0,-0.415182,-0.9298379999999999,MDV,960910
32692310,137,10009,2009,0.0,34734.0,-0.415182,-0.9298379999999999,MDV,960920
32698836,137,10010,2009,0.0,184588.0,-0.415182,-0.9298379999999999,MDV,960990
32705362,137,10011,2009,0.0,42037.0,-0.415182,-0.9298379999999999,MDV,961000
32711888,137,10012,2009,0.0,34335.0,-0.415182,-0.9298379999999999,MDV,961100
32718414,137,10013,2009,0.0,154893.0,-0.415182,-0.9298379999999999,MDV,961210
32724940,137,10014,2009,0.0,3592.0,-0.415182,-0.9298379999999999,MDV,961220
32731466,137,10015,2009,0.0,37208.0,-0.415182,-0.9298379999999999,MDV,961310
32737992,137,10016,2009,0.0,14445.0,-0.415182,-0.9298379999999999,MDV,961320
32744518,137,10017,2009,,,-0.415182,-0.9298379999999999,MDV,961330
32751044,137,10018,2009,0.0,35302.0,-0.415182,-0.9298379999999999,MDV,961380
32757570,137,10019,2009,0.0,5267.0,-0.415182,-0.9298379999999999,MDV,961390
32764096,137,10020,2009,,,-0.415182,-0.9298379999999999,MDV,961410
32770622,137,10021,2009,0.0,18195.0,-0.415182,-0.9298379999999999,MDV,961420
32777148,137,10022,2009,,,-0.415182,-0.9298379999999999,MDV,961490
32783674,137,10023,2009,0.0,24678.0,-0.415182,-0.9298379999999999,MDV,961511
32790200,137,10024,2009,0.0,5113.0,-0.415182,-0.9298379999999999,MDV,961519
32796726,137,10025,2009,0.0,11483.0,-0.415182,-0.9298379999999999,MDV,961590
32803252,137,10026,2009,0.0,24414.0,-0.415182,-0.9298379999999999,MDV,961610
32809778,137,10027,2009,0.0,17429.0,-0.415182,-0.9298379999999999,MDV,961620
32816304,137,10028,2009,0.0,81162.0,-0.415182,-0.9298379999999999,MDV,961700
32822830,137,10029,2009,0.0,9169.0,-0.415182,-0.9298379999999999,MDV,961800
32829356,137,10030,2009,0.0,12276.0,-0.415182,-0.9298379999999999,MDV,970110
32835882,137,10031,2009,0.0,38155.0,-0.415182,-0.9298379999999999,MDV,970190
32842408,137,10032,2009,,,-0.415182,-0.9298379999999999,MDV,970200
32848934,137,10033,2009,,,-0.415182,-0.9298379999999999,MDV,970300
32855460,137,10034,2009,8816.0,20146.0,-0.415182,-0.9298379999999999,MDV,970400
32861986,137,10035,2009,,,-0.415182,-0.9298379999999999,MDV,970500
32868512,137,10036,2009,,,-0.415182,-0.9298379999999999,MDV,970600
32875038,137,10037,2009,8070773.0,23886238.0,-0.415182,-0.9298379999999999,MDV,999999
32881564,137,10038,2009,,,-0.415182,-0.9298379999999999,MDV,9999AA
32888090,137,10039,2009,,,-0.415182,-0.9298379999999999,MDV,XXXXXX
32893595,137,11003,2009,33134780.0,69544536.0,-0.415182,-0.9298379999999999,MDV,ict
32897952,137,11004,2009,796154.31,19513242.0,-0.415182,-0.9298379999999999,MDV,financial
32902309,137,11002,2009,36524768.0,134792144.0,-0.415182,-0.9298379999999999,MDV,transport
32906666,137,11001,2009,1470000000.0,174472016.0,-0.415182,-0.9298379999999999,MDV,travel
32911023,137,11000,2009,0.0,0.0,-0.415182,-0.9298379999999999,MDV,unspecified
