,location_id,product_id,year,export_value,import_value,hs_eci,hs_coi,location_code,hs_product_code
494,19,5000,1995,,,-1.142708,-0.9045280000000001,BEN,010111
7020,19,5001,1995,,,-1.142708,-0.9045280000000001,BEN,010119
13546,19,5002,1995,,,-1.142708,-0.9045280000000001,BEN,010120
20072,19,5003,1995,,,-1.142708,-0.9045280000000001,BEN,010210
26598,19,5004,1995,0.0,35423.0,-1.142708,-0.9045280000000001,BEN,010290
33124,19,5005,1995,,,-1.142708,-0.9045280000000001,BEN,010310
39650,19,5006,1995,,,-1.142708,-0.9045280000000001,BEN,010391
46176,19,5007,1995,,,-1.142708,-0.9045280000000001,BEN,010392
52702,19,5008,1995,1964.0,132674.0,-1.142708,-0.9045280000000001,BEN,010410
59228,19,5009,1995,0.0,149559.0,-1.142708,-0.9045280000000001,BEN,010420
65754,19,5010,1995,1719.0,46898.0,-1.142708,-0.9045280000000001,BEN,010511
72280,19,5011,1995,0.0,1006.0,-1.142708,-0.9045280000000001,BEN,010519
78806,19,5012,1995,,,-1.142708,-0.9045280000000001,BEN,010591
85332,19,5013,1995,,,-1.142708,-0.9045280000000001,BEN,010599
91858,19,5014,1995,1155243.0,5606.0,-1.142708,-0.9045280000000001,BEN,010600
98384,19,5015,1995,,,-1.142708,-0.9045280000000001,BEN,020110
104910,19,5016,1995,0.0,1208.0,-1.142708,-0.9045280000000001,BEN,020120
111436,19,5017,1995,0.0,136088.0,-1.142708,-0.9045280000000001,BEN,020130
117962,19,5018,1995,,,-1.142708,-0.9045280000000001,BEN,020210
124488,19,5019,1995,0.0,90122.0,-1.142708,-0.9045280000000001,BEN,020220
131014,19,5020,1995,0.0,3125074.0,-1.142708,-0.9045280000000001,BEN,020230
137540,19,5021,1995,,,-1.142708,-0.9045280000000001,BEN,020311
144066,19,5022,1995,0.0,6648.0,-1.142708,-0.9045280000000001,BEN,020312
150592,19,5023,1995,,,-1.142708,-0.9045280000000001,BEN,020319
157118,19,5024,1995,,,-1.142708,-0.9045280000000001,BEN,020321
163644,19,5025,1995,,,-1.142708,-0.9045280000000001,BEN,020322
170170,19,5026,1995,0.0,53652.0,-1.142708,-0.9045280000000001,BEN,020329
176696,19,5027,1995,0.0,1410.0,-1.142708,-0.9045280000000001,BEN,020410
183222,19,5028,1995,,,-1.142708,-0.9045280000000001,BEN,020421
189748,19,5029,1995,,,-1.142708,-0.9045280000000001,BEN,020422
196274,19,5030,1995,,,-1.142708,-0.9045280000000001,BEN,020423
202800,19,5031,1995,,,-1.142708,-0.9045280000000001,BEN,020430
209326,19,5032,1995,,,-1.142708,-0.9045280000000001,BEN,020441
215852,19,5033,1995,0.0,10676.0,-1.142708,-0.9045280000000001,BEN,020442
222378,19,5034,1995,,,-1.142708,-0.9045280000000001,BEN,020443
228904,19,5035,1995,,,-1.142708,-0.9045280000000001,BEN,020450
235430,19,5036,1995,,,-1.142708,-0.9045280000000001,BEN,020500
241956,19,5037,1995,,,-1.142708,-0.9045280000000001,BEN,020610
248482,19,5038,1995,,,-1.142708,-0.9045280000000001,BEN,020621
255008,19,5039,1995,,,-1.142708,-0.9045280000000001,BEN,020622
261534,19,5040,1995,0.0,29701.0,-1.142708,-0.9045280000000001,BEN,020629
268060,19,5041,1995,,,-1.142708,-0.9045280000000001,BEN,020630
274586,19,5042,1995,,,-1.142708,-0.9045280000000001,BEN,020641
281112,19,5043,1995,0.0,14303.0,-1.142708,-0.9045280000000001,BEN,020649
287638,19,5044,1995,,,-1.142708,-0.9045280000000001,BEN,020680
294164,19,5045,1995,,,-1.142708,-0.9045280000000001,BEN,020690
300690,19,5046,1995,,,-1.142708,-0.9045280000000001,BEN,020710
307216,19,5047,1995,0.0,541901.0,-1.142708,-0.9045280000000001,BEN,020721
313742,19,5048,1995,0.0,3021.0,-1.142708,-0.9045280000000001,BEN,020722
320268,19,5049,1995,,,-1.142708,-0.9045280000000001,BEN,020723
326794,19,5050,1995,,,-1.142708,-0.9045280000000001,BEN,020731
333320,19,5051,1995,18147.0,52809.0,-1.142708,-0.9045280000000001,BEN,020739
339846,19,5052,1995,0.0,3477217.0,-1.142708,-0.9045280000000001,BEN,020741
346372,19,5053,1995,0.0,6165710.0,-1.142708,-0.9045280000000001,BEN,020742
352898,19,5054,1995,0.0,3021.0,-1.142708,-0.9045280000000001,BEN,020743
359424,19,5055,1995,,,-1.142708,-0.9045280000000001,BEN,020750
365950,19,5056,1995,,,-1.142708,-0.9045280000000001,BEN,020810
372476,19,5057,1995,,,-1.142708,-0.9045280000000001,BEN,020820
379002,19,5058,1995,,,-1.142708,-0.9045280000000001,BEN,020890
385528,19,5059,1995,,,-1.142708,-0.9045280000000001,BEN,020900
392054,19,5060,1995,,,-1.142708,-0.9045280000000001,BEN,021011
398580,19,5061,1995,0.0,1813.0,-1.142708,-0.9045280000000001,BEN,021012
405106,19,5062,1995,0.0,5036.0,-1.142708,-0.9045280000000001,BEN,021019
411632,19,5063,1995,,,-1.142708,-0.9045280000000001,BEN,021020
418158,19,5064,1995,0.0,1410.0,-1.142708,-0.9045280000000001,BEN,021090
424684,19,5065,1995,29407.0,0.0,-1.142708,-0.9045280000000001,BEN,030110
431210,19,5066,1995,,,-1.142708,-0.9045280000000001,BEN,030191
437736,19,5067,1995,,,-1.142708,-0.9045280000000001,BEN,030192
444262,19,5068,1995,,,-1.142708,-0.9045280000000001,BEN,030193
450788,19,5069,1995,,,-1.142708,-0.9045280000000001,BEN,030199
457314,19,5070,1995,,,-1.142708,-0.9045280000000001,BEN,030211
463840,19,5071,1995,0.0,1410.0,-1.142708,-0.9045280000000001,BEN,030212
470366,19,5072,1995,,,-1.142708,-0.9045280000000001,BEN,030219
476892,19,5073,1995,,,-1.142708,-0.9045280000000001,BEN,030221
483418,19,5074,1995,,,-1.142708,-0.9045280000000001,BEN,030222
489944,19,5075,1995,,,-1.142708,-0.9045280000000001,BEN,030223
496470,19,5076,1995,,,-1.142708,-0.9045280000000001,BEN,030229
502996,19,5077,1995,,,-1.142708,-0.9045280000000001,BEN,030231
509522,19,5078,1995,,,-1.142708,-0.9045280000000001,BEN,030232
516048,19,5079,1995,,,-1.142708,-0.9045280000000001,BEN,030233
522574,19,5080,1995,,,-1.142708,-0.9045280000000001,BEN,030239
529100,19,5081,1995,,,-1.142708,-0.9045280000000001,BEN,030240
535626,19,5082,1995,,,-1.142708,-0.9045280000000001,BEN,030250
542152,19,5083,1995,,,-1.142708,-0.9045280000000001,BEN,030261
548678,19,5084,1995,,,-1.142708,-0.9045280000000001,BEN,030262
555204,19,5085,1995,,,-1.142708,-0.9045280000000001,BEN,030263
561730,19,5086,1995,,,-1.142708,-0.9045280000000001,BEN,030264
568256,19,5087,1995,,,-1.142708,-0.9045280000000001,BEN,030265
574782,19,5088,1995,,,-1.142708,-0.9045280000000001,BEN,030266
581308,19,5089,1995,1137.0,2014.0,-1.142708,-0.9045280000000001,BEN,030269
587834,19,5090,1995,0.0,1208.0,-1.142708,-0.9045280000000001,BEN,030270
594360,19,5091,1995,0.0,25495.0,-1.142708,-0.9045280000000001,BEN,030310
600886,19,5092,1995,,,-1.142708,-0.9045280000000001,BEN,030321
607412,19,5093,1995,,,-1.142708,-0.9045280000000001,BEN,030322
613938,19,5094,1995,0.0,198866.0,-1.142708,-0.9045280000000001,BEN,030329
620464,19,5095,1995,,,-1.142708,-0.9045280000000001,BEN,030331
626990,19,5096,1995,,,-1.142708,-0.9045280000000001,BEN,030332
633516,19,5097,1995,,,-1.142708,-0.9045280000000001,BEN,030333
640042,19,5098,1995,0.0,40083.0,-1.142708,-0.9045280000000001,BEN,030339
646568,19,5099,1995,,,-1.142708,-0.9045280000000001,BEN,030341
653094,19,5100,1995,,,-1.142708,-0.9045280000000001,BEN,030342
659620,19,5101,1995,,,-1.142708,-0.9045280000000001,BEN,030343
666146,19,5102,1995,,,-1.142708,-0.9045280000000001,BEN,030349
672672,19,5103,1995,0.0,4249.0,-1.142708,-0.9045280000000001,BEN,030350
679198,19,5104,1995,,,-1.142708,-0.9045280000000001,BEN,030360
685724,19,5105,1995,,,-1.142708,-0.9045280000000001,BEN,030371
692250,19,5106,1995,,,-1.142708,-0.9045280000000001,BEN,030372
698776,19,5107,1995,,,-1.142708,-0.9045280000000001,BEN,030373
705302,19,5108,1995,0.0,143305.0,-1.142708,-0.9045280000000001,BEN,030374
711828,19,5109,1995,,,-1.142708,-0.9045280000000001,BEN,030375
718354,19,5110,1995,,,-1.142708,-0.9045280000000001,BEN,030376
724880,19,5111,1995,,,-1.142708,-0.9045280000000001,BEN,030377
731406,19,5112,1995,,,-1.142708,-0.9045280000000001,BEN,030378
737932,19,5113,1995,0.0,3275815.0,-1.142708,-0.9045280000000001,BEN,030379
744458,19,5114,1995,,,-1.142708,-0.9045280000000001,BEN,030380
750984,19,5115,1995,0.0,1611.0,-1.142708,-0.9045280000000001,BEN,030410
757510,19,5116,1995,,,-1.142708,-0.9045280000000001,BEN,030420
764036,19,5117,1995,0.0,1507.0,-1.142708,-0.9045280000000001,BEN,030490
770562,19,5118,1995,,,-1.142708,-0.9045280000000001,BEN,030510
777088,19,5119,1995,,,-1.142708,-0.9045280000000001,BEN,030520
783614,19,5120,1995,,,-1.142708,-0.9045280000000001,BEN,030530
790140,19,5121,1995,0.0,10676.0,-1.142708,-0.9045280000000001,BEN,030541
796666,19,5122,1995,,,-1.142708,-0.9045280000000001,BEN,030542
803192,19,5123,1995,,,-1.142708,-0.9045280000000001,BEN,030549
809718,19,5124,1995,,,-1.142708,-0.9045280000000001,BEN,030551
816244,19,5125,1995,0.0,447110.0,-1.142708,-0.9045280000000001,BEN,030559
822770,19,5126,1995,,,-1.142708,-0.9045280000000001,BEN,030561
829296,19,5127,1995,,,-1.142708,-0.9045280000000001,BEN,030562
835822,19,5128,1995,,,-1.142708,-0.9045280000000001,BEN,030563
842348,19,5129,1995,0.0,107935.0,-1.142708,-0.9045280000000001,BEN,030569
848874,19,5130,1995,4277.0,0.0,-1.142708,-0.9045280000000001,BEN,030611
855400,19,5131,1995,,,-1.142708,-0.9045280000000001,BEN,030612
861926,19,5132,1995,1825604.0,0.0,-1.142708,-0.9045280000000001,BEN,030613
868452,19,5133,1995,17131.0,0.0,-1.142708,-0.9045280000000001,BEN,030614
874978,19,5134,1995,,,-1.142708,-0.9045280000000001,BEN,030619
881504,19,5135,1995,,,-1.142708,-0.9045280000000001,BEN,030621
888030,19,5136,1995,,,-1.142708,-0.9045280000000001,BEN,030622
894556,19,5137,1995,,,-1.142708,-0.9045280000000001,BEN,030623
901082,19,5138,1995,,,-1.142708,-0.9045280000000001,BEN,030624
907608,19,5139,1995,,,-1.142708,-0.9045280000000001,BEN,030629
914134,19,5140,1995,0.0,2216.0,-1.142708,-0.9045280000000001,BEN,030710
920660,19,5141,1995,,,-1.142708,-0.9045280000000001,BEN,030721
927186,19,5142,1995,,,-1.142708,-0.9045280000000001,BEN,030729
933712,19,5143,1995,,,-1.142708,-0.9045280000000001,BEN,030731
940238,19,5144,1995,,,-1.142708,-0.9045280000000001,BEN,030739
946764,19,5145,1995,,,-1.142708,-0.9045280000000001,BEN,030741
953290,19,5146,1995,12833.0,0.0,-1.142708,-0.9045280000000001,BEN,030749
959816,19,5147,1995,,,-1.142708,-0.9045280000000001,BEN,030751
966342,19,5148,1995,,,-1.142708,-0.9045280000000001,BEN,030759
972868,19,5149,1995,,,-1.142708,-0.9045280000000001,BEN,030760
979394,19,5150,1995,,,-1.142708,-0.9045280000000001,BEN,030791
985920,19,5151,1995,,,-1.142708,-0.9045280000000001,BEN,030799
992446,19,5152,1995,0.0,11886.0,-1.142708,-0.9045280000000001,BEN,040110
998972,19,5153,1995,0.0,208084.0,-1.142708,-0.9045280000000001,BEN,040120
1005498,19,5154,1995,0.0,66078.0,-1.142708,-0.9045280000000001,BEN,040130
1012024,19,5155,1995,4756.0,572795.0,-1.142708,-0.9045280000000001,BEN,040210
1018550,19,5156,1995,0.0,2243153.0,-1.142708,-0.9045280000000001,BEN,040221
1025076,19,5157,1995,5326.0,33943.0,-1.142708,-0.9045280000000001,BEN,040229
1031602,19,5158,1995,0.0,661770.0,-1.142708,-0.9045280000000001,BEN,040291
1038128,19,5159,1995,128801.0,3091449.0,-1.142708,-0.9045280000000001,BEN,040299
1044654,19,5160,1995,0.0,46467.0,-1.142708,-0.9045280000000001,BEN,040310
1051180,19,5161,1995,0.0,436423.0,-1.142708,-0.9045280000000001,BEN,040390
1057706,19,5162,1995,,,-1.142708,-0.9045280000000001,BEN,040410
1064232,19,5163,1995,,,-1.142708,-0.9045280000000001,BEN,040490
1070758,19,5164,1995,0.0,424473.0,-1.142708,-0.9045280000000001,BEN,040500
1077284,19,5165,1995,,,-1.142708,-0.9045280000000001,BEN,040610
1083810,19,5166,1995,0.0,3424.0,-1.142708,-0.9045280000000001,BEN,040620
1090336,19,5167,1995,0.0,167411.0,-1.142708,-0.9045280000000001,BEN,040630
1096862,19,5168,1995,0.0,4029.0,-1.142708,-0.9045280000000001,BEN,040640
1103388,19,5169,1995,1176.0,202046.0,-1.142708,-0.9045280000000001,BEN,040690
1109914,19,5170,1995,,,-1.142708,-0.9045280000000001,BEN,040700
1116440,19,5171,1995,,,-1.142708,-0.9045280000000001,BEN,040811
1122966,19,5172,1995,,,-1.142708,-0.9045280000000001,BEN,040819
1129492,19,5173,1995,,,-1.142708,-0.9045280000000001,BEN,040891
1136018,19,5174,1995,,,-1.142708,-0.9045280000000001,BEN,040899
1142544,19,5175,1995,,,-1.142708,-0.9045280000000001,BEN,040900
1149070,19,5176,1995,,,-1.142708,-0.9045280000000001,BEN,041000
1155596,19,5177,1995,,,-1.142708,-0.9045280000000001,BEN,050100
1162122,19,5178,1995,,,-1.142708,-0.9045280000000001,BEN,050210
1168648,19,5179,1995,,,-1.142708,-0.9045280000000001,BEN,050290
1175174,19,5180,1995,,,-1.142708,-0.9045280000000001,BEN,050300
1181700,19,5181,1995,0.0,37998.0,-1.142708,-0.9045280000000001,BEN,050400
1188226,19,5182,1995,,,-1.142708,-0.9045280000000001,BEN,050510
1194752,19,5183,1995,,,-1.142708,-0.9045280000000001,BEN,050590
1201278,19,5184,1995,,,-1.142708,-0.9045280000000001,BEN,050610
1207804,19,5185,1995,,,-1.142708,-0.9045280000000001,BEN,050690
1214330,19,5186,1995,,,-1.142708,-0.9045280000000001,BEN,050710
1220856,19,5187,1995,9625.0,0.0,-1.142708,-0.9045280000000001,BEN,050790
1227382,19,5188,1995,,,-1.142708,-0.9045280000000001,BEN,050800
1233908,19,5189,1995,,,-1.142708,-0.9045280000000001,BEN,050900
1240434,19,5190,1995,,,-1.142708,-0.9045280000000001,BEN,051000
1246960,19,5191,1995,,,-1.142708,-0.9045280000000001,BEN,051110
1253486,19,5192,1995,0.0,40926.0,-1.142708,-0.9045280000000001,BEN,051191
1260012,19,5193,1995,,,-1.142708,-0.9045280000000001,BEN,051199
1266538,19,5194,1995,,,-1.142708,-0.9045280000000001,BEN,060110
1273064,19,5195,1995,,,-1.142708,-0.9045280000000001,BEN,060120
1279590,19,5196,1995,,,-1.142708,-0.9045280000000001,BEN,060210
1286116,19,5197,1995,,,-1.142708,-0.9045280000000001,BEN,060220
1292642,19,5198,1995,,,-1.142708,-0.9045280000000001,BEN,060230
1299168,19,5199,1995,,,-1.142708,-0.9045280000000001,BEN,060240
1305694,19,5200,1995,,,-1.142708,-0.9045280000000001,BEN,060291
1312220,19,5201,1995,0.0,4094.0,-1.142708,-0.9045280000000001,BEN,060299
1318746,19,5202,1995,,,-1.142708,-0.9045280000000001,BEN,060310
1325272,19,5203,1995,,,-1.142708,-0.9045280000000001,BEN,060390
1331798,19,5204,1995,,,-1.142708,-0.9045280000000001,BEN,060410
1338324,19,5205,1995,,,-1.142708,-0.9045280000000001,BEN,060491
1344850,19,5206,1995,,,-1.142708,-0.9045280000000001,BEN,060499
1351376,19,5207,1995,7724.0,0.0,-1.142708,-0.9045280000000001,BEN,070110
1357902,19,5208,1995,65724.0,3021.0,-1.142708,-0.9045280000000001,BEN,070190
1364428,19,5209,1995,0.0,1724.0,-1.142708,-0.9045280000000001,BEN,070200
1370954,19,5210,1995,65830.0,1014664.0,-1.142708,-0.9045280000000001,BEN,070310
1377480,19,5211,1995,1223.0,0.0,-1.142708,-0.9045280000000001,BEN,070320
1384006,19,5212,1995,0.0,9220.0,-1.142708,-0.9045280000000001,BEN,070390
1390532,19,5213,1995,0.0,2102.0,-1.142708,-0.9045280000000001,BEN,070410
1397058,19,5214,1995,,,-1.142708,-0.9045280000000001,BEN,070420
1403584,19,5215,1995,,,-1.142708,-0.9045280000000001,BEN,070490
1410110,19,5216,1995,,,-1.142708,-0.9045280000000001,BEN,070511
1416636,19,5217,1995,,,-1.142708,-0.9045280000000001,BEN,070519
1423162,19,5218,1995,,,-1.142708,-0.9045280000000001,BEN,070521
1429688,19,5219,1995,,,-1.142708,-0.9045280000000001,BEN,070529
1436214,19,5220,1995,,,-1.142708,-0.9045280000000001,BEN,070610
1442740,19,5221,1995,,,-1.142708,-0.9045280000000001,BEN,070690
1449266,19,5222,1995,,,-1.142708,-0.9045280000000001,BEN,070700
1455792,19,5223,1995,,,-1.142708,-0.9045280000000001,BEN,070810
1462318,19,5224,1995,,,-1.142708,-0.9045280000000001,BEN,070820
1468844,19,5225,1995,,,-1.142708,-0.9045280000000001,BEN,070890
1475370,19,5226,1995,,,-1.142708,-0.9045280000000001,BEN,070910
1481896,19,5227,1995,,,-1.142708,-0.9045280000000001,BEN,070920
1488422,19,5228,1995,,,-1.142708,-0.9045280000000001,BEN,070930
1494948,19,5229,1995,,,-1.142708,-0.9045280000000001,BEN,070940
1501474,19,5230,1995,0.0,1813.0,-1.142708,-0.9045280000000001,BEN,070951
1508000,19,5231,1995,,,-1.142708,-0.9045280000000001,BEN,070952
1514526,19,5232,1995,,,-1.142708,-0.9045280000000001,BEN,070960
1521052,19,5233,1995,,,-1.142708,-0.9045280000000001,BEN,070970
1527578,19,5234,1995,2670.0,0.0,-1.142708,-0.9045280000000001,BEN,070990
1534104,19,5235,1995,1378.0,6245.0,-1.142708,-0.9045280000000001,BEN,071010
1540630,19,5236,1995,,,-1.142708,-0.9045280000000001,BEN,071021
1547156,19,5237,1995,15060.0,0.0,-1.142708,-0.9045280000000001,BEN,071022
1553682,19,5238,1995,,,-1.142708,-0.9045280000000001,BEN,071029
1560208,19,5239,1995,,,-1.142708,-0.9045280000000001,BEN,071030
1566734,19,5240,1995,,,-1.142708,-0.9045280000000001,BEN,071040
1573260,19,5241,1995,38321.0,0.0,-1.142708,-0.9045280000000001,BEN,071080
1579786,19,5242,1995,1888.0,0.0,-1.142708,-0.9045280000000001,BEN,071090
1586312,19,5243,1995,,,-1.142708,-0.9045280000000001,BEN,071110
1592838,19,5244,1995,,,-1.142708,-0.9045280000000001,BEN,071120
1599364,19,5245,1995,,,-1.142708,-0.9045280000000001,BEN,071130
1605890,19,5246,1995,,,-1.142708,-0.9045280000000001,BEN,071140
1612416,19,5247,1995,1915.0,8239.0,-1.142708,-0.9045280000000001,BEN,071190
1618942,19,5248,1995,,,-1.142708,-0.9045280000000001,BEN,071210
1625468,19,5249,1995,,,-1.142708,-0.9045280000000001,BEN,071220
1631994,19,5250,1995,,,-1.142708,-0.9045280000000001,BEN,071230
1638520,19,5251,1995,,,-1.142708,-0.9045280000000001,BEN,071290
1645046,19,5252,1995,,,-1.142708,-0.9045280000000001,BEN,071310
1651572,19,5253,1995,,,-1.142708,-0.9045280000000001,BEN,071320
1658098,19,5254,1995,,,-1.142708,-0.9045280000000001,BEN,071331
1664624,19,5255,1995,,,-1.142708,-0.9045280000000001,BEN,071332
1671150,19,5256,1995,5297.0,0.0,-1.142708,-0.9045280000000001,BEN,071333
1677676,19,5257,1995,28975.0,1863721.0,-1.142708,-0.9045280000000001,BEN,071339
1684202,19,5258,1995,,,-1.142708,-0.9045280000000001,BEN,071340
1690728,19,5259,1995,,,-1.142708,-0.9045280000000001,BEN,071350
1697254,19,5260,1995,,,-1.142708,-0.9045280000000001,BEN,071390
1703780,19,5261,1995,305500.0,0.0,-1.142708,-0.9045280000000001,BEN,071410
1710306,19,5262,1995,,,-1.142708,-0.9045280000000001,BEN,071420
1716832,19,5263,1995,19986.0,0.0,-1.142708,-0.9045280000000001,BEN,071490
1723358,19,5264,1995,0.0,1019.0,-1.142708,-0.9045280000000001,BEN,080110
1729884,19,5265,1995,,,-1.142708,-0.9045280000000001,BEN,080120
1736410,19,5266,1995,7349930.0,44843.0,-1.142708,-0.9045280000000001,BEN,080130
1742936,19,5267,1995,,,-1.142708,-0.9045280000000001,BEN,080211
1749462,19,5268,1995,0.0,5439.0,-1.142708,-0.9045280000000001,BEN,080212
1755988,19,5269,1995,,,-1.142708,-0.9045280000000001,BEN,080221
1762514,19,5270,1995,,,-1.142708,-0.9045280000000001,BEN,080222
1769040,19,5271,1995,,,-1.142708,-0.9045280000000001,BEN,080231
1775566,19,5272,1995,0.0,2230340.0,-1.142708,-0.9045280000000001,BEN,080232
1782092,19,5273,1995,,,-1.142708,-0.9045280000000001,BEN,080240
1788618,19,5274,1995,0.0,1006.0,-1.142708,-0.9045280000000001,BEN,080250
1795144,19,5275,1995,30763.0,15069.0,-1.142708,-0.9045280000000001,BEN,080290
1801670,19,5276,1995,,,-1.142708,-0.9045280000000001,BEN,080300
1808196,19,5277,1995,,,-1.142708,-0.9045280000000001,BEN,080410
1814722,19,5278,1995,,,-1.142708,-0.9045280000000001,BEN,080420
1821248,19,5279,1995,2064363.0,0.0,-1.142708,-0.9045280000000001,BEN,080430
1827774,19,5280,1995,,,-1.142708,-0.9045280000000001,BEN,080440
1834300,19,5281,1995,,,-1.142708,-0.9045280000000001,BEN,080450
1840826,19,5282,1995,,,-1.142708,-0.9045280000000001,BEN,080510
1847352,19,5283,1995,,,-1.142708,-0.9045280000000001,BEN,080520
1853878,19,5284,1995,,,-1.142708,-0.9045280000000001,BEN,080530
1860404,19,5285,1995,,,-1.142708,-0.9045280000000001,BEN,080540
1866930,19,5286,1995,,,-1.142708,-0.9045280000000001,BEN,080590
1873456,19,5287,1995,,,-1.142708,-0.9045280000000001,BEN,080610
1879982,19,5288,1995,0.0,4633.0,-1.142708,-0.9045280000000001,BEN,080620
1886508,19,5289,1995,11921.0,0.0,-1.142708,-0.9045280000000001,BEN,080710
1893034,19,5290,1995,,,-1.142708,-0.9045280000000001,BEN,080720
1899560,19,5291,1995,0.0,458858.0,-1.142708,-0.9045280000000001,BEN,080810
1906086,19,5292,1995,0.0,2820.0,-1.142708,-0.9045280000000001,BEN,080820
1912612,19,5293,1995,,,-1.142708,-0.9045280000000001,BEN,080910
1919138,19,5294,1995,,,-1.142708,-0.9045280000000001,BEN,080920
1925664,19,5295,1995,,,-1.142708,-0.9045280000000001,BEN,080930
1932190,19,5296,1995,,,-1.142708,-0.9045280000000001,BEN,080940
1938716,19,5297,1995,,,-1.142708,-0.9045280000000001,BEN,081010
1945242,19,5298,1995,,,-1.142708,-0.9045280000000001,BEN,081020
1951768,19,5299,1995,,,-1.142708,-0.9045280000000001,BEN,081030
1958294,19,5300,1995,,,-1.142708,-0.9045280000000001,BEN,081040
1964820,19,5301,1995,,,-1.142708,-0.9045280000000001,BEN,081090
1971346,19,5302,1995,,,-1.142708,-0.9045280000000001,BEN,081110
1977872,19,5303,1995,,,-1.142708,-0.9045280000000001,BEN,081120
1984398,19,5304,1995,,,-1.142708,-0.9045280000000001,BEN,081190
1990924,19,5305,1995,,,-1.142708,-0.9045280000000001,BEN,081210
1997450,19,5306,1995,,,-1.142708,-0.9045280000000001,BEN,081220
2003976,19,5307,1995,,,-1.142708,-0.9045280000000001,BEN,081290
2010502,19,5308,1995,,,-1.142708,-0.9045280000000001,BEN,081310
2017028,19,5309,1995,0.0,6245.0,-1.142708,-0.9045280000000001,BEN,081320
2023554,19,5310,1995,,,-1.142708,-0.9045280000000001,BEN,081330
2030080,19,5311,1995,0.0,6297.0,-1.142708,-0.9045280000000001,BEN,081340
2036606,19,5312,1995,,,-1.142708,-0.9045280000000001,BEN,081350
2043132,19,5313,1995,,,-1.142708,-0.9045280000000001,BEN,081400
2049658,19,5314,1995,391604.0,51109.0,-1.142708,-0.9045280000000001,BEN,090111
2056184,19,5315,1995,,,-1.142708,-0.9045280000000001,BEN,090112
2062710,19,5316,1995,0.0,83914.0,-1.142708,-0.9045280000000001,BEN,090121
2069236,19,5317,1995,0.0,4029.0,-1.142708,-0.9045280000000001,BEN,090122
2075762,19,5318,1995,,,-1.142708,-0.9045280000000001,BEN,090130
2082288,19,5319,1995,,,-1.142708,-0.9045280000000001,BEN,090140
2088814,19,5320,1995,,,-1.142708,-0.9045280000000001,BEN,090210
2095340,19,5321,1995,0.0,286613.0,-1.142708,-0.9045280000000001,BEN,090220
2101866,19,5322,1995,0.0,39484.0,-1.142708,-0.9045280000000001,BEN,090230
2108392,19,5323,1995,0.0,45923.0,-1.142708,-0.9045280000000001,BEN,090240
2114918,19,5324,1995,,,-1.142708,-0.9045280000000001,BEN,090300
2121444,19,5325,1995,0.0,87573.0,-1.142708,-0.9045280000000001,BEN,090411
2127970,19,5326,1995,,,-1.142708,-0.9045280000000001,BEN,090412
2134496,19,5327,1995,7307.0,5641.0,-1.142708,-0.9045280000000001,BEN,090420
2141022,19,5328,1995,,,-1.142708,-0.9045280000000001,BEN,090500
2147548,19,5329,1995,,,-1.142708,-0.9045280000000001,BEN,090610
2154074,19,5330,1995,,,-1.142708,-0.9045280000000001,BEN,090620
2160600,19,5331,1995,,,-1.142708,-0.9045280000000001,BEN,090700
2167126,19,5332,1995,0.0,92039.0,-1.142708,-0.9045280000000001,BEN,090810
2173652,19,5333,1995,,,-1.142708,-0.9045280000000001,BEN,090820
2180178,19,5334,1995,,,-1.142708,-0.9045280000000001,BEN,090830
2186704,19,5335,1995,0.0,6068.0,-1.142708,-0.9045280000000001,BEN,090910
2193230,19,5336,1995,,,-1.142708,-0.9045280000000001,BEN,090920
2199756,19,5337,1995,,,-1.142708,-0.9045280000000001,BEN,090930
2206282,19,5338,1995,,,-1.142708,-0.9045280000000001,BEN,090940
2212808,19,5339,1995,,,-1.142708,-0.9045280000000001,BEN,090950
2219334,19,5340,1995,,,-1.142708,-0.9045280000000001,BEN,091010
2225860,19,5341,1995,,,-1.142708,-0.9045280000000001,BEN,091020
2232386,19,5342,1995,,,-1.142708,-0.9045280000000001,BEN,091030
2238912,19,5343,1995,0.0,11922.0,-1.142708,-0.9045280000000001,BEN,091040
2245438,19,5344,1995,0.0,2677.0,-1.142708,-0.9045280000000001,BEN,091050
2251964,19,5345,1995,,,-1.142708,-0.9045280000000001,BEN,091091
2258490,19,5346,1995,4012.0,10274.0,-1.142708,-0.9045280000000001,BEN,091099
2265016,19,5347,1995,0.0,41309.0,-1.142708,-0.9045280000000001,BEN,100110
2271542,19,5348,1995,0.0,2847999.0,-1.142708,-0.9045280000000001,BEN,100190
2278068,19,5349,1995,,,-1.142708,-0.9045280000000001,BEN,100200
2284594,19,5350,1995,,,-1.142708,-0.9045280000000001,BEN,100300
2291120,19,5351,1995,,,-1.142708,-0.9045280000000001,BEN,100400
2297646,19,5352,1995,,,-1.142708,-0.9045280000000001,BEN,100510
2304172,19,5353,1995,5672.0,283160.0,-1.142708,-0.9045280000000001,BEN,100590
2310698,19,5354,1995,2014.0,6590.0,-1.142708,-0.9045280000000001,BEN,100610
2317224,19,5355,1995,,,-1.142708,-0.9045280000000001,BEN,100620
2323750,19,5356,1995,1027462.0,53590658.0,-1.142708,-0.9045280000000001,BEN,100630
2330276,19,5357,1995,46380.0,369663.0,-1.142708,-0.9045280000000001,BEN,100640
2336802,19,5358,1995,,,-1.142708,-0.9045280000000001,BEN,100700
2343328,19,5359,1995,,,-1.142708,-0.9045280000000001,BEN,100810
2349854,19,5360,1995,,,-1.142708,-0.9045280000000001,BEN,100820
2356380,19,5361,1995,,,-1.142708,-0.9045280000000001,BEN,100830
2362906,19,5362,1995,,,-1.142708,-0.9045280000000001,BEN,100890
2369432,19,5363,1995,39072.0,6727635.0,-1.142708,-0.9045280000000001,BEN,110100
2375958,19,5364,1995,,,-1.142708,-0.9045280000000001,BEN,110210
2382484,19,5365,1995,,,-1.142708,-0.9045280000000001,BEN,110220
2389010,19,5366,1995,,,-1.142708,-0.9045280000000001,BEN,110230
2395536,19,5367,1995,,,-1.142708,-0.9045280000000001,BEN,110290
2402062,19,5368,1995,0.0,123502.0,-1.142708,-0.9045280000000001,BEN,110311
2408588,19,5369,1995,,,-1.142708,-0.9045280000000001,BEN,110312
2415114,19,5370,1995,0.0,809170.0,-1.142708,-0.9045280000000001,BEN,110313
2421640,19,5371,1995,,,-1.142708,-0.9045280000000001,BEN,110314
2428166,19,5372,1995,,,-1.142708,-0.9045280000000001,BEN,110319
2434692,19,5373,1995,,,-1.142708,-0.9045280000000001,BEN,110321
2441218,19,5374,1995,,,-1.142708,-0.9045280000000001,BEN,110329
2447744,19,5375,1995,,,-1.142708,-0.9045280000000001,BEN,110411
2454270,19,5376,1995,0.0,162464.0,-1.142708,-0.9045280000000001,BEN,110412
2460796,19,5377,1995,,,-1.142708,-0.9045280000000001,BEN,110419
2467322,19,5378,1995,,,-1.142708,-0.9045280000000001,BEN,110421
2473848,19,5379,1995,,,-1.142708,-0.9045280000000001,BEN,110422
2480374,19,5380,1995,,,-1.142708,-0.9045280000000001,BEN,110423
2486900,19,5381,1995,,,-1.142708,-0.9045280000000001,BEN,110429
2493426,19,5382,1995,,,-1.142708,-0.9045280000000001,BEN,110430
2499952,19,5383,1995,,,-1.142708,-0.9045280000000001,BEN,110510
2506478,19,5384,1995,,,-1.142708,-0.9045280000000001,BEN,110520
2513004,19,5385,1995,0.0,1006.0,-1.142708,-0.9045280000000001,BEN,110610
2519530,19,5386,1995,41781.0,0.0,-1.142708,-0.9045280000000001,BEN,110620
2526056,19,5387,1995,,,-1.142708,-0.9045280000000001,BEN,110630
2532582,19,5388,1995,0.0,985099.0,-1.142708,-0.9045280000000001,BEN,110710
2539108,19,5389,1995,,,-1.142708,-0.9045280000000001,BEN,110720
2545634,19,5390,1995,,,-1.142708,-0.9045280000000001,BEN,110811
2552160,19,5391,1995,,,-1.142708,-0.9045280000000001,BEN,110812
2558686,19,5392,1995,,,-1.142708,-0.9045280000000001,BEN,110813
2565212,19,5393,1995,,,-1.142708,-0.9045280000000001,BEN,110814
2571738,19,5394,1995,0.0,4230.0,-1.142708,-0.9045280000000001,BEN,110819
2578264,19,5395,1995,,,-1.142708,-0.9045280000000001,BEN,110820
2584790,19,5396,1995,,,-1.142708,-0.9045280000000001,BEN,110900
2591316,19,5397,1995,,,-1.142708,-0.9045280000000001,BEN,120100
2597842,19,5398,1995,,,-1.142708,-0.9045280000000001,BEN,120210
2604368,19,5399,1995,,,-1.142708,-0.9045280000000001,BEN,120220
2610894,19,5400,1995,,,-1.142708,-0.9045280000000001,BEN,120300
2617420,19,5401,1995,,,-1.142708,-0.9045280000000001,BEN,120400
2623946,19,5402,1995,,,-1.142708,-0.9045280000000001,BEN,120500
2630472,19,5403,1995,,,-1.142708,-0.9045280000000001,BEN,120600
2636998,19,5404,1995,110077.0,0.0,-1.142708,-0.9045280000000001,BEN,120710
2643524,19,5405,1995,12502297.0,200207.0,-1.142708,-0.9045280000000001,BEN,120720
2650050,19,5406,1995,,,-1.142708,-0.9045280000000001,BEN,120730
2656576,19,5407,1995,25351.0,44142.0,-1.142708,-0.9045280000000001,BEN,120740
2663102,19,5408,1995,,,-1.142708,-0.9045280000000001,BEN,120750
2669628,19,5409,1995,,,-1.142708,-0.9045280000000001,BEN,120760
2676154,19,5410,1995,,,-1.142708,-0.9045280000000001,BEN,120791
2682680,19,5411,1995,71074.0,0.0,-1.142708,-0.9045280000000001,BEN,120792
2689206,19,5412,1995,,,-1.142708,-0.9045280000000001,BEN,120799
2695732,19,5413,1995,,,-1.142708,-0.9045280000000001,BEN,120810
2702258,19,5414,1995,0.0,1410.0,-1.142708,-0.9045280000000001,BEN,120890
2708784,19,5415,1995,,,-1.142708,-0.9045280000000001,BEN,120911
2715310,19,5416,1995,,,-1.142708,-0.9045280000000001,BEN,120919
2721836,19,5417,1995,,,-1.142708,-0.9045280000000001,BEN,120921
2728362,19,5418,1995,,,-1.142708,-0.9045280000000001,BEN,120922
2734888,19,5419,1995,,,-1.142708,-0.9045280000000001,BEN,120923
2741414,19,5420,1995,,,-1.142708,-0.9045280000000001,BEN,120924
2747940,19,5421,1995,,,-1.142708,-0.9045280000000001,BEN,120925
2754466,19,5422,1995,,,-1.142708,-0.9045280000000001,BEN,120926
2760992,19,5423,1995,,,-1.142708,-0.9045280000000001,BEN,120929
2767518,19,5424,1995,,,-1.142708,-0.9045280000000001,BEN,120930
2774044,19,5425,1995,0.0,2014.0,-1.142708,-0.9045280000000001,BEN,120991
2780570,19,5426,1995,18381.0,4834.0,-1.142708,-0.9045280000000001,BEN,120999
2787096,19,5427,1995,,,-1.142708,-0.9045280000000001,BEN,121010
2793622,19,5428,1995,0.0,49656.0,-1.142708,-0.9045280000000001,BEN,121020
2800148,19,5429,1995,,,-1.142708,-0.9045280000000001,BEN,121110
2806674,19,5430,1995,,,-1.142708,-0.9045280000000001,BEN,121120
2813200,19,5431,1995,85376.0,12399.0,-1.142708,-0.9045280000000001,BEN,121190
2819726,19,5432,1995,,,-1.142708,-0.9045280000000001,BEN,121210
2826252,19,5433,1995,,,-1.142708,-0.9045280000000001,BEN,121220
2832778,19,5434,1995,,,-1.142708,-0.9045280000000001,BEN,121230
2839304,19,5435,1995,,,-1.142708,-0.9045280000000001,BEN,121291
2845830,19,5436,1995,,,-1.142708,-0.9045280000000001,BEN,121292
2852356,19,5437,1995,,,-1.142708,-0.9045280000000001,BEN,121299
2858882,19,5438,1995,,,-1.142708,-0.9045280000000001,BEN,121300
2865408,19,5439,1995,0.0,1665.0,-1.142708,-0.9045280000000001,BEN,121410
2871934,19,5440,1995,,,-1.142708,-0.9045280000000001,BEN,121490
2878460,19,5441,1995,,,-1.142708,-0.9045280000000001,BEN,130110
2884986,19,5442,1995,0.0,6166.0,-1.142708,-0.9045280000000001,BEN,130120
2891512,19,5443,1995,,,-1.142708,-0.9045280000000001,BEN,130190
2898038,19,5444,1995,,,-1.142708,-0.9045280000000001,BEN,130211
2904564,19,5445,1995,,,-1.142708,-0.9045280000000001,BEN,130212
2911090,19,5446,1995,0.0,199740.0,-1.142708,-0.9045280000000001,BEN,130213
2917616,19,5447,1995,,,-1.142708,-0.9045280000000001,BEN,130214
2924142,19,5448,1995,,,-1.142708,-0.9045280000000001,BEN,130219
2930668,19,5449,1995,,,-1.142708,-0.9045280000000001,BEN,130220
2937194,19,5450,1995,0.0,1410.0,-1.142708,-0.9045280000000001,BEN,130231
2943720,19,5451,1995,,,-1.142708,-0.9045280000000001,BEN,130232
2950246,19,5452,1995,,,-1.142708,-0.9045280000000001,BEN,130239
2956772,19,5453,1995,,,-1.142708,-0.9045280000000001,BEN,140110
2963298,19,5454,1995,,,-1.142708,-0.9045280000000001,BEN,140120
2969824,19,5455,1995,,,-1.142708,-0.9045280000000001,BEN,140190
2976350,19,5456,1995,,,-1.142708,-0.9045280000000001,BEN,140210
2982876,19,5457,1995,,,-1.142708,-0.9045280000000001,BEN,140291
2989402,19,5458,1995,,,-1.142708,-0.9045280000000001,BEN,140299
2995928,19,5459,1995,,,-1.142708,-0.9045280000000001,BEN,140310
3002454,19,5460,1995,,,-1.142708,-0.9045280000000001,BEN,140390
3008980,19,5461,1995,,,-1.142708,-0.9045280000000001,BEN,140410
3015506,19,5462,1995,,,-1.142708,-0.9045280000000001,BEN,140420
3022032,19,5463,1995,,,-1.142708,-0.9045280000000001,BEN,140490
3028558,19,5464,1995,,,-1.142708,-0.9045280000000001,BEN,150100
3035084,19,5465,1995,,,-1.142708,-0.9045280000000001,BEN,150200
3041610,19,5466,1995,,,-1.142708,-0.9045280000000001,BEN,150300
3048136,19,5467,1995,,,-1.142708,-0.9045280000000001,BEN,150410
3054662,19,5468,1995,,,-1.142708,-0.9045280000000001,BEN,150420
3061188,19,5469,1995,,,-1.142708,-0.9045280000000001,BEN,150430
3067714,19,5470,1995,,,-1.142708,-0.9045280000000001,BEN,150510
3074240,19,5471,1995,,,-1.142708,-0.9045280000000001,BEN,150590
3080766,19,5472,1995,0.0,12023.0,-1.142708,-0.9045280000000001,BEN,150600
3087292,19,5473,1995,,,-1.142708,-0.9045280000000001,BEN,150710
3093818,19,5474,1995,0.0,1354789.0,-1.142708,-0.9045280000000001,BEN,150790
3100344,19,5475,1995,,,-1.142708,-0.9045280000000001,BEN,150810
3106870,19,5476,1995,4190.0,12062.0,-1.142708,-0.9045280000000001,BEN,150890
3113396,19,5477,1995,0.0,23635.0,-1.142708,-0.9045280000000001,BEN,150910
3119922,19,5478,1995,,,-1.142708,-0.9045280000000001,BEN,150990
3126448,19,5479,1995,,,-1.142708,-0.9045280000000001,BEN,151000
3132974,19,5480,1995,73120.0,207952.0,-1.142708,-0.9045280000000001,BEN,151110
3139500,19,5481,1995,0.0,950340.0,-1.142708,-0.9045280000000001,BEN,151190
3146026,19,5482,1995,0.0,6440.0,-1.142708,-0.9045280000000001,BEN,151211
3152552,19,5483,1995,0.0,7655.0,-1.142708,-0.9045280000000001,BEN,151219
3159078,19,5484,1995,,,-1.142708,-0.9045280000000001,BEN,151221
3165604,19,5485,1995,,,-1.142708,-0.9045280000000001,BEN,151229
3172130,19,5486,1995,0.0,22233.0,-1.142708,-0.9045280000000001,BEN,151311
3178656,19,5487,1995,4053.0,3013.0,-1.142708,-0.9045280000000001,BEN,151319
3185182,19,5488,1995,,,-1.142708,-0.9045280000000001,BEN,151321
3191708,19,5489,1995,0.0,18083.0,-1.142708,-0.9045280000000001,BEN,151329
3198234,19,5490,1995,,,-1.142708,-0.9045280000000001,BEN,151410
3204760,19,5491,1995,0.0,473173.0,-1.142708,-0.9045280000000001,BEN,151490
3211286,19,5492,1995,,,-1.142708,-0.9045280000000001,BEN,151511
3217812,19,5493,1995,,,-1.142708,-0.9045280000000001,BEN,151519
3224338,19,5494,1995,,,-1.142708,-0.9045280000000001,BEN,151521
3230864,19,5495,1995,0.0,4633.0,-1.142708,-0.9045280000000001,BEN,151529
3237390,19,5496,1995,,,-1.142708,-0.9045280000000001,BEN,151530
3243916,19,5497,1995,,,-1.142708,-0.9045280000000001,BEN,151540
3250442,19,5498,1995,,,-1.142708,-0.9045280000000001,BEN,151550
3256968,19,5499,1995,,,-1.142708,-0.9045280000000001,BEN,151560
3263494,19,5500,1995,0.0,50386.0,-1.142708,-0.9045280000000001,BEN,151590
3270020,19,5501,1995,,,-1.142708,-0.9045280000000001,BEN,151610
3276546,19,5502,1995,,,-1.142708,-0.9045280000000001,BEN,151620
3283072,19,5503,1995,1723.0,843502.0,-1.142708,-0.9045280000000001,BEN,151710
3289598,19,5504,1995,2829.0,1208.0,-1.142708,-0.9045280000000001,BEN,151790
3296124,19,5505,1995,,,-1.142708,-0.9045280000000001,BEN,151800
3302650,19,5506,1995,,,-1.142708,-0.9045280000000001,BEN,151911
3309176,19,5507,1995,0.0,360930.0,-1.142708,-0.9045280000000001,BEN,151912
3315702,19,5508,1995,,,-1.142708,-0.9045280000000001,BEN,151913
3322228,19,5509,1995,,,-1.142708,-0.9045280000000001,BEN,151919
3328754,19,5510,1995,0.0,1813.0,-1.142708,-0.9045280000000001,BEN,151920
3335280,19,5511,1995,,,-1.142708,-0.9045280000000001,BEN,151930
3341806,19,5512,1995,,,-1.142708,-0.9045280000000001,BEN,152010
3348332,19,5513,1995,,,-1.142708,-0.9045280000000001,BEN,152090
3354858,19,5514,1995,,,-1.142708,-0.9045280000000001,BEN,152110
3361384,19,5515,1995,,,-1.142708,-0.9045280000000001,BEN,152190
3367910,19,5516,1995,,,-1.142708,-0.9045280000000001,BEN,152200
3374436,19,5517,1995,0.0,36299.0,-1.142708,-0.9045280000000001,BEN,160100
3380962,19,5518,1995,0.0,2471.0,-1.142708,-0.9045280000000001,BEN,160210
3387488,19,5519,1995,0.0,14706.0,-1.142708,-0.9045280000000001,BEN,160220
3394014,19,5520,1995,,,-1.142708,-0.9045280000000001,BEN,160231
3400540,19,5521,1995,,,-1.142708,-0.9045280000000001,BEN,160239
3407066,19,5522,1995,0.0,60638.0,-1.142708,-0.9045280000000001,BEN,160241
3413592,19,5523,1995,0.0,24681.0,-1.142708,-0.9045280000000001,BEN,160242
3420118,19,5524,1995,0.0,30740.0,-1.142708,-0.9045280000000001,BEN,160249
3426644,19,5525,1995,1053.0,385228.0,-1.142708,-0.9045280000000001,BEN,160250
3433170,19,5526,1995,0.0,8663.0,-1.142708,-0.9045280000000001,BEN,160290
3439696,19,5527,1995,,,-1.142708,-0.9045280000000001,BEN,160300
3446222,19,5528,1995,,,-1.142708,-0.9045280000000001,BEN,160411
3452748,19,5529,1995,0.0,3109582.0,-1.142708,-0.9045280000000001,BEN,160412
3459274,19,5530,1995,41634.0,1152122.0,-1.142708,-0.9045280000000001,BEN,160413
3465800,19,5531,1995,0.0,97507.0,-1.142708,-0.9045280000000001,BEN,160414
3472326,19,5532,1995,0.0,24894.0,-1.142708,-0.9045280000000001,BEN,160415
3478852,19,5533,1995,0.0,2417.0,-1.142708,-0.9045280000000001,BEN,160416
3485378,19,5534,1995,0.0,190086.0,-1.142708,-0.9045280000000001,BEN,160419
3491904,19,5535,1995,0.0,54422.0,-1.142708,-0.9045280000000001,BEN,160420
3498430,19,5536,1995,0.0,1775.0,-1.142708,-0.9045280000000001,BEN,160430
3504956,19,5537,1995,,,-1.142708,-0.9045280000000001,BEN,160510
3511482,19,5538,1995,282936.0,0.0,-1.142708,-0.9045280000000001,BEN,160520
3518008,19,5539,1995,,,-1.142708,-0.9045280000000001,BEN,160530
3524534,19,5540,1995,,,-1.142708,-0.9045280000000001,BEN,160540
3531060,19,5541,1995,,,-1.142708,-0.9045280000000001,BEN,160590
3537586,19,5542,1995,2371.0,573339.0,-1.142708,-0.9045280000000001,BEN,170111
3544112,19,5543,1995,,,-1.142708,-0.9045280000000001,BEN,170112
3550638,19,5544,1995,0.0,200645.0,-1.142708,-0.9045280000000001,BEN,170191
3557164,19,5545,1995,289639.0,17416558.0,-1.142708,-0.9045280000000001,BEN,170199
3563690,19,5546,1995,0.0,3223.0,-1.142708,-0.9045280000000001,BEN,170210
3570216,19,5547,1995,0.0,3446.0,-1.142708,-0.9045280000000001,BEN,170220
3576742,19,5548,1995,2494.0,0.0,-1.142708,-0.9045280000000001,BEN,170230
3583268,19,5549,1995,,,-1.142708,-0.9045280000000001,BEN,170240
3589794,19,5550,1995,,,-1.142708,-0.9045280000000001,BEN,170250
3596320,19,5551,1995,,,-1.142708,-0.9045280000000001,BEN,170260
3602846,19,5552,1995,0.0,9266.0,-1.142708,-0.9045280000000001,BEN,170290
3609372,19,5553,1995,,,-1.142708,-0.9045280000000001,BEN,170310
3615898,19,5554,1995,,,-1.142708,-0.9045280000000001,BEN,170390
3622424,19,5555,1995,,,-1.142708,-0.9045280000000001,BEN,170410
3628950,19,5556,1995,7786.0,66919.0,-1.142708,-0.9045280000000001,BEN,170490
3635476,19,5557,1995,,,-1.142708,-0.9045280000000001,BEN,180100
3642002,19,5558,1995,,,-1.142708,-0.9045280000000001,BEN,180200
3648528,19,5559,1995,,,-1.142708,-0.9045280000000001,BEN,180310
3655054,19,5560,1995,,,-1.142708,-0.9045280000000001,BEN,180320
3661580,19,5561,1995,,,-1.142708,-0.9045280000000001,BEN,180400
3668106,19,5562,1995,0.0,1412.0,-1.142708,-0.9045280000000001,BEN,180500
3674632,19,5563,1995,1941.0,3457.0,-1.142708,-0.9045280000000001,BEN,180610
3681158,19,5564,1995,0.0,2820.0,-1.142708,-0.9045280000000001,BEN,180620
3687684,19,5565,1995,0.0,23098.0,-1.142708,-0.9045280000000001,BEN,180631
3694210,19,5566,1995,0.0,45034.0,-1.142708,-0.9045280000000001,BEN,180632
3700736,19,5567,1995,0.0,46836.0,-1.142708,-0.9045280000000001,BEN,180690
3707262,19,5568,1995,0.0,382639.0,-1.142708,-0.9045280000000001,BEN,190110
3713788,19,5569,1995,0.0,39623.0,-1.142708,-0.9045280000000001,BEN,190120
3720314,19,5570,1995,15402.0,874122.0,-1.142708,-0.9045280000000001,BEN,190190
3726840,19,5571,1995,0.0,55558.0,-1.142708,-0.9045280000000001,BEN,190211
3733366,19,5572,1995,2803.0,2270552.0,-1.142708,-0.9045280000000001,BEN,190219
3739892,19,5573,1995,1366.0,9176.0,-1.142708,-0.9045280000000001,BEN,190220
3746418,19,5574,1995,24398.0,42501.0,-1.142708,-0.9045280000000001,BEN,190230
3752944,19,5575,1995,0.0,200817.0,-1.142708,-0.9045280000000001,BEN,190240
3759470,19,5576,1995,12071.0,0.0,-1.142708,-0.9045280000000001,BEN,190300
3765996,19,5577,1995,0.0,12611.0,-1.142708,-0.9045280000000001,BEN,190410
3772522,19,5578,1995,0.0,36842.0,-1.142708,-0.9045280000000001,BEN,190490
3779048,19,5579,1995,,,-1.142708,-0.9045280000000001,BEN,190510
3785574,19,5580,1995,,,-1.142708,-0.9045280000000001,BEN,190520
3792100,19,5581,1995,3699.0,253647.0,-1.142708,-0.9045280000000001,BEN,190530
3798626,19,5582,1995,0.0,1083.0,-1.142708,-0.9045280000000001,BEN,190540
3805152,19,5583,1995,6139.0,263874.0,-1.142708,-0.9045280000000001,BEN,190590
3811678,19,5584,1995,0.0,3564.0,-1.142708,-0.9045280000000001,BEN,200110
3818204,19,5585,1995,,,-1.142708,-0.9045280000000001,BEN,200120
3824730,19,5586,1995,0.0,2216.0,-1.142708,-0.9045280000000001,BEN,200190
3831256,19,5587,1995,0.0,88702.0,-1.142708,-0.9045280000000001,BEN,200210
3837782,19,5588,1995,30908.0,7295380.0,-1.142708,-0.9045280000000001,BEN,200290
3844308,19,5589,1995,1452.0,18534.0,-1.142708,-0.9045280000000001,BEN,200310
3850834,19,5590,1995,,,-1.142708,-0.9045280000000001,BEN,200320
3857360,19,5591,1995,0.0,2014.0,-1.142708,-0.9045280000000001,BEN,200410
3863886,19,5592,1995,0.0,39500.0,-1.142708,-0.9045280000000001,BEN,200490
3870412,19,5593,1995,0.0,10476.0,-1.142708,-0.9045280000000001,BEN,200510
3876938,19,5594,1995,0.0,41191.0,-1.142708,-0.9045280000000001,BEN,200520
3883464,19,5595,1995,0.0,1208.0,-1.142708,-0.9045280000000001,BEN,200530
3889990,19,5596,1995,6438.0,55691.0,-1.142708,-0.9045280000000001,BEN,200540
3896516,19,5597,1995,0.0,31797.0,-1.142708,-0.9045280000000001,BEN,200551
3903042,19,5598,1995,,,-1.142708,-0.9045280000000001,BEN,200559
3909568,19,5599,1995,,,-1.142708,-0.9045280000000001,BEN,200560
3916094,19,5600,1995,0.0,6245.0,-1.142708,-0.9045280000000001,BEN,200570
3922620,19,5601,1995,0.0,14706.0,-1.142708,-0.9045280000000001,BEN,200580
3929146,19,5602,1995,3951.0,196623.0,-1.142708,-0.9045280000000001,BEN,200590
3935672,19,5603,1995,0.0,4230.0,-1.142708,-0.9045280000000001,BEN,200600
3942198,19,5604,1995,0.0,3626.0,-1.142708,-0.9045280000000001,BEN,200710
3948724,19,5605,1995,0.0,9114.0,-1.142708,-0.9045280000000001,BEN,200791
3955250,19,5606,1995,0.0,22990.0,-1.142708,-0.9045280000000001,BEN,200799
3961776,19,5607,1995,,,-1.142708,-0.9045280000000001,BEN,200811
3968302,19,5608,1995,,,-1.142708,-0.9045280000000001,BEN,200819
3974828,19,5609,1995,,,-1.142708,-0.9045280000000001,BEN,200820
3981354,19,5610,1995,,,-1.142708,-0.9045280000000001,BEN,200830
3987880,19,5611,1995,,,-1.142708,-0.9045280000000001,BEN,200840
3994406,19,5612,1995,,,-1.142708,-0.9045280000000001,BEN,200850
4000932,19,5613,1995,0.0,1208.0,-1.142708,-0.9045280000000001,BEN,200860
4007458,19,5614,1995,0.0,648953.0,-1.142708,-0.9045280000000001,BEN,200870
4013984,19,5615,1995,,,-1.142708,-0.9045280000000001,BEN,200880
4020510,19,5616,1995,,,-1.142708,-0.9045280000000001,BEN,200891
4027036,19,5617,1995,,,-1.142708,-0.9045280000000001,BEN,200892
4033562,19,5618,1995,0.0,1006.0,-1.142708,-0.9045280000000001,BEN,200899
4040088,19,5619,1995,,,-1.142708,-0.9045280000000001,BEN,200911
4046614,19,5620,1995,0.0,30550.0,-1.142708,-0.9045280000000001,BEN,200919
4053140,19,5621,1995,,,-1.142708,-0.9045280000000001,BEN,200920
4059666,19,5622,1995,0.0,28275.0,-1.142708,-0.9045280000000001,BEN,200930
4066192,19,5623,1995,0.0,12000.0,-1.142708,-0.9045280000000001,BEN,200940
4072718,19,5624,1995,0.0,8663.0,-1.142708,-0.9045280000000001,BEN,200950
4079244,19,5625,1995,0.0,53507.0,-1.142708,-0.9045280000000001,BEN,200960
4085770,19,5626,1995,0.0,28849.0,-1.142708,-0.9045280000000001,BEN,200970
4092296,19,5627,1995,0.0,13692.0,-1.142708,-0.9045280000000001,BEN,200980
4098822,19,5628,1995,0.0,13632.0,-1.142708,-0.9045280000000001,BEN,200990
4105348,19,5629,1995,0.0,1077603.0,-1.142708,-0.9045280000000001,BEN,210110
4111874,19,5630,1995,,,-1.142708,-0.9045280000000001,BEN,210120
4118400,19,5631,1995,,,-1.142708,-0.9045280000000001,BEN,210130
4124926,19,5632,1995,0.0,146133.0,-1.142708,-0.9045280000000001,BEN,210210
4131452,19,5633,1995,0.0,75826.0,-1.142708,-0.9045280000000001,BEN,210220
4137978,19,5634,1995,0.0,4230.0,-1.142708,-0.9045280000000001,BEN,210230
4144504,19,5635,1995,,,-1.142708,-0.9045280000000001,BEN,210310
4151030,19,5636,1995,0.0,4248.0,-1.142708,-0.9045280000000001,BEN,210320
4157556,19,5637,1995,0.0,40090.0,-1.142708,-0.9045280000000001,BEN,210330
4164082,19,5638,1995,18995.0,451161.0,-1.142708,-0.9045280000000001,BEN,210390
4170608,19,5639,1995,34387.0,4955365.0,-1.142708,-0.9045280000000001,BEN,210410
4177134,19,5640,1995,2046.0,174326.0,-1.142708,-0.9045280000000001,BEN,210420
4183660,19,5641,1995,0.0,59631.0,-1.142708,-0.9045280000000001,BEN,210500
4190186,19,5642,1995,10770.0,0.0,-1.142708,-0.9045280000000001,BEN,210610
4196712,19,5643,1995,1452.0,1175328.0,-1.142708,-0.9045280000000001,BEN,210690
4203238,19,5644,1995,23055.0,39012.0,-1.142708,-0.9045280000000001,BEN,220110
4209764,19,5645,1995,5388.0,6446.0,-1.142708,-0.9045280000000001,BEN,220190
4216290,19,5646,1995,23225.0,44530.0,-1.142708,-0.9045280000000001,BEN,220210
4222816,19,5647,1995,43565.0,95257.0,-1.142708,-0.9045280000000001,BEN,220290
4229342,19,5648,1995,54848.0,1143532.0,-1.142708,-0.9045280000000001,BEN,220300
4235868,19,5649,1995,0.0,857510.0,-1.142708,-0.9045280000000001,BEN,220410
4242394,19,5650,1995,1167.0,1319753.0,-1.142708,-0.9045280000000001,BEN,220421
4248920,19,5651,1995,4787.0,166250.0,-1.142708,-0.9045280000000001,BEN,220429
4255446,19,5652,1995,0.0,4086.0,-1.142708,-0.9045280000000001,BEN,220430
4261972,19,5653,1995,2042.0,367350.0,-1.142708,-0.9045280000000001,BEN,220510
4268498,19,5654,1995,1027.0,38562.0,-1.142708,-0.9045280000000001,BEN,220590
4275024,19,5655,1995,0.0,5204.0,-1.142708,-0.9045280000000001,BEN,220600
4281550,19,5656,1995,0.0,7690.0,-1.142708,-0.9045280000000001,BEN,220710
4288076,19,5657,1995,0.0,11410.0,-1.142708,-0.9045280000000001,BEN,220720
4294602,19,5658,1995,0.0,7295.0,-1.142708,-0.9045280000000001,BEN,220810
4301128,19,5659,1995,0.0,239802.0,-1.142708,-0.9045280000000001,BEN,220820
4307654,19,5660,1995,8510.0,2466765.0,-1.142708,-0.9045280000000001,BEN,220830
4314180,19,5661,1995,0.0,1108035.0,-1.142708,-0.9045280000000001,BEN,220840
4320706,19,5662,1995,7157.0,1583257.0,-1.142708,-0.9045280000000001,BEN,220850
4327232,19,5663,1995,3332.0,2256180.0,-1.142708,-0.9045280000000001,BEN,220890
4333758,19,5664,1995,2583.0,19742.0,-1.142708,-0.9045280000000001,BEN,220900
4340284,19,5665,1995,,,-1.142708,-0.9045280000000001,BEN,230110
4346810,19,5666,1995,,,-1.142708,-0.9045280000000001,BEN,230120
4353336,19,5667,1995,,,-1.142708,-0.9045280000000001,BEN,230210
4359862,19,5668,1995,,,-1.142708,-0.9045280000000001,BEN,230220
4366388,19,5669,1995,15838.0,0.0,-1.142708,-0.9045280000000001,BEN,230230
4372914,19,5670,1995,,,-1.142708,-0.9045280000000001,BEN,230240
4379440,19,5671,1995,,,-1.142708,-0.9045280000000001,BEN,230250
4385966,19,5672,1995,,,-1.142708,-0.9045280000000001,BEN,230310
4392492,19,5673,1995,,,-1.142708,-0.9045280000000001,BEN,230320
4399018,19,5674,1995,,,-1.142708,-0.9045280000000001,BEN,230330
4405544,19,5675,1995,0.0,42629.0,-1.142708,-0.9045280000000001,BEN,230400
4412070,19,5676,1995,,,-1.142708,-0.9045280000000001,BEN,230500
4418596,19,5677,1995,649709.0,0.0,-1.142708,-0.9045280000000001,BEN,230610
4425122,19,5678,1995,,,-1.142708,-0.9045280000000001,BEN,230620
4431648,19,5679,1995,,,-1.142708,-0.9045280000000001,BEN,230630
4438174,19,5680,1995,,,-1.142708,-0.9045280000000001,BEN,230640
4444700,19,5681,1995,,,-1.142708,-0.9045280000000001,BEN,230650
4451226,19,5682,1995,217664.0,0.0,-1.142708,-0.9045280000000001,BEN,230660
4457752,19,5683,1995,,,-1.142708,-0.9045280000000001,BEN,230690
4464278,19,5684,1995,,,-1.142708,-0.9045280000000001,BEN,230700
4470804,19,5685,1995,,,-1.142708,-0.9045280000000001,BEN,230810
4477330,19,5686,1995,2458.0,0.0,-1.142708,-0.9045280000000001,BEN,230890
4483856,19,5687,1995,0.0,2216.0,-1.142708,-0.9045280000000001,BEN,230910
4490382,19,5688,1995,0.0,166031.0,-1.142708,-0.9045280000000001,BEN,230990
4496908,19,5689,1995,13934.0,567327.0,-1.142708,-0.9045280000000001,BEN,240110
4503434,19,5690,1995,,,-1.142708,-0.9045280000000001,BEN,240120
4509960,19,5691,1995,,,-1.142708,-0.9045280000000001,BEN,240130
4516486,19,5692,1995,0.0,14706.0,-1.142708,-0.9045280000000001,BEN,240210
4523012,19,5693,1995,566808.0,52417663.0,-1.142708,-0.9045280000000001,BEN,240220
4529538,19,5694,1995,,,-1.142708,-0.9045280000000001,BEN,240290
4536064,19,5695,1995,10249.0,994862.0,-1.142708,-0.9045280000000001,BEN,240310
4542590,19,5696,1995,,,-1.142708,-0.9045280000000001,BEN,240391
4549116,19,5697,1995,6967.0,1055723.0,-1.142708,-0.9045280000000001,BEN,240399
4555642,19,5698,1995,0.0,10676.0,-1.142708,-0.9045280000000001,BEN,250100
4562168,19,5699,1995,,,-1.142708,-0.9045280000000001,BEN,250200
4568694,19,5700,1995,,,-1.142708,-0.9045280000000001,BEN,250310
4575220,19,5701,1995,,,-1.142708,-0.9045280000000001,BEN,250390
4581746,19,5702,1995,,,-1.142708,-0.9045280000000001,BEN,250410
4588272,19,5703,1995,,,-1.142708,-0.9045280000000001,BEN,250490
4594798,19,5704,1995,0.0,1006.0,-1.142708,-0.9045280000000001,BEN,250510
4601324,19,5705,1995,0.0,6648.0,-1.142708,-0.9045280000000001,BEN,250590
4607850,19,5706,1995,36360.0,0.0,-1.142708,-0.9045280000000001,BEN,250610
4614376,19,5707,1995,,,-1.142708,-0.9045280000000001,BEN,250621
4620902,19,5708,1995,,,-1.142708,-0.9045280000000001,BEN,250629
4627428,19,5709,1995,0.0,7060.0,-1.142708,-0.9045280000000001,BEN,250700
4633954,19,5710,1995,0.0,24904.0,-1.142708,-0.9045280000000001,BEN,250810
4640480,19,5711,1995,,,-1.142708,-0.9045280000000001,BEN,250820
4647006,19,5712,1995,,,-1.142708,-0.9045280000000001,BEN,250830
4653532,19,5713,1995,,,-1.142708,-0.9045280000000001,BEN,250840
4660058,19,5714,1995,,,-1.142708,-0.9045280000000001,BEN,250850
4666584,19,5715,1995,,,-1.142708,-0.9045280000000001,BEN,250860
4673110,19,5716,1995,,,-1.142708,-0.9045280000000001,BEN,250870
4679636,19,5717,1995,9479.0,63862.0,-1.142708,-0.9045280000000001,BEN,250900
4686162,19,5718,1995,,,-1.142708,-0.9045280000000001,BEN,251010
4692688,19,5719,1995,,,-1.142708,-0.9045280000000001,BEN,251020
4699214,19,5720,1995,,,-1.142708,-0.9045280000000001,BEN,251110
4705740,19,5721,1995,,,-1.142708,-0.9045280000000001,BEN,251120
4712266,19,5722,1995,0.0,54457.0,-1.142708,-0.9045280000000001,BEN,251200
4718792,19,5723,1995,,,-1.142708,-0.9045280000000001,BEN,251311
4725318,19,5724,1995,,,-1.142708,-0.9045280000000001,BEN,251319
4731844,19,5725,1995,,,-1.142708,-0.9045280000000001,BEN,251321
4738370,19,5726,1995,,,-1.142708,-0.9045280000000001,BEN,251329
4744896,19,5727,1995,,,-1.142708,-0.9045280000000001,BEN,251400
4751422,19,5728,1995,0.0,30949.0,-1.142708,-0.9045280000000001,BEN,251511
4757948,19,5729,1995,0.0,6862.0,-1.142708,-0.9045280000000001,BEN,251512
4764474,19,5730,1995,,,-1.142708,-0.9045280000000001,BEN,251520
4771000,19,5731,1995,,,-1.142708,-0.9045280000000001,BEN,251611
4777526,19,5732,1995,,,-1.142708,-0.9045280000000001,BEN,251612
4784052,19,5733,1995,,,-1.142708,-0.9045280000000001,BEN,251621
4790578,19,5734,1995,,,-1.142708,-0.9045280000000001,BEN,251622
4797104,19,5735,1995,,,-1.142708,-0.9045280000000001,BEN,251690
4803630,19,5736,1995,,,-1.142708,-0.9045280000000001,BEN,251710
4810156,19,5737,1995,,,-1.142708,-0.9045280000000001,BEN,251720
4816682,19,5738,1995,0.0,2217.0,-1.142708,-0.9045280000000001,BEN,251730
4823208,19,5739,1995,0.0,8239.0,-1.142708,-0.9045280000000001,BEN,251741
4829734,19,5740,1995,,,-1.142708,-0.9045280000000001,BEN,251749
4836260,19,5741,1995,,,-1.142708,-0.9045280000000001,BEN,251810
4842786,19,5742,1995,,,-1.142708,-0.9045280000000001,BEN,251820
4849312,19,5743,1995,,,-1.142708,-0.9045280000000001,BEN,251830
4855838,19,5744,1995,,,-1.142708,-0.9045280000000001,BEN,251910
4862364,19,5745,1995,,,-1.142708,-0.9045280000000001,BEN,251990
4868890,19,5746,1995,0.0,97367.0,-1.142708,-0.9045280000000001,BEN,252010
4875416,19,5747,1995,0.0,120066.0,-1.142708,-0.9045280000000001,BEN,252020
4881942,19,5748,1995,0.0,735671.0,-1.142708,-0.9045280000000001,BEN,252100
4888468,19,5749,1995,0.0,98842.0,-1.142708,-0.9045280000000001,BEN,252210
4894994,19,5750,1995,0.0,38075.0,-1.142708,-0.9045280000000001,BEN,252220
4901520,19,5751,1995,0.0,1410.0,-1.142708,-0.9045280000000001,BEN,252230
4908046,19,5752,1995,0.0,7757774.0,-1.142708,-0.9045280000000001,BEN,252310
4914572,19,5753,1995,0.0,41373.0,-1.142708,-0.9045280000000001,BEN,252321
4921098,19,5754,1995,36738.0,2668699.0,-1.142708,-0.9045280000000001,BEN,252329
4927624,19,5755,1995,,,-1.142708,-0.9045280000000001,BEN,252330
4934150,19,5756,1995,564026.0,21702.0,-1.142708,-0.9045280000000001,BEN,252390
4940676,19,5757,1995,,,-1.142708,-0.9045280000000001,BEN,252400
4947202,19,5758,1995,,,-1.142708,-0.9045280000000001,BEN,252510
4953728,19,5759,1995,0.0,2216.0,-1.142708,-0.9045280000000001,BEN,252520
4960254,19,5760,1995,,,-1.142708,-0.9045280000000001,BEN,252530
4966780,19,5761,1995,,,-1.142708,-0.9045280000000001,BEN,252610
4973306,19,5762,1995,,,-1.142708,-0.9045280000000001,BEN,252620
4979832,19,5763,1995,,,-1.142708,-0.9045280000000001,BEN,252700
4986358,19,5764,1995,,,-1.142708,-0.9045280000000001,BEN,252810
4992884,19,5765,1995,,,-1.142708,-0.9045280000000001,BEN,252890
4999410,19,5766,1995,0.0,1437.0,-1.142708,-0.9045280000000001,BEN,252910
5005936,19,5767,1995,,,-1.142708,-0.9045280000000001,BEN,252921
5012462,19,5768,1995,,,-1.142708,-0.9045280000000001,BEN,252922
5018988,19,5769,1995,,,-1.142708,-0.9045280000000001,BEN,252930
5025514,19,5770,1995,,,-1.142708,-0.9045280000000001,BEN,253010
5032040,19,5771,1995,,,-1.142708,-0.9045280000000001,BEN,253020
5038566,19,5772,1995,0.0,31629.0,-1.142708,-0.9045280000000001,BEN,253030
5045092,19,5773,1995,,,-1.142708,-0.9045280000000001,BEN,253040
5051618,19,5774,1995,,,-1.142708,-0.9045280000000001,BEN,253090
5058144,19,5775,1995,,,-1.142708,-0.9045280000000001,BEN,260111
5064670,19,5776,1995,,,-1.142708,-0.9045280000000001,BEN,260112
5071196,19,5777,1995,,,-1.142708,-0.9045280000000001,BEN,260120
5077722,19,5778,1995,,,-1.142708,-0.9045280000000001,BEN,260200
5084248,19,5779,1995,,,-1.142708,-0.9045280000000001,BEN,260300
5090774,19,5780,1995,,,-1.142708,-0.9045280000000001,BEN,260400
5097300,19,5781,1995,,,-1.142708,-0.9045280000000001,BEN,260500
5103826,19,5782,1995,,,-1.142708,-0.9045280000000001,BEN,260600
5110352,19,5783,1995,,,-1.142708,-0.9045280000000001,BEN,260700
5116878,19,5784,1995,,,-1.142708,-0.9045280000000001,BEN,260800
5123404,19,5785,1995,0.0,8008.0,-1.142708,-0.9045280000000001,BEN,260900
5129930,19,5786,1995,,,-1.142708,-0.9045280000000001,BEN,261000
5136456,19,5787,1995,,,-1.142708,-0.9045280000000001,BEN,261100
5142982,19,5788,1995,0.0,151486000.0,-1.142708,-0.9045280000000001,BEN,261210
5149508,19,5789,1995,,,-1.142708,-0.9045280000000001,BEN,261220
5156034,19,5790,1995,,,-1.142708,-0.9045280000000001,BEN,261310
5162560,19,5791,1995,,,-1.142708,-0.9045280000000001,BEN,261390
5169086,19,5792,1995,,,-1.142708,-0.9045280000000001,BEN,261400
5175612,19,5793,1995,,,-1.142708,-0.9045280000000001,BEN,261510
5182138,19,5794,1995,,,-1.142708,-0.9045280000000001,BEN,261590
5188664,19,5795,1995,,,-1.142708,-0.9045280000000001,BEN,261610
5195190,19,5796,1995,,,-1.142708,-0.9045280000000001,BEN,261690
5201716,19,5797,1995,,,-1.142708,-0.9045280000000001,BEN,261710
5208242,19,5798,1995,,,-1.142708,-0.9045280000000001,BEN,261790
5214768,19,5799,1995,0.0,255825.0,-1.142708,-0.9045280000000001,BEN,261800
5221294,19,5800,1995,,,-1.142708,-0.9045280000000001,BEN,261900
5227820,19,5801,1995,,,-1.142708,-0.9045280000000001,BEN,262011
5234346,19,5802,1995,,,-1.142708,-0.9045280000000001,BEN,262019
5240872,19,5803,1995,,,-1.142708,-0.9045280000000001,BEN,262020
5247398,19,5804,1995,,,-1.142708,-0.9045280000000001,BEN,262030
5253924,19,5805,1995,,,-1.142708,-0.9045280000000001,BEN,262040
5260450,19,5806,1995,,,-1.142708,-0.9045280000000001,BEN,262050
5266976,19,5807,1995,,,-1.142708,-0.9045280000000001,BEN,262090
5273502,19,5808,1995,,,-1.142708,-0.9045280000000001,BEN,262100
5280028,19,5809,1995,,,-1.142708,-0.9045280000000001,BEN,270111
5286554,19,5810,1995,0.0,4485.0,-1.142708,-0.9045280000000001,BEN,270112
5293080,19,5811,1995,,,-1.142708,-0.9045280000000001,BEN,270119
5299606,19,5812,1995,,,-1.142708,-0.9045280000000001,BEN,270120
5306132,19,5813,1995,,,-1.142708,-0.9045280000000001,BEN,270210
5312658,19,5814,1995,,,-1.142708,-0.9045280000000001,BEN,270220
5319184,19,5815,1995,,,-1.142708,-0.9045280000000001,BEN,270300
5325710,19,5816,1995,,,-1.142708,-0.9045280000000001,BEN,270400
5332236,19,5817,1995,,,-1.142708,-0.9045280000000001,BEN,270500
5338762,19,5818,1995,0.0,10476.0,-1.142708,-0.9045280000000001,BEN,270600
5345288,19,5819,1995,,,-1.142708,-0.9045280000000001,BEN,270710
5351814,19,5820,1995,,,-1.142708,-0.9045280000000001,BEN,270720
5358340,19,5821,1995,,,-1.142708,-0.9045280000000001,BEN,270730
5364866,19,5822,1995,,,-1.142708,-0.9045280000000001,BEN,270740
5371392,19,5823,1995,0.0,26592.0,-1.142708,-0.9045280000000001,BEN,270750
5377918,19,5824,1995,,,-1.142708,-0.9045280000000001,BEN,270760
5384444,19,5825,1995,,,-1.142708,-0.9045280000000001,BEN,270791
5390970,19,5826,1995,0.0,5809.0,-1.142708,-0.9045280000000001,BEN,270799
5397496,19,5827,1995,,,-1.142708,-0.9045280000000001,BEN,270810
5404022,19,5828,1995,,,-1.142708,-0.9045280000000001,BEN,270820
5410548,19,5829,1995,6839554.0,0.0,-1.142708,-0.9045280000000001,BEN,270900
5417074,19,5830,1995,2300982.0,536892.0,-1.142708,-0.9045280000000001,BEN,271000
5423600,19,5831,1995,0.0,18456060.0,-1.142708,-0.9045280000000001,BEN,271011
5430126,19,5832,1995,,,-1.142708,-0.9045280000000001,BEN,271012
5436652,19,5833,1995,,,-1.142708,-0.9045280000000001,BEN,271013
5443178,19,5834,1995,,,-1.142708,-0.9045280000000001,BEN,271014
5449704,19,5835,1995,,,-1.142708,-0.9045280000000001,BEN,271015
5456230,19,5836,1995,,,-1.142708,-0.9045280000000001,BEN,271016
5462756,19,5837,1995,0.0,412903.0,-1.142708,-0.9045280000000001,BEN,271019
5469282,19,5838,1995,,,-1.142708,-0.9045280000000001,BEN,271021
5475808,19,5839,1995,,,-1.142708,-0.9045280000000001,BEN,271022
5482334,19,5840,1995,,,-1.142708,-0.9045280000000001,BEN,271025
5488860,19,5841,1995,0.0,2286088.0,-1.142708,-0.9045280000000001,BEN,271026
5495386,19,5842,1995,,,-1.142708,-0.9045280000000001,BEN,271027
5501912,19,5843,1995,,,-1.142708,-0.9045280000000001,BEN,271029
5508438,19,5844,1995,,,-1.142708,-0.9045280000000001,BEN,271091
5514964,19,5845,1995,,,-1.142708,-0.9045280000000001,BEN,271093
5521490,19,5846,1995,,,-1.142708,-0.9045280000000001,BEN,271094
5528016,19,5847,1995,0.0,446028.0,-1.142708,-0.9045280000000001,BEN,271095
5534542,19,5848,1995,,,-1.142708,-0.9045280000000001,BEN,271096
5541068,19,5849,1995,0.0,769729.0,-1.142708,-0.9045280000000001,BEN,271099
5547594,19,5850,1995,,,-1.142708,-0.9045280000000001,BEN,271111
5554120,19,5851,1995,,,-1.142708,-0.9045280000000001,BEN,271112
5560646,19,5852,1995,0.0,289363.0,-1.142708,-0.9045280000000001,BEN,271113
5567172,19,5853,1995,,,-1.142708,-0.9045280000000001,BEN,271114
5573698,19,5854,1995,,,-1.142708,-0.9045280000000001,BEN,271119
5580224,19,5855,1995,,,-1.142708,-0.9045280000000001,BEN,271121
5586750,19,5856,1995,,,-1.142708,-0.9045280000000001,BEN,271129
5593276,19,5857,1995,6384.0,0.0,-1.142708,-0.9045280000000001,BEN,271210
5599802,19,5858,1995,0.0,1118.0,-1.142708,-0.9045280000000001,BEN,271220
5606328,19,5859,1995,0.0,1118.0,-1.142708,-0.9045280000000001,BEN,271290
5612854,19,5860,1995,,,-1.142708,-0.9045280000000001,BEN,271311
5619380,19,5861,1995,,,-1.142708,-0.9045280000000001,BEN,271312
5625906,19,5862,1995,0.0,409456.0,-1.142708,-0.9045280000000001,BEN,271320
5632432,19,5863,1995,,,-1.142708,-0.9045280000000001,BEN,271390
5638958,19,5864,1995,,,-1.142708,-0.9045280000000001,BEN,271410
5645484,19,5865,1995,4195.0,0.0,-1.142708,-0.9045280000000001,BEN,271490
5652010,19,5866,1995,0.0,291634.0,-1.142708,-0.9045280000000001,BEN,271500
5658536,19,5867,1995,,,-1.142708,-0.9045280000000001,BEN,271600
5665062,19,5868,1995,,,-1.142708,-0.9045280000000001,BEN,280110
5671588,19,5869,1995,,,-1.142708,-0.9045280000000001,BEN,280120
5678114,19,5870,1995,,,-1.142708,-0.9045280000000001,BEN,280130
5684640,19,5871,1995,,,-1.142708,-0.9045280000000001,BEN,280200
5691166,19,5872,1995,0.0,1712.0,-1.142708,-0.9045280000000001,BEN,280300
5697692,19,5873,1995,,,-1.142708,-0.9045280000000001,BEN,280410
5704218,19,5874,1995,1345.0,0.0,-1.142708,-0.9045280000000001,BEN,280421
5710744,19,5875,1995,,,-1.142708,-0.9045280000000001,BEN,280429
5717270,19,5876,1995,8330.0,0.0,-1.142708,-0.9045280000000001,BEN,280430
5723796,19,5877,1995,99699.0,0.0,-1.142708,-0.9045280000000001,BEN,280440
5730322,19,5878,1995,,,-1.142708,-0.9045280000000001,BEN,280450
5736848,19,5879,1995,,,-1.142708,-0.9045280000000001,BEN,280461
5743374,19,5880,1995,,,-1.142708,-0.9045280000000001,BEN,280469
5749900,19,5881,1995,,,-1.142708,-0.9045280000000001,BEN,280470
5756426,19,5882,1995,,,-1.142708,-0.9045280000000001,BEN,280480
5762952,19,5883,1995,,,-1.142708,-0.9045280000000001,BEN,280490
5769478,19,5884,1995,,,-1.142708,-0.9045280000000001,BEN,280511
5776004,19,5885,1995,,,-1.142708,-0.9045280000000001,BEN,280519
5782530,19,5886,1995,,,-1.142708,-0.9045280000000001,BEN,280521
5789056,19,5887,1995,,,-1.142708,-0.9045280000000001,BEN,280522
5795582,19,5888,1995,,,-1.142708,-0.9045280000000001,BEN,280530
5802108,19,5889,1995,0.0,1410.0,-1.142708,-0.9045280000000001,BEN,280540
5808634,19,5890,1995,0.0,8663.0,-1.142708,-0.9045280000000001,BEN,280610
5815160,19,5891,1995,,,-1.142708,-0.9045280000000001,BEN,280620
5821686,19,5892,1995,2947.0,10404.0,-1.142708,-0.9045280000000001,BEN,280700
5828212,19,5893,1995,,,-1.142708,-0.9045280000000001,BEN,280800
5834738,19,5894,1995,,,-1.142708,-0.9045280000000001,BEN,280910
5841264,19,5895,1995,0.0,3021.0,-1.142708,-0.9045280000000001,BEN,280920
5847790,19,5896,1995,,,-1.142708,-0.9045280000000001,BEN,281000
5854316,19,5897,1995,,,-1.142708,-0.9045280000000001,BEN,281111
5860842,19,5898,1995,,,-1.142708,-0.9045280000000001,BEN,281119
5867368,19,5899,1995,,,-1.142708,-0.9045280000000001,BEN,281121
5873894,19,5900,1995,0.0,4098.0,-1.142708,-0.9045280000000001,BEN,281122
5880420,19,5901,1995,,,-1.142708,-0.9045280000000001,BEN,281123
5886946,19,5902,1995,,,-1.142708,-0.9045280000000001,BEN,281129
5893472,19,5903,1995,,,-1.142708,-0.9045280000000001,BEN,281210
5899998,19,5904,1995,,,-1.142708,-0.9045280000000001,BEN,281290
5906524,19,5905,1995,,,-1.142708,-0.9045280000000001,BEN,281310
5913050,19,5906,1995,,,-1.142708,-0.9045280000000001,BEN,281390
5919576,19,5907,1995,0.0,11079.0,-1.142708,-0.9045280000000001,BEN,281410
5926102,19,5908,1995,,,-1.142708,-0.9045280000000001,BEN,281420
5932628,19,5909,1995,0.0,492858.0,-1.142708,-0.9045280000000001,BEN,281511
5939154,19,5910,1995,,,-1.142708,-0.9045280000000001,BEN,281512
5945680,19,5911,1995,0.0,4633.0,-1.142708,-0.9045280000000001,BEN,281520
5952206,19,5912,1995,,,-1.142708,-0.9045280000000001,BEN,281530
5958732,19,5913,1995,,,-1.142708,-0.9045280000000001,BEN,281610
5965258,19,5914,1995,,,-1.142708,-0.9045280000000001,BEN,281620
5971784,19,5915,1995,,,-1.142708,-0.9045280000000001,BEN,281630
5978310,19,5916,1995,,,-1.142708,-0.9045280000000001,BEN,281700
5984836,19,5917,1995,,,-1.142708,-0.9045280000000001,BEN,281810
5991362,19,5918,1995,,,-1.142708,-0.9045280000000001,BEN,281820
5997888,19,5919,1995,,,-1.142708,-0.9045280000000001,BEN,281830
6004414,19,5920,1995,,,-1.142708,-0.9045280000000001,BEN,281910
6010940,19,5921,1995,,,-1.142708,-0.9045280000000001,BEN,281990
6017466,19,5922,1995,,,-1.142708,-0.9045280000000001,BEN,282010
6023992,19,5923,1995,,,-1.142708,-0.9045280000000001,BEN,282090
6030518,19,5924,1995,0.0,12627.0,-1.142708,-0.9045280000000001,BEN,282110
6037044,19,5925,1995,,,-1.142708,-0.9045280000000001,BEN,282120
6043570,19,5926,1995,,,-1.142708,-0.9045280000000001,BEN,282200
6050096,19,5927,1995,0.0,45384.0,-1.142708,-0.9045280000000001,BEN,282300
6056622,19,5928,1995,,,-1.142708,-0.9045280000000001,BEN,282410
6063148,19,5929,1995,0.0,9468.0,-1.142708,-0.9045280000000001,BEN,282420
6069674,19,5930,1995,,,-1.142708,-0.9045280000000001,BEN,282490
6076200,19,5931,1995,,,-1.142708,-0.9045280000000001,BEN,282510
6082726,19,5932,1995,,,-1.142708,-0.9045280000000001,BEN,282520
6089252,19,5933,1995,,,-1.142708,-0.9045280000000001,BEN,282530
6095778,19,5934,1995,,,-1.142708,-0.9045280000000001,BEN,282540
6102304,19,5935,1995,,,-1.142708,-0.9045280000000001,BEN,282550
6108830,19,5936,1995,,,-1.142708,-0.9045280000000001,BEN,282560
6115356,19,5937,1995,,,-1.142708,-0.9045280000000001,BEN,282570
6121882,19,5938,1995,,,-1.142708,-0.9045280000000001,BEN,282580
6128408,19,5939,1995,,,-1.142708,-0.9045280000000001,BEN,282590
6134934,19,5940,1995,,,-1.142708,-0.9045280000000001,BEN,282611
6141460,19,5941,1995,,,-1.142708,-0.9045280000000001,BEN,282612
6147986,19,5942,1995,,,-1.142708,-0.9045280000000001,BEN,282619
6154512,19,5943,1995,,,-1.142708,-0.9045280000000001,BEN,282620
6161038,19,5944,1995,,,-1.142708,-0.9045280000000001,BEN,282630
6167564,19,5945,1995,,,-1.142708,-0.9045280000000001,BEN,282690
6174090,19,5946,1995,,,-1.142708,-0.9045280000000001,BEN,282710
6180616,19,5947,1995,0.0,8864.0,-1.142708,-0.9045280000000001,BEN,282720
6187142,19,5948,1995,,,-1.142708,-0.9045280000000001,BEN,282731
6193668,19,5949,1995,,,-1.142708,-0.9045280000000001,BEN,282732
6200194,19,5950,1995,,,-1.142708,-0.9045280000000001,BEN,282733
6206720,19,5951,1995,,,-1.142708,-0.9045280000000001,BEN,282734
6213246,19,5952,1995,,,-1.142708,-0.9045280000000001,BEN,282735
6219772,19,5953,1995,,,-1.142708,-0.9045280000000001,BEN,282736
6226298,19,5954,1995,,,-1.142708,-0.9045280000000001,BEN,282737
6232824,19,5955,1995,,,-1.142708,-0.9045280000000001,BEN,282738
6239350,19,5956,1995,,,-1.142708,-0.9045280000000001,BEN,282739
6245876,19,5957,1995,,,-1.142708,-0.9045280000000001,BEN,282741
6252402,19,5958,1995,,,-1.142708,-0.9045280000000001,BEN,282749
6258928,19,5959,1995,,,-1.142708,-0.9045280000000001,BEN,282751
6265454,19,5960,1995,,,-1.142708,-0.9045280000000001,BEN,282759
6271980,19,5961,1995,,,-1.142708,-0.9045280000000001,BEN,282760
6278506,19,5962,1995,0.0,18534.0,-1.142708,-0.9045280000000001,BEN,282810
6285032,19,5963,1995,0.0,25222.0,-1.142708,-0.9045280000000001,BEN,282890
6291558,19,5964,1995,,,-1.142708,-0.9045280000000001,BEN,282911
6298084,19,5965,1995,,,-1.142708,-0.9045280000000001,BEN,282919
6304610,19,5966,1995,,,-1.142708,-0.9045280000000001,BEN,282990
6311136,19,5967,1995,,,-1.142708,-0.9045280000000001,BEN,283010
6317662,19,5968,1995,,,-1.142708,-0.9045280000000001,BEN,283020
6324188,19,5969,1995,,,-1.142708,-0.9045280000000001,BEN,283030
6330714,19,5970,1995,,,-1.142708,-0.9045280000000001,BEN,283090
6337240,19,5971,1995,0.0,10476.0,-1.142708,-0.9045280000000001,BEN,283110
6343766,19,5972,1995,,,-1.142708,-0.9045280000000001,BEN,283190
6350292,19,5973,1995,,,-1.142708,-0.9045280000000001,BEN,283210
6356818,19,5974,1995,,,-1.142708,-0.9045280000000001,BEN,283220
6363344,19,5975,1995,,,-1.142708,-0.9045280000000001,BEN,283230
6369870,19,5976,1995,0.0,3626.0,-1.142708,-0.9045280000000001,BEN,283311
6376396,19,5977,1995,,,-1.142708,-0.9045280000000001,BEN,283319
6382922,19,5978,1995,,,-1.142708,-0.9045280000000001,BEN,283321
6389448,19,5979,1995,,,-1.142708,-0.9045280000000001,BEN,283322
6395974,19,5980,1995,,,-1.142708,-0.9045280000000001,BEN,283323
6402500,19,5981,1995,,,-1.142708,-0.9045280000000001,BEN,283324
6409026,19,5982,1995,,,-1.142708,-0.9045280000000001,BEN,283325
6415552,19,5983,1995,,,-1.142708,-0.9045280000000001,BEN,283326
6422078,19,5984,1995,,,-1.142708,-0.9045280000000001,BEN,283327
6428604,19,5985,1995,0.0,4324.0,-1.142708,-0.9045280000000001,BEN,283329
6435130,19,5986,1995,0.0,1611.0,-1.142708,-0.9045280000000001,BEN,283330
6441656,19,5987,1995,,,-1.142708,-0.9045280000000001,BEN,283340
6448182,19,5988,1995,,,-1.142708,-0.9045280000000001,BEN,283410
6454708,19,5989,1995,,,-1.142708,-0.9045280000000001,BEN,283421
6461234,19,5990,1995,,,-1.142708,-0.9045280000000001,BEN,283422
6467760,19,5991,1995,0.0,1611.0,-1.142708,-0.9045280000000001,BEN,283429
6474286,19,5992,1995,,,-1.142708,-0.9045280000000001,BEN,283510
6480812,19,5993,1995,,,-1.142708,-0.9045280000000001,BEN,283521
6487338,19,5994,1995,,,-1.142708,-0.9045280000000001,BEN,283522
6493864,19,5995,1995,,,-1.142708,-0.9045280000000001,BEN,283523
6500390,19,5996,1995,,,-1.142708,-0.9045280000000001,BEN,283524
6506916,19,5997,1995,,,-1.142708,-0.9045280000000001,BEN,283525
6513442,19,5998,1995,,,-1.142708,-0.9045280000000001,BEN,283526
6519968,19,5999,1995,0.0,1150.0,-1.142708,-0.9045280000000001,BEN,283529
6526494,19,6000,1995,,,-1.142708,-0.9045280000000001,BEN,283531
6533020,19,6001,1995,,,-1.142708,-0.9045280000000001,BEN,283539
6539546,19,6002,1995,,,-1.142708,-0.9045280000000001,BEN,283610
6546072,19,6003,1995,0.0,33352.0,-1.142708,-0.9045280000000001,BEN,283620
6552598,19,6004,1995,0.0,1006.0,-1.142708,-0.9045280000000001,BEN,283630
6559124,19,6005,1995,,,-1.142708,-0.9045280000000001,BEN,283640
6565650,19,6006,1995,0.0,1276.0,-1.142708,-0.9045280000000001,BEN,283650
6572176,19,6007,1995,,,-1.142708,-0.9045280000000001,BEN,283660
6578702,19,6008,1995,,,-1.142708,-0.9045280000000001,BEN,283670
6585228,19,6009,1995,0.0,2618.0,-1.142708,-0.9045280000000001,BEN,283691
6591754,19,6010,1995,,,-1.142708,-0.9045280000000001,BEN,283692
6598280,19,6011,1995,,,-1.142708,-0.9045280000000001,BEN,283693
6604806,19,6012,1995,0.0,3021.0,-1.142708,-0.9045280000000001,BEN,283699
6611332,19,6013,1995,,,-1.142708,-0.9045280000000001,BEN,283711
6617858,19,6014,1995,,,-1.142708,-0.9045280000000001,BEN,283719
6624384,19,6015,1995,,,-1.142708,-0.9045280000000001,BEN,283720
6630910,19,6016,1995,,,-1.142708,-0.9045280000000001,BEN,283800
6637436,19,6017,1995,,,-1.142708,-0.9045280000000001,BEN,283911
6643962,19,6018,1995,,,-1.142708,-0.9045280000000001,BEN,283919
6650488,19,6019,1995,,,-1.142708,-0.9045280000000001,BEN,283920
6657014,19,6020,1995,,,-1.142708,-0.9045280000000001,BEN,283990
6663540,19,6021,1995,,,-1.142708,-0.9045280000000001,BEN,284011
6670066,19,6022,1995,,,-1.142708,-0.9045280000000001,BEN,284019
6676592,19,6023,1995,,,-1.142708,-0.9045280000000001,BEN,284020
6683118,19,6024,1995,,,-1.142708,-0.9045280000000001,BEN,284030
6689644,19,6025,1995,,,-1.142708,-0.9045280000000001,BEN,284110
6696170,19,6026,1995,,,-1.142708,-0.9045280000000001,BEN,284120
6702696,19,6027,1995,,,-1.142708,-0.9045280000000001,BEN,284130
6709222,19,6028,1995,,,-1.142708,-0.9045280000000001,BEN,284140
6715748,19,6029,1995,,,-1.142708,-0.9045280000000001,BEN,284150
6722274,19,6030,1995,,,-1.142708,-0.9045280000000001,BEN,284160
6728800,19,6031,1995,,,-1.142708,-0.9045280000000001,BEN,284170
6735326,19,6032,1995,,,-1.142708,-0.9045280000000001,BEN,284180
6741852,19,6033,1995,,,-1.142708,-0.9045280000000001,BEN,284190
6748378,19,6034,1995,,,-1.142708,-0.9045280000000001,BEN,284210
6754904,19,6035,1995,0.0,1437.0,-1.142708,-0.9045280000000001,BEN,284290
6761430,19,6036,1995,,,-1.142708,-0.9045280000000001,BEN,284310
6767956,19,6037,1995,,,-1.142708,-0.9045280000000001,BEN,284321
6774482,19,6038,1995,,,-1.142708,-0.9045280000000001,BEN,284329
6781008,19,6039,1995,,,-1.142708,-0.9045280000000001,BEN,284330
6787534,19,6040,1995,,,-1.142708,-0.9045280000000001,BEN,284390
6794060,19,6041,1995,,,-1.142708,-0.9045280000000001,BEN,284410
6800586,19,6042,1995,,,-1.142708,-0.9045280000000001,BEN,284420
6807112,19,6043,1995,,,-1.142708,-0.9045280000000001,BEN,284430
6813638,19,6044,1995,,,-1.142708,-0.9045280000000001,BEN,284440
6820164,19,6045,1995,,,-1.142708,-0.9045280000000001,BEN,284450
6826690,19,6046,1995,,,-1.142708,-0.9045280000000001,BEN,284510
6833216,19,6047,1995,,,-1.142708,-0.9045280000000001,BEN,284590
6839742,19,6048,1995,,,-1.142708,-0.9045280000000001,BEN,284610
6846268,19,6049,1995,,,-1.142708,-0.9045280000000001,BEN,284690
6852794,19,6050,1995,0.0,6527.0,-1.142708,-0.9045280000000001,BEN,284700
6859320,19,6051,1995,,,-1.142708,-0.9045280000000001,BEN,284810
6865846,19,6052,1995,,,-1.142708,-0.9045280000000001,BEN,284890
6872372,19,6053,1995,0.0,8248.0,-1.142708,-0.9045280000000001,BEN,284910
6878898,19,6054,1995,,,-1.142708,-0.9045280000000001,BEN,284920
6885424,19,6055,1995,,,-1.142708,-0.9045280000000001,BEN,284990
6891950,19,6056,1995,,,-1.142708,-0.9045280000000001,BEN,285000
6898476,19,6057,1995,,,-1.142708,-0.9045280000000001,BEN,285100
6905002,19,6058,1995,,,-1.142708,-0.9045280000000001,BEN,290110
6911528,19,6059,1995,,,-1.142708,-0.9045280000000001,BEN,290121
6918054,19,6060,1995,,,-1.142708,-0.9045280000000001,BEN,290122
6924580,19,6061,1995,,,-1.142708,-0.9045280000000001,BEN,290123
6931106,19,6062,1995,,,-1.142708,-0.9045280000000001,BEN,290124
6937632,19,6063,1995,39729.0,0.0,-1.142708,-0.9045280000000001,BEN,290129
6944158,19,6064,1995,,,-1.142708,-0.9045280000000001,BEN,290211
6950684,19,6065,1995,,,-1.142708,-0.9045280000000001,BEN,290219
6957210,19,6066,1995,,,-1.142708,-0.9045280000000001,BEN,290220
6963736,19,6067,1995,0.0,44493.0,-1.142708,-0.9045280000000001,BEN,290230
6970262,19,6068,1995,,,-1.142708,-0.9045280000000001,BEN,290241
6976788,19,6069,1995,,,-1.142708,-0.9045280000000001,BEN,290242
6983314,19,6070,1995,,,-1.142708,-0.9045280000000001,BEN,290243
6989840,19,6071,1995,,,-1.142708,-0.9045280000000001,BEN,290244
6996366,19,6072,1995,,,-1.142708,-0.9045280000000001,BEN,290250
7002892,19,6073,1995,,,-1.142708,-0.9045280000000001,BEN,290260
7009418,19,6074,1995,,,-1.142708,-0.9045280000000001,BEN,290270
7015944,19,6075,1995,,,-1.142708,-0.9045280000000001,BEN,290290
7022470,19,6076,1995,,,-1.142708,-0.9045280000000001,BEN,290311
7028996,19,6077,1995,,,-1.142708,-0.9045280000000001,BEN,290312
7035522,19,6078,1995,,,-1.142708,-0.9045280000000001,BEN,290313
7042048,19,6079,1995,,,-1.142708,-0.9045280000000001,BEN,290314
7048574,19,6080,1995,,,-1.142708,-0.9045280000000001,BEN,290315
7055100,19,6081,1995,,,-1.142708,-0.9045280000000001,BEN,290316
7061626,19,6082,1995,,,-1.142708,-0.9045280000000001,BEN,290319
7068152,19,6083,1995,,,-1.142708,-0.9045280000000001,BEN,290321
7074678,19,6084,1995,0.0,2014.0,-1.142708,-0.9045280000000001,BEN,290322
7081204,19,6085,1995,0.0,2014.0,-1.142708,-0.9045280000000001,BEN,290323
7087730,19,6086,1995,,,-1.142708,-0.9045280000000001,BEN,290329
7094256,19,6087,1995,,,-1.142708,-0.9045280000000001,BEN,290330
7100782,19,6088,1995,0.0,1410.0,-1.142708,-0.9045280000000001,BEN,290340
7107308,19,6089,1995,,,-1.142708,-0.9045280000000001,BEN,290351
7113834,19,6090,1995,,,-1.142708,-0.9045280000000001,BEN,290359
7120360,19,6091,1995,,,-1.142708,-0.9045280000000001,BEN,290361
7126886,19,6092,1995,,,-1.142708,-0.9045280000000001,BEN,290362
7133412,19,6093,1995,0.0,3990.0,-1.142708,-0.9045280000000001,BEN,290369
7139938,19,6094,1995,,,-1.142708,-0.9045280000000001,BEN,290410
7146464,19,6095,1995,,,-1.142708,-0.9045280000000001,BEN,290420
7152990,19,6096,1995,0.0,6890.0,-1.142708,-0.9045280000000001,BEN,290490
7159516,19,6097,1995,,,-1.142708,-0.9045280000000001,BEN,290511
7166042,19,6098,1995,0.0,2496.0,-1.142708,-0.9045280000000001,BEN,290512
7172568,19,6099,1995,,,-1.142708,-0.9045280000000001,BEN,290513
7179094,19,6100,1995,0.0,17161.0,-1.142708,-0.9045280000000001,BEN,290514
7185620,19,6101,1995,,,-1.142708,-0.9045280000000001,BEN,290515
7192146,19,6102,1995,,,-1.142708,-0.9045280000000001,BEN,290516
7198672,19,6103,1995,,,-1.142708,-0.9045280000000001,BEN,290517
7205198,19,6104,1995,0.0,24316.0,-1.142708,-0.9045280000000001,BEN,290519
7211724,19,6105,1995,,,-1.142708,-0.9045280000000001,BEN,290521
7218250,19,6106,1995,,,-1.142708,-0.9045280000000001,BEN,290522
7224776,19,6107,1995,,,-1.142708,-0.9045280000000001,BEN,290529
7231302,19,6108,1995,,,-1.142708,-0.9045280000000001,BEN,290531
7237828,19,6109,1995,0.0,14504.0,-1.142708,-0.9045280000000001,BEN,290532
7244354,19,6110,1995,,,-1.142708,-0.9045280000000001,BEN,290539
7250880,19,6111,1995,,,-1.142708,-0.9045280000000001,BEN,290541
7257406,19,6112,1995,,,-1.142708,-0.9045280000000001,BEN,290542
7263932,19,6113,1995,,,-1.142708,-0.9045280000000001,BEN,290543
7270458,19,6114,1995,,,-1.142708,-0.9045280000000001,BEN,290544
7276984,19,6115,1995,0.0,1410.0,-1.142708,-0.9045280000000001,BEN,290549
7283510,19,6116,1995,,,-1.142708,-0.9045280000000001,BEN,290550
7290036,19,6117,1995,,,-1.142708,-0.9045280000000001,BEN,290611
7296562,19,6118,1995,,,-1.142708,-0.9045280000000001,BEN,290612
7303088,19,6119,1995,,,-1.142708,-0.9045280000000001,BEN,290613
7309614,19,6120,1995,,,-1.142708,-0.9045280000000001,BEN,290614
7316140,19,6121,1995,,,-1.142708,-0.9045280000000001,BEN,290619
7322666,19,6122,1995,,,-1.142708,-0.9045280000000001,BEN,290621
7329192,19,6123,1995,,,-1.142708,-0.9045280000000001,BEN,290629
7335718,19,6124,1995,,,-1.142708,-0.9045280000000001,BEN,290711
7342244,19,6125,1995,,,-1.142708,-0.9045280000000001,BEN,290712
7348770,19,6126,1995,,,-1.142708,-0.9045280000000001,BEN,290713
7355296,19,6127,1995,,,-1.142708,-0.9045280000000001,BEN,290714
7361822,19,6128,1995,,,-1.142708,-0.9045280000000001,BEN,290715
7368348,19,6129,1995,,,-1.142708,-0.9045280000000001,BEN,290719
7374874,19,6130,1995,,,-1.142708,-0.9045280000000001,BEN,290721
7381400,19,6131,1995,,,-1.142708,-0.9045280000000001,BEN,290722
7387926,19,6132,1995,,,-1.142708,-0.9045280000000001,BEN,290723
7394452,19,6133,1995,,,-1.142708,-0.9045280000000001,BEN,290729
7400978,19,6134,1995,,,-1.142708,-0.9045280000000001,BEN,290730
7407504,19,6135,1995,,,-1.142708,-0.9045280000000001,BEN,290810
7414030,19,6136,1995,,,-1.142708,-0.9045280000000001,BEN,290820
7420556,19,6137,1995,,,-1.142708,-0.9045280000000001,BEN,290890
7427082,19,6138,1995,0.0,11281.0,-1.142708,-0.9045280000000001,BEN,290911
7433608,19,6139,1995,,,-1.142708,-0.9045280000000001,BEN,290919
7440134,19,6140,1995,,,-1.142708,-0.9045280000000001,BEN,290920
7446660,19,6141,1995,,,-1.142708,-0.9045280000000001,BEN,290930
7453186,19,6142,1995,,,-1.142708,-0.9045280000000001,BEN,290941
7459712,19,6143,1995,,,-1.142708,-0.9045280000000001,BEN,290942
7466238,19,6144,1995,,,-1.142708,-0.9045280000000001,BEN,290943
7472764,19,6145,1995,,,-1.142708,-0.9045280000000001,BEN,290944
7479290,19,6146,1995,0.0,6720.0,-1.142708,-0.9045280000000001,BEN,290949
7485816,19,6147,1995,,,-1.142708,-0.9045280000000001,BEN,290950
7492342,19,6148,1995,,,-1.142708,-0.9045280000000001,BEN,290960
7498868,19,6149,1995,0.0,7547.0,-1.142708,-0.9045280000000001,BEN,291010
7505394,19,6150,1995,,,-1.142708,-0.9045280000000001,BEN,291020
7511920,19,6151,1995,,,-1.142708,-0.9045280000000001,BEN,291030
7518446,19,6152,1995,,,-1.142708,-0.9045280000000001,BEN,291090
7524972,19,6153,1995,,,-1.142708,-0.9045280000000001,BEN,291100
7531498,19,6154,1995,,,-1.142708,-0.9045280000000001,BEN,291211
7538024,19,6155,1995,,,-1.142708,-0.9045280000000001,BEN,291212
7544550,19,6156,1995,,,-1.142708,-0.9045280000000001,BEN,291213
7551076,19,6157,1995,,,-1.142708,-0.9045280000000001,BEN,291219
7557602,19,6158,1995,,,-1.142708,-0.9045280000000001,BEN,291221
7564128,19,6159,1995,,,-1.142708,-0.9045280000000001,BEN,291229
7570654,19,6160,1995,,,-1.142708,-0.9045280000000001,BEN,291230
7577180,19,6161,1995,,,-1.142708,-0.9045280000000001,BEN,291241
7583706,19,6162,1995,,,-1.142708,-0.9045280000000001,BEN,291242
7590232,19,6163,1995,,,-1.142708,-0.9045280000000001,BEN,291249
7596758,19,6164,1995,,,-1.142708,-0.9045280000000001,BEN,291250
7603284,19,6165,1995,,,-1.142708,-0.9045280000000001,BEN,291260
7609810,19,6166,1995,,,-1.142708,-0.9045280000000001,BEN,291300
7616336,19,6167,1995,0.0,2618.0,-1.142708,-0.9045280000000001,BEN,291411
7622862,19,6168,1995,0.0,3193.0,-1.142708,-0.9045280000000001,BEN,291412
7629388,19,6169,1995,,,-1.142708,-0.9045280000000001,BEN,291413
7635914,19,6170,1995,,,-1.142708,-0.9045280000000001,BEN,291419
7642440,19,6171,1995,,,-1.142708,-0.9045280000000001,BEN,291421
7648966,19,6172,1995,,,-1.142708,-0.9045280000000001,BEN,291422
7655492,19,6173,1995,,,-1.142708,-0.9045280000000001,BEN,291423
7662018,19,6174,1995,,,-1.142708,-0.9045280000000001,BEN,291429
7668544,19,6175,1995,,,-1.142708,-0.9045280000000001,BEN,291430
7675070,19,6176,1995,,,-1.142708,-0.9045280000000001,BEN,291441
7681596,19,6177,1995,,,-1.142708,-0.9045280000000001,BEN,291449
7688122,19,6178,1995,,,-1.142708,-0.9045280000000001,BEN,291450
7694648,19,6179,1995,,,-1.142708,-0.9045280000000001,BEN,291461
7701174,19,6180,1995,,,-1.142708,-0.9045280000000001,BEN,291469
7707700,19,6181,1995,,,-1.142708,-0.9045280000000001,BEN,291470
7714226,19,6182,1995,,,-1.142708,-0.9045280000000001,BEN,291511
7720752,19,6183,1995,,,-1.142708,-0.9045280000000001,BEN,291512
7727278,19,6184,1995,,,-1.142708,-0.9045280000000001,BEN,291513
7733804,19,6185,1995,6739.0,10205.0,-1.142708,-0.9045280000000001,BEN,291521
7740330,19,6186,1995,,,-1.142708,-0.9045280000000001,BEN,291522
7746856,19,6187,1995,,,-1.142708,-0.9045280000000001,BEN,291523
7753382,19,6188,1995,,,-1.142708,-0.9045280000000001,BEN,291524
7759908,19,6189,1995,,,-1.142708,-0.9045280000000001,BEN,291529
7766434,19,6190,1995,,,-1.142708,-0.9045280000000001,BEN,291531
7772960,19,6191,1995,,,-1.142708,-0.9045280000000001,BEN,291532
7779486,19,6192,1995,0.0,36817.0,-1.142708,-0.9045280000000001,BEN,291533
7786012,19,6193,1995,0.0,4167.0,-1.142708,-0.9045280000000001,BEN,291534
7792538,19,6194,1995,,,-1.142708,-0.9045280000000001,BEN,291535
7799064,19,6195,1995,0.0,7245.0,-1.142708,-0.9045280000000001,BEN,291539
7805590,19,6196,1995,,,-1.142708,-0.9045280000000001,BEN,291540
7812116,19,6197,1995,,,-1.142708,-0.9045280000000001,BEN,291550
7818642,19,6198,1995,,,-1.142708,-0.9045280000000001,BEN,291560
7825168,19,6199,1995,0.0,4471.0,-1.142708,-0.9045280000000001,BEN,291570
7831694,19,6200,1995,,,-1.142708,-0.9045280000000001,BEN,291590
7838220,19,6201,1995,,,-1.142708,-0.9045280000000001,BEN,291611
7844746,19,6202,1995,,,-1.142708,-0.9045280000000001,BEN,291612
7851272,19,6203,1995,,,-1.142708,-0.9045280000000001,BEN,291613
7857798,19,6204,1995,,,-1.142708,-0.9045280000000001,BEN,291614
7864324,19,6205,1995,,,-1.142708,-0.9045280000000001,BEN,291615
7870850,19,6206,1995,,,-1.142708,-0.9045280000000001,BEN,291619
7877376,19,6207,1995,,,-1.142708,-0.9045280000000001,BEN,291620
7883902,19,6208,1995,,,-1.142708,-0.9045280000000001,BEN,291631
7890428,19,6209,1995,,,-1.142708,-0.9045280000000001,BEN,291632
7896954,19,6210,1995,,,-1.142708,-0.9045280000000001,BEN,291633
7903480,19,6211,1995,,,-1.142708,-0.9045280000000001,BEN,291639
7910006,19,6212,1995,,,-1.142708,-0.9045280000000001,BEN,291711
7916532,19,6213,1995,,,-1.142708,-0.9045280000000001,BEN,291712
7923058,19,6214,1995,,,-1.142708,-0.9045280000000001,BEN,291713
7929584,19,6215,1995,,,-1.142708,-0.9045280000000001,BEN,291714
7936110,19,6216,1995,,,-1.142708,-0.9045280000000001,BEN,291719
7942636,19,6217,1995,,,-1.142708,-0.9045280000000001,BEN,291720
7949162,19,6218,1995,,,-1.142708,-0.9045280000000001,BEN,291731
7955688,19,6219,1995,,,-1.142708,-0.9045280000000001,BEN,291732
7962214,19,6220,1995,,,-1.142708,-0.9045280000000001,BEN,291733
7968740,19,6221,1995,,,-1.142708,-0.9045280000000001,BEN,291734
7975266,19,6222,1995,,,-1.142708,-0.9045280000000001,BEN,291735
7981792,19,6223,1995,,,-1.142708,-0.9045280000000001,BEN,291736
7988318,19,6224,1995,,,-1.142708,-0.9045280000000001,BEN,291737
7994844,19,6225,1995,,,-1.142708,-0.9045280000000001,BEN,291739
8001370,19,6226,1995,0.0,2216.0,-1.142708,-0.9045280000000001,BEN,291811
8007896,19,6227,1995,,,-1.142708,-0.9045280000000001,BEN,291812
8014422,19,6228,1995,,,-1.142708,-0.9045280000000001,BEN,291813
8020948,19,6229,1995,0.0,57415.0,-1.142708,-0.9045280000000001,BEN,291814
8027474,19,6230,1995,,,-1.142708,-0.9045280000000001,BEN,291815
8034000,19,6231,1995,,,-1.142708,-0.9045280000000001,BEN,291816
8040526,19,6232,1995,,,-1.142708,-0.9045280000000001,BEN,291817
8047052,19,6233,1995,,,-1.142708,-0.9045280000000001,BEN,291819
8053578,19,6234,1995,,,-1.142708,-0.9045280000000001,BEN,291821
8060104,19,6235,1995,0.0,17185.0,-1.142708,-0.9045280000000001,BEN,291822
8066630,19,6236,1995,,,-1.142708,-0.9045280000000001,BEN,291823
8073156,19,6237,1995,,,-1.142708,-0.9045280000000001,BEN,291829
8079682,19,6238,1995,,,-1.142708,-0.9045280000000001,BEN,291830
8086208,19,6239,1995,0.0,1611.0,-1.142708,-0.9045280000000001,BEN,291890
8092734,19,6240,1995,,,-1.142708,-0.9045280000000001,BEN,291900
8099260,19,6241,1995,,,-1.142708,-0.9045280000000001,BEN,292010
8105786,19,6242,1995,,,-1.142708,-0.9045280000000001,BEN,292090
8112312,19,6243,1995,,,-1.142708,-0.9045280000000001,BEN,292111
8118838,19,6244,1995,,,-1.142708,-0.9045280000000001,BEN,292112
8125364,19,6245,1995,,,-1.142708,-0.9045280000000001,BEN,292119
8131890,19,6246,1995,,,-1.142708,-0.9045280000000001,BEN,292121
8138416,19,6247,1995,,,-1.142708,-0.9045280000000001,BEN,292122
8144942,19,6248,1995,,,-1.142708,-0.9045280000000001,BEN,292129
8151468,19,6249,1995,,,-1.142708,-0.9045280000000001,BEN,292130
8157994,19,6250,1995,,,-1.142708,-0.9045280000000001,BEN,292141
8164520,19,6251,1995,,,-1.142708,-0.9045280000000001,BEN,292142
8171046,19,6252,1995,,,-1.142708,-0.9045280000000001,BEN,292143
8177572,19,6253,1995,,,-1.142708,-0.9045280000000001,BEN,292144
8184098,19,6254,1995,,,-1.142708,-0.9045280000000001,BEN,292145
8190624,19,6255,1995,,,-1.142708,-0.9045280000000001,BEN,292149
8197150,19,6256,1995,,,-1.142708,-0.9045280000000001,BEN,292151
8203676,19,6257,1995,,,-1.142708,-0.9045280000000001,BEN,292159
8210202,19,6258,1995,,,-1.142708,-0.9045280000000001,BEN,292211
8216728,19,6259,1995,,,-1.142708,-0.9045280000000001,BEN,292212
8223254,19,6260,1995,,,-1.142708,-0.9045280000000001,BEN,292213
8229780,19,6261,1995,0.0,1208.0,-1.142708,-0.9045280000000001,BEN,292219
8236306,19,6262,1995,,,-1.142708,-0.9045280000000001,BEN,292221
8242832,19,6263,1995,,,-1.142708,-0.9045280000000001,BEN,292222
8249358,19,6264,1995,,,-1.142708,-0.9045280000000001,BEN,292229
8255884,19,6265,1995,,,-1.142708,-0.9045280000000001,BEN,292230
8262410,19,6266,1995,,,-1.142708,-0.9045280000000001,BEN,292241
8268936,19,6267,1995,0.0,58212.0,-1.142708,-0.9045280000000001,BEN,292242
8275462,19,6268,1995,,,-1.142708,-0.9045280000000001,BEN,292249
8281988,19,6269,1995,,,-1.142708,-0.9045280000000001,BEN,292250
8288514,19,6270,1995,0.0,5202.0,-1.142708,-0.9045280000000001,BEN,292310
8295040,19,6271,1995,0.0,5713.0,-1.142708,-0.9045280000000001,BEN,292320
8301566,19,6272,1995,0.0,19616.0,-1.142708,-0.9045280000000001,BEN,292390
8308092,19,6273,1995,0.0,12295.0,-1.142708,-0.9045280000000001,BEN,292410
8314618,19,6274,1995,,,-1.142708,-0.9045280000000001,BEN,292421
8321144,19,6275,1995,0.0,15433.0,-1.142708,-0.9045280000000001,BEN,292429
8327670,19,6276,1995,0.0,1611.0,-1.142708,-0.9045280000000001,BEN,292511
8334196,19,6277,1995,,,-1.142708,-0.9045280000000001,BEN,292519
8340722,19,6278,1995,,,-1.142708,-0.9045280000000001,BEN,292520
8347248,19,6279,1995,,,-1.142708,-0.9045280000000001,BEN,292610
8353774,19,6280,1995,,,-1.142708,-0.9045280000000001,BEN,292620
8360300,19,6281,1995,0.0,28938.0,-1.142708,-0.9045280000000001,BEN,292690
8366826,19,6282,1995,0.0,13977.0,-1.142708,-0.9045280000000001,BEN,292700
8373352,19,6283,1995,,,-1.142708,-0.9045280000000001,BEN,292800
8379878,19,6284,1995,0.0,58469.0,-1.142708,-0.9045280000000001,BEN,292910
8386404,19,6285,1995,,,-1.142708,-0.9045280000000001,BEN,292990
8392930,19,6286,1995,,,-1.142708,-0.9045280000000001,BEN,293010
8399456,19,6287,1995,0.0,20560.0,-1.142708,-0.9045280000000001,BEN,293020
8405982,19,6288,1995,,,-1.142708,-0.9045280000000001,BEN,293030
8412508,19,6289,1995,,,-1.142708,-0.9045280000000001,BEN,293040
8419034,19,6290,1995,,,-1.142708,-0.9045280000000001,BEN,293090
8425560,19,6291,1995,0.0,81505.0,-1.142708,-0.9045280000000001,BEN,293100
8432086,19,6292,1995,,,-1.142708,-0.9045280000000001,BEN,293211
8438612,19,6293,1995,,,-1.142708,-0.9045280000000001,BEN,293212
8445138,19,6294,1995,,,-1.142708,-0.9045280000000001,BEN,293213
8451664,19,6295,1995,,,-1.142708,-0.9045280000000001,BEN,293219
8458190,19,6296,1995,,,-1.142708,-0.9045280000000001,BEN,293221
8464716,19,6297,1995,,,-1.142708,-0.9045280000000001,BEN,293229
8471242,19,6298,1995,,,-1.142708,-0.9045280000000001,BEN,293290
8477768,19,6299,1995,,,-1.142708,-0.9045280000000001,BEN,293311
8484294,19,6300,1995,,,-1.142708,-0.9045280000000001,BEN,293319
8490820,19,6301,1995,,,-1.142708,-0.9045280000000001,BEN,293321
8497346,19,6302,1995,,,-1.142708,-0.9045280000000001,BEN,293329
8503872,19,6303,1995,,,-1.142708,-0.9045280000000001,BEN,293331
8510398,19,6304,1995,0.0,3793.0,-1.142708,-0.9045280000000001,BEN,293339
8516924,19,6305,1995,,,-1.142708,-0.9045280000000001,BEN,293340
8523450,19,6306,1995,0.0,2618.0,-1.142708,-0.9045280000000001,BEN,293351
8529976,19,6307,1995,,,-1.142708,-0.9045280000000001,BEN,293359
8536502,19,6308,1995,,,-1.142708,-0.9045280000000001,BEN,293361
8543028,19,6309,1995,,,-1.142708,-0.9045280000000001,BEN,293369
8549554,19,6310,1995,,,-1.142708,-0.9045280000000001,BEN,293371
8556080,19,6311,1995,,,-1.142708,-0.9045280000000001,BEN,293379
8562606,19,6312,1995,0.0,3879.0,-1.142708,-0.9045280000000001,BEN,293390
8569132,19,6313,1995,,,-1.142708,-0.9045280000000001,BEN,293410
8575658,19,6314,1995,,,-1.142708,-0.9045280000000001,BEN,293420
8582184,19,6315,1995,,,-1.142708,-0.9045280000000001,BEN,293430
8588710,19,6316,1995,0.0,2371.0,-1.142708,-0.9045280000000001,BEN,293490
8595236,19,6317,1995,,,-1.142708,-0.9045280000000001,BEN,293500
8601762,19,6318,1995,,,-1.142708,-0.9045280000000001,BEN,293610
8608288,19,6319,1995,,,-1.142708,-0.9045280000000001,BEN,293621
8614814,19,6320,1995,,,-1.142708,-0.9045280000000001,BEN,293622
8621340,19,6321,1995,,,-1.142708,-0.9045280000000001,BEN,293623
8627866,19,6322,1995,,,-1.142708,-0.9045280000000001,BEN,293624
8634392,19,6323,1995,0.0,1118.0,-1.142708,-0.9045280000000001,BEN,293625
8640918,19,6324,1995,,,-1.142708,-0.9045280000000001,BEN,293626
8647444,19,6325,1995,0.0,61734.0,-1.142708,-0.9045280000000001,BEN,293627
8653970,19,6326,1995,,,-1.142708,-0.9045280000000001,BEN,293628
8660496,19,6327,1995,0.0,23450.0,-1.142708,-0.9045280000000001,BEN,293629
8667022,19,6328,1995,,,-1.142708,-0.9045280000000001,BEN,293690
8673548,19,6329,1995,,,-1.142708,-0.9045280000000001,BEN,293710
8680074,19,6330,1995,,,-1.142708,-0.9045280000000001,BEN,293721
8686600,19,6331,1995,,,-1.142708,-0.9045280000000001,BEN,293722
8693126,19,6332,1995,,,-1.142708,-0.9045280000000001,BEN,293729
8699652,19,6333,1995,,,-1.142708,-0.9045280000000001,BEN,293791
8706178,19,6334,1995,,,-1.142708,-0.9045280000000001,BEN,293792
8712704,19,6335,1995,,,-1.142708,-0.9045280000000001,BEN,293799
8719230,19,6336,1995,,,-1.142708,-0.9045280000000001,BEN,293810
8725756,19,6337,1995,,,-1.142708,-0.9045280000000001,BEN,293890
8732282,19,6338,1995,0.0,1118.0,-1.142708,-0.9045280000000001,BEN,293910
8738808,19,6339,1995,,,-1.142708,-0.9045280000000001,BEN,293921
8745334,19,6340,1995,,,-1.142708,-0.9045280000000001,BEN,293929
8751860,19,6341,1995,,,-1.142708,-0.9045280000000001,BEN,293930
8758386,19,6342,1995,,,-1.142708,-0.9045280000000001,BEN,293940
8764912,19,6343,1995,,,-1.142708,-0.9045280000000001,BEN,293950
8771438,19,6344,1995,,,-1.142708,-0.9045280000000001,BEN,293960
8777964,19,6345,1995,,,-1.142708,-0.9045280000000001,BEN,293970
8784490,19,6346,1995,,,-1.142708,-0.9045280000000001,BEN,293990
8791016,19,6347,1995,,,-1.142708,-0.9045280000000001,BEN,294000
8797542,19,6348,1995,,,-1.142708,-0.9045280000000001,BEN,294110
8804068,19,6349,1995,,,-1.142708,-0.9045280000000001,BEN,294120
8810594,19,6350,1995,0.0,2236.0,-1.142708,-0.9045280000000001,BEN,294130
8817120,19,6351,1995,0.0,3353.0,-1.142708,-0.9045280000000001,BEN,294140
8823646,19,6352,1995,,,-1.142708,-0.9045280000000001,BEN,294150
8830172,19,6353,1995,0.0,1813.0,-1.142708,-0.9045280000000001,BEN,294190
8836698,19,6354,1995,0.0,1924.0,-1.142708,-0.9045280000000001,BEN,294200
8843224,19,6355,1995,0.0,37382.0,-1.142708,-0.9045280000000001,BEN,300110
8849750,19,6356,1995,,,-1.142708,-0.9045280000000001,BEN,300120
8856276,19,6357,1995,,,-1.142708,-0.9045280000000001,BEN,300190
8862802,19,6358,1995,0.0,67450.0,-1.142708,-0.9045280000000001,BEN,300210
8869328,19,6359,1995,0.0,969914.0,-1.142708,-0.9045280000000001,BEN,300220
8875854,19,6360,1995,0.0,6043.0,-1.142708,-0.9045280000000001,BEN,300231
8882380,19,6361,1995,0.0,166719.0,-1.142708,-0.9045280000000001,BEN,300239
8888906,19,6362,1995,0.0,12418.0,-1.142708,-0.9045280000000001,BEN,300290
8895432,19,6363,1995,,,-1.142708,-0.9045280000000001,BEN,300310
8901958,19,6364,1995,,,-1.142708,-0.9045280000000001,BEN,300320
8908484,19,6365,1995,,,-1.142708,-0.9045280000000001,BEN,300331
8915010,19,6366,1995,,,-1.142708,-0.9045280000000001,BEN,300339
8921536,19,6367,1995,,,-1.142708,-0.9045280000000001,BEN,300340
8928062,19,6368,1995,67155.0,262399.0,-1.142708,-0.9045280000000001,BEN,300390
8934588,19,6369,1995,0.0,191414.0,-1.142708,-0.9045280000000001,BEN,300410
8941114,19,6370,1995,0.0,234084.0,-1.142708,-0.9045280000000001,BEN,300420
8947640,19,6371,1995,0.0,4014.0,-1.142708,-0.9045280000000001,BEN,300431
8954166,19,6372,1995,0.0,2014.0,-1.142708,-0.9045280000000001,BEN,300432
8960692,19,6373,1995,184836.0,154572.0,-1.142708,-0.9045280000000001,BEN,300439
8967218,19,6374,1995,0.0,45066.0,-1.142708,-0.9045280000000001,BEN,300440
8973744,19,6375,1995,0.0,63013.0,-1.142708,-0.9045280000000001,BEN,300450
8980270,19,6376,1995,204472.0,13235377.0,-1.142708,-0.9045280000000001,BEN,300490
8986796,19,6377,1995,0.0,51975.0,-1.142708,-0.9045280000000001,BEN,300510
8993322,19,6378,1995,174343.0,226876.0,-1.142708,-0.9045280000000001,BEN,300590
8999848,19,6379,1995,0.0,152248.0,-1.142708,-0.9045280000000001,BEN,300610
9006374,19,6380,1995,0.0,29809.0,-1.142708,-0.9045280000000001,BEN,300620
9012900,19,6381,1995,0.0,1410.0,-1.142708,-0.9045280000000001,BEN,300630
9019426,19,6382,1995,,,-1.142708,-0.9045280000000001,BEN,300640
9025952,19,6383,1995,0.0,50242.0,-1.142708,-0.9045280000000001,BEN,300650
9032478,19,6384,1995,0.0,9039.0,-1.142708,-0.9045280000000001,BEN,300660
9039004,19,6385,1995,,,-1.142708,-0.9045280000000001,BEN,310100
9045530,19,6386,1995,0.0,1077413.0,-1.142708,-0.9045280000000001,BEN,310210
9052056,19,6387,1995,,,-1.142708,-0.9045280000000001,BEN,310221
9058582,19,6388,1995,97019.0,2278.0,-1.142708,-0.9045280000000001,BEN,310229
9065108,19,6389,1995,0.0,21153.0,-1.142708,-0.9045280000000001,BEN,310230
9071634,19,6390,1995,,,-1.142708,-0.9045280000000001,BEN,310240
9078160,19,6391,1995,,,-1.142708,-0.9045280000000001,BEN,310250
9084686,19,6392,1995,,,-1.142708,-0.9045280000000001,BEN,310260
9091212,19,6393,1995,,,-1.142708,-0.9045280000000001,BEN,310270
9097738,19,6394,1995,,,-1.142708,-0.9045280000000001,BEN,310280
9104264,19,6395,1995,7943.0,0.0,-1.142708,-0.9045280000000001,BEN,310290
9110790,19,6396,1995,0.0,129777.0,-1.142708,-0.9045280000000001,BEN,310310
9117316,19,6397,1995,,,-1.142708,-0.9045280000000001,BEN,310320
9123842,19,6398,1995,,,-1.142708,-0.9045280000000001,BEN,310390
9130368,19,6399,1995,,,-1.142708,-0.9045280000000001,BEN,310410
9136894,19,6400,1995,,,-1.142708,-0.9045280000000001,BEN,310420
9143420,19,6401,1995,,,-1.142708,-0.9045280000000001,BEN,310430
9149946,19,6402,1995,,,-1.142708,-0.9045280000000001,BEN,310490
9156472,19,6403,1995,,,-1.142708,-0.9045280000000001,BEN,310510
9162998,19,6404,1995,0.0,1903694.0,-1.142708,-0.9045280000000001,BEN,310520
9169524,19,6405,1995,,,-1.142708,-0.9045280000000001,BEN,310530
9176050,19,6406,1995,,,-1.142708,-0.9045280000000001,BEN,310540
9182576,19,6407,1995,,,-1.142708,-0.9045280000000001,BEN,310551
9189102,19,6408,1995,,,-1.142708,-0.9045280000000001,BEN,310559
9195628,19,6409,1995,,,-1.142708,-0.9045280000000001,BEN,310560
9202154,19,6410,1995,,,-1.142708,-0.9045280000000001,BEN,310590
9208680,19,6411,1995,,,-1.142708,-0.9045280000000001,BEN,320110
9215206,19,6412,1995,,,-1.142708,-0.9045280000000001,BEN,320120
9221732,19,6413,1995,,,-1.142708,-0.9045280000000001,BEN,320130
9228258,19,6414,1995,,,-1.142708,-0.9045280000000001,BEN,320190
9234784,19,6415,1995,0.0,6420.0,-1.142708,-0.9045280000000001,BEN,320210
9241310,19,6416,1995,,,-1.142708,-0.9045280000000001,BEN,320290
9247836,19,6417,1995,,,-1.142708,-0.9045280000000001,BEN,320300
9254362,19,6418,1995,0.0,6441.0,-1.142708,-0.9045280000000001,BEN,320411
9260888,19,6419,1995,,,-1.142708,-0.9045280000000001,BEN,320412
9267414,19,6420,1995,0.0,41402.0,-1.142708,-0.9045280000000001,BEN,320413
9273940,19,6421,1995,,,-1.142708,-0.9045280000000001,BEN,320414
9280466,19,6422,1995,0.0,104193.0,-1.142708,-0.9045280000000001,BEN,320415
9286992,19,6423,1995,0.0,254114.0,-1.142708,-0.9045280000000001,BEN,320416
9293518,19,6424,1995,0.0,103688.0,-1.142708,-0.9045280000000001,BEN,320417
9300044,19,6425,1995,0.0,373261.0,-1.142708,-0.9045280000000001,BEN,320419
9306570,19,6426,1995,0.0,27435.0,-1.142708,-0.9045280000000001,BEN,320420
9313096,19,6427,1995,0.0,299953.0,-1.142708,-0.9045280000000001,BEN,320490
9319622,19,6428,1995,,,-1.142708,-0.9045280000000001,BEN,320500
9326148,19,6429,1995,0.0,75278.0,-1.142708,-0.9045280000000001,BEN,320610
9332674,19,6430,1995,0.0,35951.0,-1.142708,-0.9045280000000001,BEN,320620
9339200,19,6431,1995,,,-1.142708,-0.9045280000000001,BEN,320630
9345726,19,6432,1995,,,-1.142708,-0.9045280000000001,BEN,320641
9352252,19,6433,1995,,,-1.142708,-0.9045280000000001,BEN,320642
9358778,19,6434,1995,,,-1.142708,-0.9045280000000001,BEN,320643
9365304,19,6435,1995,0.0,57368.0,-1.142708,-0.9045280000000001,BEN,320649
9371830,19,6436,1995,,,-1.142708,-0.9045280000000001,BEN,320650
9378356,19,6437,1995,0.0,5052.0,-1.142708,-0.9045280000000001,BEN,320710
9384882,19,6438,1995,,,-1.142708,-0.9045280000000001,BEN,320720
9391408,19,6439,1995,,,-1.142708,-0.9045280000000001,BEN,320730
9397934,19,6440,1995,,,-1.142708,-0.9045280000000001,BEN,320740
9404460,19,6441,1995,0.0,40924.0,-1.142708,-0.9045280000000001,BEN,320810
9410986,19,6442,1995,1232.0,115781.0,-1.142708,-0.9045280000000001,BEN,320820
9417512,19,6443,1995,1415.0,177572.0,-1.142708,-0.9045280000000001,BEN,320890
9424038,19,6444,1995,0.0,18404.0,-1.142708,-0.9045280000000001,BEN,320910
9430564,19,6445,1995,0.0,114793.0,-1.142708,-0.9045280000000001,BEN,320990
9437090,19,6446,1995,0.0,61775.0,-1.142708,-0.9045280000000001,BEN,321000
9443616,19,6447,1995,,,-1.142708,-0.9045280000000001,BEN,321100
9450142,19,6448,1995,,,-1.142708,-0.9045280000000001,BEN,321210
9456668,19,6449,1995,0.0,40268.0,-1.142708,-0.9045280000000001,BEN,321290
9463194,19,6450,1995,0.0,1611.0,-1.142708,-0.9045280000000001,BEN,321310
9469720,19,6451,1995,0.0,3828.0,-1.142708,-0.9045280000000001,BEN,321390
9476246,19,6452,1995,0.0,23869.0,-1.142708,-0.9045280000000001,BEN,321410
9482772,19,6453,1995,0.0,59914.0,-1.142708,-0.9045280000000001,BEN,321490
9489298,19,6454,1995,0.0,11281.0,-1.142708,-0.9045280000000001,BEN,321511
9495824,19,6455,1995,0.0,49558.0,-1.142708,-0.9045280000000001,BEN,321519
9502350,19,6456,1995,1051.0,106246.0,-1.142708,-0.9045280000000001,BEN,321590
9508876,19,6457,1995,,,-1.142708,-0.9045280000000001,BEN,330111
9515402,19,6458,1995,,,-1.142708,-0.9045280000000001,BEN,330112
9521928,19,6459,1995,,,-1.142708,-0.9045280000000001,BEN,330113
9528454,19,6460,1995,,,-1.142708,-0.9045280000000001,BEN,330114
9534980,19,6461,1995,,,-1.142708,-0.9045280000000001,BEN,330119
9541506,19,6462,1995,,,-1.142708,-0.9045280000000001,BEN,330121
9548032,19,6463,1995,,,-1.142708,-0.9045280000000001,BEN,330122
9554558,19,6464,1995,,,-1.142708,-0.9045280000000001,BEN,330123
9561084,19,6465,1995,,,-1.142708,-0.9045280000000001,BEN,330124
9567610,19,6466,1995,,,-1.142708,-0.9045280000000001,BEN,330125
9574136,19,6467,1995,,,-1.142708,-0.9045280000000001,BEN,330126
9580662,19,6468,1995,,,-1.142708,-0.9045280000000001,BEN,330129
9587188,19,6469,1995,,,-1.142708,-0.9045280000000001,BEN,330130
9593714,19,6470,1995,0.0,2963.0,-1.142708,-0.9045280000000001,BEN,330190
9600240,19,6471,1995,0.0,929048.0,-1.142708,-0.9045280000000001,BEN,330210
9606766,19,6472,1995,0.0,64063.0,-1.142708,-0.9045280000000001,BEN,330290
9613292,19,6473,1995,0.0,1310284.0,-1.142708,-0.9045280000000001,BEN,330300
9619818,19,6474,1995,,,-1.142708,-0.9045280000000001,BEN,330410
9626344,19,6475,1995,0.0,5641.0,-1.142708,-0.9045280000000001,BEN,330420
9632870,19,6476,1995,0.0,7585.0,-1.142708,-0.9045280000000001,BEN,330430
9639396,19,6477,1995,0.0,36666.0,-1.142708,-0.9045280000000001,BEN,330491
9645922,19,6478,1995,6631.0,945552.0,-1.142708,-0.9045280000000001,BEN,330499
9652448,19,6479,1995,0.0,53187.0,-1.142708,-0.9045280000000001,BEN,330510
9658974,19,6480,1995,0.0,23500.0,-1.142708,-0.9045280000000001,BEN,330520
9665500,19,6481,1995,,,-1.142708,-0.9045280000000001,BEN,330530
9672026,19,6482,1995,0.0,82027.0,-1.142708,-0.9045280000000001,BEN,330590
9678552,19,6483,1995,0.0,303149.0,-1.142708,-0.9045280000000001,BEN,330610
9685078,19,6484,1995,0.0,12893.0,-1.142708,-0.9045280000000001,BEN,330690
9691604,19,6485,1995,0.0,7453.0,-1.142708,-0.9045280000000001,BEN,330710
9698130,19,6486,1995,0.0,56319.0,-1.142708,-0.9045280000000001,BEN,330720
9704656,19,6487,1995,0.0,12833.0,-1.142708,-0.9045280000000001,BEN,330730
9711182,19,6488,1995,,,-1.142708,-0.9045280000000001,BEN,330741
9717708,19,6489,1995,0.0,15729.0,-1.142708,-0.9045280000000001,BEN,330749
9724234,19,6490,1995,0.0,47913.0,-1.142708,-0.9045280000000001,BEN,330790
9730760,19,6491,1995,37139.0,1018866.0,-1.142708,-0.9045280000000001,BEN,340111
9737286,19,6492,1995,24060.0,795184.0,-1.142708,-0.9045280000000001,BEN,340119
9743812,19,6493,1995,20038.0,10727.0,-1.142708,-0.9045280000000001,BEN,340120
9750338,19,6494,1995,0.0,52986.0,-1.142708,-0.9045280000000001,BEN,340211
9756864,19,6495,1995,,,-1.142708,-0.9045280000000001,BEN,340212
9763390,19,6496,1995,0.0,4431.0,-1.142708,-0.9045280000000001,BEN,340213
9769916,19,6497,1995,1514.0,6043.0,-1.142708,-0.9045280000000001,BEN,340219
9776442,19,6498,1995,0.0,377290.0,-1.142708,-0.9045280000000001,BEN,340220
9782968,19,6499,1995,2620.0,217262.0,-1.142708,-0.9045280000000001,BEN,340290
9789494,19,6500,1995,,,-1.142708,-0.9045280000000001,BEN,340311
9796020,19,6501,1995,0.0,4834.0,-1.142708,-0.9045280000000001,BEN,340319
9802546,19,6502,1995,,,-1.142708,-0.9045280000000001,BEN,340391
9809072,19,6503,1995,0.0,18238.0,-1.142708,-0.9045280000000001,BEN,340399
9815598,19,6504,1995,,,-1.142708,-0.9045280000000001,BEN,340410
9822124,19,6505,1995,,,-1.142708,-0.9045280000000001,BEN,340420
9828650,19,6506,1995,0.0,1208.0,-1.142708,-0.9045280000000001,BEN,340490
9835176,19,6507,1995,0.0,248450.0,-1.142708,-0.9045280000000001,BEN,340510
9841702,19,6508,1995,0.0,2216.0,-1.142708,-0.9045280000000001,BEN,340520
9848228,19,6509,1995,0.0,2618.0,-1.142708,-0.9045280000000001,BEN,340530
9854754,19,6510,1995,0.0,24480.0,-1.142708,-0.9045280000000001,BEN,340540
9861280,19,6511,1995,0.0,1611.0,-1.142708,-0.9045280000000001,BEN,340590
9867806,19,6512,1995,7776.0,986121.0,-1.142708,-0.9045280000000001,BEN,340600
9874332,19,6513,1995,,,-1.142708,-0.9045280000000001,BEN,340700
9880858,19,6514,1995,,,-1.142708,-0.9045280000000001,BEN,350110
9887384,19,6515,1995,0.0,86332.0,-1.142708,-0.9045280000000001,BEN,350190
9893910,19,6516,1995,,,-1.142708,-0.9045280000000001,BEN,350210
9900436,19,6517,1995,,,-1.142708,-0.9045280000000001,BEN,350290
9906962,19,6518,1995,,,-1.142708,-0.9045280000000001,BEN,350300
9913488,19,6519,1995,0.0,31039.0,-1.142708,-0.9045280000000001,BEN,350400
9920014,19,6520,1995,0.0,95289.0,-1.142708,-0.9045280000000001,BEN,350510
9926540,19,6521,1995,0.0,10476.0,-1.142708,-0.9045280000000001,BEN,350520
9933066,19,6522,1995,0.0,76027.0,-1.142708,-0.9045280000000001,BEN,350610
9939592,19,6523,1995,0.0,32498.0,-1.142708,-0.9045280000000001,BEN,350691
9946118,19,6524,1995,1323.0,197189.0,-1.142708,-0.9045280000000001,BEN,350699
9952644,19,6525,1995,,,-1.142708,-0.9045280000000001,BEN,350710
9959170,19,6526,1995,0.0,25786.0,-1.142708,-0.9045280000000001,BEN,350790
9965696,19,6527,1995,,,-1.142708,-0.9045280000000001,BEN,360100
9972222,19,6528,1995,0.0,137998.0,-1.142708,-0.9045280000000001,BEN,360200
9978748,19,6529,1995,0.0,46738.0,-1.142708,-0.9045280000000001,BEN,360300
9985274,19,6530,1995,0.0,1611.0,-1.142708,-0.9045280000000001,BEN,360410
9991800,19,6531,1995,0.0,3021.0,-1.142708,-0.9045280000000001,BEN,360490
9998326,19,6532,1995,4047.0,391425.0,-1.142708,-0.9045280000000001,BEN,360500
10004852,19,6533,1995,0.0,6648.0,-1.142708,-0.9045280000000001,BEN,360610
10011378,19,6534,1995,,,-1.142708,-0.9045280000000001,BEN,360690
10017904,19,6535,1995,0.0,58354.0,-1.142708,-0.9045280000000001,BEN,370110
10024430,19,6536,1995,,,-1.142708,-0.9045280000000001,BEN,370120
10030956,19,6537,1995,0.0,13888.0,-1.142708,-0.9045280000000001,BEN,370130
10037482,19,6538,1995,0.0,2618.0,-1.142708,-0.9045280000000001,BEN,370191
10044008,19,6539,1995,0.0,19803.0,-1.142708,-0.9045280000000001,BEN,370199
10050534,19,6540,1995,0.0,3233.0,-1.142708,-0.9045280000000001,BEN,370210
10057060,19,6541,1995,0.0,2050.0,-1.142708,-0.9045280000000001,BEN,370220
10063586,19,6542,1995,,,-1.142708,-0.9045280000000001,BEN,370231
10070112,19,6543,1995,,,-1.142708,-0.9045280000000001,BEN,370232
10076638,19,6544,1995,,,-1.142708,-0.9045280000000001,BEN,370239
10083164,19,6545,1995,,,-1.142708,-0.9045280000000001,BEN,370241
10089690,19,6546,1995,,,-1.142708,-0.9045280000000001,BEN,370242
10096216,19,6547,1995,0.0,4728.0,-1.142708,-0.9045280000000001,BEN,370243
10102742,19,6548,1995,0.0,1410.0,-1.142708,-0.9045280000000001,BEN,370244
10109268,19,6549,1995,,,-1.142708,-0.9045280000000001,BEN,370251
10115794,19,6550,1995,,,-1.142708,-0.9045280000000001,BEN,370252
10122320,19,6551,1995,,,-1.142708,-0.9045280000000001,BEN,370253
10128846,19,6552,1995,0.0,2820.0,-1.142708,-0.9045280000000001,BEN,370254
10135372,19,6553,1995,,,-1.142708,-0.9045280000000001,BEN,370255
10141898,19,6554,1995,,,-1.142708,-0.9045280000000001,BEN,370256
10148424,19,6555,1995,,,-1.142708,-0.9045280000000001,BEN,370291
10154950,19,6556,1995,,,-1.142708,-0.9045280000000001,BEN,370292
10161476,19,6557,1995,,,-1.142708,-0.9045280000000001,BEN,370293
10168002,19,6558,1995,,,-1.142708,-0.9045280000000001,BEN,370294
10174528,19,6559,1995,,,-1.142708,-0.9045280000000001,BEN,370295
10181054,19,6560,1995,4990.0,18605.0,-1.142708,-0.9045280000000001,BEN,370310
10187580,19,6561,1995,2989.0,23118.0,-1.142708,-0.9045280000000001,BEN,370320
10194106,19,6562,1995,0.0,7766.0,-1.142708,-0.9045280000000001,BEN,370390
10200632,19,6563,1995,0.0,9227.0,-1.142708,-0.9045280000000001,BEN,370400
10207158,19,6564,1995,,,-1.142708,-0.9045280000000001,BEN,370510
10213684,19,6565,1995,,,-1.142708,-0.9045280000000001,BEN,370520
10220210,19,6566,1995,,,-1.142708,-0.9045280000000001,BEN,370590
10226736,19,6567,1995,2623.0,7235.0,-1.142708,-0.9045280000000001,BEN,370610
10233262,19,6568,1995,,,-1.142708,-0.9045280000000001,BEN,370690
10239788,19,6569,1995,,,-1.142708,-0.9045280000000001,BEN,370710
10246314,19,6570,1995,0.0,133345.0,-1.142708,-0.9045280000000001,BEN,370790
10252840,19,6571,1995,,,-1.142708,-0.9045280000000001,BEN,380110
10259366,19,6572,1995,,,-1.142708,-0.9045280000000001,BEN,380120
10265892,19,6573,1995,,,-1.142708,-0.9045280000000001,BEN,380130
10272418,19,6574,1995,,,-1.142708,-0.9045280000000001,BEN,380190
10278944,19,6575,1995,,,-1.142708,-0.9045280000000001,BEN,380210
10285470,19,6576,1995,0.0,3223.0,-1.142708,-0.9045280000000001,BEN,380290
10291996,19,6577,1995,,,-1.142708,-0.9045280000000001,BEN,380300
10298522,19,6578,1995,,,-1.142708,-0.9045280000000001,BEN,380400
10305048,19,6579,1995,0.0,3424.0,-1.142708,-0.9045280000000001,BEN,380510
10311574,19,6580,1995,,,-1.142708,-0.9045280000000001,BEN,380520
10318100,19,6581,1995,,,-1.142708,-0.9045280000000001,BEN,380590
10324626,19,6582,1995,,,-1.142708,-0.9045280000000001,BEN,380610
10331152,19,6583,1995,,,-1.142708,-0.9045280000000001,BEN,380620
10337678,19,6584,1995,,,-1.142708,-0.9045280000000001,BEN,380630
10344204,19,6585,1995,,,-1.142708,-0.9045280000000001,BEN,380690
10350730,19,6586,1995,,,-1.142708,-0.9045280000000001,BEN,380700
10357256,19,6587,1995,19085.0,11866029.0,-1.142708,-0.9045280000000001,BEN,380810
10363782,19,6588,1995,0.0,1410.0,-1.142708,-0.9045280000000001,BEN,380820
10370308,19,6589,1995,0.0,607600.0,-1.142708,-0.9045280000000001,BEN,380830
10376834,19,6590,1995,0.0,97898.0,-1.142708,-0.9045280000000001,BEN,380840
10383360,19,6591,1995,3413.0,1055762.0,-1.142708,-0.9045280000000001,BEN,380890
10389886,19,6592,1995,0.0,44689.0,-1.142708,-0.9045280000000001,BEN,380910
10396412,19,6593,1995,0.0,94283.0,-1.142708,-0.9045280000000001,BEN,380991
10402938,19,6594,1995,,,-1.142708,-0.9045280000000001,BEN,380992
10409464,19,6595,1995,,,-1.142708,-0.9045280000000001,BEN,380993
10415990,19,6596,1995,,,-1.142708,-0.9045280000000001,BEN,380999
10422516,19,6597,1995,,,-1.142708,-0.9045280000000001,BEN,381010
10429042,19,6598,1995,0.0,53185.0,-1.142708,-0.9045280000000001,BEN,381090
10435568,19,6599,1995,,,-1.142708,-0.9045280000000001,BEN,381111
10442094,19,6600,1995,0.0,10286.0,-1.142708,-0.9045280000000001,BEN,381119
10448620,19,6601,1995,0.0,7655.0,-1.142708,-0.9045280000000001,BEN,381121
10455146,19,6602,1995,,,-1.142708,-0.9045280000000001,BEN,381129
10461672,19,6603,1995,0.0,6586.0,-1.142708,-0.9045280000000001,BEN,381190
10468198,19,6604,1995,,,-1.142708,-0.9045280000000001,BEN,381210
10474724,19,6605,1995,,,-1.142708,-0.9045280000000001,BEN,381220
10481250,19,6606,1995,,,-1.142708,-0.9045280000000001,BEN,381230
10487776,19,6607,1995,0.0,35456.0,-1.142708,-0.9045280000000001,BEN,381300
10494302,19,6608,1995,0.0,17592.0,-1.142708,-0.9045280000000001,BEN,381400
10500828,19,6609,1995,,,-1.142708,-0.9045280000000001,BEN,381511
10507354,19,6610,1995,,,-1.142708,-0.9045280000000001,BEN,381512
10513880,19,6611,1995,,,-1.142708,-0.9045280000000001,BEN,381519
10520406,19,6612,1995,,,-1.142708,-0.9045280000000001,BEN,381590
10526932,19,6613,1995,0.0,14147.0,-1.142708,-0.9045280000000001,BEN,381600
10533458,19,6614,1995,,,-1.142708,-0.9045280000000001,BEN,381710
10539984,19,6615,1995,0.0,6027.0,-1.142708,-0.9045280000000001,BEN,381720
10546510,19,6616,1995,,,-1.142708,-0.9045280000000001,BEN,381800
10553036,19,6617,1995,0.0,77158.0,-1.142708,-0.9045280000000001,BEN,381900
10559562,19,6618,1995,,,-1.142708,-0.9045280000000001,BEN,382000
10566088,19,6619,1995,0.0,5786.0,-1.142708,-0.9045280000000001,BEN,382100
10572614,19,6620,1995,0.0,243323.0,-1.142708,-0.9045280000000001,BEN,382200
10579140,19,6621,1995,0.0,1839.0,-1.142708,-0.9045280000000001,BEN,382310
10585666,19,6622,1995,,,-1.142708,-0.9045280000000001,BEN,382320
10592192,19,6623,1995,,,-1.142708,-0.9045280000000001,BEN,382330
10598718,19,6624,1995,0.0,121727.0,-1.142708,-0.9045280000000001,BEN,382340
10605244,19,6625,1995,0.0,13334.0,-1.142708,-0.9045280000000001,BEN,382350
10611770,19,6626,1995,,,-1.142708,-0.9045280000000001,BEN,382360
10618296,19,6627,1995,0.0,258698.0,-1.142708,-0.9045280000000001,BEN,382390
10624822,19,6628,1995,0.0,208172.0,-1.142708,-0.9045280000000001,BEN,390110
10631348,19,6629,1995,7836.0,0.0,-1.142708,-0.9045280000000001,BEN,390120
10637874,19,6630,1995,0.0,2659.0,-1.142708,-0.9045280000000001,BEN,390130
10644400,19,6631,1995,7129.0,4633.0,-1.142708,-0.9045280000000001,BEN,390190
10650926,19,6632,1995,0.0,175025.0,-1.142708,-0.9045280000000001,BEN,390210
10657452,19,6633,1995,,,-1.142708,-0.9045280000000001,BEN,390220
10663978,19,6634,1995,0.0,25049.0,-1.142708,-0.9045280000000001,BEN,390230
10670504,19,6635,1995,0.0,6593.0,-1.142708,-0.9045280000000001,BEN,390290
10677030,19,6636,1995,,,-1.142708,-0.9045280000000001,BEN,390311
10683556,19,6637,1995,,,-1.142708,-0.9045280000000001,BEN,390319
10690082,19,6638,1995,,,-1.142708,-0.9045280000000001,BEN,390320
10696608,19,6639,1995,,,-1.142708,-0.9045280000000001,BEN,390330
10703134,19,6640,1995,,,-1.142708,-0.9045280000000001,BEN,390390
10709660,19,6641,1995,0.0,23188.0,-1.142708,-0.9045280000000001,BEN,390410
10716186,19,6642,1995,0.0,478463.0,-1.142708,-0.9045280000000001,BEN,390421
10722712,19,6643,1995,0.0,63134.0,-1.142708,-0.9045280000000001,BEN,390422
10729238,19,6644,1995,,,-1.142708,-0.9045280000000001,BEN,390430
10735764,19,6645,1995,,,-1.142708,-0.9045280000000001,BEN,390440
10742290,19,6646,1995,,,-1.142708,-0.9045280000000001,BEN,390450
10748816,19,6647,1995,,,-1.142708,-0.9045280000000001,BEN,390461
10755342,19,6648,1995,,,-1.142708,-0.9045280000000001,BEN,390469
10761868,19,6649,1995,0.0,24378.0,-1.142708,-0.9045280000000001,BEN,390490
10768394,19,6650,1995,0.0,154734.0,-1.142708,-0.9045280000000001,BEN,390511
10774920,19,6651,1995,,,-1.142708,-0.9045280000000001,BEN,390519
10781446,19,6652,1995,0.0,6245.0,-1.142708,-0.9045280000000001,BEN,390520
10787972,19,6653,1995,0.0,13413.0,-1.142708,-0.9045280000000001,BEN,390590
10794498,19,6654,1995,,,-1.142708,-0.9045280000000001,BEN,390610
10801024,19,6655,1995,0.0,90609.0,-1.142708,-0.9045280000000001,BEN,390690
10807550,19,6656,1995,,,-1.142708,-0.9045280000000001,BEN,390710
10814076,19,6657,1995,0.0,53254.0,-1.142708,-0.9045280000000001,BEN,390720
10820602,19,6658,1995,0.0,120792.0,-1.142708,-0.9045280000000001,BEN,390730
10827128,19,6659,1995,,,-1.142708,-0.9045280000000001,BEN,390740
10833654,19,6660,1995,0.0,308727.0,-1.142708,-0.9045280000000001,BEN,390750
10840180,19,6661,1995,,,-1.142708,-0.9045280000000001,BEN,390760
10846706,19,6662,1995,0.0,2541.0,-1.142708,-0.9045280000000001,BEN,390791
10853232,19,6663,1995,,,-1.142708,-0.9045280000000001,BEN,390799
10859758,19,6664,1995,,,-1.142708,-0.9045280000000001,BEN,390810
10866284,19,6665,1995,,,-1.142708,-0.9045280000000001,BEN,390890
10872810,19,6666,1995,,,-1.142708,-0.9045280000000001,BEN,390910
10879336,19,6667,1995,0.0,2236.0,-1.142708,-0.9045280000000001,BEN,390920
10885862,19,6668,1995,,,-1.142708,-0.9045280000000001,BEN,390930
10892388,19,6669,1995,0.0,2236.0,-1.142708,-0.9045280000000001,BEN,390940
10898914,19,6670,1995,0.0,17124.0,-1.142708,-0.9045280000000001,BEN,390950
10905440,19,6671,1995,0.0,17865.0,-1.142708,-0.9045280000000001,BEN,391000
10911966,19,6672,1995,,,-1.142708,-0.9045280000000001,BEN,391110
10918492,19,6673,1995,0.0,36195.0,-1.142708,-0.9045280000000001,BEN,391190
10925018,19,6674,1995,,,-1.142708,-0.9045280000000001,BEN,391211
10931544,19,6675,1995,,,-1.142708,-0.9045280000000001,BEN,391212
10938070,19,6676,1995,,,-1.142708,-0.9045280000000001,BEN,391220
10944596,19,6677,1995,0.0,39149.0,-1.142708,-0.9045280000000001,BEN,391231
10951122,19,6678,1995,0.0,21666.0,-1.142708,-0.9045280000000001,BEN,391239
10957648,19,6679,1995,0.0,7453.0,-1.142708,-0.9045280000000001,BEN,391290
10964174,19,6680,1995,,,-1.142708,-0.9045280000000001,BEN,391310
10970700,19,6681,1995,0.0,41357.0,-1.142708,-0.9045280000000001,BEN,391390
10977226,19,6682,1995,0.0,3321.0,-1.142708,-0.9045280000000001,BEN,391400
10983752,19,6683,1995,,,-1.142708,-0.9045280000000001,BEN,391510
10990278,19,6684,1995,,,-1.142708,-0.9045280000000001,BEN,391520
10996804,19,6685,1995,,,-1.142708,-0.9045280000000001,BEN,391530
11003330,19,6686,1995,3142.0,0.0,-1.142708,-0.9045280000000001,BEN,391590
11009856,19,6687,1995,,,-1.142708,-0.9045280000000001,BEN,391610
11016382,19,6688,1995,,,-1.142708,-0.9045280000000001,BEN,391620
11022908,19,6689,1995,,,-1.142708,-0.9045280000000001,BEN,391690
11029434,19,6690,1995,,,-1.142708,-0.9045280000000001,BEN,391710
11035960,19,6691,1995,0.0,414464.0,-1.142708,-0.9045280000000001,BEN,391721
11042486,19,6692,1995,0.0,5581.0,-1.142708,-0.9045280000000001,BEN,391722
11049012,19,6693,1995,0.0,842144.0,-1.142708,-0.9045280000000001,BEN,391723
11055538,19,6694,1995,2995.0,457578.0,-1.142708,-0.9045280000000001,BEN,391729
11062064,19,6695,1995,0.0,12899.0,-1.142708,-0.9045280000000001,BEN,391731
11068590,19,6696,1995,0.0,7161.0,-1.142708,-0.9045280000000001,BEN,391732
11075116,19,6697,1995,,,-1.142708,-0.9045280000000001,BEN,391733
11081642,19,6698,1995,0.0,51702.0,-1.142708,-0.9045280000000001,BEN,391739
11088168,19,6699,1995,0.0,119623.0,-1.142708,-0.9045280000000001,BEN,391740
11094694,19,6700,1995,0.0,27501.0,-1.142708,-0.9045280000000001,BEN,391810
11101220,19,6701,1995,2499.0,1077.0,-1.142708,-0.9045280000000001,BEN,391890
11107746,19,6702,1995,0.0,18012.0,-1.142708,-0.9045280000000001,BEN,391910
11114272,19,6703,1995,0.0,100025.0,-1.142708,-0.9045280000000001,BEN,391990
11120798,19,6704,1995,,,-1.142708,-0.9045280000000001,BEN,392010
11127324,19,6705,1995,0.0,26431.0,-1.142708,-0.9045280000000001,BEN,392020
11133850,19,6706,1995,0.0,27063.0,-1.142708,-0.9045280000000001,BEN,392030
11140376,19,6707,1995,,,-1.142708,-0.9045280000000001,BEN,392041
11146902,19,6708,1995,0.0,43087.0,-1.142708,-0.9045280000000001,BEN,392042
11153428,19,6709,1995,0.0,12516.0,-1.142708,-0.9045280000000001,BEN,392051
11159954,19,6710,1995,0.0,1341.0,-1.142708,-0.9045280000000001,BEN,392059
11166480,19,6711,1995,,,-1.142708,-0.9045280000000001,BEN,392061
11173006,19,6712,1995,0.0,8942.0,-1.142708,-0.9045280000000001,BEN,392062
11179532,19,6713,1995,,,-1.142708,-0.9045280000000001,BEN,392063
11186058,19,6714,1995,,,-1.142708,-0.9045280000000001,BEN,392069
11192584,19,6715,1995,,,-1.142708,-0.9045280000000001,BEN,392071
11199110,19,6716,1995,,,-1.142708,-0.9045280000000001,BEN,392072
11205636,19,6717,1995,0.0,3087.0,-1.142708,-0.9045280000000001,BEN,392073
11212162,19,6718,1995,,,-1.142708,-0.9045280000000001,BEN,392079
11218688,19,6719,1995,,,-1.142708,-0.9045280000000001,BEN,392091
11225214,19,6720,1995,,,-1.142708,-0.9045280000000001,BEN,392092
11231740,19,6721,1995,,,-1.142708,-0.9045280000000001,BEN,392093
11238266,19,6722,1995,,,-1.142708,-0.9045280000000001,BEN,392094
11244792,19,6723,1995,,,-1.142708,-0.9045280000000001,BEN,392099
11251318,19,6724,1995,,,-1.142708,-0.9045280000000001,BEN,392111
11257844,19,6725,1995,0.0,10676.0,-1.142708,-0.9045280000000001,BEN,392112
11264370,19,6726,1995,0.0,27988.0,-1.142708,-0.9045280000000001,BEN,392113
11270896,19,6727,1995,,,-1.142708,-0.9045280000000001,BEN,392114
11277422,19,6728,1995,,,-1.142708,-0.9045280000000001,BEN,392119
11283948,19,6729,1995,5107.0,31427.0,-1.142708,-0.9045280000000001,BEN,392190
11290474,19,6730,1995,0.0,62517.0,-1.142708,-0.9045280000000001,BEN,392210
11297000,19,6731,1995,0.0,8727.0,-1.142708,-0.9045280000000001,BEN,392220
11303526,19,6732,1995,0.0,95532.0,-1.142708,-0.9045280000000001,BEN,392290
11310052,19,6733,1995,0.0,224046.0,-1.142708,-0.9045280000000001,BEN,392310
11316578,19,6734,1995,0.0,68786.0,-1.142708,-0.9045280000000001,BEN,392321
11323104,19,6735,1995,1196.0,78200.0,-1.142708,-0.9045280000000001,BEN,392329
11329630,19,6736,1995,0.0,34193.0,-1.142708,-0.9045280000000001,BEN,392330
11336156,19,6737,1995,0.0,5341.0,-1.142708,-0.9045280000000001,BEN,392340
11342682,19,6738,1995,0.0,45594.0,-1.142708,-0.9045280000000001,BEN,392350
11349208,19,6739,1995,0.0,13742.0,-1.142708,-0.9045280000000001,BEN,392390
11355734,19,6740,1995,0.0,803189.0,-1.142708,-0.9045280000000001,BEN,392410
11362260,19,6741,1995,0.0,288809.0,-1.142708,-0.9045280000000001,BEN,392490
11368786,19,6742,1995,0.0,7028.0,-1.142708,-0.9045280000000001,BEN,392510
11375312,19,6743,1995,0.0,4431.0,-1.142708,-0.9045280000000001,BEN,392520
11381838,19,6744,1995,0.0,2216.0,-1.142708,-0.9045280000000001,BEN,392530
11388364,19,6745,1995,0.0,126783.0,-1.142708,-0.9045280000000001,BEN,392590
11394890,19,6746,1995,0.0,373780.0,-1.142708,-0.9045280000000001,BEN,392610
11401416,19,6747,1995,0.0,689107.0,-1.142708,-0.9045280000000001,BEN,392620
11407942,19,6748,1995,,,-1.142708,-0.9045280000000001,BEN,392630
11414468,19,6749,1995,0.0,1611.0,-1.142708,-0.9045280000000001,BEN,392640
11420994,19,6750,1995,4444.0,2654337.0,-1.142708,-0.9045280000000001,BEN,392690
11427520,19,6751,1995,,,-1.142708,-0.9045280000000001,BEN,400110
11434046,19,6752,1995,,,-1.142708,-0.9045280000000001,BEN,400121
11440572,19,6753,1995,,,-1.142708,-0.9045280000000001,BEN,400122
11447098,19,6754,1995,0.0,4675.0,-1.142708,-0.9045280000000001,BEN,400129
11453624,19,6755,1995,,,-1.142708,-0.9045280000000001,BEN,400130
11460150,19,6756,1995,0.0,10073.0,-1.142708,-0.9045280000000001,BEN,400211
11466676,19,6757,1995,,,-1.142708,-0.9045280000000001,BEN,400219
11473202,19,6758,1995,,,-1.142708,-0.9045280000000001,BEN,400220
11479728,19,6759,1995,,,-1.142708,-0.9045280000000001,BEN,400231
11486254,19,6760,1995,,,-1.142708,-0.9045280000000001,BEN,400239
11492780,19,6761,1995,,,-1.142708,-0.9045280000000001,BEN,400241
11499306,19,6762,1995,,,-1.142708,-0.9045280000000001,BEN,400249
11505832,19,6763,1995,,,-1.142708,-0.9045280000000001,BEN,400251
11512358,19,6764,1995,,,-1.142708,-0.9045280000000001,BEN,400259
11518884,19,6765,1995,,,-1.142708,-0.9045280000000001,BEN,400260
11525410,19,6766,1995,,,-1.142708,-0.9045280000000001,BEN,400270
11531936,19,6767,1995,,,-1.142708,-0.9045280000000001,BEN,400280
11538462,19,6768,1995,,,-1.142708,-0.9045280000000001,BEN,400291
11544988,19,6769,1995,,,-1.142708,-0.9045280000000001,BEN,400299
11551514,19,6770,1995,,,-1.142708,-0.9045280000000001,BEN,400300
11558040,19,6771,1995,,,-1.142708,-0.9045280000000001,BEN,400400
11564566,19,6772,1995,,,-1.142708,-0.9045280000000001,BEN,400510
11571092,19,6773,1995,,,-1.142708,-0.9045280000000001,BEN,400520
11577618,19,6774,1995,,,-1.142708,-0.9045280000000001,BEN,400591
11584144,19,6775,1995,,,-1.142708,-0.9045280000000001,BEN,400599
11590670,19,6776,1995,,,-1.142708,-0.9045280000000001,BEN,400610
11597196,19,6777,1995,,,-1.142708,-0.9045280000000001,BEN,400690
11603722,19,6778,1995,,,-1.142708,-0.9045280000000001,BEN,400700
11610248,19,6779,1995,,,-1.142708,-0.9045280000000001,BEN,400811
11616774,19,6780,1995,0.0,2879.0,-1.142708,-0.9045280000000001,BEN,400819
11623300,19,6781,1995,0.0,21029.0,-1.142708,-0.9045280000000001,BEN,400821
11629826,19,6782,1995,0.0,2618.0,-1.142708,-0.9045280000000001,BEN,400829
11636352,19,6783,1995,0.0,9287.0,-1.142708,-0.9045280000000001,BEN,400910
11642878,19,6784,1995,,,-1.142708,-0.9045280000000001,BEN,400920
11649404,19,6785,1995,,,-1.142708,-0.9045280000000001,BEN,400930
11655930,19,6786,1995,0.0,2478.0,-1.142708,-0.9045280000000001,BEN,400940
11662456,19,6787,1995,0.0,70722.0,-1.142708,-0.9045280000000001,BEN,400950
11668982,19,6788,1995,0.0,158707.0,-1.142708,-0.9045280000000001,BEN,401010
11675508,19,6789,1995,0.0,69937.0,-1.142708,-0.9045280000000001,BEN,401091
11682034,19,6790,1995,0.0,22988.0,-1.142708,-0.9045280000000001,BEN,401099
11688560,19,6791,1995,0.0,418417.0,-1.142708,-0.9045280000000001,BEN,401110
11695086,19,6792,1995,1379.0,1243031.0,-1.142708,-0.9045280000000001,BEN,401120
11701612,19,6793,1995,0.0,4858.0,-1.142708,-0.9045280000000001,BEN,401130
11708138,19,6794,1995,5793.0,151981.0,-1.142708,-0.9045280000000001,BEN,401140
11714664,19,6795,1995,6581.0,520982.0,-1.142708,-0.9045280000000001,BEN,401150
11721190,19,6796,1995,0.0,117822.0,-1.142708,-0.9045280000000001,BEN,401191
11727716,19,6797,1995,0.0,231661.0,-1.142708,-0.9045280000000001,BEN,401199
11734242,19,6798,1995,0.0,612559.0,-1.142708,-0.9045280000000001,BEN,401210
11740768,19,6799,1995,17284.0,3052199.0,-1.142708,-0.9045280000000001,BEN,401220
11747294,19,6800,1995,0.0,4437.0,-1.142708,-0.9045280000000001,BEN,401290
11753820,19,6801,1995,0.0,52172.0,-1.142708,-0.9045280000000001,BEN,401310
11760346,19,6802,1995,0.0,221750.0,-1.142708,-0.9045280000000001,BEN,401320
11766872,19,6803,1995,0.0,16811.0,-1.142708,-0.9045280000000001,BEN,401390
11773398,19,6804,1995,0.0,106303.0,-1.142708,-0.9045280000000001,BEN,401410
11779924,19,6805,1995,5107.0,30017.0,-1.142708,-0.9045280000000001,BEN,401490
11786450,19,6806,1995,0.0,15909.0,-1.142708,-0.9045280000000001,BEN,401511
11792976,19,6807,1995,0.0,3021.0,-1.142708,-0.9045280000000001,BEN,401519
11799502,19,6808,1995,,,-1.142708,-0.9045280000000001,BEN,401590
11806028,19,6809,1995,,,-1.142708,-0.9045280000000001,BEN,401610
11812554,19,6810,1995,0.0,3828.0,-1.142708,-0.9045280000000001,BEN,401691
11819080,19,6811,1995,0.0,35585.0,-1.142708,-0.9045280000000001,BEN,401692
11825606,19,6812,1995,0.0,37903.0,-1.142708,-0.9045280000000001,BEN,401693
11832132,19,6813,1995,0.0,43514.0,-1.142708,-0.9045280000000001,BEN,401694
11838658,19,6814,1995,,,-1.142708,-0.9045280000000001,BEN,401695
11845184,19,6815,1995,2520.0,70947.0,-1.142708,-0.9045280000000001,BEN,401699
11851710,19,6816,1995,0.0,14044.0,-1.142708,-0.9045280000000001,BEN,401700
11858236,19,6817,1995,0.0,35157.0,-1.142708,-0.9045280000000001,BEN,410110
11864762,19,6818,1995,,,-1.142708,-0.9045280000000001,BEN,410121
11871288,19,6819,1995,,,-1.142708,-0.9045280000000001,BEN,410122
11877814,19,6820,1995,,,-1.142708,-0.9045280000000001,BEN,410129
11884340,19,6821,1995,22457.0,32610.0,-1.142708,-0.9045280000000001,BEN,410130
11890866,19,6822,1995,,,-1.142708,-0.9045280000000001,BEN,410140
11897392,19,6823,1995,,,-1.142708,-0.9045280000000001,BEN,410210
11903918,19,6824,1995,,,-1.142708,-0.9045280000000001,BEN,410221
11910444,19,6825,1995,0.0,5351.0,-1.142708,-0.9045280000000001,BEN,410229
11916970,19,6826,1995,0.0,5714.0,-1.142708,-0.9045280000000001,BEN,410310
11923496,19,6827,1995,,,-1.142708,-0.9045280000000001,BEN,410320
11930022,19,6828,1995,,,-1.142708,-0.9045280000000001,BEN,410390
11936548,19,6829,1995,,,-1.142708,-0.9045280000000001,BEN,410410
11943074,19,6830,1995,0.0,36481.0,-1.142708,-0.9045280000000001,BEN,410421
11949600,19,6831,1995,,,-1.142708,-0.9045280000000001,BEN,410422
11956126,19,6832,1995,0.0,2001.0,-1.142708,-0.9045280000000001,BEN,410429
11962652,19,6833,1995,,,-1.142708,-0.9045280000000001,BEN,410431
11969178,19,6834,1995,,,-1.142708,-0.9045280000000001,BEN,410439
11975704,19,6835,1995,,,-1.142708,-0.9045280000000001,BEN,410511
11982230,19,6836,1995,,,-1.142708,-0.9045280000000001,BEN,410512
11988756,19,6837,1995,,,-1.142708,-0.9045280000000001,BEN,410519
11995282,19,6838,1995,,,-1.142708,-0.9045280000000001,BEN,410520
12001808,19,6839,1995,,,-1.142708,-0.9045280000000001,BEN,410611
12008334,19,6840,1995,,,-1.142708,-0.9045280000000001,BEN,410612
12014860,19,6841,1995,,,-1.142708,-0.9045280000000001,BEN,410619
12021386,19,6842,1995,,,-1.142708,-0.9045280000000001,BEN,410620
12027912,19,6843,1995,,,-1.142708,-0.9045280000000001,BEN,410710
12034438,19,6844,1995,,,-1.142708,-0.9045280000000001,BEN,410721
12040964,19,6845,1995,,,-1.142708,-0.9045280000000001,BEN,410729
12047490,19,6846,1995,,,-1.142708,-0.9045280000000001,BEN,410790
12054016,19,6847,1995,,,-1.142708,-0.9045280000000001,BEN,410800
12060542,19,6848,1995,0.0,73957.0,-1.142708,-0.9045280000000001,BEN,410900
12067068,19,6849,1995,,,-1.142708,-0.9045280000000001,BEN,411000
12073594,19,6850,1995,,,-1.142708,-0.9045280000000001,BEN,411100
12080120,19,6851,1995,0.0,5641.0,-1.142708,-0.9045280000000001,BEN,420100
12086646,19,6852,1995,0.0,12265.0,-1.142708,-0.9045280000000001,BEN,420211
12093172,19,6853,1995,1567.0,1269530.0,-1.142708,-0.9045280000000001,BEN,420212
12099698,19,6854,1995,7113.0,19425.0,-1.142708,-0.9045280000000001,BEN,420219
12106224,19,6855,1995,0.0,76312.0,-1.142708,-0.9045280000000001,BEN,420221
12112750,19,6856,1995,0.0,71119.0,-1.142708,-0.9045280000000001,BEN,420222
12119276,19,6857,1995,1495.0,0.0,-1.142708,-0.9045280000000001,BEN,420229
12125802,19,6858,1995,0.0,2417.0,-1.142708,-0.9045280000000001,BEN,420231
12132328,19,6859,1995,0.0,6985.0,-1.142708,-0.9045280000000001,BEN,420232
12138854,19,6860,1995,0.0,1048.0,-1.142708,-0.9045280000000001,BEN,420239
12145380,19,6861,1995,0.0,8864.0,-1.142708,-0.9045280000000001,BEN,420291
12151906,19,6862,1995,3743.0,484419.0,-1.142708,-0.9045280000000001,BEN,420292
12158432,19,6863,1995,2371.0,35988.0,-1.142708,-0.9045280000000001,BEN,420299
12164958,19,6864,1995,0.0,31871.0,-1.142708,-0.9045280000000001,BEN,420310
12171484,19,6865,1995,,,-1.142708,-0.9045280000000001,BEN,420321
12178010,19,6866,1995,0.0,17198.0,-1.142708,-0.9045280000000001,BEN,420329
12184536,19,6867,1995,0.0,38186.0,-1.142708,-0.9045280000000001,BEN,420330
12191062,19,6868,1995,6783.0,25182.0,-1.142708,-0.9045280000000001,BEN,420340
12197588,19,6869,1995,0.0,1118.0,-1.142708,-0.9045280000000001,BEN,420400
12204114,19,6870,1995,0.0,6667.0,-1.142708,-0.9045280000000001,BEN,420500
12210640,19,6871,1995,,,-1.142708,-0.9045280000000001,BEN,420610
12217166,19,6872,1995,,,-1.142708,-0.9045280000000001,BEN,420690
12223692,19,6873,1995,,,-1.142708,-0.9045280000000001,BEN,430110
12230218,19,6874,1995,,,-1.142708,-0.9045280000000001,BEN,430120
12236744,19,6875,1995,,,-1.142708,-0.9045280000000001,BEN,430130
12243270,19,6876,1995,,,-1.142708,-0.9045280000000001,BEN,430140
12249796,19,6877,1995,,,-1.142708,-0.9045280000000001,BEN,430150
12256322,19,6878,1995,,,-1.142708,-0.9045280000000001,BEN,430160
12262848,19,6879,1995,,,-1.142708,-0.9045280000000001,BEN,430170
12269374,19,6880,1995,,,-1.142708,-0.9045280000000001,BEN,430180
12275900,19,6881,1995,,,-1.142708,-0.9045280000000001,BEN,430190
12282426,19,6882,1995,,,-1.142708,-0.9045280000000001,BEN,430211
12288952,19,6883,1995,,,-1.142708,-0.9045280000000001,BEN,430212
12295478,19,6884,1995,,,-1.142708,-0.9045280000000001,BEN,430213
12302004,19,6885,1995,,,-1.142708,-0.9045280000000001,BEN,430219
12308530,19,6886,1995,,,-1.142708,-0.9045280000000001,BEN,430220
12315056,19,6887,1995,,,-1.142708,-0.9045280000000001,BEN,430230
12321582,19,6888,1995,,,-1.142708,-0.9045280000000001,BEN,430310
12328108,19,6889,1995,,,-1.142708,-0.9045280000000001,BEN,430390
12334634,19,6890,1995,,,-1.142708,-0.9045280000000001,BEN,430400
12341160,19,6891,1995,,,-1.142708,-0.9045280000000001,BEN,440110
12347686,19,6892,1995,,,-1.142708,-0.9045280000000001,BEN,440121
12354212,19,6893,1995,,,-1.142708,-0.9045280000000001,BEN,440122
12360738,19,6894,1995,,,-1.142708,-0.9045280000000001,BEN,440130
12367264,19,6895,1995,73590.0,0.0,-1.142708,-0.9045280000000001,BEN,440200
12373790,19,6896,1995,0.0,381691.0,-1.142708,-0.9045280000000001,BEN,440310
12380316,19,6897,1995,,,-1.142708,-0.9045280000000001,BEN,440320
12386842,19,6898,1995,,,-1.142708,-0.9045280000000001,BEN,440331
12393368,19,6899,1995,,,-1.142708,-0.9045280000000001,BEN,440332
12399894,19,6900,1995,10446.0,0.0,-1.142708,-0.9045280000000001,BEN,440333
12406420,19,6901,1995,,,-1.142708,-0.9045280000000001,BEN,440334
12412946,19,6902,1995,0.0,3214.0,-1.142708,-0.9045280000000001,BEN,440335
12419472,19,6903,1995,,,-1.142708,-0.9045280000000001,BEN,440391
12425998,19,6904,1995,,,-1.142708,-0.9045280000000001,BEN,440392
12432524,19,6905,1995,78375.0,0.0,-1.142708,-0.9045280000000001,BEN,440399
12439050,19,6906,1995,,,-1.142708,-0.9045280000000001,BEN,440410
12445576,19,6907,1995,,,-1.142708,-0.9045280000000001,BEN,440420
12452102,19,6908,1995,,,-1.142708,-0.9045280000000001,BEN,440500
12458628,19,6909,1995,,,-1.142708,-0.9045280000000001,BEN,440610
12465154,19,6910,1995,,,-1.142708,-0.9045280000000001,BEN,440690
12471680,19,6911,1995,0.0,4471.0,-1.142708,-0.9045280000000001,BEN,440710
12478206,19,6912,1995,817569.0,0.0,-1.142708,-0.9045280000000001,BEN,440721
12484732,19,6913,1995,123952.0,0.0,-1.142708,-0.9045280000000001,BEN,440722
12491258,19,6914,1995,,,-1.142708,-0.9045280000000001,BEN,440723
12497784,19,6915,1995,,,-1.142708,-0.9045280000000001,BEN,440791
12504310,19,6916,1995,,,-1.142708,-0.9045280000000001,BEN,440792
12510836,19,6917,1995,59422.0,5652.0,-1.142708,-0.9045280000000001,BEN,440799
12517362,19,6918,1995,11562.0,0.0,-1.142708,-0.9045280000000001,BEN,440810
12523888,19,6919,1995,,,-1.142708,-0.9045280000000001,BEN,440820
12530414,19,6920,1995,19403.0,107177.0,-1.142708,-0.9045280000000001,BEN,440890
12536940,19,6921,1995,,,-1.142708,-0.9045280000000001,BEN,440910
12543466,19,6922,1995,808357.0,30647.0,-1.142708,-0.9045280000000001,BEN,440920
12549992,19,6923,1995,0.0,8461.0,-1.142708,-0.9045280000000001,BEN,441010
12556518,19,6924,1995,,,-1.142708,-0.9045280000000001,BEN,441090
12563044,19,6925,1995,0.0,145434.0,-1.142708,-0.9045280000000001,BEN,441111
12569570,19,6926,1995,0.0,239007.0,-1.142708,-0.9045280000000001,BEN,441119
12576096,19,6927,1995,,,-1.142708,-0.9045280000000001,BEN,441121
12582622,19,6928,1995,,,-1.142708,-0.9045280000000001,BEN,441129
12589148,19,6929,1995,,,-1.142708,-0.9045280000000001,BEN,441131
12595674,19,6930,1995,,,-1.142708,-0.9045280000000001,BEN,441139
12602200,19,6931,1995,,,-1.142708,-0.9045280000000001,BEN,441191
12608726,19,6932,1995,,,-1.142708,-0.9045280000000001,BEN,441199
12615252,19,6933,1995,7163.0,128596.0,-1.142708,-0.9045280000000001,BEN,441211
12621778,19,6934,1995,,,-1.142708,-0.9045280000000001,BEN,441212
12628304,19,6935,1995,5866.0,16800.0,-1.142708,-0.9045280000000001,BEN,441219
12634830,19,6936,1995,,,-1.142708,-0.9045280000000001,BEN,441221
12641356,19,6937,1995,,,-1.142708,-0.9045280000000001,BEN,441229
12647882,19,6938,1995,0.0,196407.0,-1.142708,-0.9045280000000001,BEN,441291
12654408,19,6939,1995,0.0,9871.0,-1.142708,-0.9045280000000001,BEN,441299
12660934,19,6940,1995,,,-1.142708,-0.9045280000000001,BEN,441300
12667460,19,6941,1995,0.0,10087.0,-1.142708,-0.9045280000000001,BEN,441400
12673986,19,6942,1995,,,-1.142708,-0.9045280000000001,BEN,441510
12680512,19,6943,1995,,,-1.142708,-0.9045280000000001,BEN,441520
12687038,19,6944,1995,,,-1.142708,-0.9045280000000001,BEN,441600
12693564,19,6945,1995,0.0,1118.0,-1.142708,-0.9045280000000001,BEN,441700
12700090,19,6946,1995,,,-1.142708,-0.9045280000000001,BEN,441810
12706616,19,6947,1995,0.0,114880.0,-1.142708,-0.9045280000000001,BEN,441820
12713142,19,6948,1995,16219.0,0.0,-1.142708,-0.9045280000000001,BEN,441830
12719668,19,6949,1995,,,-1.142708,-0.9045280000000001,BEN,441840
12726194,19,6950,1995,,,-1.142708,-0.9045280000000001,BEN,441850
12732720,19,6951,1995,1841.0,45588.0,-1.142708,-0.9045280000000001,BEN,441890
12739246,19,6952,1995,,,-1.142708,-0.9045280000000001,BEN,441900
12745772,19,6953,1995,184301.0,64164.0,-1.142708,-0.9045280000000001,BEN,442010
12752298,19,6954,1995,7870.0,0.0,-1.142708,-0.9045280000000001,BEN,442090
12758824,19,6955,1995,,,-1.142708,-0.9045280000000001,BEN,442110
12765350,19,6956,1995,5015.0,129366.0,-1.142708,-0.9045280000000001,BEN,442190
12771876,19,6957,1995,,,-1.142708,-0.9045280000000001,BEN,450110
12778402,19,6958,1995,,,-1.142708,-0.9045280000000001,BEN,450190
12784928,19,6959,1995,,,-1.142708,-0.9045280000000001,BEN,450200
12791454,19,6960,1995,,,-1.142708,-0.9045280000000001,BEN,450310
12797980,19,6961,1995,,,-1.142708,-0.9045280000000001,BEN,450390
12804506,19,6962,1995,,,-1.142708,-0.9045280000000001,BEN,450410
12811032,19,6963,1995,,,-1.142708,-0.9045280000000001,BEN,450490
12817558,19,6964,1995,,,-1.142708,-0.9045280000000001,BEN,460110
12824084,19,6965,1995,,,-1.142708,-0.9045280000000001,BEN,460120
12830610,19,6966,1995,,,-1.142708,-0.9045280000000001,BEN,460191
12837136,19,6967,1995,90805.0,0.0,-1.142708,-0.9045280000000001,BEN,460199
12843662,19,6968,1995,23716.0,34836.0,-1.142708,-0.9045280000000001,BEN,460210
12850188,19,6969,1995,,,-1.142708,-0.9045280000000001,BEN,460290
12856714,19,6970,1995,,,-1.142708,-0.9045280000000001,BEN,470100
12863240,19,6971,1995,,,-1.142708,-0.9045280000000001,BEN,470200
12869766,19,6972,1995,,,-1.142708,-0.9045280000000001,BEN,470311
12876292,19,6973,1995,,,-1.142708,-0.9045280000000001,BEN,470319
12882818,19,6974,1995,,,-1.142708,-0.9045280000000001,BEN,470321
12889344,19,6975,1995,,,-1.142708,-0.9045280000000001,BEN,470329
12895870,19,6976,1995,,,-1.142708,-0.9045280000000001,BEN,470411
12902396,19,6977,1995,,,-1.142708,-0.9045280000000001,BEN,470419
12908922,19,6978,1995,,,-1.142708,-0.9045280000000001,BEN,470421
12915448,19,6979,1995,,,-1.142708,-0.9045280000000001,BEN,470429
12921974,19,6980,1995,,,-1.142708,-0.9045280000000001,BEN,470500
12928500,19,6981,1995,,,-1.142708,-0.9045280000000001,BEN,470610
12935026,19,6982,1995,,,-1.142708,-0.9045280000000001,BEN,470691
12941552,19,6983,1995,,,-1.142708,-0.9045280000000001,BEN,470692
12948078,19,6984,1995,,,-1.142708,-0.9045280000000001,BEN,470693
12954604,19,6985,1995,,,-1.142708,-0.9045280000000001,BEN,470710
12961130,19,6986,1995,,,-1.142708,-0.9045280000000001,BEN,470720
12967656,19,6987,1995,,,-1.142708,-0.9045280000000001,BEN,470730
12974182,19,6988,1995,,,-1.142708,-0.9045280000000001,BEN,470790
12980708,19,6989,1995,0.0,3626.0,-1.142708,-0.9045280000000001,BEN,480100
12987234,19,6990,1995,5787.0,74942.0,-1.142708,-0.9045280000000001,BEN,480210
12993760,19,6991,1995,0.0,60034.0,-1.142708,-0.9045280000000001,BEN,480220
13000286,19,6992,1995,,,-1.142708,-0.9045280000000001,BEN,480230
13006812,19,6993,1995,,,-1.142708,-0.9045280000000001,BEN,480240
13013338,19,6994,1995,0.0,35859.0,-1.142708,-0.9045280000000001,BEN,480251
13019864,19,6995,1995,3618.0,930382.0,-1.142708,-0.9045280000000001,BEN,480252
13026390,19,6996,1995,0.0,139248.0,-1.142708,-0.9045280000000001,BEN,480253
13032916,19,6997,1995,1056.0,248805.0,-1.142708,-0.9045280000000001,BEN,480260
13039442,19,6998,1995,0.0,80988.0,-1.142708,-0.9045280000000001,BEN,480300
13045968,19,6999,1995,0.0,19541.0,-1.142708,-0.9045280000000001,BEN,480411
13052494,19,7000,1995,,,-1.142708,-0.9045280000000001,BEN,480419
13059020,19,7001,1995,,,-1.142708,-0.9045280000000001,BEN,480421
13065546,19,7002,1995,,,-1.142708,-0.9045280000000001,BEN,480429
13072072,19,7003,1995,0.0,4834.0,-1.142708,-0.9045280000000001,BEN,480431
13078598,19,7004,1995,0.0,19028.0,-1.142708,-0.9045280000000001,BEN,480439
13085124,19,7005,1995,,,-1.142708,-0.9045280000000001,BEN,480441
13091650,19,7006,1995,0.0,175152.0,-1.142708,-0.9045280000000001,BEN,480442
13098176,19,7007,1995,,,-1.142708,-0.9045280000000001,BEN,480449
13104702,19,7008,1995,,,-1.142708,-0.9045280000000001,BEN,480451
13111228,19,7009,1995,,,-1.142708,-0.9045280000000001,BEN,480452
13117754,19,7010,1995,1498.0,1006.0,-1.142708,-0.9045280000000001,BEN,480459
13124280,19,7011,1995,,,-1.142708,-0.9045280000000001,BEN,480510
13130806,19,7012,1995,,,-1.142708,-0.9045280000000001,BEN,480521
13137332,19,7013,1995,,,-1.142708,-0.9045280000000001,BEN,480522
13143858,19,7014,1995,,,-1.142708,-0.9045280000000001,BEN,480523
13150384,19,7015,1995,0.0,2254.0,-1.142708,-0.9045280000000001,BEN,480529
13156910,19,7016,1995,,,-1.142708,-0.9045280000000001,BEN,480530
13163436,19,7017,1995,,,-1.142708,-0.9045280000000001,BEN,480540
13169962,19,7018,1995,,,-1.142708,-0.9045280000000001,BEN,480550
13176488,19,7019,1995,0.0,27801.0,-1.142708,-0.9045280000000001,BEN,480560
13183014,19,7020,1995,,,-1.142708,-0.9045280000000001,BEN,480570
13189540,19,7021,1995,0.0,34165.0,-1.142708,-0.9045280000000001,BEN,480580
13196066,19,7022,1995,,,-1.142708,-0.9045280000000001,BEN,480610
13202592,19,7023,1995,,,-1.142708,-0.9045280000000001,BEN,480620
13209118,19,7024,1995,0.0,28607.0,-1.142708,-0.9045280000000001,BEN,480630
13215644,19,7025,1995,,,-1.142708,-0.9045280000000001,BEN,480640
13222170,19,7026,1995,,,-1.142708,-0.9045280000000001,BEN,480710
13228696,19,7027,1995,,,-1.142708,-0.9045280000000001,BEN,480791
13235222,19,7028,1995,0.0,23349.0,-1.142708,-0.9045280000000001,BEN,480799
13241748,19,7029,1995,0.0,25183.0,-1.142708,-0.9045280000000001,BEN,480810
13248274,19,7030,1995,,,-1.142708,-0.9045280000000001,BEN,480820
13254800,19,7031,1995,0.0,1611.0,-1.142708,-0.9045280000000001,BEN,480830
13261326,19,7032,1995,0.0,29815.0,-1.142708,-0.9045280000000001,BEN,480890
13267852,19,7033,1995,0.0,6446.0,-1.142708,-0.9045280000000001,BEN,480910
13274378,19,7034,1995,0.0,191014.0,-1.142708,-0.9045280000000001,BEN,480920
13280904,19,7035,1995,2386.0,46939.0,-1.142708,-0.9045280000000001,BEN,480990
13287430,19,7036,1995,0.0,599083.0,-1.142708,-0.9045280000000001,BEN,481011
13293956,19,7037,1995,1066.0,216146.0,-1.142708,-0.9045280000000001,BEN,481012
13300482,19,7038,1995,,,-1.142708,-0.9045280000000001,BEN,481021
13307008,19,7039,1995,0.0,25384.0,-1.142708,-0.9045280000000001,BEN,481029
13313534,19,7040,1995,,,-1.142708,-0.9045280000000001,BEN,481031
13320060,19,7041,1995,,,-1.142708,-0.9045280000000001,BEN,481032
13326586,19,7042,1995,,,-1.142708,-0.9045280000000001,BEN,481039
13333112,19,7043,1995,0.0,39687.0,-1.142708,-0.9045280000000001,BEN,481091
13339638,19,7044,1995,0.0,9065.0,-1.142708,-0.9045280000000001,BEN,481099
13346164,19,7045,1995,0.0,3828.0,-1.142708,-0.9045280000000001,BEN,481110
13352690,19,7046,1995,0.0,1118.0,-1.142708,-0.9045280000000001,BEN,481121
13359216,19,7047,1995,4851.0,0.0,-1.142708,-0.9045280000000001,BEN,481129
13365742,19,7048,1995,0.0,32253.0,-1.142708,-0.9045280000000001,BEN,481131
13372268,19,7049,1995,,,-1.142708,-0.9045280000000001,BEN,481139
13378794,19,7050,1995,,,-1.142708,-0.9045280000000001,BEN,481140
13385320,19,7051,1995,0.0,109085.0,-1.142708,-0.9045280000000001,BEN,481190
13391846,19,7052,1995,0.0,56707.0,-1.142708,-0.9045280000000001,BEN,481200
13398372,19,7053,1995,,,-1.142708,-0.9045280000000001,BEN,481310
13404898,19,7054,1995,0.0,16585.0,-1.142708,-0.9045280000000001,BEN,481320
13411424,19,7055,1995,0.0,13928.0,-1.142708,-0.9045280000000001,BEN,481390
13417950,19,7056,1995,,,-1.142708,-0.9045280000000001,BEN,481410
13424476,19,7057,1995,,,-1.142708,-0.9045280000000001,BEN,481420
13431002,19,7058,1995,,,-1.142708,-0.9045280000000001,BEN,481430
13437528,19,7059,1995,0.0,6245.0,-1.142708,-0.9045280000000001,BEN,481490
13444054,19,7060,1995,,,-1.142708,-0.9045280000000001,BEN,481500
13450580,19,7061,1995,0.0,39486.0,-1.142708,-0.9045280000000001,BEN,481610
13457106,19,7062,1995,0.0,57195.0,-1.142708,-0.9045280000000001,BEN,481620
13463632,19,7063,1995,0.0,16116.0,-1.142708,-0.9045280000000001,BEN,481630
13470158,19,7064,1995,0.0,215941.0,-1.142708,-0.9045280000000001,BEN,481690
13476684,19,7065,1995,1428.0,276858.0,-1.142708,-0.9045280000000001,BEN,481710
13483210,19,7066,1995,,,-1.142708,-0.9045280000000001,BEN,481720
13489736,19,7067,1995,,,-1.142708,-0.9045280000000001,BEN,481730
13496262,19,7068,1995,28606.0,56392.0,-1.142708,-0.9045280000000001,BEN,481810
13502788,19,7069,1995,0.0,34727.0,-1.142708,-0.9045280000000001,BEN,481820
13509314,19,7070,1995,0.0,26851.0,-1.142708,-0.9045280000000001,BEN,481830
13515840,19,7071,1995,0.0,57832.0,-1.142708,-0.9045280000000001,BEN,481840
13522366,19,7072,1995,0.0,19339.0,-1.142708,-0.9045280000000001,BEN,481850
13528892,19,7073,1995,3529.0,19403.0,-1.142708,-0.9045280000000001,BEN,481890
13535418,19,7074,1995,0.0,521805.0,-1.142708,-0.9045280000000001,BEN,481910
13541944,19,7075,1995,22771.0,204912.0,-1.142708,-0.9045280000000001,BEN,481920
13548470,19,7076,1995,0.0,769278.0,-1.142708,-0.9045280000000001,BEN,481930
13554996,19,7077,1995,0.0,1210090.0,-1.142708,-0.9045280000000001,BEN,481940
13561522,19,7078,1995,5830.0,38460.0,-1.142708,-0.9045280000000001,BEN,481950
13568048,19,7079,1995,0.0,109215.0,-1.142708,-0.9045280000000001,BEN,481960
13574574,19,7080,1995,1219.0,456634.0,-1.142708,-0.9045280000000001,BEN,482010
13581100,19,7081,1995,44212.0,2640099.0,-1.142708,-0.9045280000000001,BEN,482020
13587626,19,7082,1995,68909.0,365303.0,-1.142708,-0.9045280000000001,BEN,482030
13594152,19,7083,1995,0.0,82210.0,-1.142708,-0.9045280000000001,BEN,482040
13600678,19,7084,1995,0.0,3021.0,-1.142708,-0.9045280000000001,BEN,482050
13607204,19,7085,1995,2286.0,132962.0,-1.142708,-0.9045280000000001,BEN,482090
13613730,19,7086,1995,0.0,189726.0,-1.142708,-0.9045280000000001,BEN,482110
13620256,19,7087,1995,0.0,68546.0,-1.142708,-0.9045280000000001,BEN,482190
13626782,19,7088,1995,,,-1.142708,-0.9045280000000001,BEN,482210
13633308,19,7089,1995,,,-1.142708,-0.9045280000000001,BEN,482290
13639834,19,7090,1995,,,-1.142708,-0.9045280000000001,BEN,482311
13646360,19,7091,1995,,,-1.142708,-0.9045280000000001,BEN,482319
13652886,19,7092,1995,0.0,1410.0,-1.142708,-0.9045280000000001,BEN,482320
13659412,19,7093,1995,0.0,11974.0,-1.142708,-0.9045280000000001,BEN,482330
13665938,19,7094,1995,0.0,35354.0,-1.142708,-0.9045280000000001,BEN,482340
13672464,19,7095,1995,0.0,81850.0,-1.142708,-0.9045280000000001,BEN,482351
13678990,19,7096,1995,15613.0,584824.0,-1.142708,-0.9045280000000001,BEN,482359
13685516,19,7097,1995,,,-1.142708,-0.9045280000000001,BEN,482360
13692042,19,7098,1995,0.0,10476.0,-1.142708,-0.9045280000000001,BEN,482370
13698568,19,7099,1995,0.0,1611.0,-1.142708,-0.9045280000000001,BEN,482390
13705094,19,7100,1995,5050.0,86246.0,-1.142708,-0.9045280000000001,BEN,490110
13711620,19,7101,1995,1198.0,58221.0,-1.142708,-0.9045280000000001,BEN,490191
13718146,19,7102,1995,13086.0,2341425.0,-1.142708,-0.9045280000000001,BEN,490199
13724672,19,7103,1995,,,-1.142708,-0.9045280000000001,BEN,490210
13731198,19,7104,1995,8182.0,490349.0,-1.142708,-0.9045280000000001,BEN,490290
13737724,19,7105,1995,0.0,16296.0,-1.142708,-0.9045280000000001,BEN,490300
13744250,19,7106,1995,,,-1.142708,-0.9045280000000001,BEN,490400
13750776,19,7107,1995,,,-1.142708,-0.9045280000000001,BEN,490510
13757302,19,7108,1995,,,-1.142708,-0.9045280000000001,BEN,490591
13763828,19,7109,1995,0.0,1040116.0,-1.142708,-0.9045280000000001,BEN,490599
13770354,19,7110,1995,,,-1.142708,-0.9045280000000001,BEN,490600
13776880,19,7111,1995,,,-1.142708,-0.9045280000000001,BEN,490700
13783406,19,7112,1995,,,-1.142708,-0.9045280000000001,BEN,490810
13789932,19,7113,1995,,,-1.142708,-0.9045280000000001,BEN,490890
13796458,19,7114,1995,0.0,43736.0,-1.142708,-0.9045280000000001,BEN,490900
13802984,19,7115,1995,0.0,87387.0,-1.142708,-0.9045280000000001,BEN,491000
13809510,19,7116,1995,2562.0,285439.0,-1.142708,-0.9045280000000001,BEN,491110
13816036,19,7117,1995,0.0,8058.0,-1.142708,-0.9045280000000001,BEN,491191
13822562,19,7118,1995,1397.0,472842.0,-1.142708,-0.9045280000000001,BEN,491199
13829088,19,7119,1995,,,-1.142708,-0.9045280000000001,BEN,500100
13835614,19,7120,1995,,,-1.142708,-0.9045280000000001,BEN,500200
13842140,19,7121,1995,,,-1.142708,-0.9045280000000001,BEN,500310
13848666,19,7122,1995,,,-1.142708,-0.9045280000000001,BEN,500390
13855192,19,7123,1995,,,-1.142708,-0.9045280000000001,BEN,500400
13861718,19,7124,1995,,,-1.142708,-0.9045280000000001,BEN,500500
13868244,19,7125,1995,,,-1.142708,-0.9045280000000001,BEN,500600
13874770,19,7126,1995,,,-1.142708,-0.9045280000000001,BEN,500710
13881296,19,7127,1995,0.0,6057.0,-1.142708,-0.9045280000000001,BEN,500720
13887822,19,7128,1995,,,-1.142708,-0.9045280000000001,BEN,500790
13894348,19,7129,1995,0.0,32717.0,-1.142708,-0.9045280000000001,BEN,510111
13900874,19,7130,1995,,,-1.142708,-0.9045280000000001,BEN,510119
13907400,19,7131,1995,,,-1.142708,-0.9045280000000001,BEN,510121
13913926,19,7132,1995,,,-1.142708,-0.9045280000000001,BEN,510129
13920452,19,7133,1995,,,-1.142708,-0.9045280000000001,BEN,510130
13926978,19,7134,1995,,,-1.142708,-0.9045280000000001,BEN,510210
13933504,19,7135,1995,,,-1.142708,-0.9045280000000001,BEN,510220
13940030,19,7136,1995,,,-1.142708,-0.9045280000000001,BEN,510310
13946556,19,7137,1995,,,-1.142708,-0.9045280000000001,BEN,510320
13953082,19,7138,1995,,,-1.142708,-0.9045280000000001,BEN,510330
13959608,19,7139,1995,,,-1.142708,-0.9045280000000001,BEN,510400
13966134,19,7140,1995,,,-1.142708,-0.9045280000000001,BEN,510510
13972660,19,7141,1995,,,-1.142708,-0.9045280000000001,BEN,510521
13979186,19,7142,1995,,,-1.142708,-0.9045280000000001,BEN,510529
13985712,19,7143,1995,,,-1.142708,-0.9045280000000001,BEN,510530
13992238,19,7144,1995,,,-1.142708,-0.9045280000000001,BEN,510540
13998764,19,7145,1995,,,-1.142708,-0.9045280000000001,BEN,510610
14005290,19,7146,1995,,,-1.142708,-0.9045280000000001,BEN,510620
14011816,19,7147,1995,,,-1.142708,-0.9045280000000001,BEN,510710
14018342,19,7148,1995,,,-1.142708,-0.9045280000000001,BEN,510720
14024868,19,7149,1995,,,-1.142708,-0.9045280000000001,BEN,510810
14031394,19,7150,1995,,,-1.142708,-0.9045280000000001,BEN,510820
14037920,19,7151,1995,,,-1.142708,-0.9045280000000001,BEN,510910
14044446,19,7152,1995,,,-1.142708,-0.9045280000000001,BEN,510990
14050972,19,7153,1995,,,-1.142708,-0.9045280000000001,BEN,511000
14057498,19,7154,1995,0.0,28405.0,-1.142708,-0.9045280000000001,BEN,511111
14064024,19,7155,1995,,,-1.142708,-0.9045280000000001,BEN,511119
14070550,19,7156,1995,,,-1.142708,-0.9045280000000001,BEN,511120
14077076,19,7157,1995,,,-1.142708,-0.9045280000000001,BEN,511130
14083602,19,7158,1995,0.0,16519.0,-1.142708,-0.9045280000000001,BEN,511190
14090128,19,7159,1995,0.0,93360.0,-1.142708,-0.9045280000000001,BEN,511211
14096654,19,7160,1995,0.0,58629.0,-1.142708,-0.9045280000000001,BEN,511219
14103180,19,7161,1995,,,-1.142708,-0.9045280000000001,BEN,511220
14109706,19,7162,1995,0.0,383576.0,-1.142708,-0.9045280000000001,BEN,511230
14116232,19,7163,1995,,,-1.142708,-0.9045280000000001,BEN,511290
14122758,19,7164,1995,,,-1.142708,-0.9045280000000001,BEN,511300
14129284,19,7165,1995,129569654.0,1043053.0,-1.142708,-0.9045280000000001,BEN,520100
14135810,19,7166,1995,2919.0,0.0,-1.142708,-0.9045280000000001,BEN,520210
14142336,19,7167,1995,,,-1.142708,-0.9045280000000001,BEN,520291
14148862,19,7168,1995,534709.0,0.0,-1.142708,-0.9045280000000001,BEN,520299
14155388,19,7169,1995,12312.0,0.0,-1.142708,-0.9045280000000001,BEN,520300
14161914,19,7170,1995,1206.0,163526.0,-1.142708,-0.9045280000000001,BEN,520411
14168440,19,7171,1995,0.0,18184.0,-1.142708,-0.9045280000000001,BEN,520419
14174966,19,7172,1995,1272.0,13155.0,-1.142708,-0.9045280000000001,BEN,520420
14181492,19,7173,1995,,,-1.142708,-0.9045280000000001,BEN,520511
14188018,19,7174,1995,,,-1.142708,-0.9045280000000001,BEN,520512
14194544,19,7175,1995,7210.0,0.0,-1.142708,-0.9045280000000001,BEN,520513
14201070,19,7176,1995,,,-1.142708,-0.9045280000000001,BEN,520514
14207596,19,7177,1995,2464.0,0.0,-1.142708,-0.9045280000000001,BEN,520515
14214122,19,7178,1995,,,-1.142708,-0.9045280000000001,BEN,520521
14220648,19,7179,1995,,,-1.142708,-0.9045280000000001,BEN,520522
14227174,19,7180,1995,,,-1.142708,-0.9045280000000001,BEN,520523
14233700,19,7181,1995,,,-1.142708,-0.9045280000000001,BEN,520524
14240226,19,7182,1995,,,-1.142708,-0.9045280000000001,BEN,520525
14246752,19,7183,1995,,,-1.142708,-0.9045280000000001,BEN,520531
14253278,19,7184,1995,,,-1.142708,-0.9045280000000001,BEN,520532
14259804,19,7185,1995,,,-1.142708,-0.9045280000000001,BEN,520533
14266330,19,7186,1995,,,-1.142708,-0.9045280000000001,BEN,520534
14272856,19,7187,1995,0.0,29247.0,-1.142708,-0.9045280000000001,BEN,520535
14279382,19,7188,1995,,,-1.142708,-0.9045280000000001,BEN,520541
14285908,19,7189,1995,,,-1.142708,-0.9045280000000001,BEN,520542
14292434,19,7190,1995,,,-1.142708,-0.9045280000000001,BEN,520543
14298960,19,7191,1995,101072.0,0.0,-1.142708,-0.9045280000000001,BEN,520544
14305486,19,7192,1995,,,-1.142708,-0.9045280000000001,BEN,520545
14312012,19,7193,1995,,,-1.142708,-0.9045280000000001,BEN,520611
14318538,19,7194,1995,,,-1.142708,-0.9045280000000001,BEN,520612
14325064,19,7195,1995,,,-1.142708,-0.9045280000000001,BEN,520613
14331590,19,7196,1995,,,-1.142708,-0.9045280000000001,BEN,520614
14338116,19,7197,1995,,,-1.142708,-0.9045280000000001,BEN,520615
14344642,19,7198,1995,,,-1.142708,-0.9045280000000001,BEN,520621
14351168,19,7199,1995,,,-1.142708,-0.9045280000000001,BEN,520622
14357694,19,7200,1995,,,-1.142708,-0.9045280000000001,BEN,520623
14364220,19,7201,1995,,,-1.142708,-0.9045280000000001,BEN,520624
14370746,19,7202,1995,,,-1.142708,-0.9045280000000001,BEN,520625
14377272,19,7203,1995,,,-1.142708,-0.9045280000000001,BEN,520631
14383798,19,7204,1995,,,-1.142708,-0.9045280000000001,BEN,520632
14390324,19,7205,1995,,,-1.142708,-0.9045280000000001,BEN,520633
14396850,19,7206,1995,,,-1.142708,-0.9045280000000001,BEN,520634
14403376,19,7207,1995,,,-1.142708,-0.9045280000000001,BEN,520635
14409902,19,7208,1995,,,-1.142708,-0.9045280000000001,BEN,520641
14416428,19,7209,1995,,,-1.142708,-0.9045280000000001,BEN,520642
14422954,19,7210,1995,,,-1.142708,-0.9045280000000001,BEN,520643
14429480,19,7211,1995,,,-1.142708,-0.9045280000000001,BEN,520644
14436006,19,7212,1995,,,-1.142708,-0.9045280000000001,BEN,520645
14442532,19,7213,1995,0.0,205045.0,-1.142708,-0.9045280000000001,BEN,520710
14449058,19,7214,1995,1988.0,20125.0,-1.142708,-0.9045280000000001,BEN,520790
14455584,19,7215,1995,326825.0,297675.0,-1.142708,-0.9045280000000001,BEN,520811
14462110,19,7216,1995,1595900.0,1721909.0,-1.142708,-0.9045280000000001,BEN,520812
14468636,19,7217,1995,,,-1.142708,-0.9045280000000001,BEN,520813
14475162,19,7218,1995,13890.0,46717.0,-1.142708,-0.9045280000000001,BEN,520819
14481688,19,7219,1995,0.0,1210701.0,-1.142708,-0.9045280000000001,BEN,520821
14488214,19,7220,1995,0.0,716648.0,-1.142708,-0.9045280000000001,BEN,520822
14494740,19,7221,1995,0.0,1118.0,-1.142708,-0.9045280000000001,BEN,520823
14501266,19,7222,1995,20859.0,1818863.0,-1.142708,-0.9045280000000001,BEN,520829
14507792,19,7223,1995,18310.0,495505.0,-1.142708,-0.9045280000000001,BEN,520831
14514318,19,7224,1995,74146.0,10508573.0,-1.142708,-0.9045280000000001,BEN,520832
14520844,19,7225,1995,22277.0,405382.0,-1.142708,-0.9045280000000001,BEN,520833
14527370,19,7226,1995,305807.0,22766699.0,-1.142708,-0.9045280000000001,BEN,520839
14533896,19,7227,1995,130636.0,511347.0,-1.142708,-0.9045280000000001,BEN,520841
14540422,19,7228,1995,0.0,1639450.0,-1.142708,-0.9045280000000001,BEN,520842
14546948,19,7229,1995,0.0,147816.0,-1.142708,-0.9045280000000001,BEN,520843
14553474,19,7230,1995,0.0,1436774.0,-1.142708,-0.9045280000000001,BEN,520849
14560000,19,7231,1995,726211.0,5299205.0,-1.142708,-0.9045280000000001,BEN,520851
14566526,19,7232,1995,529738.0,29911414.0,-1.142708,-0.9045280000000001,BEN,520852
14573052,19,7233,1995,0.0,165055.0,-1.142708,-0.9045280000000001,BEN,520853
14579578,19,7234,1995,319315.0,1396620.0,-1.142708,-0.9045280000000001,BEN,520859
14586104,19,7235,1995,13401.0,606418.0,-1.142708,-0.9045280000000001,BEN,520911
14592630,19,7236,1995,0.0,2454.0,-1.142708,-0.9045280000000001,BEN,520912
14599156,19,7237,1995,90037.0,0.0,-1.142708,-0.9045280000000001,BEN,520919
14605682,19,7238,1995,,,-1.142708,-0.9045280000000001,BEN,520921
14612208,19,7239,1995,7237.0,36644.0,-1.142708,-0.9045280000000001,BEN,520922
14618734,19,7240,1995,0.0,250882.0,-1.142708,-0.9045280000000001,BEN,520929
14625260,19,7241,1995,0.0,409299.0,-1.142708,-0.9045280000000001,BEN,520931
14631786,19,7242,1995,0.0,191373.0,-1.142708,-0.9045280000000001,BEN,520932
14638312,19,7243,1995,155739.0,575412.0,-1.142708,-0.9045280000000001,BEN,520939
14644838,19,7244,1995,0.0,12146.0,-1.142708,-0.9045280000000001,BEN,520941
14651364,19,7245,1995,,,-1.142708,-0.9045280000000001,BEN,520942
14657890,19,7246,1995,,,-1.142708,-0.9045280000000001,BEN,520943
14664416,19,7247,1995,3076.0,0.0,-1.142708,-0.9045280000000001,BEN,520949
14670942,19,7248,1995,0.0,1214535.0,-1.142708,-0.9045280000000001,BEN,520951
14677468,19,7249,1995,2054.0,260233.0,-1.142708,-0.9045280000000001,BEN,520952
14683994,19,7250,1995,0.0,345556.0,-1.142708,-0.9045280000000001,BEN,520959
14690520,19,7251,1995,,,-1.142708,-0.9045280000000001,BEN,521011
14697046,19,7252,1995,,,-1.142708,-0.9045280000000001,BEN,521012
14703572,19,7253,1995,,,-1.142708,-0.9045280000000001,BEN,521019
14710098,19,7254,1995,0.0,391026.0,-1.142708,-0.9045280000000001,BEN,521021
14716624,19,7255,1995,,,-1.142708,-0.9045280000000001,BEN,521022
14723150,19,7256,1995,0.0,37824.0,-1.142708,-0.9045280000000001,BEN,521029
14729676,19,7257,1995,0.0,1194161.0,-1.142708,-0.9045280000000001,BEN,521031
14736202,19,7258,1995,0.0,10790.0,-1.142708,-0.9045280000000001,BEN,521032
14742728,19,7259,1995,141041.0,92007.0,-1.142708,-0.9045280000000001,BEN,521039
14749254,19,7260,1995,0.0,17744.0,-1.142708,-0.9045280000000001,BEN,521041
14755780,19,7261,1995,,,-1.142708,-0.9045280000000001,BEN,521042
14762306,19,7262,1995,0.0,79406.0,-1.142708,-0.9045280000000001,BEN,521049
14768832,19,7263,1995,5665.0,479423.0,-1.142708,-0.9045280000000001,BEN,521051
14775358,19,7264,1995,,,-1.142708,-0.9045280000000001,BEN,521052
14781884,19,7265,1995,0.0,33552.0,-1.142708,-0.9045280000000001,BEN,521059
14788410,19,7266,1995,3177.0,0.0,-1.142708,-0.9045280000000001,BEN,521111
14794936,19,7267,1995,1441.0,0.0,-1.142708,-0.9045280000000001,BEN,521112
14801462,19,7268,1995,,,-1.142708,-0.9045280000000001,BEN,521119
14807988,19,7269,1995,1644.0,0.0,-1.142708,-0.9045280000000001,BEN,521121
14814514,19,7270,1995,,,-1.142708,-0.9045280000000001,BEN,521122
14821040,19,7271,1995,,,-1.142708,-0.9045280000000001,BEN,521129
14827566,19,7272,1995,0.0,318705.0,-1.142708,-0.9045280000000001,BEN,521131
14834092,19,7273,1995,,,-1.142708,-0.9045280000000001,BEN,521132
14840618,19,7274,1995,0.0,54998.0,-1.142708,-0.9045280000000001,BEN,521139
14847144,19,7275,1995,1578.0,0.0,-1.142708,-0.9045280000000001,BEN,521141
14853670,19,7276,1995,,,-1.142708,-0.9045280000000001,BEN,521142
14860196,19,7277,1995,3550.0,0.0,-1.142708,-0.9045280000000001,BEN,521143
14866722,19,7278,1995,0.0,17443.0,-1.142708,-0.9045280000000001,BEN,521149
14873248,19,7279,1995,0.0,43467.0,-1.142708,-0.9045280000000001,BEN,521151
14879774,19,7280,1995,,,-1.142708,-0.9045280000000001,BEN,521152
14886300,19,7281,1995,0.0,81694.0,-1.142708,-0.9045280000000001,BEN,521159
14892826,19,7282,1995,1860.0,0.0,-1.142708,-0.9045280000000001,BEN,521211
14899352,19,7283,1995,13716.0,0.0,-1.142708,-0.9045280000000001,BEN,521212
14905878,19,7284,1995,117857.0,248990.0,-1.142708,-0.9045280000000001,BEN,521213
14912404,19,7285,1995,21683.0,554466.0,-1.142708,-0.9045280000000001,BEN,521214
14918930,19,7286,1995,75519.0,156085.0,-1.142708,-0.9045280000000001,BEN,521215
14925456,19,7287,1995,,,-1.142708,-0.9045280000000001,BEN,521221
14931982,19,7288,1995,,,-1.142708,-0.9045280000000001,BEN,521222
14938508,19,7289,1995,4697.0,0.0,-1.142708,-0.9045280000000001,BEN,521223
14945034,19,7290,1995,,,-1.142708,-0.9045280000000001,BEN,521224
14951560,19,7291,1995,18773.0,83926.0,-1.142708,-0.9045280000000001,BEN,521225
14958086,19,7292,1995,,,-1.142708,-0.9045280000000001,BEN,530110
14964612,19,7293,1995,,,-1.142708,-0.9045280000000001,BEN,530121
14971138,19,7294,1995,,,-1.142708,-0.9045280000000001,BEN,530129
14977664,19,7295,1995,,,-1.142708,-0.9045280000000001,BEN,530130
14984190,19,7296,1995,,,-1.142708,-0.9045280000000001,BEN,530210
14990716,19,7297,1995,,,-1.142708,-0.9045280000000001,BEN,530290
14997242,19,7298,1995,,,-1.142708,-0.9045280000000001,BEN,530310
15003768,19,7299,1995,,,-1.142708,-0.9045280000000001,BEN,530390
15010294,19,7300,1995,,,-1.142708,-0.9045280000000001,BEN,530410
15016820,19,7301,1995,,,-1.142708,-0.9045280000000001,BEN,530490
15023346,19,7302,1995,,,-1.142708,-0.9045280000000001,BEN,530511
15029872,19,7303,1995,,,-1.142708,-0.9045280000000001,BEN,530519
15036398,19,7304,1995,,,-1.142708,-0.9045280000000001,BEN,530521
15042924,19,7305,1995,,,-1.142708,-0.9045280000000001,BEN,530529
15049450,19,7306,1995,,,-1.142708,-0.9045280000000001,BEN,530591
15055976,19,7307,1995,,,-1.142708,-0.9045280000000001,BEN,530599
15062502,19,7308,1995,,,-1.142708,-0.9045280000000001,BEN,530610
15069028,19,7309,1995,,,-1.142708,-0.9045280000000001,BEN,530620
15075554,19,7310,1995,,,-1.142708,-0.9045280000000001,BEN,530710
15082080,19,7311,1995,,,-1.142708,-0.9045280000000001,BEN,530720
15088606,19,7312,1995,,,-1.142708,-0.9045280000000001,BEN,530810
15095132,19,7313,1995,,,-1.142708,-0.9045280000000001,BEN,530820
15101658,19,7314,1995,,,-1.142708,-0.9045280000000001,BEN,530830
15108184,19,7315,1995,,,-1.142708,-0.9045280000000001,BEN,530890
15114710,19,7316,1995,,,-1.142708,-0.9045280000000001,BEN,530911
15121236,19,7317,1995,0.0,1869.0,-1.142708,-0.9045280000000001,BEN,530919
15127762,19,7318,1995,,,-1.142708,-0.9045280000000001,BEN,530921
15134288,19,7319,1995,3952.0,0.0,-1.142708,-0.9045280000000001,BEN,530929
15140814,19,7320,1995,,,-1.142708,-0.9045280000000001,BEN,531010
15147340,19,7321,1995,,,-1.142708,-0.9045280000000001,BEN,531090
15153866,19,7322,1995,0.0,89232.0,-1.142708,-0.9045280000000001,BEN,531100
15160392,19,7323,1995,0.0,5025.0,-1.142708,-0.9045280000000001,BEN,540110
15166918,19,7324,1995,,,-1.142708,-0.9045280000000001,BEN,540120
15173444,19,7325,1995,,,-1.142708,-0.9045280000000001,BEN,540210
15179970,19,7326,1995,,,-1.142708,-0.9045280000000001,BEN,540220
15186496,19,7327,1995,,,-1.142708,-0.9045280000000001,BEN,540231
15193022,19,7328,1995,,,-1.142708,-0.9045280000000001,BEN,540232
15199548,19,7329,1995,,,-1.142708,-0.9045280000000001,BEN,540233
15206074,19,7330,1995,0.0,5586.0,-1.142708,-0.9045280000000001,BEN,540239
15212600,19,7331,1995,,,-1.142708,-0.9045280000000001,BEN,540241
15219126,19,7332,1995,,,-1.142708,-0.9045280000000001,BEN,540242
15225652,19,7333,1995,,,-1.142708,-0.9045280000000001,BEN,540243
15232178,19,7334,1995,,,-1.142708,-0.9045280000000001,BEN,540249
15238704,19,7335,1995,,,-1.142708,-0.9045280000000001,BEN,540251
15245230,19,7336,1995,,,-1.142708,-0.9045280000000001,BEN,540252
15251756,19,7337,1995,,,-1.142708,-0.9045280000000001,BEN,540259
15258282,19,7338,1995,,,-1.142708,-0.9045280000000001,BEN,540261
15264808,19,7339,1995,,,-1.142708,-0.9045280000000001,BEN,540262
15271334,19,7340,1995,0.0,14303.0,-1.142708,-0.9045280000000001,BEN,540269
15277860,19,7341,1995,,,-1.142708,-0.9045280000000001,BEN,540310
15284386,19,7342,1995,,,-1.142708,-0.9045280000000001,BEN,540320
15290912,19,7343,1995,0.0,74741.0,-1.142708,-0.9045280000000001,BEN,540331
15297438,19,7344,1995,,,-1.142708,-0.9045280000000001,BEN,540332
15303964,19,7345,1995,,,-1.142708,-0.9045280000000001,BEN,540333
15310490,19,7346,1995,,,-1.142708,-0.9045280000000001,BEN,540339
15317016,19,7347,1995,0.0,13242.0,-1.142708,-0.9045280000000001,BEN,540341
15323542,19,7348,1995,,,-1.142708,-0.9045280000000001,BEN,540342
15330068,19,7349,1995,,,-1.142708,-0.9045280000000001,BEN,540349
15336594,19,7350,1995,,,-1.142708,-0.9045280000000001,BEN,540410
15343120,19,7351,1995,,,-1.142708,-0.9045280000000001,BEN,540490
15349646,19,7352,1995,,,-1.142708,-0.9045280000000001,BEN,540500
15356172,19,7353,1995,,,-1.142708,-0.9045280000000001,BEN,540610
15362698,19,7354,1995,,,-1.142708,-0.9045280000000001,BEN,540620
15369224,19,7355,1995,0.0,151915.0,-1.142708,-0.9045280000000001,BEN,540710
15375750,19,7356,1995,,,-1.142708,-0.9045280000000001,BEN,540720
15382276,19,7357,1995,,,-1.142708,-0.9045280000000001,BEN,540730
15388802,19,7358,1995,,,-1.142708,-0.9045280000000001,BEN,540741
15395328,19,7359,1995,0.0,279121.0,-1.142708,-0.9045280000000001,BEN,540742
15401854,19,7360,1995,,,-1.142708,-0.9045280000000001,BEN,540743
15408380,19,7361,1995,,,-1.142708,-0.9045280000000001,BEN,540744
15414906,19,7362,1995,,,-1.142708,-0.9045280000000001,BEN,540751
15421432,19,7363,1995,2399.0,872460.0,-1.142708,-0.9045280000000001,BEN,540752
15427958,19,7364,1995,0.0,138546.0,-1.142708,-0.9045280000000001,BEN,540753
15434484,19,7365,1995,0.0,1245382.0,-1.142708,-0.9045280000000001,BEN,540754
15441010,19,7366,1995,8301.0,8532376.0,-1.142708,-0.9045280000000001,BEN,540760
15447536,19,7367,1995,0.0,157412.0,-1.142708,-0.9045280000000001,BEN,540771
15454062,19,7368,1995,0.0,7528414.0,-1.142708,-0.9045280000000001,BEN,540772
15460588,19,7369,1995,0.0,27501.0,-1.142708,-0.9045280000000001,BEN,540773
15467114,19,7370,1995,0.0,2666851.0,-1.142708,-0.9045280000000001,BEN,540774
15473640,19,7371,1995,8220.0,371009.0,-1.142708,-0.9045280000000001,BEN,540781
15480166,19,7372,1995,0.0,4706038.0,-1.142708,-0.9045280000000001,BEN,540782
15486692,19,7373,1995,0.0,186280.0,-1.142708,-0.9045280000000001,BEN,540783
15493218,19,7374,1995,0.0,942414.0,-1.142708,-0.9045280000000001,BEN,540784
15499744,19,7375,1995,0.0,253175.0,-1.142708,-0.9045280000000001,BEN,540791
15506270,19,7376,1995,16009.0,2989010.0,-1.142708,-0.9045280000000001,BEN,540792
15512796,19,7377,1995,0.0,365681.0,-1.142708,-0.9045280000000001,BEN,540793
15519322,19,7378,1995,0.0,16000.0,-1.142708,-0.9045280000000001,BEN,540794
15525848,19,7379,1995,0.0,38363.0,-1.142708,-0.9045280000000001,BEN,540810
15532374,19,7380,1995,,,-1.142708,-0.9045280000000001,BEN,540821
15538900,19,7381,1995,0.0,434292.0,-1.142708,-0.9045280000000001,BEN,540822
15545426,19,7382,1995,,,-1.142708,-0.9045280000000001,BEN,540823
15551952,19,7383,1995,0.0,105111.0,-1.142708,-0.9045280000000001,BEN,540824
15558478,19,7384,1995,,,-1.142708,-0.9045280000000001,BEN,540831
15565004,19,7385,1995,0.0,215986.0,-1.142708,-0.9045280000000001,BEN,540832
15571530,19,7386,1995,,,-1.142708,-0.9045280000000001,BEN,540833
15578056,19,7387,1995,0.0,909908.0,-1.142708,-0.9045280000000001,BEN,540834
15584582,19,7388,1995,,,-1.142708,-0.9045280000000001,BEN,550110
15591108,19,7389,1995,,,-1.142708,-0.9045280000000001,BEN,550120
15597634,19,7390,1995,,,-1.142708,-0.9045280000000001,BEN,550130
15604160,19,7391,1995,,,-1.142708,-0.9045280000000001,BEN,550190
15610686,19,7392,1995,,,-1.142708,-0.9045280000000001,BEN,550200
15617212,19,7393,1995,1164.0,0.0,-1.142708,-0.9045280000000001,BEN,550310
15623738,19,7394,1995,45025.0,0.0,-1.142708,-0.9045280000000001,BEN,550320
15630264,19,7395,1995,,,-1.142708,-0.9045280000000001,BEN,550330
15636790,19,7396,1995,0.0,124059.0,-1.142708,-0.9045280000000001,BEN,550340
15643316,19,7397,1995,,,-1.142708,-0.9045280000000001,BEN,550390
15649842,19,7398,1995,,,-1.142708,-0.9045280000000001,BEN,550410
15656368,19,7399,1995,,,-1.142708,-0.9045280000000001,BEN,550490
15662894,19,7400,1995,0.0,262520.0,-1.142708,-0.9045280000000001,BEN,550510
15669420,19,7401,1995,,,-1.142708,-0.9045280000000001,BEN,550520
15675946,19,7402,1995,,,-1.142708,-0.9045280000000001,BEN,550610
15682472,19,7403,1995,,,-1.142708,-0.9045280000000001,BEN,550620
15688998,19,7404,1995,,,-1.142708,-0.9045280000000001,BEN,550630
15695524,19,7405,1995,,,-1.142708,-0.9045280000000001,BEN,550690
15702050,19,7406,1995,,,-1.142708,-0.9045280000000001,BEN,550700
15708576,19,7407,1995,0.0,546882.0,-1.142708,-0.9045280000000001,BEN,550810
15715102,19,7408,1995,,,-1.142708,-0.9045280000000001,BEN,550820
15721628,19,7409,1995,,,-1.142708,-0.9045280000000001,BEN,550911
15728154,19,7410,1995,,,-1.142708,-0.9045280000000001,BEN,550912
15734680,19,7411,1995,,,-1.142708,-0.9045280000000001,BEN,550921
15741206,19,7412,1995,0.0,2392.0,-1.142708,-0.9045280000000001,BEN,550922
15747732,19,7413,1995,,,-1.142708,-0.9045280000000001,BEN,550931
15754258,19,7414,1995,0.0,37329.0,-1.142708,-0.9045280000000001,BEN,550932
15760784,19,7415,1995,,,-1.142708,-0.9045280000000001,BEN,550941
15767310,19,7416,1995,,,-1.142708,-0.9045280000000001,BEN,550942
15773836,19,7417,1995,,,-1.142708,-0.9045280000000001,BEN,550951
15780362,19,7418,1995,,,-1.142708,-0.9045280000000001,BEN,550952
15786888,19,7419,1995,,,-1.142708,-0.9045280000000001,BEN,550953
15793414,19,7420,1995,,,-1.142708,-0.9045280000000001,BEN,550959
15799940,19,7421,1995,,,-1.142708,-0.9045280000000001,BEN,550961
15806466,19,7422,1995,,,-1.142708,-0.9045280000000001,BEN,550962
15812992,19,7423,1995,,,-1.142708,-0.9045280000000001,BEN,550969
15819518,19,7424,1995,,,-1.142708,-0.9045280000000001,BEN,550991
15826044,19,7425,1995,,,-1.142708,-0.9045280000000001,BEN,550992
15832570,19,7426,1995,,,-1.142708,-0.9045280000000001,BEN,550999
15839096,19,7427,1995,,,-1.142708,-0.9045280000000001,BEN,551011
15845622,19,7428,1995,0.0,91663.0,-1.142708,-0.9045280000000001,BEN,551012
15852148,19,7429,1995,,,-1.142708,-0.9045280000000001,BEN,551020
15858674,19,7430,1995,,,-1.142708,-0.9045280000000001,BEN,551030
15865200,19,7431,1995,,,-1.142708,-0.9045280000000001,BEN,551090
15871726,19,7432,1995,0.0,110041.0,-1.142708,-0.9045280000000001,BEN,551110
15878252,19,7433,1995,0.0,111048.0,-1.142708,-0.9045280000000001,BEN,551120
15884778,19,7434,1995,,,-1.142708,-0.9045280000000001,BEN,551130
15891304,19,7435,1995,0.0,202087.0,-1.142708,-0.9045280000000001,BEN,551211
15897830,19,7436,1995,0.0,1926877.0,-1.142708,-0.9045280000000001,BEN,551219
15904356,19,7437,1995,0.0,50618.0,-1.142708,-0.9045280000000001,BEN,551221
15910882,19,7438,1995,0.0,124227.0,-1.142708,-0.9045280000000001,BEN,551229
15917408,19,7439,1995,1335.0,0.0,-1.142708,-0.9045280000000001,BEN,551291
15923934,19,7440,1995,0.0,412225.0,-1.142708,-0.9045280000000001,BEN,551299
15930460,19,7441,1995,0.0,1030973.0,-1.142708,-0.9045280000000001,BEN,551311
15936986,19,7442,1995,6226.0,44454.0,-1.142708,-0.9045280000000001,BEN,551312
15943512,19,7443,1995,4878.0,34220.0,-1.142708,-0.9045280000000001,BEN,551313
15950038,19,7444,1995,10649.0,35121.0,-1.142708,-0.9045280000000001,BEN,551319
15956564,19,7445,1995,1115.0,6185696.0,-1.142708,-0.9045280000000001,BEN,551321
15963090,19,7446,1995,0.0,364146.0,-1.142708,-0.9045280000000001,BEN,551322
15969616,19,7447,1995,0.0,497277.0,-1.142708,-0.9045280000000001,BEN,551323
15976142,19,7448,1995,1235.0,627249.0,-1.142708,-0.9045280000000001,BEN,551329
15982668,19,7449,1995,0.0,957928.0,-1.142708,-0.9045280000000001,BEN,551331
15989194,19,7450,1995,0.0,310615.0,-1.142708,-0.9045280000000001,BEN,551332
15995720,19,7451,1995,0.0,136985.0,-1.142708,-0.9045280000000001,BEN,551333
16002246,19,7452,1995,13752.0,909262.0,-1.142708,-0.9045280000000001,BEN,551339
16008772,19,7453,1995,0.0,2792280.0,-1.142708,-0.9045280000000001,BEN,551341
16015298,19,7454,1995,0.0,118879.0,-1.142708,-0.9045280000000001,BEN,551342
16021824,19,7455,1995,,,-1.142708,-0.9045280000000001,BEN,551343
16028350,19,7456,1995,7464.0,364417.0,-1.142708,-0.9045280000000001,BEN,551349
16034876,19,7457,1995,,,-1.142708,-0.9045280000000001,BEN,551411
16041402,19,7458,1995,0.0,98606.0,-1.142708,-0.9045280000000001,BEN,551412
16047928,19,7459,1995,0.0,144288.0,-1.142708,-0.9045280000000001,BEN,551413
16054454,19,7460,1995,2589.0,85881.0,-1.142708,-0.9045280000000001,BEN,551419
16060980,19,7461,1995,0.0,412686.0,-1.142708,-0.9045280000000001,BEN,551421
16067506,19,7462,1995,0.0,51758.0,-1.142708,-0.9045280000000001,BEN,551422
16074032,19,7463,1995,2234.0,69322.0,-1.142708,-0.9045280000000001,BEN,551423
16080558,19,7464,1995,11694.0,0.0,-1.142708,-0.9045280000000001,BEN,551429
16087084,19,7465,1995,0.0,112472.0,-1.142708,-0.9045280000000001,BEN,551431
16093610,19,7466,1995,,,-1.142708,-0.9045280000000001,BEN,551432
16100136,19,7467,1995,8107.0,0.0,-1.142708,-0.9045280000000001,BEN,551433
16106662,19,7468,1995,1599.0,19980.0,-1.142708,-0.9045280000000001,BEN,551439
16113188,19,7469,1995,,,-1.142708,-0.9045280000000001,BEN,551441
16119714,19,7470,1995,,,-1.142708,-0.9045280000000001,BEN,551442
16126240,19,7471,1995,,,-1.142708,-0.9045280000000001,BEN,551443
16132766,19,7472,1995,5473.0,0.0,-1.142708,-0.9045280000000001,BEN,551449
16139292,19,7473,1995,0.0,3733316.0,-1.142708,-0.9045280000000001,BEN,551511
16145818,19,7474,1995,0.0,5641.0,-1.142708,-0.9045280000000001,BEN,551512
16152344,19,7475,1995,,,-1.142708,-0.9045280000000001,BEN,551513
16158870,19,7476,1995,6124.0,586934.0,-1.142708,-0.9045280000000001,BEN,551519
16165396,19,7477,1995,,,-1.142708,-0.9045280000000001,BEN,551521
16171922,19,7478,1995,2279.0,0.0,-1.142708,-0.9045280000000001,BEN,551522
16178448,19,7479,1995,0.0,106396.0,-1.142708,-0.9045280000000001,BEN,551529
16184974,19,7480,1995,0.0,3517.0,-1.142708,-0.9045280000000001,BEN,551591
16191500,19,7481,1995,,,-1.142708,-0.9045280000000001,BEN,551592
16198026,19,7482,1995,4501.0,22764.0,-1.142708,-0.9045280000000001,BEN,551599
16204552,19,7483,1995,,,-1.142708,-0.9045280000000001,BEN,551611
16211078,19,7484,1995,0.0,1037703.0,-1.142708,-0.9045280000000001,BEN,551612
16217604,19,7485,1995,0.0,38004.0,-1.142708,-0.9045280000000001,BEN,551613
16224130,19,7486,1995,0.0,856699.0,-1.142708,-0.9045280000000001,BEN,551614
16230656,19,7487,1995,,,-1.142708,-0.9045280000000001,BEN,551621
16237182,19,7488,1995,0.0,151774.0,-1.142708,-0.9045280000000001,BEN,551622
16243708,19,7489,1995,0.0,48373.0,-1.142708,-0.9045280000000001,BEN,551623
16250234,19,7490,1995,0.0,19596.0,-1.142708,-0.9045280000000001,BEN,551624
16256760,19,7491,1995,0.0,25715.0,-1.142708,-0.9045280000000001,BEN,551631
16263286,19,7492,1995,,,-1.142708,-0.9045280000000001,BEN,551632
16269812,19,7493,1995,,,-1.142708,-0.9045280000000001,BEN,551633
16276338,19,7494,1995,,,-1.142708,-0.9045280000000001,BEN,551634
16282864,19,7495,1995,0.0,290389.0,-1.142708,-0.9045280000000001,BEN,551641
16289390,19,7496,1995,0.0,607620.0,-1.142708,-0.9045280000000001,BEN,551642
16295916,19,7497,1995,0.0,20942.0,-1.142708,-0.9045280000000001,BEN,551643
16302442,19,7498,1995,0.0,193637.0,-1.142708,-0.9045280000000001,BEN,551644
16308968,19,7499,1995,0.0,74385.0,-1.142708,-0.9045280000000001,BEN,551691
16315494,19,7500,1995,,,-1.142708,-0.9045280000000001,BEN,551692
16322020,19,7501,1995,0.0,24870.0,-1.142708,-0.9045280000000001,BEN,551693
16328546,19,7502,1995,0.0,202642.0,-1.142708,-0.9045280000000001,BEN,551694
16335072,19,7503,1995,0.0,436635.0,-1.142708,-0.9045280000000001,BEN,560110
16341598,19,7504,1995,0.0,40882.0,-1.142708,-0.9045280000000001,BEN,560121
16348124,19,7505,1995,0.0,51184.0,-1.142708,-0.9045280000000001,BEN,560122
16354650,19,7506,1995,,,-1.142708,-0.9045280000000001,BEN,560129
16361176,19,7507,1995,,,-1.142708,-0.9045280000000001,BEN,560130
16367702,19,7508,1995,,,-1.142708,-0.9045280000000001,BEN,560210
16374228,19,7509,1995,,,-1.142708,-0.9045280000000001,BEN,560221
16380754,19,7510,1995,,,-1.142708,-0.9045280000000001,BEN,560229
16387280,19,7511,1995,0.0,8420.0,-1.142708,-0.9045280000000001,BEN,560290
16393806,19,7512,1995,0.0,588707.0,-1.142708,-0.9045280000000001,BEN,560300
16400332,19,7513,1995,,,-1.142708,-0.9045280000000001,BEN,560410
16406858,19,7514,1995,,,-1.142708,-0.9045280000000001,BEN,560420
16413384,19,7515,1995,,,-1.142708,-0.9045280000000001,BEN,560490
16419910,19,7516,1995,,,-1.142708,-0.9045280000000001,BEN,560500
16426436,19,7517,1995,,,-1.142708,-0.9045280000000001,BEN,560600
16432962,19,7518,1995,,,-1.142708,-0.9045280000000001,BEN,560710
16439488,19,7519,1995,0.0,4757.0,-1.142708,-0.9045280000000001,BEN,560721
16446014,19,7520,1995,0.0,2820.0,-1.142708,-0.9045280000000001,BEN,560729
16452540,19,7521,1995,,,-1.142708,-0.9045280000000001,BEN,560730
16459066,19,7522,1995,0.0,11178.0,-1.142708,-0.9045280000000001,BEN,560741
16465592,19,7523,1995,3392.0,35207.0,-1.142708,-0.9045280000000001,BEN,560749
16472118,19,7524,1995,0.0,29115.0,-1.142708,-0.9045280000000001,BEN,560750
16478644,19,7525,1995,0.0,19533.0,-1.142708,-0.9045280000000001,BEN,560790
16485170,19,7526,1995,21266.0,186601.0,-1.142708,-0.9045280000000001,BEN,560811
16491696,19,7527,1995,,,-1.142708,-0.9045280000000001,BEN,560819
16498222,19,7528,1995,0.0,22681.0,-1.142708,-0.9045280000000001,BEN,560890
16504748,19,7529,1995,0.0,480137.0,-1.142708,-0.9045280000000001,BEN,560900
16511274,19,7530,1995,,,-1.142708,-0.9045280000000001,BEN,570110
16517800,19,7531,1995,4401.0,0.0,-1.142708,-0.9045280000000001,BEN,570190
16524326,19,7532,1995,0.0,34046.0,-1.142708,-0.9045280000000001,BEN,570210
16530852,19,7533,1995,0.0,3223.0,-1.142708,-0.9045280000000001,BEN,570220
16537378,19,7534,1995,,,-1.142708,-0.9045280000000001,BEN,570231
16543904,19,7535,1995,,,-1.142708,-0.9045280000000001,BEN,570232
16550430,19,7536,1995,3541.0,0.0,-1.142708,-0.9045280000000001,BEN,570239
16556956,19,7537,1995,,,-1.142708,-0.9045280000000001,BEN,570241
16563482,19,7538,1995,,,-1.142708,-0.9045280000000001,BEN,570242
16570008,19,7539,1995,4758.0,0.0,-1.142708,-0.9045280000000001,BEN,570249
16576534,19,7540,1995,,,-1.142708,-0.9045280000000001,BEN,570251
16583060,19,7541,1995,0.0,20548.0,-1.142708,-0.9045280000000001,BEN,570252
16589586,19,7542,1995,,,-1.142708,-0.9045280000000001,BEN,570259
16596112,19,7543,1995,,,-1.142708,-0.9045280000000001,BEN,570291
16602638,19,7544,1995,,,-1.142708,-0.9045280000000001,BEN,570292
16609164,19,7545,1995,,,-1.142708,-0.9045280000000001,BEN,570299
16615690,19,7546,1995,0.0,6446.0,-1.142708,-0.9045280000000001,BEN,570310
16622216,19,7547,1995,0.0,54234.0,-1.142708,-0.9045280000000001,BEN,570320
16628742,19,7548,1995,0.0,103066.0,-1.142708,-0.9045280000000001,BEN,570330
16635268,19,7549,1995,13147.0,13497.0,-1.142708,-0.9045280000000001,BEN,570390
16641794,19,7550,1995,,,-1.142708,-0.9045280000000001,BEN,570410
16648320,19,7551,1995,0.0,33163.0,-1.142708,-0.9045280000000001,BEN,570490
16654846,19,7552,1995,4919.0,18131.0,-1.142708,-0.9045280000000001,BEN,570500
16661372,19,7553,1995,,,-1.142708,-0.9045280000000001,BEN,580110
16667898,19,7554,1995,,,-1.142708,-0.9045280000000001,BEN,580121
16674424,19,7555,1995,,,-1.142708,-0.9045280000000001,BEN,580122
16680950,19,7556,1995,,,-1.142708,-0.9045280000000001,BEN,580123
16687476,19,7557,1995,,,-1.142708,-0.9045280000000001,BEN,580124
16694002,19,7558,1995,,,-1.142708,-0.9045280000000001,BEN,580125
16700528,19,7559,1995,,,-1.142708,-0.9045280000000001,BEN,580126
16707054,19,7560,1995,,,-1.142708,-0.9045280000000001,BEN,580131
16713580,19,7561,1995,,,-1.142708,-0.9045280000000001,BEN,580132
16720106,19,7562,1995,,,-1.142708,-0.9045280000000001,BEN,580133
16726632,19,7563,1995,,,-1.142708,-0.9045280000000001,BEN,580134
16733158,19,7564,1995,0.0,1122017.0,-1.142708,-0.9045280000000001,BEN,580135
16739684,19,7565,1995,,,-1.142708,-0.9045280000000001,BEN,580136
16746210,19,7566,1995,0.0,5418.0,-1.142708,-0.9045280000000001,BEN,580190
16752736,19,7567,1995,,,-1.142708,-0.9045280000000001,BEN,580211
16759262,19,7568,1995,,,-1.142708,-0.9045280000000001,BEN,580219
16765788,19,7569,1995,,,-1.142708,-0.9045280000000001,BEN,580220
16772314,19,7570,1995,,,-1.142708,-0.9045280000000001,BEN,580230
16778840,19,7571,1995,,,-1.142708,-0.9045280000000001,BEN,580310
16785366,19,7572,1995,,,-1.142708,-0.9045280000000001,BEN,580390
16791892,19,7573,1995,,,-1.142708,-0.9045280000000001,BEN,580410
16798418,19,7574,1995,0.0,393696.0,-1.142708,-0.9045280000000001,BEN,580421
16804944,19,7575,1995,0.0,8233.0,-1.142708,-0.9045280000000001,BEN,580429
16811470,19,7576,1995,0.0,212168.0,-1.142708,-0.9045280000000001,BEN,580430
16817996,19,7577,1995,,,-1.142708,-0.9045280000000001,BEN,580500
16824522,19,7578,1995,,,-1.142708,-0.9045280000000001,BEN,580610
16831048,19,7579,1995,0.0,1606.0,-1.142708,-0.9045280000000001,BEN,580620
16837574,19,7580,1995,0.0,6245.0,-1.142708,-0.9045280000000001,BEN,580631
16844100,19,7581,1995,0.0,30417.0,-1.142708,-0.9045280000000001,BEN,580632
16850626,19,7582,1995,,,-1.142708,-0.9045280000000001,BEN,580639
16857152,19,7583,1995,0.0,8663.0,-1.142708,-0.9045280000000001,BEN,580640
16863678,19,7584,1995,,,-1.142708,-0.9045280000000001,BEN,580710
16870204,19,7585,1995,,,-1.142708,-0.9045280000000001,BEN,580790
16876730,19,7586,1995,,,-1.142708,-0.9045280000000001,BEN,580810
16883256,19,7587,1995,0.0,7252.0,-1.142708,-0.9045280000000001,BEN,580890
16889782,19,7588,1995,0.0,38146.0,-1.142708,-0.9045280000000001,BEN,580900
16896308,19,7589,1995,0.0,74983.0,-1.142708,-0.9045280000000001,BEN,581010
16902834,19,7590,1995,0.0,1363702.0,-1.142708,-0.9045280000000001,BEN,581091
16909360,19,7591,1995,0.0,791959.0,-1.142708,-0.9045280000000001,BEN,581092
16915886,19,7592,1995,0.0,133151.0,-1.142708,-0.9045280000000001,BEN,581099
16922412,19,7593,1995,,,-1.142708,-0.9045280000000001,BEN,581100
16928938,19,7594,1995,,,-1.142708,-0.9045280000000001,BEN,590110
16935464,19,7595,1995,,,-1.142708,-0.9045280000000001,BEN,590190
16941990,19,7596,1995,,,-1.142708,-0.9045280000000001,BEN,590210
16948516,19,7597,1995,,,-1.142708,-0.9045280000000001,BEN,590220
16955042,19,7598,1995,,,-1.142708,-0.9045280000000001,BEN,590290
16961568,19,7599,1995,0.0,72638.0,-1.142708,-0.9045280000000001,BEN,590310
16968094,19,7600,1995,0.0,2149.0,-1.142708,-0.9045280000000001,BEN,590320
16974620,19,7601,1995,0.0,701406.0,-1.142708,-0.9045280000000001,BEN,590390
16981146,19,7602,1995,,,-1.142708,-0.9045280000000001,BEN,590410
16987672,19,7603,1995,,,-1.142708,-0.9045280000000001,BEN,590491
16994198,19,7604,1995,,,-1.142708,-0.9045280000000001,BEN,590492
17000724,19,7605,1995,0.0,11079.0,-1.142708,-0.9045280000000001,BEN,590500
17007250,19,7606,1995,0.0,2014.0,-1.142708,-0.9045280000000001,BEN,590610
17013776,19,7607,1995,,,-1.142708,-0.9045280000000001,BEN,590691
17020302,19,7608,1995,,,-1.142708,-0.9045280000000001,BEN,590699
17026828,19,7609,1995,0.0,55710.0,-1.142708,-0.9045280000000001,BEN,590700
17033354,19,7610,1995,,,-1.142708,-0.9045280000000001,BEN,590800
17039880,19,7611,1995,0.0,11281.0,-1.142708,-0.9045280000000001,BEN,590900
17046406,19,7612,1995,,,-1.142708,-0.9045280000000001,BEN,591000
17052932,19,7613,1995,,,-1.142708,-0.9045280000000001,BEN,591110
17059458,19,7614,1995,,,-1.142708,-0.9045280000000001,BEN,591120
17065984,19,7615,1995,,,-1.142708,-0.9045280000000001,BEN,591131
17072510,19,7616,1995,0.0,1090.0,-1.142708,-0.9045280000000001,BEN,591132
17079036,19,7617,1995,,,-1.142708,-0.9045280000000001,BEN,591140
17085562,19,7618,1995,0.0,13278.0,-1.142708,-0.9045280000000001,BEN,591190
17092088,19,7619,1995,,,-1.142708,-0.9045280000000001,BEN,600110
17098614,19,7620,1995,,,-1.142708,-0.9045280000000001,BEN,600121
17105140,19,7621,1995,,,-1.142708,-0.9045280000000001,BEN,600122
17111666,19,7622,1995,,,-1.142708,-0.9045280000000001,BEN,600129
17118192,19,7623,1995,,,-1.142708,-0.9045280000000001,BEN,600191
17124718,19,7624,1995,0.0,22378.0,-1.142708,-0.9045280000000001,BEN,600192
17131244,19,7625,1995,,,-1.142708,-0.9045280000000001,BEN,600199
17137770,19,7626,1995,,,-1.142708,-0.9045280000000001,BEN,600210
17144296,19,7627,1995,,,-1.142708,-0.9045280000000001,BEN,600220
17150822,19,7628,1995,0.0,24136.0,-1.142708,-0.9045280000000001,BEN,600230
17157348,19,7629,1995,,,-1.142708,-0.9045280000000001,BEN,600241
17163874,19,7630,1995,,,-1.142708,-0.9045280000000001,BEN,600242
17170400,19,7631,1995,1513.0,4762.0,-1.142708,-0.9045280000000001,BEN,600243
17176926,19,7632,1995,,,-1.142708,-0.9045280000000001,BEN,600249
17183452,19,7633,1995,,,-1.142708,-0.9045280000000001,BEN,600291
17189978,19,7634,1995,0.0,3223.0,-1.142708,-0.9045280000000001,BEN,600292
17196504,19,7635,1995,1367.0,115030.0,-1.142708,-0.9045280000000001,BEN,600293
17203030,19,7636,1995,1245.0,29211.0,-1.142708,-0.9045280000000001,BEN,600299
17209556,19,7637,1995,0.0,2014.0,-1.142708,-0.9045280000000001,BEN,610110
17216082,19,7638,1995,0.0,60146.0,-1.142708,-0.9045280000000001,BEN,610120
17222608,19,7639,1995,,,-1.142708,-0.9045280000000001,BEN,610130
17229134,19,7640,1995,0.0,9283.0,-1.142708,-0.9045280000000001,BEN,610190
17235660,19,7641,1995,,,-1.142708,-0.9045280000000001,BEN,610210
17242186,19,7642,1995,,,-1.142708,-0.9045280000000001,BEN,610220
17248712,19,7643,1995,,,-1.142708,-0.9045280000000001,BEN,610230
17255238,19,7644,1995,,,-1.142708,-0.9045280000000001,BEN,610290
17261764,19,7645,1995,,,-1.142708,-0.9045280000000001,BEN,610311
17268290,19,7646,1995,,,-1.142708,-0.9045280000000001,BEN,610312
17274816,19,7647,1995,,,-1.142708,-0.9045280000000001,BEN,610319
17281342,19,7648,1995,,,-1.142708,-0.9045280000000001,BEN,610321
17287868,19,7649,1995,1407.0,24031.0,-1.142708,-0.9045280000000001,BEN,610322
17294394,19,7650,1995,0.0,10261.0,-1.142708,-0.9045280000000001,BEN,610323
17300920,19,7651,1995,1351.0,0.0,-1.142708,-0.9045280000000001,BEN,610329
17307446,19,7652,1995,,,-1.142708,-0.9045280000000001,BEN,610331
17313972,19,7653,1995,,,-1.142708,-0.9045280000000001,BEN,610332
17320498,19,7654,1995,,,-1.142708,-0.9045280000000001,BEN,610333
17327024,19,7655,1995,,,-1.142708,-0.9045280000000001,BEN,610339
17333550,19,7656,1995,,,-1.142708,-0.9045280000000001,BEN,610341
17340076,19,7657,1995,0.0,94981.0,-1.142708,-0.9045280000000001,BEN,610342
17346602,19,7658,1995,0.0,1611.0,-1.142708,-0.9045280000000001,BEN,610343
17353128,19,7659,1995,,,-1.142708,-0.9045280000000001,BEN,610349
17359654,19,7660,1995,,,-1.142708,-0.9045280000000001,BEN,610411
17366180,19,7661,1995,,,-1.142708,-0.9045280000000001,BEN,610412
17372706,19,7662,1995,,,-1.142708,-0.9045280000000001,BEN,610413
17379232,19,7663,1995,,,-1.142708,-0.9045280000000001,BEN,610419
17385758,19,7664,1995,,,-1.142708,-0.9045280000000001,BEN,610421
17392284,19,7665,1995,,,-1.142708,-0.9045280000000001,BEN,610422
17398810,19,7666,1995,0.0,2820.0,-1.142708,-0.9045280000000001,BEN,610423
17405336,19,7667,1995,,,-1.142708,-0.9045280000000001,BEN,610429
17411862,19,7668,1995,,,-1.142708,-0.9045280000000001,BEN,610431
17418388,19,7669,1995,,,-1.142708,-0.9045280000000001,BEN,610432
17424914,19,7670,1995,,,-1.142708,-0.9045280000000001,BEN,610433
17431440,19,7671,1995,,,-1.142708,-0.9045280000000001,BEN,610439
17437966,19,7672,1995,,,-1.142708,-0.9045280000000001,BEN,610441
17444492,19,7673,1995,0.0,56976.0,-1.142708,-0.9045280000000001,BEN,610442
17451018,19,7674,1995,0.0,11901.0,-1.142708,-0.9045280000000001,BEN,610443
17457544,19,7675,1995,,,-1.142708,-0.9045280000000001,BEN,610444
17464070,19,7676,1995,0.0,1611.0,-1.142708,-0.9045280000000001,BEN,610449
17470596,19,7677,1995,,,-1.142708,-0.9045280000000001,BEN,610451
17477122,19,7678,1995,0.0,1065.0,-1.142708,-0.9045280000000001,BEN,610452
17483648,19,7679,1995,,,-1.142708,-0.9045280000000001,BEN,610453
17490174,19,7680,1995,0.0,4419.0,-1.142708,-0.9045280000000001,BEN,610459
17496700,19,7681,1995,,,-1.142708,-0.9045280000000001,BEN,610461
17503226,19,7682,1995,,,-1.142708,-0.9045280000000001,BEN,610462
17509752,19,7683,1995,0.0,9572.0,-1.142708,-0.9045280000000001,BEN,610463
17516278,19,7684,1995,,,-1.142708,-0.9045280000000001,BEN,610469
17522804,19,7685,1995,6230.0,500998.0,-1.142708,-0.9045280000000001,BEN,610510
17529330,19,7686,1995,0.0,1118.0,-1.142708,-0.9045280000000001,BEN,610520
17535856,19,7687,1995,1751.0,9154.0,-1.142708,-0.9045280000000001,BEN,610590
17542382,19,7688,1995,0.0,81253.0,-1.142708,-0.9045280000000001,BEN,610610
17548908,19,7689,1995,0.0,3354.0,-1.142708,-0.9045280000000001,BEN,610620
17555434,19,7690,1995,0.0,1845.0,-1.142708,-0.9045280000000001,BEN,610690
17561960,19,7691,1995,1192.0,411318.0,-1.142708,-0.9045280000000001,BEN,610711
17568486,19,7692,1995,0.0,235206.0,-1.142708,-0.9045280000000001,BEN,610712
17575012,19,7693,1995,,,-1.142708,-0.9045280000000001,BEN,610719
17581538,19,7694,1995,,,-1.142708,-0.9045280000000001,BEN,610721
17588064,19,7695,1995,,,-1.142708,-0.9045280000000001,BEN,610722
17594590,19,7696,1995,,,-1.142708,-0.9045280000000001,BEN,610729
17601116,19,7697,1995,,,-1.142708,-0.9045280000000001,BEN,610791
17607642,19,7698,1995,,,-1.142708,-0.9045280000000001,BEN,610792
17614168,19,7699,1995,,,-1.142708,-0.9045280000000001,BEN,610799
17620694,19,7700,1995,0.0,110536.0,-1.142708,-0.9045280000000001,BEN,610811
17627220,19,7701,1995,0.0,21143.0,-1.142708,-0.9045280000000001,BEN,610819
17633746,19,7702,1995,0.0,211894.0,-1.142708,-0.9045280000000001,BEN,610821
17640272,19,7703,1995,0.0,302221.0,-1.142708,-0.9045280000000001,BEN,610822
17646798,19,7704,1995,0.0,11432.0,-1.142708,-0.9045280000000001,BEN,610829
17653324,19,7705,1995,0.0,1198226.0,-1.142708,-0.9045280000000001,BEN,610831
17659850,19,7706,1995,,,-1.142708,-0.9045280000000001,BEN,610832
17666376,19,7707,1995,,,-1.142708,-0.9045280000000001,BEN,610839
17672902,19,7708,1995,,,-1.142708,-0.9045280000000001,BEN,610891
17679428,19,7709,1995,,,-1.142708,-0.9045280000000001,BEN,610892
17685954,19,7710,1995,,,-1.142708,-0.9045280000000001,BEN,610899
17692480,19,7711,1995,3890.0,1217316.0,-1.142708,-0.9045280000000001,BEN,610910
17699006,19,7712,1995,11006.0,1190089.0,-1.142708,-0.9045280000000001,BEN,610990
17705532,19,7713,1995,0.0,71593.0,-1.142708,-0.9045280000000001,BEN,611010
17712058,19,7714,1995,0.0,156832.0,-1.142708,-0.9045280000000001,BEN,611020
17718584,19,7715,1995,,,-1.142708,-0.9045280000000001,BEN,611030
17725110,19,7716,1995,,,-1.142708,-0.9045280000000001,BEN,611090
17731636,19,7717,1995,,,-1.142708,-0.9045280000000001,BEN,611110
17738162,19,7718,1995,0.0,221421.0,-1.142708,-0.9045280000000001,BEN,611120
17744688,19,7719,1995,0.0,29648.0,-1.142708,-0.9045280000000001,BEN,611130
17751214,19,7720,1995,11090.0,0.0,-1.142708,-0.9045280000000001,BEN,611190
17757740,19,7721,1995,0.0,18560.0,-1.142708,-0.9045280000000001,BEN,611211
17764266,19,7722,1995,,,-1.142708,-0.9045280000000001,BEN,611212
17770792,19,7723,1995,0.0,5641.0,-1.142708,-0.9045280000000001,BEN,611219
17777318,19,7724,1995,,,-1.142708,-0.9045280000000001,BEN,611220
17783844,19,7725,1995,0.0,2820.0,-1.142708,-0.9045280000000001,BEN,611231
17790370,19,7726,1995,,,-1.142708,-0.9045280000000001,BEN,611239
17796896,19,7727,1995,,,-1.142708,-0.9045280000000001,BEN,611241
17803422,19,7728,1995,11941.0,8663.0,-1.142708,-0.9045280000000001,BEN,611249
17809948,19,7729,1995,1656.0,0.0,-1.142708,-0.9045280000000001,BEN,611300
17816474,19,7730,1995,,,-1.142708,-0.9045280000000001,BEN,611410
17823000,19,7731,1995,0.0,197214.0,-1.142708,-0.9045280000000001,BEN,611420
17829526,19,7732,1995,0.0,35909.0,-1.142708,-0.9045280000000001,BEN,611430
17836052,19,7733,1995,111155.0,38555.0,-1.142708,-0.9045280000000001,BEN,611490
17842578,19,7734,1995,,,-1.142708,-0.9045280000000001,BEN,611511
17849104,19,7735,1995,,,-1.142708,-0.9045280000000001,BEN,611512
17855630,19,7736,1995,,,-1.142708,-0.9045280000000001,BEN,611519
17862156,19,7737,1995,,,-1.142708,-0.9045280000000001,BEN,611520
17868682,19,7738,1995,,,-1.142708,-0.9045280000000001,BEN,611591
17875208,19,7739,1995,0.0,129362.0,-1.142708,-0.9045280000000001,BEN,611592
17881734,19,7740,1995,0.0,28333.0,-1.142708,-0.9045280000000001,BEN,611593
17888260,19,7741,1995,,,-1.142708,-0.9045280000000001,BEN,611599
17894786,19,7742,1995,,,-1.142708,-0.9045280000000001,BEN,611610
17901312,19,7743,1995,,,-1.142708,-0.9045280000000001,BEN,611691
17907838,19,7744,1995,,,-1.142708,-0.9045280000000001,BEN,611692
17914364,19,7745,1995,,,-1.142708,-0.9045280000000001,BEN,611693
17920890,19,7746,1995,,,-1.142708,-0.9045280000000001,BEN,611699
17927416,19,7747,1995,0.0,9952.0,-1.142708,-0.9045280000000001,BEN,611710
17933942,19,7748,1995,,,-1.142708,-0.9045280000000001,BEN,611720
17940468,19,7749,1995,0.0,6645.0,-1.142708,-0.9045280000000001,BEN,611780
17946994,19,7750,1995,0.0,100770.0,-1.142708,-0.9045280000000001,BEN,611790
17953520,19,7751,1995,,,-1.142708,-0.9045280000000001,BEN,620111
17960046,19,7752,1995,0.0,11281.0,-1.142708,-0.9045280000000001,BEN,620112
17966572,19,7753,1995,0.0,6245.0,-1.142708,-0.9045280000000001,BEN,620113
17973098,19,7754,1995,,,-1.142708,-0.9045280000000001,BEN,620119
17979624,19,7755,1995,,,-1.142708,-0.9045280000000001,BEN,620191
17986150,19,7756,1995,,,-1.142708,-0.9045280000000001,BEN,620192
17992676,19,7757,1995,,,-1.142708,-0.9045280000000001,BEN,620193
17999202,19,7758,1995,,,-1.142708,-0.9045280000000001,BEN,620199
18005728,19,7759,1995,,,-1.142708,-0.9045280000000001,BEN,620211
18012254,19,7760,1995,,,-1.142708,-0.9045280000000001,BEN,620212
18018780,19,7761,1995,,,-1.142708,-0.9045280000000001,BEN,620213
18025306,19,7762,1995,,,-1.142708,-0.9045280000000001,BEN,620219
18031832,19,7763,1995,,,-1.142708,-0.9045280000000001,BEN,620291
18038358,19,7764,1995,0.0,76919.0,-1.142708,-0.9045280000000001,BEN,620292
18044884,19,7765,1995,,,-1.142708,-0.9045280000000001,BEN,620293
18051410,19,7766,1995,,,-1.142708,-0.9045280000000001,BEN,620299
18057936,19,7767,1995,0.0,59631.0,-1.142708,-0.9045280000000001,BEN,620311
18064462,19,7768,1995,0.0,158426.0,-1.142708,-0.9045280000000001,BEN,620312
18070988,19,7769,1995,1541.0,16538.0,-1.142708,-0.9045280000000001,BEN,620319
18077514,19,7770,1995,,,-1.142708,-0.9045280000000001,BEN,620321
18084040,19,7771,1995,0.0,256833.0,-1.142708,-0.9045280000000001,BEN,620322
18090566,19,7772,1995,0.0,257707.0,-1.142708,-0.9045280000000001,BEN,620323
18097092,19,7773,1995,0.0,227398.0,-1.142708,-0.9045280000000001,BEN,620329
18103618,19,7774,1995,0.0,18936.0,-1.142708,-0.9045280000000001,BEN,620331
18110144,19,7775,1995,,,-1.142708,-0.9045280000000001,BEN,620332
18116670,19,7776,1995,,,-1.142708,-0.9045280000000001,BEN,620333
18123196,19,7777,1995,,,-1.142708,-0.9045280000000001,BEN,620339
18129722,19,7778,1995,0.0,1611.0,-1.142708,-0.9045280000000001,BEN,620341
18136248,19,7779,1995,1724.0,7604339.0,-1.142708,-0.9045280000000001,BEN,620342
18142774,19,7780,1995,0.0,759083.0,-1.142708,-0.9045280000000001,BEN,620343
18149300,19,7781,1995,,,-1.142708,-0.9045280000000001,BEN,620349
18155826,19,7782,1995,,,-1.142708,-0.9045280000000001,BEN,620411
18162352,19,7783,1995,,,-1.142708,-0.9045280000000001,BEN,620412
18168878,19,7784,1995,0.0,2163.0,-1.142708,-0.9045280000000001,BEN,620413
18175404,19,7785,1995,,,-1.142708,-0.9045280000000001,BEN,620419
18181930,19,7786,1995,,,-1.142708,-0.9045280000000001,BEN,620421
18188456,19,7787,1995,0.0,32309.0,-1.142708,-0.9045280000000001,BEN,620422
18194982,19,7788,1995,0.0,25069.0,-1.142708,-0.9045280000000001,BEN,620423
18201508,19,7789,1995,0.0,1611.0,-1.142708,-0.9045280000000001,BEN,620429
18208034,19,7790,1995,,,-1.142708,-0.9045280000000001,BEN,620431
18214560,19,7791,1995,,,-1.142708,-0.9045280000000001,BEN,620432
18221086,19,7792,1995,0.0,33985.0,-1.142708,-0.9045280000000001,BEN,620433
18227612,19,7793,1995,0.0,45646.0,-1.142708,-0.9045280000000001,BEN,620439
18234138,19,7794,1995,,,-1.142708,-0.9045280000000001,BEN,620441
18240664,19,7795,1995,,,-1.142708,-0.9045280000000001,BEN,620442
18247190,19,7796,1995,0.0,816626.0,-1.142708,-0.9045280000000001,BEN,620443
18253716,19,7797,1995,,,-1.142708,-0.9045280000000001,BEN,620444
18260242,19,7798,1995,,,-1.142708,-0.9045280000000001,BEN,620449
18266768,19,7799,1995,,,-1.142708,-0.9045280000000001,BEN,620451
18273294,19,7800,1995,0.0,312205.0,-1.142708,-0.9045280000000001,BEN,620452
18279820,19,7801,1995,0.0,15326.0,-1.142708,-0.9045280000000001,BEN,620453
18286346,19,7802,1995,0.0,1165.0,-1.142708,-0.9045280000000001,BEN,620459
18292872,19,7803,1995,,,-1.142708,-0.9045280000000001,BEN,620461
18299398,19,7804,1995,0.0,842311.0,-1.142708,-0.9045280000000001,BEN,620462
18305924,19,7805,1995,0.0,39298.0,-1.142708,-0.9045280000000001,BEN,620463
18312450,19,7806,1995,0.0,36314.0,-1.142708,-0.9045280000000001,BEN,620469
18318976,19,7807,1995,,,-1.142708,-0.9045280000000001,BEN,620510
18325502,19,7808,1995,10515.0,1516331.0,-1.142708,-0.9045280000000001,BEN,620520
18332028,19,7809,1995,0.0,668807.0,-1.142708,-0.9045280000000001,BEN,620530
18338554,19,7810,1995,3923.0,92259.0,-1.142708,-0.9045280000000001,BEN,620590
18345080,19,7811,1995,0.0,27895.0,-1.142708,-0.9045280000000001,BEN,620610
18351606,19,7812,1995,,,-1.142708,-0.9045280000000001,BEN,620620
18358132,19,7813,1995,0.0,153201.0,-1.142708,-0.9045280000000001,BEN,620630
18364658,19,7814,1995,0.0,78086.0,-1.142708,-0.9045280000000001,BEN,620640
18371184,19,7815,1995,1401.0,0.0,-1.142708,-0.9045280000000001,BEN,620690
18377710,19,7816,1995,1186.0,68019.0,-1.142708,-0.9045280000000001,BEN,620711
18384236,19,7817,1995,0.0,3144.0,-1.142708,-0.9045280000000001,BEN,620719
18390762,19,7818,1995,,,-1.142708,-0.9045280000000001,BEN,620721
18397288,19,7819,1995,,,-1.142708,-0.9045280000000001,BEN,620722
18403814,19,7820,1995,,,-1.142708,-0.9045280000000001,BEN,620729
18410340,19,7821,1995,0.0,54460.0,-1.142708,-0.9045280000000001,BEN,620791
18416866,19,7822,1995,,,-1.142708,-0.9045280000000001,BEN,620792
18423392,19,7823,1995,,,-1.142708,-0.9045280000000001,BEN,620799
18429918,19,7824,1995,0.0,10075.0,-1.142708,-0.9045280000000001,BEN,620811
18436444,19,7825,1995,,,-1.142708,-0.9045280000000001,BEN,620819
18442970,19,7826,1995,,,-1.142708,-0.9045280000000001,BEN,620821
18449496,19,7827,1995,,,-1.142708,-0.9045280000000001,BEN,620822
18456022,19,7828,1995,,,-1.142708,-0.9045280000000001,BEN,620829
18462548,19,7829,1995,0.0,40169.0,-1.142708,-0.9045280000000001,BEN,620891
18469074,19,7830,1995,0.0,2216.0,-1.142708,-0.9045280000000001,BEN,620892
18475600,19,7831,1995,,,-1.142708,-0.9045280000000001,BEN,620899
18482126,19,7832,1995,,,-1.142708,-0.9045280000000001,BEN,620910
18488652,19,7833,1995,2972.0,35984.0,-1.142708,-0.9045280000000001,BEN,620920
18495178,19,7834,1995,0.0,437350.0,-1.142708,-0.9045280000000001,BEN,620930
18501704,19,7835,1995,38230.0,10274.0,-1.142708,-0.9045280000000001,BEN,620990
18508230,19,7836,1995,,,-1.142708,-0.9045280000000001,BEN,621010
18514756,19,7837,1995,,,-1.142708,-0.9045280000000001,BEN,621020
18521282,19,7838,1995,1509.0,0.0,-1.142708,-0.9045280000000001,BEN,621030
18527808,19,7839,1995,0.0,156130.0,-1.142708,-0.9045280000000001,BEN,621040
18534334,19,7840,1995,12012.0,42714.0,-1.142708,-0.9045280000000001,BEN,621050
18540860,19,7841,1995,,,-1.142708,-0.9045280000000001,BEN,621111
18547386,19,7842,1995,,,-1.142708,-0.9045280000000001,BEN,621112
18553912,19,7843,1995,,,-1.142708,-0.9045280000000001,BEN,621120
18560438,19,7844,1995,,,-1.142708,-0.9045280000000001,BEN,621131
18566964,19,7845,1995,1577.0,957214.0,-1.142708,-0.9045280000000001,BEN,621132
18573490,19,7846,1995,0.0,145849.0,-1.142708,-0.9045280000000001,BEN,621133
18580016,19,7847,1995,1665.0,23167.0,-1.142708,-0.9045280000000001,BEN,621139
18586542,19,7848,1995,0.0,1611.0,-1.142708,-0.9045280000000001,BEN,621141
18593068,19,7849,1995,0.0,126129.0,-1.142708,-0.9045280000000001,BEN,621142
18599594,19,7850,1995,0.0,66269.0,-1.142708,-0.9045280000000001,BEN,621143
18606120,19,7851,1995,1248.0,81996.0,-1.142708,-0.9045280000000001,BEN,621149
18612646,19,7852,1995,0.0,343472.0,-1.142708,-0.9045280000000001,BEN,621210
18619172,19,7853,1995,,,-1.142708,-0.9045280000000001,BEN,621220
18625698,19,7854,1995,,,-1.142708,-0.9045280000000001,BEN,621230
18632224,19,7855,1995,0.0,16500.0,-1.142708,-0.9045280000000001,BEN,621290
18638750,19,7856,1995,,,-1.142708,-0.9045280000000001,BEN,621310
18645276,19,7857,1995,7904.0,102962.0,-1.142708,-0.9045280000000001,BEN,621320
18651802,19,7858,1995,,,-1.142708,-0.9045280000000001,BEN,621390
18658328,19,7859,1995,4527.0,49673.0,-1.142708,-0.9045280000000001,BEN,621410
18664854,19,7860,1995,,,-1.142708,-0.9045280000000001,BEN,621420
18671380,19,7861,1995,0.0,4921400.0,-1.142708,-0.9045280000000001,BEN,621430
18677906,19,7862,1995,0.0,142674.0,-1.142708,-0.9045280000000001,BEN,621440
18684432,19,7863,1995,39768.0,61906.0,-1.142708,-0.9045280000000001,BEN,621490
18690958,19,7864,1995,0.0,18450.0,-1.142708,-0.9045280000000001,BEN,621510
18697484,19,7865,1995,,,-1.142708,-0.9045280000000001,BEN,621520
18704010,19,7866,1995,,,-1.142708,-0.9045280000000001,BEN,621590
18710536,19,7867,1995,0.0,5238.0,-1.142708,-0.9045280000000001,BEN,621600
18717062,19,7868,1995,0.0,274918.0,-1.142708,-0.9045280000000001,BEN,621710
18723588,19,7869,1995,11268.0,7655.0,-1.142708,-0.9045280000000001,BEN,621790
18730114,19,7870,1995,,,-1.142708,-0.9045280000000001,BEN,630110
18736640,19,7871,1995,0.0,1813.0,-1.142708,-0.9045280000000001,BEN,630120
18743166,19,7872,1995,14334.0,0.0,-1.142708,-0.9045280000000001,BEN,630130
18749692,19,7873,1995,0.0,135452.0,-1.142708,-0.9045280000000001,BEN,630140
18756218,19,7874,1995,1308.0,0.0,-1.142708,-0.9045280000000001,BEN,630190
18762744,19,7875,1995,0.0,584060.0,-1.142708,-0.9045280000000001,BEN,630210
18769270,19,7876,1995,8935.0,278553.0,-1.142708,-0.9045280000000001,BEN,630221
18775796,19,7877,1995,,,-1.142708,-0.9045280000000001,BEN,630222
18782322,19,7878,1995,0.0,1410.0,-1.142708,-0.9045280000000001,BEN,630229
18788848,19,7879,1995,27069.0,332103.0,-1.142708,-0.9045280000000001,BEN,630231
18795374,19,7880,1995,25132.0,1810.0,-1.142708,-0.9045280000000001,BEN,630232
18801900,19,7881,1995,0.0,4834.0,-1.142708,-0.9045280000000001,BEN,630239
18808426,19,7882,1995,,,-1.142708,-0.9045280000000001,BEN,630240
18814952,19,7883,1995,,,-1.142708,-0.9045280000000001,BEN,630251
18821478,19,7884,1995,,,-1.142708,-0.9045280000000001,BEN,630252
18828004,19,7885,1995,,,-1.142708,-0.9045280000000001,BEN,630253
18834530,19,7886,1995,0.0,1006.0,-1.142708,-0.9045280000000001,BEN,630259
18841056,19,7887,1995,12787.0,27791.0,-1.142708,-0.9045280000000001,BEN,630260
18847582,19,7888,1995,0.0,51073.0,-1.142708,-0.9045280000000001,BEN,630291
18854108,19,7889,1995,,,-1.142708,-0.9045280000000001,BEN,630292
18860634,19,7890,1995,,,-1.142708,-0.9045280000000001,BEN,630293
18867160,19,7891,1995,0.0,5641.0,-1.142708,-0.9045280000000001,BEN,630299
18873686,19,7892,1995,,,-1.142708,-0.9045280000000001,BEN,630311
18880212,19,7893,1995,0.0,5853.0,-1.142708,-0.9045280000000001,BEN,630312
18886738,19,7894,1995,1163.0,47604.0,-1.142708,-0.9045280000000001,BEN,630319
18893264,19,7895,1995,,,-1.142708,-0.9045280000000001,BEN,630391
18899790,19,7896,1995,0.0,3626.0,-1.142708,-0.9045280000000001,BEN,630392
18906316,19,7897,1995,1306.0,3828.0,-1.142708,-0.9045280000000001,BEN,630399
18912842,19,7898,1995,0.0,25225.0,-1.142708,-0.9045280000000001,BEN,630411
18919368,19,7899,1995,0.0,44758.0,-1.142708,-0.9045280000000001,BEN,630419
18925894,19,7900,1995,,,-1.142708,-0.9045280000000001,BEN,630491
18932420,19,7901,1995,0.0,41236.0,-1.142708,-0.9045280000000001,BEN,630492
18938946,19,7902,1995,0.0,1118.0,-1.142708,-0.9045280000000001,BEN,630493
18945472,19,7903,1995,4057.0,12112.0,-1.142708,-0.9045280000000001,BEN,630499
18951998,19,7904,1995,4658.0,277891.0,-1.142708,-0.9045280000000001,BEN,630510
18958524,19,7905,1995,,,-1.142708,-0.9045280000000001,BEN,630520
18965050,19,7906,1995,0.0,2347847.0,-1.142708,-0.9045280000000001,BEN,630531
18971576,19,7907,1995,5490.0,7216.0,-1.142708,-0.9045280000000001,BEN,630539
18978102,19,7908,1995,,,-1.142708,-0.9045280000000001,BEN,630590
18984628,19,7909,1995,,,-1.142708,-0.9045280000000001,BEN,630611
18991154,19,7910,1995,0.0,2236.0,-1.142708,-0.9045280000000001,BEN,630612
18997680,19,7911,1995,0.0,12988.0,-1.142708,-0.9045280000000001,BEN,630619
19004206,19,7912,1995,0.0,2659.0,-1.142708,-0.9045280000000001,BEN,630621
19010732,19,7913,1995,0.0,7824.0,-1.142708,-0.9045280000000001,BEN,630622
19017258,19,7914,1995,0.0,38881.0,-1.142708,-0.9045280000000001,BEN,630629
19023784,19,7915,1995,,,-1.142708,-0.9045280000000001,BEN,630631
19030310,19,7916,1995,,,-1.142708,-0.9045280000000001,BEN,630639
19036836,19,7917,1995,,,-1.142708,-0.9045280000000001,BEN,630641
19043362,19,7918,1995,0.0,1118.0,-1.142708,-0.9045280000000001,BEN,630649
19049888,19,7919,1995,,,-1.142708,-0.9045280000000001,BEN,630691
19056414,19,7920,1995,,,-1.142708,-0.9045280000000001,BEN,630699
19062940,19,7921,1995,0.0,11281.0,-1.142708,-0.9045280000000001,BEN,630710
19069466,19,7922,1995,,,-1.142708,-0.9045280000000001,BEN,630720
19075992,19,7923,1995,0.0,338505.0,-1.142708,-0.9045280000000001,BEN,630790
19082518,19,7924,1995,,,-1.142708,-0.9045280000000001,BEN,630800
19089044,19,7925,1995,716546.0,21250835.0,-1.142708,-0.9045280000000001,BEN,630900
19095570,19,7926,1995,0.0,477535.0,-1.142708,-0.9045280000000001,BEN,631010
19102096,19,7927,1995,1452.0,577621.0,-1.142708,-0.9045280000000001,BEN,631090
19108622,19,7928,1995,0.0,13397.0,-1.142708,-0.9045280000000001,BEN,640110
19115148,19,7929,1995,,,-1.142708,-0.9045280000000001,BEN,640191
19121674,19,7930,1995,0.0,8864.0,-1.142708,-0.9045280000000001,BEN,640192
19128200,19,7931,1995,,,-1.142708,-0.9045280000000001,BEN,640199
19134726,19,7932,1995,,,-1.142708,-0.9045280000000001,BEN,640211
19141252,19,7933,1995,4477.0,41045.0,-1.142708,-0.9045280000000001,BEN,640219
19147778,19,7934,1995,59984.0,2474178.0,-1.142708,-0.9045280000000001,BEN,640220
19154304,19,7935,1995,0.0,3513.0,-1.142708,-0.9045280000000001,BEN,640230
19160830,19,7936,1995,0.0,166313.0,-1.142708,-0.9045280000000001,BEN,640291
19167356,19,7937,1995,19406.0,2502689.0,-1.142708,-0.9045280000000001,BEN,640299
19173882,19,7938,1995,,,-1.142708,-0.9045280000000001,BEN,640311
19180408,19,7939,1995,4282.0,40223.0,-1.142708,-0.9045280000000001,BEN,640319
19186934,19,7940,1995,0.0,17433.0,-1.142708,-0.9045280000000001,BEN,640320
19193460,19,7941,1995,,,-1.142708,-0.9045280000000001,BEN,640330
19199986,19,7942,1995,0.0,90590.0,-1.142708,-0.9045280000000001,BEN,640340
19206512,19,7943,1995,0.0,59483.0,-1.142708,-0.9045280000000001,BEN,640351
19213038,19,7944,1995,0.0,444520.0,-1.142708,-0.9045280000000001,BEN,640359
19219564,19,7945,1995,0.0,32434.0,-1.142708,-0.9045280000000001,BEN,640391
19226090,19,7946,1995,1951.0,231871.0,-1.142708,-0.9045280000000001,BEN,640399
19232616,19,7947,1995,8059.0,27520.0,-1.142708,-0.9045280000000001,BEN,640411
19239142,19,7948,1995,10484.0,59757.0,-1.142708,-0.9045280000000001,BEN,640419
19245668,19,7949,1995,0.0,189598.0,-1.142708,-0.9045280000000001,BEN,640420
19252194,19,7950,1995,0.0,113471.0,-1.142708,-0.9045280000000001,BEN,640510
19258720,19,7951,1995,0.0,10671.0,-1.142708,-0.9045280000000001,BEN,640520
19265246,19,7952,1995,31107.0,142223.0,-1.142708,-0.9045280000000001,BEN,640590
19271772,19,7953,1995,,,-1.142708,-0.9045280000000001,BEN,640610
19278298,19,7954,1995,0.0,17025.0,-1.142708,-0.9045280000000001,BEN,640620
19284824,19,7955,1995,,,-1.142708,-0.9045280000000001,BEN,640691
19291350,19,7956,1995,0.0,27361.0,-1.142708,-0.9045280000000001,BEN,640699
19297876,19,7957,1995,,,-1.142708,-0.9045280000000001,BEN,650100
19304402,19,7958,1995,,,-1.142708,-0.9045280000000001,BEN,650200
19310928,19,7959,1995,,,-1.142708,-0.9045280000000001,BEN,650300
19317454,19,7960,1995,,,-1.142708,-0.9045280000000001,BEN,650400
19323980,19,7961,1995,,,-1.142708,-0.9045280000000001,BEN,650510
19330506,19,7962,1995,0.0,85319.0,-1.142708,-0.9045280000000001,BEN,650590
19337032,19,7963,1995,0.0,41097.0,-1.142708,-0.9045280000000001,BEN,650610
19343558,19,7964,1995,0.0,1810.0,-1.142708,-0.9045280000000001,BEN,650691
19350084,19,7965,1995,,,-1.142708,-0.9045280000000001,BEN,650692
19356610,19,7966,1995,,,-1.142708,-0.9045280000000001,BEN,650699
19363136,19,7967,1995,,,-1.142708,-0.9045280000000001,BEN,650700
19369662,19,7968,1995,0.0,32822.0,-1.142708,-0.9045280000000001,BEN,660110
19376188,19,7969,1995,,,-1.142708,-0.9045280000000001,BEN,660191
19382714,19,7970,1995,0.0,20032.0,-1.142708,-0.9045280000000001,BEN,660199
19389240,19,7971,1995,,,-1.142708,-0.9045280000000001,BEN,660200
19395766,19,7972,1995,,,-1.142708,-0.9045280000000001,BEN,660310
19402292,19,7973,1995,,,-1.142708,-0.9045280000000001,BEN,660320
19408818,19,7974,1995,,,-1.142708,-0.9045280000000001,BEN,660390
19415344,19,7975,1995,,,-1.142708,-0.9045280000000001,BEN,670100
19421870,19,7976,1995,,,-1.142708,-0.9045280000000001,BEN,670210
19428396,19,7977,1995,0.0,9065.0,-1.142708,-0.9045280000000001,BEN,670290
19434922,19,7978,1995,,,-1.142708,-0.9045280000000001,BEN,670300
19441448,19,7979,1995,23349.0,0.0,-1.142708,-0.9045280000000001,BEN,670411
19447974,19,7980,1995,0.0,258583.0,-1.142708,-0.9045280000000001,BEN,670419
19454500,19,7981,1995,,,-1.142708,-0.9045280000000001,BEN,670420
19461026,19,7982,1995,2298.0,3203.0,-1.142708,-0.9045280000000001,BEN,670490
19467552,19,7983,1995,,,-1.142708,-0.9045280000000001,BEN,680100
19474078,19,7984,1995,,,-1.142708,-0.9045280000000001,BEN,680210
19480604,19,7985,1995,0.0,28034.0,-1.142708,-0.9045280000000001,BEN,680221
19487130,19,7986,1995,,,-1.142708,-0.9045280000000001,BEN,680222
19493656,19,7987,1995,0.0,45702.0,-1.142708,-0.9045280000000001,BEN,680223
19500182,19,7988,1995,,,-1.142708,-0.9045280000000001,BEN,680229
19506708,19,7989,1995,0.0,71105.0,-1.142708,-0.9045280000000001,BEN,680291
19513234,19,7990,1995,0.0,55055.0,-1.142708,-0.9045280000000001,BEN,680292
19519760,19,7991,1995,,,-1.142708,-0.9045280000000001,BEN,680293
19526286,19,7992,1995,0.0,31226.0,-1.142708,-0.9045280000000001,BEN,680299
19532812,19,7993,1995,,,-1.142708,-0.9045280000000001,BEN,680300
19539338,19,7994,1995,,,-1.142708,-0.9045280000000001,BEN,680410
19545864,19,7995,1995,0.0,1118.0,-1.142708,-0.9045280000000001,BEN,680421
19552390,19,7996,1995,0.0,72459.0,-1.142708,-0.9045280000000001,BEN,680422
19558916,19,7997,1995,,,-1.142708,-0.9045280000000001,BEN,680423
19565442,19,7998,1995,,,-1.142708,-0.9045280000000001,BEN,680430
19571968,19,7999,1995,0.0,3353.0,-1.142708,-0.9045280000000001,BEN,680510
19578494,19,8000,1995,0.0,36405.0,-1.142708,-0.9045280000000001,BEN,680520
19585020,19,8001,1995,0.0,17159.0,-1.142708,-0.9045280000000001,BEN,680530
19591546,19,8002,1995,0.0,14101.0,-1.142708,-0.9045280000000001,BEN,680610
19598072,19,8003,1995,0.0,50217.0,-1.142708,-0.9045280000000001,BEN,680620
19604598,19,8004,1995,0.0,27379.0,-1.142708,-0.9045280000000001,BEN,680690
19611124,19,8005,1995,4311.0,238289.0,-1.142708,-0.9045280000000001,BEN,680710
19617650,19,8006,1995,,,-1.142708,-0.9045280000000001,BEN,680790
19624176,19,8007,1995,0.0,57545.0,-1.142708,-0.9045280000000001,BEN,680800
19630702,19,8008,1995,0.0,7655.0,-1.142708,-0.9045280000000001,BEN,680911
19637228,19,8009,1995,0.0,5641.0,-1.142708,-0.9045280000000001,BEN,680919
19643754,19,8010,1995,0.0,8587.0,-1.142708,-0.9045280000000001,BEN,680990
19650280,19,8011,1995,0.0,63660.0,-1.142708,-0.9045280000000001,BEN,681011
19656806,19,8012,1995,0.0,16650.0,-1.142708,-0.9045280000000001,BEN,681019
19663332,19,8013,1995,,,-1.142708,-0.9045280000000001,BEN,681020
19669858,19,8014,1995,0.0,116015.0,-1.142708,-0.9045280000000001,BEN,681091
19676384,19,8015,1995,,,-1.142708,-0.9045280000000001,BEN,681099
19682910,19,8016,1995,0.0,155641.0,-1.142708,-0.9045280000000001,BEN,681110
19689436,19,8017,1995,0.0,78001.0,-1.142708,-0.9045280000000001,BEN,681120
19695962,19,8018,1995,,,-1.142708,-0.9045280000000001,BEN,681130
19702488,19,8019,1995,0.0,6648.0,-1.142708,-0.9045280000000001,BEN,681190
19709014,19,8020,1995,,,-1.142708,-0.9045280000000001,BEN,681210
19715540,19,8021,1995,,,-1.142708,-0.9045280000000001,BEN,681220
19722066,19,8022,1995,,,-1.142708,-0.9045280000000001,BEN,681230
19728592,19,8023,1995,,,-1.142708,-0.9045280000000001,BEN,681240
19735118,19,8024,1995,,,-1.142708,-0.9045280000000001,BEN,681250
19741644,19,8025,1995,,,-1.142708,-0.9045280000000001,BEN,681260
19748170,19,8026,1995,0.0,7655.0,-1.142708,-0.9045280000000001,BEN,681270
19754696,19,8027,1995,0.0,4028.0,-1.142708,-0.9045280000000001,BEN,681290
19761222,19,8028,1995,0.0,11179.0,-1.142708,-0.9045280000000001,BEN,681310
19767748,19,8029,1995,0.0,11684.0,-1.142708,-0.9045280000000001,BEN,681390
19774274,19,8030,1995,,,-1.142708,-0.9045280000000001,BEN,681410
19780800,19,8031,1995,,,-1.142708,-0.9045280000000001,BEN,681490
19787326,19,8032,1995,,,-1.142708,-0.9045280000000001,BEN,681510
19793852,19,8033,1995,,,-1.142708,-0.9045280000000001,BEN,681520
19800378,19,8034,1995,,,-1.142708,-0.9045280000000001,BEN,681591
19806904,19,8035,1995,,,-1.142708,-0.9045280000000001,BEN,681599
19813430,19,8036,1995,0.0,2296.0,-1.142708,-0.9045280000000001,BEN,690100
19819956,19,8037,1995,0.0,258200.0,-1.142708,-0.9045280000000001,BEN,690210
19826482,19,8038,1995,,,-1.142708,-0.9045280000000001,BEN,690220
19833008,19,8039,1995,0.0,10274.0,-1.142708,-0.9045280000000001,BEN,690290
19839534,19,8040,1995,0.0,1208.0,-1.142708,-0.9045280000000001,BEN,690310
19846060,19,8041,1995,,,-1.142708,-0.9045280000000001,BEN,690320
19852586,19,8042,1995,0.0,7655.0,-1.142708,-0.9045280000000001,BEN,690390
19859112,19,8043,1995,,,-1.142708,-0.9045280000000001,BEN,690410
19865638,19,8044,1995,,,-1.142708,-0.9045280000000001,BEN,690490
19872164,19,8045,1995,0.0,12289.0,-1.142708,-0.9045280000000001,BEN,690510
19878690,19,8046,1995,,,-1.142708,-0.9045280000000001,BEN,690590
19885216,19,8047,1995,,,-1.142708,-0.9045280000000001,BEN,690600
19891742,19,8048,1995,0.0,276346.0,-1.142708,-0.9045280000000001,BEN,690710
19898268,19,8049,1995,0.0,697840.0,-1.142708,-0.9045280000000001,BEN,690790
19904794,19,8050,1995,1037.0,136357.0,-1.142708,-0.9045280000000001,BEN,690810
19911320,19,8051,1995,1046.0,1752993.0,-1.142708,-0.9045280000000001,BEN,690890
19917846,19,8052,1995,,,-1.142708,-0.9045280000000001,BEN,690911
19924372,19,8053,1995,,,-1.142708,-0.9045280000000001,BEN,690919
19930898,19,8054,1995,,,-1.142708,-0.9045280000000001,BEN,690990
19937424,19,8055,1995,0.0,366754.0,-1.142708,-0.9045280000000001,BEN,691010
19943950,19,8056,1995,2697.0,160393.0,-1.142708,-0.9045280000000001,BEN,691090
19950476,19,8057,1995,0.0,105596.0,-1.142708,-0.9045280000000001,BEN,691110
19957002,19,8058,1995,0.0,11866.0,-1.142708,-0.9045280000000001,BEN,691190
19963528,19,8059,1995,12953.0,89527.0,-1.142708,-0.9045280000000001,BEN,691200
19970054,19,8060,1995,0.0,12147.0,-1.142708,-0.9045280000000001,BEN,691310
19976580,19,8061,1995,23602.0,16683.0,-1.142708,-0.9045280000000001,BEN,691390
19983106,19,8062,1995,,,-1.142708,-0.9045280000000001,BEN,691410
19989632,19,8063,1995,0.0,12213.0,-1.142708,-0.9045280000000001,BEN,691490
19996158,19,8064,1995,,,-1.142708,-0.9045280000000001,BEN,700100
20002684,19,8065,1995,,,-1.142708,-0.9045280000000001,BEN,700210
20009210,19,8066,1995,,,-1.142708,-0.9045280000000001,BEN,700220
20015736,19,8067,1995,,,-1.142708,-0.9045280000000001,BEN,700231
20022262,19,8068,1995,,,-1.142708,-0.9045280000000001,BEN,700232
20028788,19,8069,1995,,,-1.142708,-0.9045280000000001,BEN,700239
20035314,19,8070,1995,,,-1.142708,-0.9045280000000001,BEN,700311
20041840,19,8071,1995,0.0,19558.0,-1.142708,-0.9045280000000001,BEN,700319
20048366,19,8072,1995,,,-1.142708,-0.9045280000000001,BEN,700320
20054892,19,8073,1995,,,-1.142708,-0.9045280000000001,BEN,700330
20061418,19,8074,1995,,,-1.142708,-0.9045280000000001,BEN,700410
20067944,19,8075,1995,1509.0,4273.0,-1.142708,-0.9045280000000001,BEN,700490
20074470,19,8076,1995,0.0,20749.0,-1.142708,-0.9045280000000001,BEN,700510
20080996,19,8077,1995,0.0,30477.0,-1.142708,-0.9045280000000001,BEN,700521
20087522,19,8078,1995,0.0,59418.0,-1.142708,-0.9045280000000001,BEN,700529
20094048,19,8079,1995,,,-1.142708,-0.9045280000000001,BEN,700530
20100574,19,8080,1995,0.0,7310.0,-1.142708,-0.9045280000000001,BEN,700600
20107100,19,8081,1995,0.0,19686.0,-1.142708,-0.9045280000000001,BEN,700711
20113626,19,8082,1995,,,-1.142708,-0.9045280000000001,BEN,700719
20120152,19,8083,1995,0.0,200205.0,-1.142708,-0.9045280000000001,BEN,700721
20126678,19,8084,1995,0.0,12981.0,-1.142708,-0.9045280000000001,BEN,700729
20133204,19,8085,1995,0.0,12490.0,-1.142708,-0.9045280000000001,BEN,700800
20139730,19,8086,1995,,,-1.142708,-0.9045280000000001,BEN,700910
20146256,19,8087,1995,,,-1.142708,-0.9045280000000001,BEN,700991
20152782,19,8088,1995,0.0,7481.0,-1.142708,-0.9045280000000001,BEN,700992
20159308,19,8089,1995,0.0,16968.0,-1.142708,-0.9045280000000001,BEN,701010
20165834,19,8090,1995,0.0,203507.0,-1.142708,-0.9045280000000001,BEN,701090
20172360,19,8091,1995,5169.0,60664.0,-1.142708,-0.9045280000000001,BEN,701110
20178886,19,8092,1995,,,-1.142708,-0.9045280000000001,BEN,701120
20185412,19,8093,1995,,,-1.142708,-0.9045280000000001,BEN,701190
20191938,19,8094,1995,,,-1.142708,-0.9045280000000001,BEN,701200
20198464,19,8095,1995,0.0,13354.0,-1.142708,-0.9045280000000001,BEN,701310
20204990,19,8096,1995,0.0,6502.0,-1.142708,-0.9045280000000001,BEN,701321
20211516,19,8097,1995,0.0,413113.0,-1.142708,-0.9045280000000001,BEN,701329
20218042,19,8098,1995,0.0,4029.0,-1.142708,-0.9045280000000001,BEN,701331
20224568,19,8099,1995,0.0,4431.0,-1.142708,-0.9045280000000001,BEN,701332
20231094,19,8100,1995,0.0,469111.0,-1.142708,-0.9045280000000001,BEN,701339
20237620,19,8101,1995,,,-1.142708,-0.9045280000000001,BEN,701391
20244146,19,8102,1995,0.0,39091.0,-1.142708,-0.9045280000000001,BEN,701399
20250672,19,8103,1995,,,-1.142708,-0.9045280000000001,BEN,701400
20257198,19,8104,1995,,,-1.142708,-0.9045280000000001,BEN,701510
20263724,19,8105,1995,,,-1.142708,-0.9045280000000001,BEN,701590
20270250,19,8106,1995,0.0,14078.0,-1.142708,-0.9045280000000001,BEN,701610
20276776,19,8107,1995,0.0,68721.0,-1.142708,-0.9045280000000001,BEN,701690
20283302,19,8108,1995,,,-1.142708,-0.9045280000000001,BEN,701710
20289828,19,8109,1995,0.0,23425.0,-1.142708,-0.9045280000000001,BEN,701720
20296354,19,8110,1995,0.0,80081.0,-1.142708,-0.9045280000000001,BEN,701790
20302880,19,8111,1995,0.0,26221.0,-1.142708,-0.9045280000000001,BEN,701810
20309406,19,8112,1995,0.0,3021.0,-1.142708,-0.9045280000000001,BEN,701820
20315932,19,8113,1995,,,-1.142708,-0.9045280000000001,BEN,701890
20322458,19,8114,1995,,,-1.142708,-0.9045280000000001,BEN,701910
20328984,19,8115,1995,0.0,2722.0,-1.142708,-0.9045280000000001,BEN,701920
20335510,19,8116,1995,,,-1.142708,-0.9045280000000001,BEN,701931
20342036,19,8117,1995,,,-1.142708,-0.9045280000000001,BEN,701932
20348562,19,8118,1995,0.0,2216.0,-1.142708,-0.9045280000000001,BEN,701939
20355088,19,8119,1995,0.0,52379.0,-1.142708,-0.9045280000000001,BEN,701990
20361614,19,8120,1995,0.0,1813.0,-1.142708,-0.9045280000000001,BEN,702000
20368140,19,8121,1995,,,-1.142708,-0.9045280000000001,BEN,710110
20374666,19,8122,1995,,,-1.142708,-0.9045280000000001,BEN,710121
20381192,19,8123,1995,,,-1.142708,-0.9045280000000001,BEN,710122
20387718,19,8124,1995,,,-1.142708,-0.9045280000000001,BEN,710210
20394244,19,8125,1995,,,-1.142708,-0.9045280000000001,BEN,710221
20400770,19,8126,1995,,,-1.142708,-0.9045280000000001,BEN,710229
20407296,19,8127,1995,3013992.0,0.0,-1.142708,-0.9045280000000001,BEN,710231
20413822,19,8128,1995,,,-1.142708,-0.9045280000000001,BEN,710239
20420348,19,8129,1995,,,-1.142708,-0.9045280000000001,BEN,710310
20426874,19,8130,1995,,,-1.142708,-0.9045280000000001,BEN,710391
20433400,19,8131,1995,,,-1.142708,-0.9045280000000001,BEN,710399
20439926,19,8132,1995,,,-1.142708,-0.9045280000000001,BEN,710410
20446452,19,8133,1995,,,-1.142708,-0.9045280000000001,BEN,710420
20452978,19,8134,1995,,,-1.142708,-0.9045280000000001,BEN,710490
20459504,19,8135,1995,,,-1.142708,-0.9045280000000001,BEN,710510
20466030,19,8136,1995,,,-1.142708,-0.9045280000000001,BEN,710590
20472556,19,8137,1995,,,-1.142708,-0.9045280000000001,BEN,710610
20479082,19,8138,1995,,,-1.142708,-0.9045280000000001,BEN,710691
20485608,19,8139,1995,,,-1.142708,-0.9045280000000001,BEN,710692
20492134,19,8140,1995,,,-1.142708,-0.9045280000000001,BEN,710700
20498660,19,8141,1995,,,-1.142708,-0.9045280000000001,BEN,710811
20505186,19,8142,1995,,,-1.142708,-0.9045280000000001,BEN,710812
20511712,19,8143,1995,,,-1.142708,-0.9045280000000001,BEN,710813
20518238,19,8144,1995,,,-1.142708,-0.9045280000000001,BEN,710900
20524764,19,8145,1995,,,-1.142708,-0.9045280000000001,BEN,711011
20531290,19,8146,1995,,,-1.142708,-0.9045280000000001,BEN,711019
20537816,19,8147,1995,,,-1.142708,-0.9045280000000001,BEN,711021
20544342,19,8148,1995,,,-1.142708,-0.9045280000000001,BEN,711029
20550868,19,8149,1995,,,-1.142708,-0.9045280000000001,BEN,711031
20557394,19,8150,1995,,,-1.142708,-0.9045280000000001,BEN,711039
20563920,19,8151,1995,,,-1.142708,-0.9045280000000001,BEN,711041
20570446,19,8152,1995,,,-1.142708,-0.9045280000000001,BEN,711049
20576972,19,8153,1995,,,-1.142708,-0.9045280000000001,BEN,711100
20583498,19,8154,1995,,,-1.142708,-0.9045280000000001,BEN,711210
20590024,19,8155,1995,,,-1.142708,-0.9045280000000001,BEN,711220
20596550,19,8156,1995,,,-1.142708,-0.9045280000000001,BEN,711290
20603076,19,8157,1995,0.0,41357.0,-1.142708,-0.9045280000000001,BEN,711311
20609602,19,8158,1995,0.0,804232.0,-1.142708,-0.9045280000000001,BEN,711319
20616128,19,8159,1995,0.0,13737293.0,-1.142708,-0.9045280000000001,BEN,711320
20622654,19,8160,1995,,,-1.142708,-0.9045280000000001,BEN,711411
20629180,19,8161,1995,,,-1.142708,-0.9045280000000001,BEN,711419
20635706,19,8162,1995,,,-1.142708,-0.9045280000000001,BEN,711420
20642232,19,8163,1995,,,-1.142708,-0.9045280000000001,BEN,711510
20648758,19,8164,1995,0.0,1006.0,-1.142708,-0.9045280000000001,BEN,711590
20655284,19,8165,1995,,,-1.142708,-0.9045280000000001,BEN,711610
20661810,19,8166,1995,0.0,247410.0,-1.142708,-0.9045280000000001,BEN,711620
20668336,19,8167,1995,,,-1.142708,-0.9045280000000001,BEN,711711
20674862,19,8168,1995,0.0,584150.0,-1.142708,-0.9045280000000001,BEN,711719
20681388,19,8169,1995,2042.0,110272.0,-1.142708,-0.9045280000000001,BEN,711790
20687914,19,8170,1995,,,-1.142708,-0.9045280000000001,BEN,711810
20694440,19,8171,1995,,,-1.142708,-0.9045280000000001,BEN,720110
20700966,19,8172,1995,,,-1.142708,-0.9045280000000001,BEN,720120
20707492,19,8173,1995,,,-1.142708,-0.9045280000000001,BEN,720130
20714018,19,8174,1995,,,-1.142708,-0.9045280000000001,BEN,720140
20720544,19,8175,1995,,,-1.142708,-0.9045280000000001,BEN,720211
20727070,19,8176,1995,,,-1.142708,-0.9045280000000001,BEN,720219
20733596,19,8177,1995,,,-1.142708,-0.9045280000000001,BEN,720221
20740122,19,8178,1995,,,-1.142708,-0.9045280000000001,BEN,720229
20746648,19,8179,1995,,,-1.142708,-0.9045280000000001,BEN,720230
20753174,19,8180,1995,,,-1.142708,-0.9045280000000001,BEN,720241
20759700,19,8181,1995,,,-1.142708,-0.9045280000000001,BEN,720249
20766226,19,8182,1995,,,-1.142708,-0.9045280000000001,BEN,720250
20772752,19,8183,1995,,,-1.142708,-0.9045280000000001,BEN,720260
20779278,19,8184,1995,,,-1.142708,-0.9045280000000001,BEN,720270
20785804,19,8185,1995,,,-1.142708,-0.9045280000000001,BEN,720280
20792330,19,8186,1995,,,-1.142708,-0.9045280000000001,BEN,720291
20798856,19,8187,1995,,,-1.142708,-0.9045280000000001,BEN,720292
20805382,19,8188,1995,,,-1.142708,-0.9045280000000001,BEN,720293
20811908,19,8189,1995,,,-1.142708,-0.9045280000000001,BEN,720299
20818434,19,8190,1995,,,-1.142708,-0.9045280000000001,BEN,720310
20824960,19,8191,1995,,,-1.142708,-0.9045280000000001,BEN,720390
20831486,19,8192,1995,,,-1.142708,-0.9045280000000001,BEN,720410
20838012,19,8193,1995,11484.0,0.0,-1.142708,-0.9045280000000001,BEN,720421
20844538,19,8194,1995,0.0,1000.0,-1.142708,-0.9045280000000001,BEN,720429
20851064,19,8195,1995,,,-1.142708,-0.9045280000000001,BEN,720430
20857590,19,8196,1995,,,-1.142708,-0.9045280000000001,BEN,720441
20864116,19,8197,1995,,,-1.142708,-0.9045280000000001,BEN,720449
20870642,19,8198,1995,,,-1.142708,-0.9045280000000001,BEN,720450
20877168,19,8199,1995,,,-1.142708,-0.9045280000000001,BEN,720510
20883694,19,8200,1995,,,-1.142708,-0.9045280000000001,BEN,720521
20890220,19,8201,1995,,,-1.142708,-0.9045280000000001,BEN,720529
20896746,19,8202,1995,,,-1.142708,-0.9045280000000001,BEN,720610
20903272,19,8203,1995,,,-1.142708,-0.9045280000000001,BEN,720690
20909798,19,8204,1995,,,-1.142708,-0.9045280000000001,BEN,720711
20916324,19,8205,1995,,,-1.142708,-0.9045280000000001,BEN,720712
20922850,19,8206,1995,,,-1.142708,-0.9045280000000001,BEN,720719
20929376,19,8207,1995,0.0,1957.0,-1.142708,-0.9045280000000001,BEN,720720
20935902,19,8208,1995,,,-1.142708,-0.9045280000000001,BEN,720811
20942428,19,8209,1995,,,-1.142708,-0.9045280000000001,BEN,720812
20948954,19,8210,1995,,,-1.142708,-0.9045280000000001,BEN,720813
20955480,19,8211,1995,0.0,51056.0,-1.142708,-0.9045280000000001,BEN,720814
20962006,19,8212,1995,,,-1.142708,-0.9045280000000001,BEN,720821
20968532,19,8213,1995,,,-1.142708,-0.9045280000000001,BEN,720822
20975058,19,8214,1995,,,-1.142708,-0.9045280000000001,BEN,720823
20981584,19,8215,1995,,,-1.142708,-0.9045280000000001,BEN,720824
20988110,19,8216,1995,,,-1.142708,-0.9045280000000001,BEN,720831
20994636,19,8217,1995,0.0,65538.0,-1.142708,-0.9045280000000001,BEN,720832
21001162,19,8218,1995,,,-1.142708,-0.9045280000000001,BEN,720833
21007688,19,8219,1995,,,-1.142708,-0.9045280000000001,BEN,720834
21014214,19,8220,1995,0.0,42026.0,-1.142708,-0.9045280000000001,BEN,720835
21020740,19,8221,1995,,,-1.142708,-0.9045280000000001,BEN,720841
21027266,19,8222,1995,0.0,19789.0,-1.142708,-0.9045280000000001,BEN,720842
21033792,19,8223,1995,0.0,28557.0,-1.142708,-0.9045280000000001,BEN,720843
21040318,19,8224,1995,,,-1.142708,-0.9045280000000001,BEN,720844
21046844,19,8225,1995,0.0,13997.0,-1.142708,-0.9045280000000001,BEN,720845
21053370,19,8226,1995,0.0,3223.0,-1.142708,-0.9045280000000001,BEN,720890
21059896,19,8227,1995,,,-1.142708,-0.9045280000000001,BEN,720911
21066422,19,8228,1995,,,-1.142708,-0.9045280000000001,BEN,720912
21072948,19,8229,1995,,,-1.142708,-0.9045280000000001,BEN,720913
21079474,19,8230,1995,,,-1.142708,-0.9045280000000001,BEN,720914
21086000,19,8231,1995,,,-1.142708,-0.9045280000000001,BEN,720921
21092526,19,8232,1995,,,-1.142708,-0.9045280000000001,BEN,720922
21099052,19,8233,1995,,,-1.142708,-0.9045280000000001,BEN,720923
21105578,19,8234,1995,4085.0,54898.0,-1.142708,-0.9045280000000001,BEN,720924
21112104,19,8235,1995,,,-1.142708,-0.9045280000000001,BEN,720931
21118630,19,8236,1995,0.0,12738.0,-1.142708,-0.9045280000000001,BEN,720932
21125156,19,8237,1995,0.0,47950.0,-1.142708,-0.9045280000000001,BEN,720933
21131682,19,8238,1995,,,-1.142708,-0.9045280000000001,BEN,720934
21138208,19,8239,1995,,,-1.142708,-0.9045280000000001,BEN,720941
21144734,19,8240,1995,0.0,47862.0,-1.142708,-0.9045280000000001,BEN,720942
21151260,19,8241,1995,0.0,56582.0,-1.142708,-0.9045280000000001,BEN,720943
21157786,19,8242,1995,,,-1.142708,-0.9045280000000001,BEN,720944
21164312,19,8243,1995,0.0,860379.0,-1.142708,-0.9045280000000001,BEN,720990
21170838,19,8244,1995,,,-1.142708,-0.9045280000000001,BEN,721011
21177364,19,8245,1995,0.0,20199.0,-1.142708,-0.9045280000000001,BEN,721012
21183890,19,8246,1995,,,-1.142708,-0.9045280000000001,BEN,721020
21190416,19,8247,1995,,,-1.142708,-0.9045280000000001,BEN,721031
21196942,19,8248,1995,,,-1.142708,-0.9045280000000001,BEN,721039
21203468,19,8249,1995,0.0,525887.0,-1.142708,-0.9045280000000001,BEN,721041
21209994,19,8250,1995,0.0,2329310.0,-1.142708,-0.9045280000000001,BEN,721049
21216520,19,8251,1995,,,-1.142708,-0.9045280000000001,BEN,721050
21223046,19,8252,1995,0.0,80189.0,-1.142708,-0.9045280000000001,BEN,721060
21229572,19,8253,1995,,,-1.142708,-0.9045280000000001,BEN,721070
21236098,19,8254,1995,,,-1.142708,-0.9045280000000001,BEN,721090
21242624,19,8255,1995,,,-1.142708,-0.9045280000000001,BEN,721111
21249150,19,8256,1995,,,-1.142708,-0.9045280000000001,BEN,721112
21255676,19,8257,1995,,,-1.142708,-0.9045280000000001,BEN,721119
21262202,19,8258,1995,,,-1.142708,-0.9045280000000001,BEN,721121
21268728,19,8259,1995,0.0,13544.0,-1.142708,-0.9045280000000001,BEN,721122
21275254,19,8260,1995,0.0,12469.0,-1.142708,-0.9045280000000001,BEN,721129
21281780,19,8261,1995,,,-1.142708,-0.9045280000000001,BEN,721130
21288306,19,8262,1995,,,-1.142708,-0.9045280000000001,BEN,721141
21294832,19,8263,1995,,,-1.142708,-0.9045280000000001,BEN,721149
21301358,19,8264,1995,0.0,38003.0,-1.142708,-0.9045280000000001,BEN,721190
21307884,19,8265,1995,,,-1.142708,-0.9045280000000001,BEN,721210
21314410,19,8266,1995,,,-1.142708,-0.9045280000000001,BEN,721221
21320936,19,8267,1995,0.0,1529.0,-1.142708,-0.9045280000000001,BEN,721229
21327462,19,8268,1995,,,-1.142708,-0.9045280000000001,BEN,721230
21333988,19,8269,1995,,,-1.142708,-0.9045280000000001,BEN,721240
21340514,19,8270,1995,,,-1.142708,-0.9045280000000001,BEN,721250
21347040,19,8271,1995,,,-1.142708,-0.9045280000000001,BEN,721260
21353566,19,8272,1995,,,-1.142708,-0.9045280000000001,BEN,721310
21360092,19,8273,1995,0.0,1590.0,-1.142708,-0.9045280000000001,BEN,721320
21366618,19,8274,1995,,,-1.142708,-0.9045280000000001,BEN,721331
21373144,19,8275,1995,,,-1.142708,-0.9045280000000001,BEN,721339
21379670,19,8276,1995,,,-1.142708,-0.9045280000000001,BEN,721341
21386196,19,8277,1995,,,-1.142708,-0.9045280000000001,BEN,721349
21392722,19,8278,1995,,,-1.142708,-0.9045280000000001,BEN,721350
21399248,19,8279,1995,,,-1.142708,-0.9045280000000001,BEN,721410
21405774,19,8280,1995,39573.0,5982973.0,-1.142708,-0.9045280000000001,BEN,721420
21412300,19,8281,1995,0.0,88661.0,-1.142708,-0.9045280000000001,BEN,721430
21418826,19,8282,1995,0.0,143348.0,-1.142708,-0.9045280000000001,BEN,721440
21425352,19,8283,1995,0.0,7267.0,-1.142708,-0.9045280000000001,BEN,721450
21431878,19,8284,1995,0.0,3021.0,-1.142708,-0.9045280000000001,BEN,721460
21438404,19,8285,1995,,,-1.142708,-0.9045280000000001,BEN,721510
21444930,19,8286,1995,0.0,6680.0,-1.142708,-0.9045280000000001,BEN,721520
21451456,19,8287,1995,,,-1.142708,-0.9045280000000001,BEN,721530
21457982,19,8288,1995,,,-1.142708,-0.9045280000000001,BEN,721540
21464508,19,8289,1995,0.0,205220.0,-1.142708,-0.9045280000000001,BEN,721590
21471034,19,8290,1995,0.0,39984.0,-1.142708,-0.9045280000000001,BEN,721610
21477560,19,8291,1995,0.0,147942.0,-1.142708,-0.9045280000000001,BEN,721621
21484086,19,8292,1995,0.0,28588.0,-1.142708,-0.9045280000000001,BEN,721622
21490612,19,8293,1995,0.0,32757.0,-1.142708,-0.9045280000000001,BEN,721631
21497138,19,8294,1995,0.0,9882.0,-1.142708,-0.9045280000000001,BEN,721632
21503664,19,8295,1995,0.0,10018.0,-1.142708,-0.9045280000000001,BEN,721633
21510190,19,8296,1995,0.0,2030.0,-1.142708,-0.9045280000000001,BEN,721640
21516716,19,8297,1995,0.0,33339.0,-1.142708,-0.9045280000000001,BEN,721650
21523242,19,8298,1995,0.0,22608.0,-1.142708,-0.9045280000000001,BEN,721660
21529768,19,8299,1995,,,-1.142708,-0.9045280000000001,BEN,721690
21536294,19,8300,1995,0.0,110492.0,-1.142708,-0.9045280000000001,BEN,721711
21542820,19,8301,1995,0.0,290100.0,-1.142708,-0.9045280000000001,BEN,721712
21549346,19,8302,1995,,,-1.142708,-0.9045280000000001,BEN,721713
21555872,19,8303,1995,0.0,280568.0,-1.142708,-0.9045280000000001,BEN,721719
21562398,19,8304,1995,,,-1.142708,-0.9045280000000001,BEN,721721
21568924,19,8305,1995,,,-1.142708,-0.9045280000000001,BEN,721722
21575450,19,8306,1995,,,-1.142708,-0.9045280000000001,BEN,721723
21581976,19,8307,1995,0.0,9621.0,-1.142708,-0.9045280000000001,BEN,721729
21588502,19,8308,1995,,,-1.142708,-0.9045280000000001,BEN,721731
21595028,19,8309,1995,,,-1.142708,-0.9045280000000001,BEN,721732
21601554,19,8310,1995,,,-1.142708,-0.9045280000000001,BEN,721733
21608080,19,8311,1995,0.0,1758.0,-1.142708,-0.9045280000000001,BEN,721739
21614606,19,8312,1995,,,-1.142708,-0.9045280000000001,BEN,721810
21621132,19,8313,1995,,,-1.142708,-0.9045280000000001,BEN,721890
21627658,19,8314,1995,,,-1.142708,-0.9045280000000001,BEN,721911
21634184,19,8315,1995,,,-1.142708,-0.9045280000000001,BEN,721912
21640710,19,8316,1995,,,-1.142708,-0.9045280000000001,BEN,721913
21647236,19,8317,1995,,,-1.142708,-0.9045280000000001,BEN,721914
21653762,19,8318,1995,,,-1.142708,-0.9045280000000001,BEN,721921
21660288,19,8319,1995,,,-1.142708,-0.9045280000000001,BEN,721922
21666814,19,8320,1995,,,-1.142708,-0.9045280000000001,BEN,721923
21673340,19,8321,1995,,,-1.142708,-0.9045280000000001,BEN,721924
21679866,19,8322,1995,,,-1.142708,-0.9045280000000001,BEN,721931
21686392,19,8323,1995,,,-1.142708,-0.9045280000000001,BEN,721932
21692918,19,8324,1995,,,-1.142708,-0.9045280000000001,BEN,721933
21699444,19,8325,1995,,,-1.142708,-0.9045280000000001,BEN,721934
21705970,19,8326,1995,,,-1.142708,-0.9045280000000001,BEN,721935
21712496,19,8327,1995,0.0,13699.0,-1.142708,-0.9045280000000001,BEN,721990
21719022,19,8328,1995,,,-1.142708,-0.9045280000000001,BEN,722011
21725548,19,8329,1995,,,-1.142708,-0.9045280000000001,BEN,722012
21732074,19,8330,1995,,,-1.142708,-0.9045280000000001,BEN,722020
21738600,19,8331,1995,0.0,3626.0,-1.142708,-0.9045280000000001,BEN,722090
21745126,19,8332,1995,,,-1.142708,-0.9045280000000001,BEN,722100
21751652,19,8333,1995,,,-1.142708,-0.9045280000000001,BEN,722210
21758178,19,8334,1995,,,-1.142708,-0.9045280000000001,BEN,722220
21764704,19,8335,1995,0.0,1406.0,-1.142708,-0.9045280000000001,BEN,722230
21771230,19,8336,1995,,,-1.142708,-0.9045280000000001,BEN,722240
21777756,19,8337,1995,0.0,22048.0,-1.142708,-0.9045280000000001,BEN,722300
21784282,19,8338,1995,,,-1.142708,-0.9045280000000001,BEN,722410
21790808,19,8339,1995,,,-1.142708,-0.9045280000000001,BEN,722490
21797334,19,8340,1995,,,-1.142708,-0.9045280000000001,BEN,722510
21803860,19,8341,1995,,,-1.142708,-0.9045280000000001,BEN,722520
21810386,19,8342,1995,0.0,7998.0,-1.142708,-0.9045280000000001,BEN,722530
21816912,19,8343,1995,0.0,14197.0,-1.142708,-0.9045280000000001,BEN,722540
21823438,19,8344,1995,,,-1.142708,-0.9045280000000001,BEN,722550
21829964,19,8345,1995,,,-1.142708,-0.9045280000000001,BEN,722590
21836490,19,8346,1995,,,-1.142708,-0.9045280000000001,BEN,722610
21843016,19,8347,1995,,,-1.142708,-0.9045280000000001,BEN,722620
21849542,19,8348,1995,,,-1.142708,-0.9045280000000001,BEN,722691
21856068,19,8349,1995,,,-1.142708,-0.9045280000000001,BEN,722692
21862594,19,8350,1995,0.0,15512.0,-1.142708,-0.9045280000000001,BEN,722699
21869120,19,8351,1995,,,-1.142708,-0.9045280000000001,BEN,722710
21875646,19,8352,1995,,,-1.142708,-0.9045280000000001,BEN,722720
21882172,19,8353,1995,,,-1.142708,-0.9045280000000001,BEN,722790
21888698,19,8354,1995,,,-1.142708,-0.9045280000000001,BEN,722810
21895224,19,8355,1995,,,-1.142708,-0.9045280000000001,BEN,722820
21901750,19,8356,1995,,,-1.142708,-0.9045280000000001,BEN,722830
21908276,19,8357,1995,0.0,1223.0,-1.142708,-0.9045280000000001,BEN,722840
21914802,19,8358,1995,,,-1.142708,-0.9045280000000001,BEN,722850
21921328,19,8359,1995,,,-1.142708,-0.9045280000000001,BEN,722860
21927854,19,8360,1995,0.0,36262.0,-1.142708,-0.9045280000000001,BEN,722870
21934380,19,8361,1995,,,-1.142708,-0.9045280000000001,BEN,722880
21940906,19,8362,1995,,,-1.142708,-0.9045280000000001,BEN,722910
21947432,19,8363,1995,,,-1.142708,-0.9045280000000001,BEN,722920
21953958,19,8364,1995,0.0,3424.0,-1.142708,-0.9045280000000001,BEN,722990
21960484,19,8365,1995,,,-1.142708,-0.9045280000000001,BEN,730110
21967010,19,8366,1995,0.0,19175.0,-1.142708,-0.9045280000000001,BEN,730120
21973536,19,8367,1995,,,-1.142708,-0.9045280000000001,BEN,730210
21980062,19,8368,1995,,,-1.142708,-0.9045280000000001,BEN,730220
21986588,19,8369,1995,,,-1.142708,-0.9045280000000001,BEN,730230
21993114,19,8370,1995,,,-1.142708,-0.9045280000000001,BEN,730240
21999640,19,8371,1995,,,-1.142708,-0.9045280000000001,BEN,730290
22006166,19,8372,1995,0.0,28607.0,-1.142708,-0.9045280000000001,BEN,730300
22012692,19,8373,1995,0.0,12289.0,-1.142708,-0.9045280000000001,BEN,730410
22019218,19,8374,1995,0.0,106041.0,-1.142708,-0.9045280000000001,BEN,730420
22025744,19,8375,1995,0.0,22007.0,-1.142708,-0.9045280000000001,BEN,730431
22032270,19,8376,1995,,,-1.142708,-0.9045280000000001,BEN,730439
22038796,19,8377,1995,,,-1.142708,-0.9045280000000001,BEN,730441
22045322,19,8378,1995,,,-1.142708,-0.9045280000000001,BEN,730449
22051848,19,8379,1995,,,-1.142708,-0.9045280000000001,BEN,730451
22058374,19,8380,1995,,,-1.142708,-0.9045280000000001,BEN,730459
22064900,19,8381,1995,0.0,5439.0,-1.142708,-0.9045280000000001,BEN,730490
22071426,19,8382,1995,,,-1.142708,-0.9045280000000001,BEN,730511
22077952,19,8383,1995,,,-1.142708,-0.9045280000000001,BEN,730512
22084478,19,8384,1995,,,-1.142708,-0.9045280000000001,BEN,730519
22091004,19,8385,1995,,,-1.142708,-0.9045280000000001,BEN,730520
22097530,19,8386,1995,,,-1.142708,-0.9045280000000001,BEN,730531
22104056,19,8387,1995,,,-1.142708,-0.9045280000000001,BEN,730539
22110582,19,8388,1995,0.0,892145.0,-1.142708,-0.9045280000000001,BEN,730590
22117108,19,8389,1995,0.0,240742.0,-1.142708,-0.9045280000000001,BEN,730610
22123634,19,8390,1995,,,-1.142708,-0.9045280000000001,BEN,730620
22130160,19,8391,1995,0.0,81482.0,-1.142708,-0.9045280000000001,BEN,730630
22136686,19,8392,1995,0.0,46219.0,-1.142708,-0.9045280000000001,BEN,730640
22143212,19,8393,1995,0.0,1006.0,-1.142708,-0.9045280000000001,BEN,730650
22149738,19,8394,1995,0.0,523638.0,-1.142708,-0.9045280000000001,BEN,730660
22156264,19,8395,1995,0.0,155930.0,-1.142708,-0.9045280000000001,BEN,730690
22162790,19,8396,1995,0.0,344059.0,-1.142708,-0.9045280000000001,BEN,730711
22169316,19,8397,1995,0.0,12295.0,-1.142708,-0.9045280000000001,BEN,730719
22175842,19,8398,1995,,,-1.142708,-0.9045280000000001,BEN,730721
22182368,19,8399,1995,,,-1.142708,-0.9045280000000001,BEN,730722
22188894,19,8400,1995,0.0,2236.0,-1.142708,-0.9045280000000001,BEN,730723
22195420,19,8401,1995,0.0,5197.0,-1.142708,-0.9045280000000001,BEN,730729
22201946,19,8402,1995,0.0,2474.0,-1.142708,-0.9045280000000001,BEN,730791
22208472,19,8403,1995,0.0,5866.0,-1.142708,-0.9045280000000001,BEN,730792
22214998,19,8404,1995,0.0,5841.0,-1.142708,-0.9045280000000001,BEN,730793
22221524,19,8405,1995,0.0,60230.0,-1.142708,-0.9045280000000001,BEN,730799
22228050,19,8406,1995,0.0,168016.0,-1.142708,-0.9045280000000001,BEN,730810
22234576,19,8407,1995,0.0,1076794.0,-1.142708,-0.9045280000000001,BEN,730820
22241102,19,8408,1995,0.0,154314.0,-1.142708,-0.9045280000000001,BEN,730830
22247628,19,8409,1995,0.0,121062.0,-1.142708,-0.9045280000000001,BEN,730840
22254154,19,8410,1995,1089.0,6485706.0,-1.142708,-0.9045280000000001,BEN,730890
22260680,19,8411,1995,0.0,240943.0,-1.142708,-0.9045280000000001,BEN,730900
22267206,19,8412,1995,0.0,14227.0,-1.142708,-0.9045280000000001,BEN,731010
22273732,19,8413,1995,0.0,94458.0,-1.142708,-0.9045280000000001,BEN,731021
22280258,19,8414,1995,0.0,261517.0,-1.142708,-0.9045280000000001,BEN,731029
22286784,19,8415,1995,0.0,7051.0,-1.142708,-0.9045280000000001,BEN,731100
22293310,19,8416,1995,0.0,106598.0,-1.142708,-0.9045280000000001,BEN,731210
22299836,19,8417,1995,0.0,1611.0,-1.142708,-0.9045280000000001,BEN,731290
22306362,19,8418,1995,0.0,43077.0,-1.142708,-0.9045280000000001,BEN,731300
22312888,19,8419,1995,0.0,30207.0,-1.142708,-0.9045280000000001,BEN,731411
22319414,19,8420,1995,0.0,1118.0,-1.142708,-0.9045280000000001,BEN,731419
22325940,19,8421,1995,0.0,2013.0,-1.142708,-0.9045280000000001,BEN,731420
22332466,19,8422,1995,0.0,26391.0,-1.142708,-0.9045280000000001,BEN,731430
22338992,19,8423,1995,,,-1.142708,-0.9045280000000001,BEN,731441
22345518,19,8424,1995,0.0,28014.0,-1.142708,-0.9045280000000001,BEN,731442
22352044,19,8425,1995,0.0,53305.0,-1.142708,-0.9045280000000001,BEN,731449
22358570,19,8426,1995,0.0,2040658.0,-1.142708,-0.9045280000000001,BEN,731450
22365096,19,8427,1995,0.0,110222.0,-1.142708,-0.9045280000000001,BEN,731511
22371622,19,8428,1995,,,-1.142708,-0.9045280000000001,BEN,731512
22378148,19,8429,1995,0.0,20169.0,-1.142708,-0.9045280000000001,BEN,731519
22384674,19,8430,1995,,,-1.142708,-0.9045280000000001,BEN,731520
22391200,19,8431,1995,,,-1.142708,-0.9045280000000001,BEN,731581
22397726,19,8432,1995,0.0,4763.0,-1.142708,-0.9045280000000001,BEN,731582
22404252,19,8433,1995,0.0,14303.0,-1.142708,-0.9045280000000001,BEN,731589
22410778,19,8434,1995,,,-1.142708,-0.9045280000000001,BEN,731590
22417304,19,8435,1995,,,-1.142708,-0.9045280000000001,BEN,731600
22423830,19,8436,1995,0.0,592341.0,-1.142708,-0.9045280000000001,BEN,731700
22430356,19,8437,1995,0.0,28607.0,-1.142708,-0.9045280000000001,BEN,731811
22436882,19,8438,1995,0.0,7051.0,-1.142708,-0.9045280000000001,BEN,731812
22443408,19,8439,1995,,,-1.142708,-0.9045280000000001,BEN,731813
22449934,19,8440,1995,0.0,37942.0,-1.142708,-0.9045280000000001,BEN,731814
22456460,19,8441,1995,0.0,306222.0,-1.142708,-0.9045280000000001,BEN,731815
22462986,19,8442,1995,,,-1.142708,-0.9045280000000001,BEN,731816
22469512,19,8443,1995,0.0,52463.0,-1.142708,-0.9045280000000001,BEN,731819
22476038,19,8444,1995,,,-1.142708,-0.9045280000000001,BEN,731821
22482564,19,8445,1995,,,-1.142708,-0.9045280000000001,BEN,731822
22489090,19,8446,1995,0.0,1410.0,-1.142708,-0.9045280000000001,BEN,731823
22495616,19,8447,1995,0.0,2236.0,-1.142708,-0.9045280000000001,BEN,731824
22502142,19,8448,1995,0.0,43514.0,-1.142708,-0.9045280000000001,BEN,731829
22508668,19,8449,1995,,,-1.142708,-0.9045280000000001,BEN,731910
22515194,19,8450,1995,,,-1.142708,-0.9045280000000001,BEN,731920
22521720,19,8451,1995,,,-1.142708,-0.9045280000000001,BEN,731930
22528246,19,8452,1995,,,-1.142708,-0.9045280000000001,BEN,731990
22534772,19,8453,1995,,,-1.142708,-0.9045280000000001,BEN,732010
22541298,19,8454,1995,,,-1.142708,-0.9045280000000001,BEN,732020
22547824,19,8455,1995,0.0,5238.0,-1.142708,-0.9045280000000001,BEN,732090
22554350,19,8456,1995,1086.0,164407.0,-1.142708,-0.9045280000000001,BEN,732111
22560876,19,8457,1995,0.0,6315.0,-1.142708,-0.9045280000000001,BEN,732112
22567402,19,8458,1995,0.0,7875.0,-1.142708,-0.9045280000000001,BEN,732113
22573928,19,8459,1995,,,-1.142708,-0.9045280000000001,BEN,732181
22580454,19,8460,1995,,,-1.142708,-0.9045280000000001,BEN,732182
22586980,19,8461,1995,,,-1.142708,-0.9045280000000001,BEN,732183
22593506,19,8462,1995,,,-1.142708,-0.9045280000000001,BEN,732190
22600032,19,8463,1995,,,-1.142708,-0.9045280000000001,BEN,732211
22606558,19,8464,1995,0.0,11079.0,-1.142708,-0.9045280000000001,BEN,732219
22613084,19,8465,1995,0.0,4903.0,-1.142708,-0.9045280000000001,BEN,732290
22619610,19,8466,1995,0.0,11131.0,-1.142708,-0.9045280000000001,BEN,732310
22626136,19,8467,1995,,,-1.142708,-0.9045280000000001,BEN,732391
22632662,19,8468,1995,0.0,173358.0,-1.142708,-0.9045280000000001,BEN,732392
22639188,19,8469,1995,1532.0,204265.0,-1.142708,-0.9045280000000001,BEN,732393
22645714,19,8470,1995,2014.0,2058824.0,-1.142708,-0.9045280000000001,BEN,732394
22652240,19,8471,1995,1210.0,181464.0,-1.142708,-0.9045280000000001,BEN,732399
22658766,19,8472,1995,,,-1.142708,-0.9045280000000001,BEN,732410
22665292,19,8473,1995,0.0,35743.0,-1.142708,-0.9045280000000001,BEN,732421
22671818,19,8474,1995,2688.0,13566.0,-1.142708,-0.9045280000000001,BEN,732429
22678344,19,8475,1995,,,-1.142708,-0.9045280000000001,BEN,732490
22684870,19,8476,1995,0.0,408485.0,-1.142708,-0.9045280000000001,BEN,732510
22691396,19,8477,1995,0.0,13746.0,-1.142708,-0.9045280000000001,BEN,732591
22697922,19,8478,1995,0.0,242353.0,-1.142708,-0.9045280000000001,BEN,732599
22704448,19,8479,1995,,,-1.142708,-0.9045280000000001,BEN,732611
22710974,19,8480,1995,0.0,2001.0,-1.142708,-0.9045280000000001,BEN,732619
22717500,19,8481,1995,0.0,2528.0,-1.142708,-0.9045280000000001,BEN,732620
22724026,19,8482,1995,0.0,568798.0,-1.142708,-0.9045280000000001,BEN,732690
22730552,19,8483,1995,,,-1.142708,-0.9045280000000001,BEN,740110
22737078,19,8484,1995,,,-1.142708,-0.9045280000000001,BEN,740120
22743604,19,8485,1995,,,-1.142708,-0.9045280000000001,BEN,740200
22750130,19,8486,1995,,,-1.142708,-0.9045280000000001,BEN,740311
22756656,19,8487,1995,,,-1.142708,-0.9045280000000001,BEN,740312
22763182,19,8488,1995,,,-1.142708,-0.9045280000000001,BEN,740313
22769708,19,8489,1995,0.0,7722.0,-1.142708,-0.9045280000000001,BEN,740319
22776234,19,8490,1995,0.0,2672.0,-1.142708,-0.9045280000000001,BEN,740321
22782760,19,8491,1995,,,-1.142708,-0.9045280000000001,BEN,740322
22789286,19,8492,1995,,,-1.142708,-0.9045280000000001,BEN,740323
22795812,19,8493,1995,,,-1.142708,-0.9045280000000001,BEN,740329
22802338,19,8494,1995,325803.0,0.0,-1.142708,-0.9045280000000001,BEN,740400
22808864,19,8495,1995,,,-1.142708,-0.9045280000000001,BEN,740500
22815390,19,8496,1995,,,-1.142708,-0.9045280000000001,BEN,740610
22821916,19,8497,1995,,,-1.142708,-0.9045280000000001,BEN,740620
22828442,19,8498,1995,,,-1.142708,-0.9045280000000001,BEN,740710
22834968,19,8499,1995,,,-1.142708,-0.9045280000000001,BEN,740721
22841494,19,8500,1995,,,-1.142708,-0.9045280000000001,BEN,740722
22848020,19,8501,1995,0.0,3021.0,-1.142708,-0.9045280000000001,BEN,740729
22854546,19,8502,1995,0.0,2236.0,-1.142708,-0.9045280000000001,BEN,740811
22861072,19,8503,1995,,,-1.142708,-0.9045280000000001,BEN,740819
22867598,19,8504,1995,,,-1.142708,-0.9045280000000001,BEN,740821
22874124,19,8505,1995,,,-1.142708,-0.9045280000000001,BEN,740822
22880650,19,8506,1995,0.0,5238.0,-1.142708,-0.9045280000000001,BEN,740829
22887176,19,8507,1995,,,-1.142708,-0.9045280000000001,BEN,740911
22893702,19,8508,1995,,,-1.142708,-0.9045280000000001,BEN,740919
22900228,19,8509,1995,,,-1.142708,-0.9045280000000001,BEN,740921
22906754,19,8510,1995,0.0,2618.0,-1.142708,-0.9045280000000001,BEN,740929
22913280,19,8511,1995,,,-1.142708,-0.9045280000000001,BEN,740931
22919806,19,8512,1995,,,-1.142708,-0.9045280000000001,BEN,740939
22926332,19,8513,1995,,,-1.142708,-0.9045280000000001,BEN,740940
22932858,19,8514,1995,,,-1.142708,-0.9045280000000001,BEN,740990
22939384,19,8515,1995,,,-1.142708,-0.9045280000000001,BEN,741011
22945910,19,8516,1995,,,-1.142708,-0.9045280000000001,BEN,741012
22952436,19,8517,1995,,,-1.142708,-0.9045280000000001,BEN,741021
22958962,19,8518,1995,,,-1.142708,-0.9045280000000001,BEN,741022
22965488,19,8519,1995,0.0,23167.0,-1.142708,-0.9045280000000001,BEN,741110
22972014,19,8520,1995,,,-1.142708,-0.9045280000000001,BEN,741121
22978540,19,8521,1995,,,-1.142708,-0.9045280000000001,BEN,741122
22985066,19,8522,1995,0.0,27896.0,-1.142708,-0.9045280000000001,BEN,741129
22991592,19,8523,1995,,,-1.142708,-0.9045280000000001,BEN,741210
22998118,19,8524,1995,,,-1.142708,-0.9045280000000001,BEN,741220
23004644,19,8525,1995,0.0,54982.0,-1.142708,-0.9045280000000001,BEN,741300
23011170,19,8526,1995,,,-1.142708,-0.9045280000000001,BEN,741410
23017696,19,8527,1995,,,-1.142708,-0.9045280000000001,BEN,741490
23024222,19,8528,1995,0.0,1611.0,-1.142708,-0.9045280000000001,BEN,741510
23030748,19,8529,1995,,,-1.142708,-0.9045280000000001,BEN,741521
23037274,19,8530,1995,,,-1.142708,-0.9045280000000001,BEN,741529
23043800,19,8531,1995,0.0,3223.0,-1.142708,-0.9045280000000001,BEN,741531
23050326,19,8532,1995,,,-1.142708,-0.9045280000000001,BEN,741532
23056852,19,8533,1995,0.0,2417.0,-1.142708,-0.9045280000000001,BEN,741539
23063378,19,8534,1995,,,-1.142708,-0.9045280000000001,BEN,741600
23069904,19,8535,1995,,,-1.142708,-0.9045280000000001,BEN,741700
23076430,19,8536,1995,,,-1.142708,-0.9045280000000001,BEN,741810
23082956,19,8537,1995,,,-1.142708,-0.9045280000000001,BEN,741820
23089482,19,8538,1995,0.0,7676.0,-1.142708,-0.9045280000000001,BEN,741910
23096008,19,8539,1995,,,-1.142708,-0.9045280000000001,BEN,741991
23102534,19,8540,1995,0.0,30381.0,-1.142708,-0.9045280000000001,BEN,741999
23109060,19,8541,1995,,,-1.142708,-0.9045280000000001,BEN,750110
23115586,19,8542,1995,0.0,1989.0,-1.142708,-0.9045280000000001,BEN,750120
23122112,19,8543,1995,,,-1.142708,-0.9045280000000001,BEN,750210
23128638,19,8544,1995,,,-1.142708,-0.9045280000000001,BEN,750220
23135164,19,8545,1995,6923.0,0.0,-1.142708,-0.9045280000000001,BEN,750300
23141690,19,8546,1995,0.0,1410.0,-1.142708,-0.9045280000000001,BEN,750400
23148216,19,8547,1995,,,-1.142708,-0.9045280000000001,BEN,750511
23154742,19,8548,1995,,,-1.142708,-0.9045280000000001,BEN,750512
23161268,19,8549,1995,,,-1.142708,-0.9045280000000001,BEN,750521
23167794,19,8550,1995,,,-1.142708,-0.9045280000000001,BEN,750522
23174320,19,8551,1995,,,-1.142708,-0.9045280000000001,BEN,750610
23180846,19,8552,1995,,,-1.142708,-0.9045280000000001,BEN,750620
23187372,19,8553,1995,,,-1.142708,-0.9045280000000001,BEN,750711
23193898,19,8554,1995,,,-1.142708,-0.9045280000000001,BEN,750712
23200424,19,8555,1995,,,-1.142708,-0.9045280000000001,BEN,750720
23206950,19,8556,1995,0.0,63869.0,-1.142708,-0.9045280000000001,BEN,750800
23213476,19,8557,1995,,,-1.142708,-0.9045280000000001,BEN,760110
23220002,19,8558,1995,,,-1.142708,-0.9045280000000001,BEN,760120
23226528,19,8559,1995,,,-1.142708,-0.9045280000000001,BEN,760200
23233054,19,8560,1995,,,-1.142708,-0.9045280000000001,BEN,760310
23239580,19,8561,1995,,,-1.142708,-0.9045280000000001,BEN,760320
23246106,19,8562,1995,0.0,38123.0,-1.142708,-0.9045280000000001,BEN,760410
23252632,19,8563,1995,0.0,20951.0,-1.142708,-0.9045280000000001,BEN,760421
23259158,19,8564,1995,0.0,304304.0,-1.142708,-0.9045280000000001,BEN,760429
23265684,19,8565,1995,,,-1.142708,-0.9045280000000001,BEN,760511
23272210,19,8566,1995,,,-1.142708,-0.9045280000000001,BEN,760519
23278736,19,8567,1995,,,-1.142708,-0.9045280000000001,BEN,760521
23285262,19,8568,1995,,,-1.142708,-0.9045280000000001,BEN,760529
23291788,19,8569,1995,0.0,290119.0,-1.142708,-0.9045280000000001,BEN,760611
23298314,19,8570,1995,0.0,22920.0,-1.142708,-0.9045280000000001,BEN,760612
23304840,19,8571,1995,,,-1.142708,-0.9045280000000001,BEN,760691
23311366,19,8572,1995,0.0,8421.0,-1.142708,-0.9045280000000001,BEN,760692
23317892,19,8573,1995,0.0,19187.0,-1.142708,-0.9045280000000001,BEN,760711
23324418,19,8574,1995,0.0,23570.0,-1.142708,-0.9045280000000001,BEN,760719
23330944,19,8575,1995,0.0,48943.0,-1.142708,-0.9045280000000001,BEN,760720
23337470,19,8576,1995,,,-1.142708,-0.9045280000000001,BEN,760810
23343996,19,8577,1995,,,-1.142708,-0.9045280000000001,BEN,760820
23350522,19,8578,1995,0.0,1410.0,-1.142708,-0.9045280000000001,BEN,760900
23357048,19,8579,1995,0.0,188048.0,-1.142708,-0.9045280000000001,BEN,761010
23363574,19,8580,1995,0.0,630535.0,-1.142708,-0.9045280000000001,BEN,761090
23370100,19,8581,1995,,,-1.142708,-0.9045280000000001,BEN,761100
23376626,19,8582,1995,,,-1.142708,-0.9045280000000001,BEN,761210
23383152,19,8583,1995,0.0,3353.0,-1.142708,-0.9045280000000001,BEN,761290
23389678,19,8584,1995,,,-1.142708,-0.9045280000000001,BEN,761300
23396204,19,8585,1995,,,-1.142708,-0.9045280000000001,BEN,761410
23402730,19,8586,1995,0.0,154014.0,-1.142708,-0.9045280000000001,BEN,761490
23409256,19,8587,1995,0.0,35922.0,-1.142708,-0.9045280000000001,BEN,761510
23415782,19,8588,1995,,,-1.142708,-0.9045280000000001,BEN,761520
23422308,19,8589,1995,0.0,19594.0,-1.142708,-0.9045280000000001,BEN,761610
23428834,19,8590,1995,0.0,252083.0,-1.142708,-0.9045280000000001,BEN,761690
23435360,19,8591,1995,,,-1.142708,-0.9045280000000001,BEN,780110
23441886,19,8592,1995,,,-1.142708,-0.9045280000000001,BEN,780191
23448412,19,8593,1995,,,-1.142708,-0.9045280000000001,BEN,780199
23454938,19,8594,1995,,,-1.142708,-0.9045280000000001,BEN,780200
23461464,19,8595,1995,0.0,4230.0,-1.142708,-0.9045280000000001,BEN,780300
23467990,19,8596,1995,,,-1.142708,-0.9045280000000001,BEN,780411
23474516,19,8597,1995,0.0,5641.0,-1.142708,-0.9045280000000001,BEN,780419
23481042,19,8598,1995,,,-1.142708,-0.9045280000000001,BEN,780420
23487568,19,8599,1995,,,-1.142708,-0.9045280000000001,BEN,780500
23494094,19,8600,1995,0.0,12712.0,-1.142708,-0.9045280000000001,BEN,780600
23500620,19,8601,1995,5761.0,9985.0,-1.142708,-0.9045280000000001,BEN,790111
23507146,19,8602,1995,,,-1.142708,-0.9045280000000001,BEN,790112
23513672,19,8603,1995,6832.0,11139.0,-1.142708,-0.9045280000000001,BEN,790120
23520198,19,8604,1995,,,-1.142708,-0.9045280000000001,BEN,790200
23526724,19,8605,1995,,,-1.142708,-0.9045280000000001,BEN,790310
23533250,19,8606,1995,,,-1.142708,-0.9045280000000001,BEN,790390
23539776,19,8607,1995,,,-1.142708,-0.9045280000000001,BEN,790400
23546302,19,8608,1995,,,-1.142708,-0.9045280000000001,BEN,790500
23552828,19,8609,1995,,,-1.142708,-0.9045280000000001,BEN,790600
23559354,19,8610,1995,,,-1.142708,-0.9045280000000001,BEN,790710
23565880,19,8611,1995,,,-1.142708,-0.9045280000000001,BEN,790790
23572406,19,8612,1995,,,-1.142708,-0.9045280000000001,BEN,800110
23578932,19,8613,1995,,,-1.142708,-0.9045280000000001,BEN,800120
23585458,19,8614,1995,,,-1.142708,-0.9045280000000001,BEN,800200
23591984,19,8615,1995,,,-1.142708,-0.9045280000000001,BEN,800300
23598510,19,8616,1995,,,-1.142708,-0.9045280000000001,BEN,800400
23605036,19,8617,1995,,,-1.142708,-0.9045280000000001,BEN,800510
23611562,19,8618,1995,,,-1.142708,-0.9045280000000001,BEN,800520
23618088,19,8619,1995,,,-1.142708,-0.9045280000000001,BEN,800600
23624614,19,8620,1995,0.0,9143.0,-1.142708,-0.9045280000000001,BEN,800700
23631140,19,8621,1995,,,-1.142708,-0.9045280000000001,BEN,810110
23637666,19,8622,1995,,,-1.142708,-0.9045280000000001,BEN,810191
23644192,19,8623,1995,,,-1.142708,-0.9045280000000001,BEN,810192
23650718,19,8624,1995,,,-1.142708,-0.9045280000000001,BEN,810193
23657244,19,8625,1995,,,-1.142708,-0.9045280000000001,BEN,810199
23663770,19,8626,1995,,,-1.142708,-0.9045280000000001,BEN,810210
23670296,19,8627,1995,,,-1.142708,-0.9045280000000001,BEN,810291
23676822,19,8628,1995,,,-1.142708,-0.9045280000000001,BEN,810292
23683348,19,8629,1995,,,-1.142708,-0.9045280000000001,BEN,810293
23689874,19,8630,1995,,,-1.142708,-0.9045280000000001,BEN,810299
23696400,19,8631,1995,,,-1.142708,-0.9045280000000001,BEN,810310
23702926,19,8632,1995,,,-1.142708,-0.9045280000000001,BEN,810390
23709452,19,8633,1995,,,-1.142708,-0.9045280000000001,BEN,810411
23715978,19,8634,1995,,,-1.142708,-0.9045280000000001,BEN,810419
23722504,19,8635,1995,,,-1.142708,-0.9045280000000001,BEN,810420
23729030,19,8636,1995,,,-1.142708,-0.9045280000000001,BEN,810430
23735556,19,8637,1995,,,-1.142708,-0.9045280000000001,BEN,810490
23742082,19,8638,1995,,,-1.142708,-0.9045280000000001,BEN,810510
23748608,19,8639,1995,0.0,10060.0,-1.142708,-0.9045280000000001,BEN,810590
23755134,19,8640,1995,,,-1.142708,-0.9045280000000001,BEN,810600
23761660,19,8641,1995,,,-1.142708,-0.9045280000000001,BEN,810710
23768186,19,8642,1995,,,-1.142708,-0.9045280000000001,BEN,810790
23774712,19,8643,1995,,,-1.142708,-0.9045280000000001,BEN,810810
23781238,19,8644,1995,,,-1.142708,-0.9045280000000001,BEN,810890
23787764,19,8645,1995,,,-1.142708,-0.9045280000000001,BEN,810910
23794290,19,8646,1995,,,-1.142708,-0.9045280000000001,BEN,810990
23800816,19,8647,1995,,,-1.142708,-0.9045280000000001,BEN,811000
23807342,19,8648,1995,,,-1.142708,-0.9045280000000001,BEN,811100
23813868,19,8649,1995,,,-1.142708,-0.9045280000000001,BEN,811211
23820394,19,8650,1995,,,-1.142708,-0.9045280000000001,BEN,811219
23826920,19,8651,1995,,,-1.142708,-0.9045280000000001,BEN,811220
23833446,19,8652,1995,,,-1.142708,-0.9045280000000001,BEN,811230
23839972,19,8653,1995,,,-1.142708,-0.9045280000000001,BEN,811240
23846498,19,8654,1995,,,-1.142708,-0.9045280000000001,BEN,811291
23853024,19,8655,1995,,,-1.142708,-0.9045280000000001,BEN,811299
23859550,19,8656,1995,,,-1.142708,-0.9045280000000001,BEN,811300
23866076,19,8657,1995,0.0,21060.0,-1.142708,-0.9045280000000001,BEN,820110
23872602,19,8658,1995,,,-1.142708,-0.9045280000000001,BEN,820120
23879128,19,8659,1995,0.0,8067.0,-1.142708,-0.9045280000000001,BEN,820130
23885654,19,8660,1995,0.0,334071.0,-1.142708,-0.9045280000000001,BEN,820140
23892180,19,8661,1995,,,-1.142708,-0.9045280000000001,BEN,820150
23898706,19,8662,1995,0.0,5841.0,-1.142708,-0.9045280000000001,BEN,820160
23905232,19,8663,1995,34284.0,14564.0,-1.142708,-0.9045280000000001,BEN,820190
23911758,19,8664,1995,0.0,18845.0,-1.142708,-0.9045280000000001,BEN,820210
23918284,19,8665,1995,0.0,49149.0,-1.142708,-0.9045280000000001,BEN,820220
23924810,19,8666,1995,0.0,3223.0,-1.142708,-0.9045280000000001,BEN,820231
23931336,19,8667,1995,0.0,11873.0,-1.142708,-0.9045280000000001,BEN,820232
23937862,19,8668,1995,,,-1.142708,-0.9045280000000001,BEN,820240
23944388,19,8669,1995,0.0,11281.0,-1.142708,-0.9045280000000001,BEN,820291
23950914,19,8670,1995,0.0,7856.0,-1.142708,-0.9045280000000001,BEN,820299
23957440,19,8671,1995,0.0,4471.0,-1.142708,-0.9045280000000001,BEN,820310
23963966,19,8672,1995,0.0,4834.0,-1.142708,-0.9045280000000001,BEN,820320
23970492,19,8673,1995,,,-1.142708,-0.9045280000000001,BEN,820330
23977018,19,8674,1995,0.0,3424.0,-1.142708,-0.9045280000000001,BEN,820340
23983544,19,8675,1995,0.0,23738.0,-1.142708,-0.9045280000000001,BEN,820411
23990070,19,8676,1995,0.0,6446.0,-1.142708,-0.9045280000000001,BEN,820412
23996596,19,8677,1995,0.0,2124.0,-1.142708,-0.9045280000000001,BEN,820420
24003122,19,8678,1995,,,-1.142708,-0.9045280000000001,BEN,820510
24009648,19,8679,1995,0.0,2210.0,-1.142708,-0.9045280000000001,BEN,820520
24016174,19,8680,1995,0.0,4258.0,-1.142708,-0.9045280000000001,BEN,820530
24022700,19,8681,1995,,,-1.142708,-0.9045280000000001,BEN,820540
24029226,19,8682,1995,0.0,6043.0,-1.142708,-0.9045280000000001,BEN,820551
24035752,19,8683,1995,0.0,361248.0,-1.142708,-0.9045280000000001,BEN,820559
24042278,19,8684,1995,,,-1.142708,-0.9045280000000001,BEN,820560
24048804,19,8685,1995,0.0,3132.0,-1.142708,-0.9045280000000001,BEN,820570
24055330,19,8686,1995,,,-1.142708,-0.9045280000000001,BEN,820580
24061856,19,8687,1995,0.0,120493.0,-1.142708,-0.9045280000000001,BEN,820590
24068382,19,8688,1995,0.0,74240.0,-1.142708,-0.9045280000000001,BEN,820600
24074908,19,8689,1995,0.0,50696.0,-1.142708,-0.9045280000000001,BEN,820711
24081434,19,8690,1995,0.0,9085.0,-1.142708,-0.9045280000000001,BEN,820712
24087960,19,8691,1995,0.0,13016.0,-1.142708,-0.9045280000000001,BEN,820720
24094486,19,8692,1995,,,-1.142708,-0.9045280000000001,BEN,820730
24101012,19,8693,1995,0.0,5641.0,-1.142708,-0.9045280000000001,BEN,820740
24107538,19,8694,1995,0.0,15911.0,-1.142708,-0.9045280000000001,BEN,820750
24114064,19,8695,1995,0.0,18856.0,-1.142708,-0.9045280000000001,BEN,820760
24120590,19,8696,1995,0.0,1786.0,-1.142708,-0.9045280000000001,BEN,820770
24127116,19,8697,1995,0.0,1006.0,-1.142708,-0.9045280000000001,BEN,820780
24133642,19,8698,1995,0.0,100185.0,-1.142708,-0.9045280000000001,BEN,820790
24140168,19,8699,1995,,,-1.142708,-0.9045280000000001,BEN,820810
24146694,19,8700,1995,,,-1.142708,-0.9045280000000001,BEN,820820
24153220,19,8701,1995,0.0,18370.0,-1.142708,-0.9045280000000001,BEN,820830
24159746,19,8702,1995,,,-1.142708,-0.9045280000000001,BEN,820840
24166272,19,8703,1995,,,-1.142708,-0.9045280000000001,BEN,820890
24172798,19,8704,1995,1720.0,3512.0,-1.142708,-0.9045280000000001,BEN,820900
24179324,19,8705,1995,0.0,8461.0,-1.142708,-0.9045280000000001,BEN,821000
24185850,19,8706,1995,,,-1.142708,-0.9045280000000001,BEN,821110
24192376,19,8707,1995,0.0,4334.0,-1.142708,-0.9045280000000001,BEN,821191
24198902,19,8708,1995,0.0,19438.0,-1.142708,-0.9045280000000001,BEN,821192
24205428,19,8709,1995,0.0,8291.0,-1.142708,-0.9045280000000001,BEN,821193
24211954,19,8710,1995,,,-1.142708,-0.9045280000000001,BEN,821194
24218480,19,8711,1995,0.0,22497.0,-1.142708,-0.9045280000000001,BEN,821210
24225006,19,8712,1995,0.0,409364.0,-1.142708,-0.9045280000000001,BEN,821220
24231532,19,8713,1995,0.0,12075.0,-1.142708,-0.9045280000000001,BEN,821290
24238058,19,8714,1995,0.0,7853.0,-1.142708,-0.9045280000000001,BEN,821300
24244584,19,8715,1995,,,-1.142708,-0.9045280000000001,BEN,821410
24251110,19,8716,1995,,,-1.142708,-0.9045280000000001,BEN,821420
24257636,19,8717,1995,0.0,19207.0,-1.142708,-0.9045280000000001,BEN,821490
24264162,19,8718,1995,,,-1.142708,-0.9045280000000001,BEN,821510
24270688,19,8719,1995,0.0,69172.0,-1.142708,-0.9045280000000001,BEN,821520
24277214,19,8720,1995,0.0,2522.0,-1.142708,-0.9045280000000001,BEN,821591
24283740,19,8721,1995,0.0,106974.0,-1.142708,-0.9045280000000001,BEN,821599
24290266,19,8722,1995,0.0,401482.0,-1.142708,-0.9045280000000001,BEN,830110
24296792,19,8723,1995,0.0,2820.0,-1.142708,-0.9045280000000001,BEN,830120
24303318,19,8724,1995,1794.0,100516.0,-1.142708,-0.9045280000000001,BEN,830130
24309844,19,8725,1995,0.0,674488.0,-1.142708,-0.9045280000000001,BEN,830140
24316370,19,8726,1995,,,-1.142708,-0.9045280000000001,BEN,830150
24322896,19,8727,1995,0.0,25175.0,-1.142708,-0.9045280000000001,BEN,830160
24329422,19,8728,1995,0.0,28204.0,-1.142708,-0.9045280000000001,BEN,830170
24335948,19,8729,1995,0.0,351339.0,-1.142708,-0.9045280000000001,BEN,830210
24342474,19,8730,1995,0.0,2766.0,-1.142708,-0.9045280000000001,BEN,830220
24349000,19,8731,1995,,,-1.142708,-0.9045280000000001,BEN,830230
24355526,19,8732,1995,0.0,126738.0,-1.142708,-0.9045280000000001,BEN,830241
24362052,19,8733,1995,0.0,121367.0,-1.142708,-0.9045280000000001,BEN,830242
24368578,19,8734,1995,0.0,21489.0,-1.142708,-0.9045280000000001,BEN,830249
24375104,19,8735,1995,,,-1.142708,-0.9045280000000001,BEN,830250
24381630,19,8736,1995,0.0,26189.0,-1.142708,-0.9045280000000001,BEN,830260
24388156,19,8737,1995,0.0,28788.0,-1.142708,-0.9045280000000001,BEN,830300
24394682,19,8738,1995,0.0,6707.0,-1.142708,-0.9045280000000001,BEN,830400
24401208,19,8739,1995,0.0,2417.0,-1.142708,-0.9045280000000001,BEN,830510
24407734,19,8740,1995,0.0,26196.0,-1.142708,-0.9045280000000001,BEN,830520
24414260,19,8741,1995,0.0,25786.0,-1.142708,-0.9045280000000001,BEN,830590
24420786,19,8742,1995,0.0,6597.0,-1.142708,-0.9045280000000001,BEN,830610
24427312,19,8743,1995,,,-1.142708,-0.9045280000000001,BEN,830621
24433838,19,8744,1995,,,-1.142708,-0.9045280000000001,BEN,830629
24440364,19,8745,1995,,,-1.142708,-0.9045280000000001,BEN,830630
24446890,19,8746,1995,0.0,2216.0,-1.142708,-0.9045280000000001,BEN,830710
24453416,19,8747,1995,,,-1.142708,-0.9045280000000001,BEN,830790
24459942,19,8748,1995,,,-1.142708,-0.9045280000000001,BEN,830810
24466468,19,8749,1995,,,-1.142708,-0.9045280000000001,BEN,830820
24472994,19,8750,1995,0.0,22966.0,-1.142708,-0.9045280000000001,BEN,830890
24479520,19,8751,1995,0.0,211586.0,-1.142708,-0.9045280000000001,BEN,830910
24486046,19,8752,1995,55154.0,183880.0,-1.142708,-0.9045280000000001,BEN,830990
24492572,19,8753,1995,0.0,258671.0,-1.142708,-0.9045280000000001,BEN,831000
24499098,19,8754,1995,0.0,369673.0,-1.142708,-0.9045280000000001,BEN,831110
24505624,19,8755,1995,0.0,7044.0,-1.142708,-0.9045280000000001,BEN,831120
24512150,19,8756,1995,5619.0,37155.0,-1.142708,-0.9045280000000001,BEN,831130
24518676,19,8757,1995,0.0,172050.0,-1.142708,-0.9045280000000001,BEN,831190
24525202,19,8758,1995,,,-1.142708,-0.9045280000000001,BEN,840110
24531728,19,8759,1995,,,-1.142708,-0.9045280000000001,BEN,840120
24538254,19,8760,1995,,,-1.142708,-0.9045280000000001,BEN,840130
24544780,19,8761,1995,,,-1.142708,-0.9045280000000001,BEN,840140
24551306,19,8762,1995,,,-1.142708,-0.9045280000000001,BEN,840211
24557832,19,8763,1995,,,-1.142708,-0.9045280000000001,BEN,840212
24564358,19,8764,1995,0.0,66590.0,-1.142708,-0.9045280000000001,BEN,840219
24570884,19,8765,1995,,,-1.142708,-0.9045280000000001,BEN,840220
24577410,19,8766,1995,0.0,11008.0,-1.142708,-0.9045280000000001,BEN,840290
24583936,19,8767,1995,0.0,3626.0,-1.142708,-0.9045280000000001,BEN,840310
24590462,19,8768,1995,0.0,6849.0,-1.142708,-0.9045280000000001,BEN,840390
24596988,19,8769,1995,,,-1.142708,-0.9045280000000001,BEN,840410
24603514,19,8770,1995,,,-1.142708,-0.9045280000000001,BEN,840420
24610040,19,8771,1995,0.0,165693.0,-1.142708,-0.9045280000000001,BEN,840490
24616566,19,8772,1995,,,-1.142708,-0.9045280000000001,BEN,840510
24623092,19,8773,1995,,,-1.142708,-0.9045280000000001,BEN,840590
24629618,19,8774,1995,,,-1.142708,-0.9045280000000001,BEN,840611
24636144,19,8775,1995,,,-1.142708,-0.9045280000000001,BEN,840619
24642670,19,8776,1995,0.0,35859.0,-1.142708,-0.9045280000000001,BEN,840690
24649196,19,8777,1995,0.0,9164.0,-1.142708,-0.9045280000000001,BEN,840710
24655722,19,8778,1995,0.0,22736.0,-1.142708,-0.9045280000000001,BEN,840721
24662248,19,8779,1995,,,-1.142708,-0.9045280000000001,BEN,840729
24668774,19,8780,1995,,,-1.142708,-0.9045280000000001,BEN,840731
24675300,19,8781,1995,,,-1.142708,-0.9045280000000001,BEN,840732
24681826,19,8782,1995,,,-1.142708,-0.9045280000000001,BEN,840733
24688352,19,8783,1995,3405.0,72272.0,-1.142708,-0.9045280000000001,BEN,840734
24694878,19,8784,1995,0.0,5036.0,-1.142708,-0.9045280000000001,BEN,840790
24701404,19,8785,1995,0.0,9065.0,-1.142708,-0.9045280000000001,BEN,840810
24707930,19,8786,1995,1277.0,9669.0,-1.142708,-0.9045280000000001,BEN,840820
24714456,19,8787,1995,0.0,128722.0,-1.142708,-0.9045280000000001,BEN,840890
24720982,19,8788,1995,3040.0,0.0,-1.142708,-0.9045280000000001,BEN,840910
24727508,19,8789,1995,0.0,514982.0,-1.142708,-0.9045280000000001,BEN,840991
24734034,19,8790,1995,1444.0,1986448.0,-1.142708,-0.9045280000000001,BEN,840999
24740560,19,8791,1995,,,-1.142708,-0.9045280000000001,BEN,841011
24747086,19,8792,1995,,,-1.142708,-0.9045280000000001,BEN,841012
24753612,19,8793,1995,,,-1.142708,-0.9045280000000001,BEN,841013
24760138,19,8794,1995,0.0,308029.0,-1.142708,-0.9045280000000001,BEN,841090
24766664,19,8795,1995,,,-1.142708,-0.9045280000000001,BEN,841111
24773190,19,8796,1995,,,-1.142708,-0.9045280000000001,BEN,841112
24779716,19,8797,1995,,,-1.142708,-0.9045280000000001,BEN,841121
24786242,19,8798,1995,,,-1.142708,-0.9045280000000001,BEN,841122
24792768,19,8799,1995,,,-1.142708,-0.9045280000000001,BEN,841181
24799294,19,8800,1995,,,-1.142708,-0.9045280000000001,BEN,841182
24805820,19,8801,1995,0.0,3626.0,-1.142708,-0.9045280000000001,BEN,841191
24812346,19,8802,1995,,,-1.142708,-0.9045280000000001,BEN,841199
24818872,19,8803,1995,,,-1.142708,-0.9045280000000001,BEN,841210
24825398,19,8804,1995,,,-1.142708,-0.9045280000000001,BEN,841221
24831924,19,8805,1995,,,-1.142708,-0.9045280000000001,BEN,841229
24838450,19,8806,1995,,,-1.142708,-0.9045280000000001,BEN,841231
24844976,19,8807,1995,,,-1.142708,-0.9045280000000001,BEN,841239
24851502,19,8808,1995,0.0,2820.0,-1.142708,-0.9045280000000001,BEN,841280
24858028,19,8809,1995,0.0,52986.0,-1.142708,-0.9045280000000001,BEN,841290
24864554,19,8810,1995,0.0,293932.0,-1.142708,-0.9045280000000001,BEN,841311
24871080,19,8811,1995,0.0,5713.0,-1.142708,-0.9045280000000001,BEN,841319
24877606,19,8812,1995,0.0,628004.0,-1.142708,-0.9045280000000001,BEN,841320
24884132,19,8813,1995,0.0,4747.0,-1.142708,-0.9045280000000001,BEN,841330
24890658,19,8814,1995,,,-1.142708,-0.9045280000000001,BEN,841340
24897184,19,8815,1995,0.0,9190.0,-1.142708,-0.9045280000000001,BEN,841350
24903710,19,8816,1995,0.0,22493.0,-1.142708,-0.9045280000000001,BEN,841360
24910236,19,8817,1995,2042.0,168731.0,-1.142708,-0.9045280000000001,BEN,841370
24916762,19,8818,1995,3121.0,217384.0,-1.142708,-0.9045280000000001,BEN,841381
24923288,19,8819,1995,0.0,20548.0,-1.142708,-0.9045280000000001,BEN,841382
24929814,19,8820,1995,0.0,393215.0,-1.142708,-0.9045280000000001,BEN,841391
24936340,19,8821,1995,0.0,66682.0,-1.142708,-0.9045280000000001,BEN,841392
24942866,19,8822,1995,0.0,5122.0,-1.142708,-0.9045280000000001,BEN,841410
24949392,19,8823,1995,0.0,86027.0,-1.142708,-0.9045280000000001,BEN,841420
24955918,19,8824,1995,0.0,74713.0,-1.142708,-0.9045280000000001,BEN,841430
24962444,19,8825,1995,0.0,141067.0,-1.142708,-0.9045280000000001,BEN,841440
24968970,19,8826,1995,0.0,95741.0,-1.142708,-0.9045280000000001,BEN,841451
24975496,19,8827,1995,0.0,78341.0,-1.142708,-0.9045280000000001,BEN,841459
24982022,19,8828,1995,,,-1.142708,-0.9045280000000001,BEN,841460
24988548,19,8829,1995,0.0,611522.0,-1.142708,-0.9045280000000001,BEN,841480
24995074,19,8830,1995,0.0,160855.0,-1.142708,-0.9045280000000001,BEN,841490
25001600,19,8831,1995,5029.0,726246.0,-1.142708,-0.9045280000000001,BEN,841510
25008126,19,8832,1995,0.0,143222.0,-1.142708,-0.9045280000000001,BEN,841581
25014652,19,8833,1995,8616.0,488160.0,-1.142708,-0.9045280000000001,BEN,841582
25021178,19,8834,1995,0.0,322037.0,-1.142708,-0.9045280000000001,BEN,841583
25027704,19,8835,1995,0.0,885283.0,-1.142708,-0.9045280000000001,BEN,841590
25034230,19,8836,1995,0.0,1208.0,-1.142708,-0.9045280000000001,BEN,841610
25040756,19,8837,1995,0.0,23739.0,-1.142708,-0.9045280000000001,BEN,841620
25047282,19,8838,1995,,,-1.142708,-0.9045280000000001,BEN,841630
25053808,19,8839,1995,1059.0,2820.0,-1.142708,-0.9045280000000001,BEN,841690
25060334,19,8840,1995,0.0,18414.0,-1.142708,-0.9045280000000001,BEN,841710
25066860,19,8841,1995,,,-1.142708,-0.9045280000000001,BEN,841720
25073386,19,8842,1995,0.0,12289.0,-1.142708,-0.9045280000000001,BEN,841780
25079912,19,8843,1995,,,-1.142708,-0.9045280000000001,BEN,841790
25086438,19,8844,1995,0.0,49463.0,-1.142708,-0.9045280000000001,BEN,841810
25092964,19,8845,1995,0.0,385790.0,-1.142708,-0.9045280000000001,BEN,841821
25099490,19,8846,1995,2552.0,17124.0,-1.142708,-0.9045280000000001,BEN,841822
25106016,19,8847,1995,2819.0,48543.0,-1.142708,-0.9045280000000001,BEN,841829
25112542,19,8848,1995,0.0,83217.0,-1.142708,-0.9045280000000001,BEN,841830
25119068,19,8849,1995,0.0,45583.0,-1.142708,-0.9045280000000001,BEN,841840
25125594,19,8850,1995,0.0,153956.0,-1.142708,-0.9045280000000001,BEN,841850
25132120,19,8851,1995,0.0,100532.0,-1.142708,-0.9045280000000001,BEN,841861
25138646,19,8852,1995,0.0,505864.0,-1.142708,-0.9045280000000001,BEN,841869
25145172,19,8853,1995,0.0,86197.0,-1.142708,-0.9045280000000001,BEN,841891
25151698,19,8854,1995,0.0,326251.0,-1.142708,-0.9045280000000001,BEN,841899
25158224,19,8855,1995,,,-1.142708,-0.9045280000000001,BEN,841911
25164750,19,8856,1995,0.0,6511.0,-1.142708,-0.9045280000000001,BEN,841919
25171276,19,8857,1995,0.0,20495.0,-1.142708,-0.9045280000000001,BEN,841920
25177802,19,8858,1995,,,-1.142708,-0.9045280000000001,BEN,841931
25184328,19,8859,1995,,,-1.142708,-0.9045280000000001,BEN,841932
25190854,19,8860,1995,0.0,31270.0,-1.142708,-0.9045280000000001,BEN,841939
25197380,19,8861,1995,0.0,38646.0,-1.142708,-0.9045280000000001,BEN,841940
25203906,19,8862,1995,0.0,118860.0,-1.142708,-0.9045280000000001,BEN,841950
25210432,19,8863,1995,,,-1.142708,-0.9045280000000001,BEN,841960
25216958,19,8864,1995,0.0,65922.0,-1.142708,-0.9045280000000001,BEN,841981
25223484,19,8865,1995,4780.0,88901.0,-1.142708,-0.9045280000000001,BEN,841989
25230010,19,8866,1995,0.0,70308.0,-1.142708,-0.9045280000000001,BEN,841990
25236536,19,8867,1995,,,-1.142708,-0.9045280000000001,BEN,842010
25243062,19,8868,1995,,,-1.142708,-0.9045280000000001,BEN,842091
25249588,19,8869,1995,,,-1.142708,-0.9045280000000001,BEN,842099
25256114,19,8870,1995,,,-1.142708,-0.9045280000000001,BEN,842111
25262640,19,8871,1995,0.0,2014.0,-1.142708,-0.9045280000000001,BEN,842112
25269166,19,8872,1995,0.0,84618.0,-1.142708,-0.9045280000000001,BEN,842119
25275692,19,8873,1995,1078.0,897372.0,-1.142708,-0.9045280000000001,BEN,842121
25282218,19,8874,1995,,,-1.142708,-0.9045280000000001,BEN,842122
25288744,19,8875,1995,0.0,58232.0,-1.142708,-0.9045280000000001,BEN,842123
25295270,19,8876,1995,0.0,8864.0,-1.142708,-0.9045280000000001,BEN,842129
25301796,19,8877,1995,0.0,3828.0,-1.142708,-0.9045280000000001,BEN,842131
25308322,19,8878,1995,0.0,42828.0,-1.142708,-0.9045280000000001,BEN,842139
25314848,19,8879,1995,0.0,19578.0,-1.142708,-0.9045280000000001,BEN,842191
25321374,19,8880,1995,0.0,71617.0,-1.142708,-0.9045280000000001,BEN,842199
25327900,19,8881,1995,1621.0,4834.0,-1.142708,-0.9045280000000001,BEN,842211
25334426,19,8882,1995,0.0,12893.0,-1.142708,-0.9045280000000001,BEN,842219
25340952,19,8883,1995,,,-1.142708,-0.9045280000000001,BEN,842220
25347478,19,8884,1995,0.0,94819.0,-1.142708,-0.9045280000000001,BEN,842230
25354004,19,8885,1995,0.0,7824.0,-1.142708,-0.9045280000000001,BEN,842240
25360530,19,8886,1995,0.0,84434.0,-1.142708,-0.9045280000000001,BEN,842290
25367056,19,8887,1995,0.0,14309.0,-1.142708,-0.9045280000000001,BEN,842310
25373582,19,8888,1995,,,-1.142708,-0.9045280000000001,BEN,842320
25380108,19,8889,1995,,,-1.142708,-0.9045280000000001,BEN,842330
25386634,19,8890,1995,0.0,86594.0,-1.142708,-0.9045280000000001,BEN,842381
25393160,19,8891,1995,0.0,46335.0,-1.142708,-0.9045280000000001,BEN,842382
25399686,19,8892,1995,0.0,270087.0,-1.142708,-0.9045280000000001,BEN,842389
25406212,19,8893,1995,0.0,9215.0,-1.142708,-0.9045280000000001,BEN,842390
25412738,19,8894,1995,0.0,82896.0,-1.142708,-0.9045280000000001,BEN,842410
25419264,19,8895,1995,0.0,4452.0,-1.142708,-0.9045280000000001,BEN,842420
25425790,19,8896,1995,0.0,6849.0,-1.142708,-0.9045280000000001,BEN,842430
25432316,19,8897,1995,0.0,367875.0,-1.142708,-0.9045280000000001,BEN,842481
25438842,19,8898,1995,0.0,25866.0,-1.142708,-0.9045280000000001,BEN,842489
25445368,19,8899,1995,0.0,41067.0,-1.142708,-0.9045280000000001,BEN,842490
25451894,19,8900,1995,0.0,71517.0,-1.142708,-0.9045280000000001,BEN,842511
25458420,19,8901,1995,0.0,51372.0,-1.142708,-0.9045280000000001,BEN,842519
25464946,19,8902,1995,,,-1.142708,-0.9045280000000001,BEN,842520
25471472,19,8903,1995,0.0,11262.0,-1.142708,-0.9045280000000001,BEN,842531
25477998,19,8904,1995,0.0,14303.0,-1.142708,-0.9045280000000001,BEN,842539
25484524,19,8905,1995,,,-1.142708,-0.9045280000000001,BEN,842541
25491050,19,8906,1995,0.0,19138.0,-1.142708,-0.9045280000000001,BEN,842542
25497576,19,8907,1995,0.0,22939.0,-1.142708,-0.9045280000000001,BEN,842549
25504102,19,8908,1995,,,-1.142708,-0.9045280000000001,BEN,842611
25510628,19,8909,1995,,,-1.142708,-0.9045280000000001,BEN,842612
25517154,19,8910,1995,0.0,6849.0,-1.142708,-0.9045280000000001,BEN,842619
25523680,19,8911,1995,0.0,70067.0,-1.142708,-0.9045280000000001,BEN,842620
25530206,19,8912,1995,,,-1.142708,-0.9045280000000001,BEN,842630
25536732,19,8913,1995,0.0,15069.0,-1.142708,-0.9045280000000001,BEN,842641
25543258,19,8914,1995,,,-1.142708,-0.9045280000000001,BEN,842649
25549784,19,8915,1995,0.0,7051.0,-1.142708,-0.9045280000000001,BEN,842691
25556310,19,8916,1995,0.0,30822.0,-1.142708,-0.9045280000000001,BEN,842699
25562836,19,8917,1995,,,-1.142708,-0.9045280000000001,BEN,842710
25569362,19,8918,1995,0.0,907850.0,-1.142708,-0.9045280000000001,BEN,842720
25575888,19,8919,1995,0.0,61645.0,-1.142708,-0.9045280000000001,BEN,842790
25582414,19,8920,1995,0.0,156533.0,-1.142708,-0.9045280000000001,BEN,842810
25588940,19,8921,1995,,,-1.142708,-0.9045280000000001,BEN,842820
25595466,19,8922,1995,,,-1.142708,-0.9045280000000001,BEN,842831
25601992,19,8923,1995,,,-1.142708,-0.9045280000000001,BEN,842832
25608518,19,8924,1995,,,-1.142708,-0.9045280000000001,BEN,842833
25615044,19,8925,1995,0.0,6273.0,-1.142708,-0.9045280000000001,BEN,842839
25621570,19,8926,1995,,,-1.142708,-0.9045280000000001,BEN,842840
25628096,19,8927,1995,,,-1.142708,-0.9045280000000001,BEN,842850
25634622,19,8928,1995,,,-1.142708,-0.9045280000000001,BEN,842860
25641148,19,8929,1995,0.0,107377.0,-1.142708,-0.9045280000000001,BEN,842890
25647674,19,8930,1995,0.0,255417.0,-1.142708,-0.9045280000000001,BEN,842911
25654200,19,8931,1995,0.0,59996.0,-1.142708,-0.9045280000000001,BEN,842919
25660726,19,8932,1995,0.0,36322.0,-1.142708,-0.9045280000000001,BEN,842920
25667252,19,8933,1995,0.0,4894.0,-1.142708,-0.9045280000000001,BEN,842930
25673778,19,8934,1995,0.0,991406.0,-1.142708,-0.9045280000000001,BEN,842940
25680304,19,8935,1995,0.0,1211140.0,-1.142708,-0.9045280000000001,BEN,842951
25686830,19,8936,1995,0.0,7099.0,-1.142708,-0.9045280000000001,BEN,842952
25693356,19,8937,1995,0.0,639956.0,-1.142708,-0.9045280000000001,BEN,842959
25699882,19,8938,1995,,,-1.142708,-0.9045280000000001,BEN,843010
25706408,19,8939,1995,,,-1.142708,-0.9045280000000001,BEN,843020
25712934,19,8940,1995,,,-1.142708,-0.9045280000000001,BEN,843031
25719460,19,8941,1995,0.0,58736.0,-1.142708,-0.9045280000000001,BEN,843039
25725986,19,8942,1995,,,-1.142708,-0.9045280000000001,BEN,843041
25732512,19,8943,1995,0.0,28755.0,-1.142708,-0.9045280000000001,BEN,843049
25739038,19,8944,1995,0.0,16312.0,-1.142708,-0.9045280000000001,BEN,843050
25745564,19,8945,1995,,,-1.142708,-0.9045280000000001,BEN,843061
25752090,19,8946,1995,,,-1.142708,-0.9045280000000001,BEN,843062
25758616,19,8947,1995,0.0,7453.0,-1.142708,-0.9045280000000001,BEN,843069
25765142,19,8948,1995,0.0,2931.0,-1.142708,-0.9045280000000001,BEN,843110
25771668,19,8949,1995,0.0,638228.0,-1.142708,-0.9045280000000001,BEN,843120
25778194,19,8950,1995,0.0,37236.0,-1.142708,-0.9045280000000001,BEN,843131
25784720,19,8951,1995,0.0,144570.0,-1.142708,-0.9045280000000001,BEN,843139
25791246,19,8952,1995,0.0,177065.0,-1.142708,-0.9045280000000001,BEN,843141
25797772,19,8953,1995,0.0,20690.0,-1.142708,-0.9045280000000001,BEN,843142
25804298,19,8954,1995,0.0,660496.0,-1.142708,-0.9045280000000001,BEN,843143
25810824,19,8955,1995,0.0,724422.0,-1.142708,-0.9045280000000001,BEN,843149
25817350,19,8956,1995,0.0,19339.0,-1.142708,-0.9045280000000001,BEN,843210
25823876,19,8957,1995,0.0,5439.0,-1.142708,-0.9045280000000001,BEN,843221
25830402,19,8958,1995,,,-1.142708,-0.9045280000000001,BEN,843229
25836928,19,8959,1995,0.0,53500.0,-1.142708,-0.9045280000000001,BEN,843230
25843454,19,8960,1995,,,-1.142708,-0.9045280000000001,BEN,843240
25849980,19,8961,1995,0.0,35840.0,-1.142708,-0.9045280000000001,BEN,843280
25856506,19,8962,1995,0.0,4834.0,-1.142708,-0.9045280000000001,BEN,843290
25863032,19,8963,1995,0.0,11723.0,-1.142708,-0.9045280000000001,BEN,843311
25869558,19,8964,1995,0.0,3828.0,-1.142708,-0.9045280000000001,BEN,843319
25876084,19,8965,1995,0.0,4029.0,-1.142708,-0.9045280000000001,BEN,843320
25882610,19,8966,1995,,,-1.142708,-0.9045280000000001,BEN,843330
25889136,19,8967,1995,0.0,29211.0,-1.142708,-0.9045280000000001,BEN,843340
25895662,19,8968,1995,,,-1.142708,-0.9045280000000001,BEN,843351
25902188,19,8969,1995,,,-1.142708,-0.9045280000000001,BEN,843352
25908714,19,8970,1995,,,-1.142708,-0.9045280000000001,BEN,843353
25915240,19,8971,1995,,,-1.142708,-0.9045280000000001,BEN,843359
25921766,19,8972,1995,,,-1.142708,-0.9045280000000001,BEN,843360
25928292,19,8973,1995,0.0,5841.0,-1.142708,-0.9045280000000001,BEN,843390
25934818,19,8974,1995,,,-1.142708,-0.9045280000000001,BEN,843410
25941344,19,8975,1995,,,-1.142708,-0.9045280000000001,BEN,843420
25947870,19,8976,1995,,,-1.142708,-0.9045280000000001,BEN,843490
25954396,19,8977,1995,0.0,32912.0,-1.142708,-0.9045280000000001,BEN,843510
25960922,19,8978,1995,0.0,1224.0,-1.142708,-0.9045280000000001,BEN,843590
25967448,19,8979,1995,0.0,14095.0,-1.142708,-0.9045280000000001,BEN,843610
25973974,19,8980,1995,0.0,5841.0,-1.142708,-0.9045280000000001,BEN,843621
25980500,19,8981,1995,0.0,44710.0,-1.142708,-0.9045280000000001,BEN,843629
25987026,19,8982,1995,0.0,5841.0,-1.142708,-0.9045280000000001,BEN,843680
25993552,19,8983,1995,0.0,29211.0,-1.142708,-0.9045280000000001,BEN,843691
26000078,19,8984,1995,0.0,9065.0,-1.142708,-0.9045280000000001,BEN,843699
26006604,19,8985,1995,17936.0,0.0,-1.142708,-0.9045280000000001,BEN,843710
26013130,19,8986,1995,2061.0,137964.0,-1.142708,-0.9045280000000001,BEN,843780
26019656,19,8987,1995,0.0,7277.0,-1.142708,-0.9045280000000001,BEN,843790
26026182,19,8988,1995,1225.0,80583.0,-1.142708,-0.9045280000000001,BEN,843810
26032708,19,8989,1995,,,-1.142708,-0.9045280000000001,BEN,843820
26039234,19,8990,1995,,,-1.142708,-0.9045280000000001,BEN,843830
26045760,19,8991,1995,,,-1.142708,-0.9045280000000001,BEN,843840
26052286,19,8992,1995,0.0,7053.0,-1.142708,-0.9045280000000001,BEN,843850
26058812,19,8993,1995,0.0,17792.0,-1.142708,-0.9045280000000001,BEN,843860
26065338,19,8994,1995,0.0,38592.0,-1.142708,-0.9045280000000001,BEN,843880
26071864,19,8995,1995,0.0,41480.0,-1.142708,-0.9045280000000001,BEN,843890
26078390,19,8996,1995,,,-1.142708,-0.9045280000000001,BEN,843910
26084916,19,8997,1995,,,-1.142708,-0.9045280000000001,BEN,843920
26091442,19,8998,1995,,,-1.142708,-0.9045280000000001,BEN,843930
26097968,19,8999,1995,,,-1.142708,-0.9045280000000001,BEN,843991
26104494,19,9000,1995,,,-1.142708,-0.9045280000000001,BEN,843999
26111020,19,9001,1995,0.0,198839.0,-1.142708,-0.9045280000000001,BEN,844010
26117546,19,9002,1995,0.0,19840.0,-1.142708,-0.9045280000000001,BEN,844090
26124072,19,9003,1995,0.0,44028.0,-1.142708,-0.9045280000000001,BEN,844110
26130598,19,9004,1995,,,-1.142708,-0.9045280000000001,BEN,844120
26137124,19,9005,1995,,,-1.142708,-0.9045280000000001,BEN,844130
26143650,19,9006,1995,,,-1.142708,-0.9045280000000001,BEN,844140
26150176,19,9007,1995,0.0,1611.0,-1.142708,-0.9045280000000001,BEN,844180
26156702,19,9008,1995,0.0,2236.0,-1.142708,-0.9045280000000001,BEN,844190
26163228,19,9009,1995,,,-1.142708,-0.9045280000000001,BEN,844210
26169754,19,9010,1995,,,-1.142708,-0.9045280000000001,BEN,844220
26176280,19,9011,1995,0.0,4633.0,-1.142708,-0.9045280000000001,BEN,844230
26182806,19,9012,1995,0.0,6446.0,-1.142708,-0.9045280000000001,BEN,844240
26189332,19,9013,1995,0.0,177982.0,-1.142708,-0.9045280000000001,BEN,844250
26195858,19,9014,1995,0.0,2014.0,-1.142708,-0.9045280000000001,BEN,844311
26202384,19,9015,1995,,,-1.142708,-0.9045280000000001,BEN,844312
26208910,19,9016,1995,0.0,64576.0,-1.142708,-0.9045280000000001,BEN,844319
26215436,19,9017,1995,,,-1.142708,-0.9045280000000001,BEN,844321
26221962,19,9018,1995,0.0,11079.0,-1.142708,-0.9045280000000001,BEN,844329
26228488,19,9019,1995,,,-1.142708,-0.9045280000000001,BEN,844330
26235014,19,9020,1995,0.0,2216.0,-1.142708,-0.9045280000000001,BEN,844340
26241540,19,9021,1995,0.0,23167.0,-1.142708,-0.9045280000000001,BEN,844350
26248066,19,9022,1995,1216.0,5036.0,-1.142708,-0.9045280000000001,BEN,844360
26254592,19,9023,1995,0.0,119194.0,-1.142708,-0.9045280000000001,BEN,844390
26261118,19,9024,1995,,,-1.142708,-0.9045280000000001,BEN,844400
26267644,19,9025,1995,,,-1.142708,-0.9045280000000001,BEN,844511
26274170,19,9026,1995,,,-1.142708,-0.9045280000000001,BEN,844512
26280696,19,9027,1995,,,-1.142708,-0.9045280000000001,BEN,844513
26287222,19,9028,1995,32359.0,7701037.0,-1.142708,-0.9045280000000001,BEN,844519
26293748,19,9029,1995,,,-1.142708,-0.9045280000000001,BEN,844520
26300274,19,9030,1995,,,-1.142708,-0.9045280000000001,BEN,844530
26306800,19,9031,1995,0.0,262426.0,-1.142708,-0.9045280000000001,BEN,844540
26313326,19,9032,1995,0.0,6410.0,-1.142708,-0.9045280000000001,BEN,844590
26319852,19,9033,1995,,,-1.142708,-0.9045280000000001,BEN,844610
26326378,19,9034,1995,,,-1.142708,-0.9045280000000001,BEN,844621
26332904,19,9035,1995,,,-1.142708,-0.9045280000000001,BEN,844629
26339430,19,9036,1995,0.0,69121.0,-1.142708,-0.9045280000000001,BEN,844630
26345956,19,9037,1995,0.0,1225.0,-1.142708,-0.9045280000000001,BEN,844711
26352482,19,9038,1995,,,-1.142708,-0.9045280000000001,BEN,844712
26359008,19,9039,1995,,,-1.142708,-0.9045280000000001,BEN,844720
26365534,19,9040,1995,,,-1.142708,-0.9045280000000001,BEN,844790
26372060,19,9041,1995,0.0,10382.0,-1.142708,-0.9045280000000001,BEN,844811
26378586,19,9042,1995,0.0,78840.0,-1.142708,-0.9045280000000001,BEN,844819
26385112,19,9043,1995,0.0,14620.0,-1.142708,-0.9045280000000001,BEN,844820
26391638,19,9044,1995,,,-1.142708,-0.9045280000000001,BEN,844831
26398164,19,9045,1995,0.0,61946.0,-1.142708,-0.9045280000000001,BEN,844832
26404690,19,9046,1995,0.0,7856.0,-1.142708,-0.9045280000000001,BEN,844833
26411216,19,9047,1995,0.0,62359.0,-1.142708,-0.9045280000000001,BEN,844839
26417742,19,9048,1995,0.0,6446.0,-1.142708,-0.9045280000000001,BEN,844841
26424268,19,9049,1995,0.0,2417.0,-1.142708,-0.9045280000000001,BEN,844842
26430794,19,9050,1995,0.0,22224.0,-1.142708,-0.9045280000000001,BEN,844849
26437320,19,9051,1995,,,-1.142708,-0.9045280000000001,BEN,844851
26443846,19,9052,1995,0.0,50548.0,-1.142708,-0.9045280000000001,BEN,844859
26450372,19,9053,1995,,,-1.142708,-0.9045280000000001,BEN,844900
26456898,19,9054,1995,0.0,60616.0,-1.142708,-0.9045280000000001,BEN,845011
26463424,19,9055,1995,0.0,2220.0,-1.142708,-0.9045280000000001,BEN,845012
26469950,19,9056,1995,0.0,4933.0,-1.142708,-0.9045280000000001,BEN,845019
26476476,19,9057,1995,0.0,19138.0,-1.142708,-0.9045280000000001,BEN,845020
26483002,19,9058,1995,,,-1.142708,-0.9045280000000001,BEN,845090
26489528,19,9059,1995,,,-1.142708,-0.9045280000000001,BEN,845110
26496054,19,9060,1995,0.0,1208.0,-1.142708,-0.9045280000000001,BEN,845121
26502580,19,9061,1995,0.0,16555.0,-1.142708,-0.9045280000000001,BEN,845129
26509106,19,9062,1995,0.0,7252.0,-1.142708,-0.9045280000000001,BEN,845130
26515632,19,9063,1995,0.0,26287.0,-1.142708,-0.9045280000000001,BEN,845140
26522158,19,9064,1995,0.0,42104.0,-1.142708,-0.9045280000000001,BEN,845150
26528684,19,9065,1995,0.0,15914.0,-1.142708,-0.9045280000000001,BEN,845180
26535210,19,9066,1995,0.0,3626.0,-1.142708,-0.9045280000000001,BEN,845190
26541736,19,9067,1995,0.0,718414.0,-1.142708,-0.9045280000000001,BEN,845210
26548262,19,9068,1995,,,-1.142708,-0.9045280000000001,BEN,845221
26554788,19,9069,1995,0.0,46512.0,-1.142708,-0.9045280000000001,BEN,845229
26561314,19,9070,1995,,,-1.142708,-0.9045280000000001,BEN,845230
26567840,19,9071,1995,0.0,8207.0,-1.142708,-0.9045280000000001,BEN,845240
26574366,19,9072,1995,0.0,43097.0,-1.142708,-0.9045280000000001,BEN,845290
26580892,19,9073,1995,,,-1.142708,-0.9045280000000001,BEN,845310
26587418,19,9074,1995,0.0,1105.0,-1.142708,-0.9045280000000001,BEN,845320
26593944,19,9075,1995,,,-1.142708,-0.9045280000000001,BEN,845380
26600470,19,9076,1995,,,-1.142708,-0.9045280000000001,BEN,845390
26606996,19,9077,1995,,,-1.142708,-0.9045280000000001,BEN,845410
26613522,19,9078,1995,,,-1.142708,-0.9045280000000001,BEN,845420
26620048,19,9079,1995,,,-1.142708,-0.9045280000000001,BEN,845430
26626574,19,9080,1995,,,-1.142708,-0.9045280000000001,BEN,845490
26633100,19,9081,1995,,,-1.142708,-0.9045280000000001,BEN,845510
26639626,19,9082,1995,0.0,6648.0,-1.142708,-0.9045280000000001,BEN,845521
26646152,19,9083,1995,,,-1.142708,-0.9045280000000001,BEN,845522
26652678,19,9084,1995,,,-1.142708,-0.9045280000000001,BEN,845530
26659204,19,9085,1995,,,-1.142708,-0.9045280000000001,BEN,845590
26665730,19,9086,1995,,,-1.142708,-0.9045280000000001,BEN,845610
26672256,19,9087,1995,,,-1.142708,-0.9045280000000001,BEN,845620
26678782,19,9088,1995,,,-1.142708,-0.9045280000000001,BEN,845630
26685308,19,9089,1995,,,-1.142708,-0.9045280000000001,BEN,845690
26691834,19,9090,1995,,,-1.142708,-0.9045280000000001,BEN,845710
26698360,19,9091,1995,,,-1.142708,-0.9045280000000001,BEN,845720
26704886,19,9092,1995,,,-1.142708,-0.9045280000000001,BEN,845730
26711412,19,9093,1995,,,-1.142708,-0.9045280000000001,BEN,845811
26717938,19,9094,1995,0.0,18066.0,-1.142708,-0.9045280000000001,BEN,845819
26724464,19,9095,1995,,,-1.142708,-0.9045280000000001,BEN,845891
26730990,19,9096,1995,0.0,11684.0,-1.142708,-0.9045280000000001,BEN,845899
26737516,19,9097,1995,,,-1.142708,-0.9045280000000001,BEN,845910
26744042,19,9098,1995,,,-1.142708,-0.9045280000000001,BEN,845921
26750568,19,9099,1995,0.0,10352.0,-1.142708,-0.9045280000000001,BEN,845929
26757094,19,9100,1995,,,-1.142708,-0.9045280000000001,BEN,845931
26763620,19,9101,1995,,,-1.142708,-0.9045280000000001,BEN,845939
26770146,19,9102,1995,0.0,3859.0,-1.142708,-0.9045280000000001,BEN,845940
26776672,19,9103,1995,,,-1.142708,-0.9045280000000001,BEN,845951
26783198,19,9104,1995,,,-1.142708,-0.9045280000000001,BEN,845959
26789724,19,9105,1995,,,-1.142708,-0.9045280000000001,BEN,845961
26796250,19,9106,1995,0.0,1208.0,-1.142708,-0.9045280000000001,BEN,845969
26802776,19,9107,1995,,,-1.142708,-0.9045280000000001,BEN,845970
26809302,19,9108,1995,,,-1.142708,-0.9045280000000001,BEN,846011
26815828,19,9109,1995,,,-1.142708,-0.9045280000000001,BEN,846019
26822354,19,9110,1995,,,-1.142708,-0.9045280000000001,BEN,846021
26828880,19,9111,1995,,,-1.142708,-0.9045280000000001,BEN,846029
26835406,19,9112,1995,,,-1.142708,-0.9045280000000001,BEN,846031
26841932,19,9113,1995,0.0,2618.0,-1.142708,-0.9045280000000001,BEN,846039
26848458,19,9114,1995,,,-1.142708,-0.9045280000000001,BEN,846040
26854984,19,9115,1995,0.0,6648.0,-1.142708,-0.9045280000000001,BEN,846090
26861510,19,9116,1995,0.0,1119.0,-1.142708,-0.9045280000000001,BEN,846110
26868036,19,9117,1995,0.0,10273.0,-1.142708,-0.9045280000000001,BEN,846120
26874562,19,9118,1995,,,-1.142708,-0.9045280000000001,BEN,846130
26881088,19,9119,1995,,,-1.142708,-0.9045280000000001,BEN,846140
26887614,19,9120,1995,0.0,43924.0,-1.142708,-0.9045280000000001,BEN,846150
26894140,19,9121,1995,0.0,21356.0,-1.142708,-0.9045280000000001,BEN,846190
26900666,19,9122,1995,,,-1.142708,-0.9045280000000001,BEN,846210
26907192,19,9123,1995,,,-1.142708,-0.9045280000000001,BEN,846221
26913718,19,9124,1995,0.0,7655.0,-1.142708,-0.9045280000000001,BEN,846229
26920244,19,9125,1995,,,-1.142708,-0.9045280000000001,BEN,846231
26926770,19,9126,1995,0.0,29062.0,-1.142708,-0.9045280000000001,BEN,846239
26933296,19,9127,1995,,,-1.142708,-0.9045280000000001,BEN,846241
26939822,19,9128,1995,,,-1.142708,-0.9045280000000001,BEN,846249
26946348,19,9129,1995,0.0,24981.0,-1.142708,-0.9045280000000001,BEN,846291
26952874,19,9130,1995,,,-1.142708,-0.9045280000000001,BEN,846299
26959400,19,9131,1995,,,-1.142708,-0.9045280000000001,BEN,846310
26965926,19,9132,1995,0.0,126515.0,-1.142708,-0.9045280000000001,BEN,846320
26972452,19,9133,1995,,,-1.142708,-0.9045280000000001,BEN,846330
26978978,19,9134,1995,0.0,12490.0,-1.142708,-0.9045280000000001,BEN,846390
26985504,19,9135,1995,,,-1.142708,-0.9045280000000001,BEN,846410
26992030,19,9136,1995,,,-1.142708,-0.9045280000000001,BEN,846420
26998556,19,9137,1995,0.0,13858.0,-1.142708,-0.9045280000000001,BEN,846490
27005082,19,9138,1995,0.0,52983.0,-1.142708,-0.9045280000000001,BEN,846510
27011608,19,9139,1995,0.0,97984.0,-1.142708,-0.9045280000000001,BEN,846591
27018134,19,9140,1995,0.0,36412.0,-1.142708,-0.9045280000000001,BEN,846592
27024660,19,9141,1995,0.0,3166.0,-1.142708,-0.9045280000000001,BEN,846593
27031186,19,9142,1995,0.0,24551.0,-1.142708,-0.9045280000000001,BEN,846594
27037712,19,9143,1995,0.0,3626.0,-1.142708,-0.9045280000000001,BEN,846595
27044238,19,9144,1995,,,-1.142708,-0.9045280000000001,BEN,846596
27050764,19,9145,1995,0.0,128568.0,-1.142708,-0.9045280000000001,BEN,846599
27057290,19,9146,1995,0.0,11079.0,-1.142708,-0.9045280000000001,BEN,846610
27063816,19,9147,1995,,,-1.142708,-0.9045280000000001,BEN,846620
27070342,19,9148,1995,0.0,4471.0,-1.142708,-0.9045280000000001,BEN,846630
27076868,19,9149,1995,,,-1.142708,-0.9045280000000001,BEN,846691
27083394,19,9150,1995,0.0,150400.0,-1.142708,-0.9045280000000001,BEN,846692
27089920,19,9151,1995,,,-1.142708,-0.9045280000000001,BEN,846693
27096446,19,9152,1995,0.0,7918.0,-1.142708,-0.9045280000000001,BEN,846694
27102972,19,9153,1995,0.0,4431.0,-1.142708,-0.9045280000000001,BEN,846711
27109498,19,9154,1995,0.0,27801.0,-1.142708,-0.9045280000000001,BEN,846719
27116024,19,9155,1995,,,-1.142708,-0.9045280000000001,BEN,846781
27122550,19,9156,1995,0.0,27682.0,-1.142708,-0.9045280000000001,BEN,846789
27129076,19,9157,1995,1111.0,0.0,-1.142708,-0.9045280000000001,BEN,846791
27135602,19,9158,1995,0.0,13877.0,-1.142708,-0.9045280000000001,BEN,846792
27142128,19,9159,1995,0.0,4696.0,-1.142708,-0.9045280000000001,BEN,846799
27148654,19,9160,1995,,,-1.142708,-0.9045280000000001,BEN,846810
27155180,19,9161,1995,,,-1.142708,-0.9045280000000001,BEN,846820
27161706,19,9162,1995,,,-1.142708,-0.9045280000000001,BEN,846880
27168232,19,9163,1995,0.0,21354.0,-1.142708,-0.9045280000000001,BEN,846890
27174758,19,9164,1995,2121.0,33211.0,-1.142708,-0.9045280000000001,BEN,846910
27181284,19,9165,1995,0.0,7856.0,-1.142708,-0.9045280000000001,BEN,846921
27187810,19,9166,1995,0.0,28002.0,-1.142708,-0.9045280000000001,BEN,846929
27194336,19,9167,1995,,,-1.142708,-0.9045280000000001,BEN,846931
27200862,19,9168,1995,0.0,1568.0,-1.142708,-0.9045280000000001,BEN,846939
27207388,19,9169,1995,0.0,7382.0,-1.142708,-0.9045280000000001,BEN,847010
27213914,19,9170,1995,0.0,5036.0,-1.142708,-0.9045280000000001,BEN,847021
27220440,19,9171,1995,,,-1.142708,-0.9045280000000001,BEN,847029
27226966,19,9172,1995,0.0,18131.0,-1.142708,-0.9045280000000001,BEN,847030
27233492,19,9173,1995,,,-1.142708,-0.9045280000000001,BEN,847040
27240018,19,9174,1995,0.0,1813.0,-1.142708,-0.9045280000000001,BEN,847050
27246544,19,9175,1995,0.0,2130.0,-1.142708,-0.9045280000000001,BEN,847090
27253070,19,9176,1995,5222.0,127072.0,-1.142708,-0.9045280000000001,BEN,847110
27259596,19,9177,1995,4988.0,2178973.0,-1.142708,-0.9045280000000001,BEN,847120
27266122,19,9178,1995,19027.0,1433332.0,-1.142708,-0.9045280000000001,BEN,847191
27272648,19,9179,1995,0.0,727659.0,-1.142708,-0.9045280000000001,BEN,847192
27279174,19,9180,1995,0.0,320261.0,-1.142708,-0.9045280000000001,BEN,847193
27285700,19,9181,1995,0.0,443781.0,-1.142708,-0.9045280000000001,BEN,847199
27292226,19,9182,1995,13302.0,7754.0,-1.142708,-0.9045280000000001,BEN,847210
27298752,19,9183,1995,,,-1.142708,-0.9045280000000001,BEN,847220
27305278,19,9184,1995,,,-1.142708,-0.9045280000000001,BEN,847230
27311804,19,9185,1995,2541.0,106237.0,-1.142708,-0.9045280000000001,BEN,847290
27318330,19,9186,1995,0.0,9266.0,-1.142708,-0.9045280000000001,BEN,847310
27324856,19,9187,1995,,,-1.142708,-0.9045280000000001,BEN,847321
27331382,19,9188,1995,0.0,1225.0,-1.142708,-0.9045280000000001,BEN,847329
27337908,19,9189,1995,2580.0,622224.0,-1.142708,-0.9045280000000001,BEN,847330
27344434,19,9190,1995,0.0,12087.0,-1.142708,-0.9045280000000001,BEN,847340
27350960,19,9191,1995,0.0,44320.0,-1.142708,-0.9045280000000001,BEN,847410
27357486,19,9192,1995,0.0,16318.0,-1.142708,-0.9045280000000001,BEN,847420
27364012,19,9193,1995,0.0,231638.0,-1.142708,-0.9045280000000001,BEN,847431
27370538,19,9194,1995,0.0,3223.0,-1.142708,-0.9045280000000001,BEN,847432
27377064,19,9195,1995,0.0,12857.0,-1.142708,-0.9045280000000001,BEN,847439
27383590,19,9196,1995,0.0,3223.0,-1.142708,-0.9045280000000001,BEN,847480
27390116,19,9197,1995,0.0,424225.0,-1.142708,-0.9045280000000001,BEN,847490
27396642,19,9198,1995,,,-1.142708,-0.9045280000000001,BEN,847510
27403168,19,9199,1995,,,-1.142708,-0.9045280000000001,BEN,847520
27409694,19,9200,1995,,,-1.142708,-0.9045280000000001,BEN,847590
27416220,19,9201,1995,0.0,7068.0,-1.142708,-0.9045280000000001,BEN,847611
27422746,19,9202,1995,,,-1.142708,-0.9045280000000001,BEN,847619
27429272,19,9203,1995,,,-1.142708,-0.9045280000000001,BEN,847690
27435798,19,9204,1995,0.0,28607.0,-1.142708,-0.9045280000000001,BEN,847710
27442324,19,9205,1995,0.0,108849.0,-1.142708,-0.9045280000000001,BEN,847720
27448850,19,9206,1995,,,-1.142708,-0.9045280000000001,BEN,847730
27455376,19,9207,1995,,,-1.142708,-0.9045280000000001,BEN,847740
27461902,19,9208,1995,,,-1.142708,-0.9045280000000001,BEN,847751
27468428,19,9209,1995,,,-1.142708,-0.9045280000000001,BEN,847759
27474954,19,9210,1995,,,-1.142708,-0.9045280000000001,BEN,847780
27481480,19,9211,1995,0.0,67689.0,-1.142708,-0.9045280000000001,BEN,847790
27488006,19,9212,1995,52280.0,0.0,-1.142708,-0.9045280000000001,BEN,847810
27494532,19,9213,1995,0.0,30987.0,-1.142708,-0.9045280000000001,BEN,847890
27501058,19,9214,1995,0.0,38679.0,-1.142708,-0.9045280000000001,BEN,847910
27507584,19,9215,1995,0.0,8942.0,-1.142708,-0.9045280000000001,BEN,847920
27514110,19,9216,1995,,,-1.142708,-0.9045280000000001,BEN,847930
27520636,19,9217,1995,,,-1.142708,-0.9045280000000001,BEN,847940
27527162,19,9218,1995,,,-1.142708,-0.9045280000000001,BEN,847981
27533688,19,9219,1995,0.0,33460.0,-1.142708,-0.9045280000000001,BEN,847982
27540214,19,9220,1995,0.0,472628.0,-1.142708,-0.9045280000000001,BEN,847989
27546740,19,9221,1995,0.0,239961.0,-1.142708,-0.9045280000000001,BEN,847990
27553266,19,9222,1995,0.0,14706.0,-1.142708,-0.9045280000000001,BEN,848010
27559792,19,9223,1995,,,-1.142708,-0.9045280000000001,BEN,848020
27566318,19,9224,1995,,,-1.142708,-0.9045280000000001,BEN,848030
27572844,19,9225,1995,,,-1.142708,-0.9045280000000001,BEN,848041
27579370,19,9226,1995,0.0,15914.0,-1.142708,-0.9045280000000001,BEN,848049
27585896,19,9227,1995,,,-1.142708,-0.9045280000000001,BEN,848050
27592422,19,9228,1995,0.0,1261.0,-1.142708,-0.9045280000000001,BEN,848060
27598948,19,9229,1995,0.0,3685.0,-1.142708,-0.9045280000000001,BEN,848071
27605474,19,9230,1995,0.0,117651.0,-1.142708,-0.9045280000000001,BEN,848079
27612000,19,9231,1995,0.0,2417.0,-1.142708,-0.9045280000000001,BEN,848110
27618526,19,9232,1995,,,-1.142708,-0.9045280000000001,BEN,848120
27625052,19,9233,1995,0.0,14122.0,-1.142708,-0.9045280000000001,BEN,848130
27631578,19,9234,1995,0.0,1813.0,-1.142708,-0.9045280000000001,BEN,848140
27638104,19,9235,1995,0.0,758568.0,-1.142708,-0.9045280000000001,BEN,848180
27644630,19,9236,1995,0.0,66200.0,-1.142708,-0.9045280000000001,BEN,848190
27651156,19,9237,1995,0.0,56610.0,-1.142708,-0.9045280000000001,BEN,848210
27657682,19,9238,1995,0.0,3242.0,-1.142708,-0.9045280000000001,BEN,848220
27664208,19,9239,1995,0.0,2236.0,-1.142708,-0.9045280000000001,BEN,848230
27670734,19,9240,1995,0.0,3626.0,-1.142708,-0.9045280000000001,BEN,848240
27677260,19,9241,1995,0.0,2154.0,-1.142708,-0.9045280000000001,BEN,848250
27683786,19,9242,1995,0.0,26794.0,-1.142708,-0.9045280000000001,BEN,848280
27690312,19,9243,1995,,,-1.142708,-0.9045280000000001,BEN,848291
27696838,19,9244,1995,0.0,2820.0,-1.142708,-0.9045280000000001,BEN,848299
27703364,19,9245,1995,0.0,43740.0,-1.142708,-0.9045280000000001,BEN,848310
27709890,19,9246,1995,,,-1.142708,-0.9045280000000001,BEN,848320
27716416,19,9247,1995,0.0,71658.0,-1.142708,-0.9045280000000001,BEN,848330
27722942,19,9248,1995,0.0,47882.0,-1.142708,-0.9045280000000001,BEN,848340
27729468,19,9249,1995,0.0,18557.0,-1.142708,-0.9045280000000001,BEN,848350
27735994,19,9250,1995,0.0,15954.0,-1.142708,-0.9045280000000001,BEN,848360
27742520,19,9251,1995,0.0,31869.0,-1.142708,-0.9045280000000001,BEN,848390
27749046,19,9252,1995,0.0,84831.0,-1.142708,-0.9045280000000001,BEN,848410
27755572,19,9253,1995,0.0,73532.0,-1.142708,-0.9045280000000001,BEN,848490
27762098,19,9254,1995,,,-1.142708,-0.9045280000000001,BEN,848510
27768624,19,9255,1995,0.0,288151.0,-1.142708,-0.9045280000000001,BEN,848590
27775150,19,9256,1995,0.0,6783.0,-1.142708,-0.9045280000000001,BEN,850110
27781676,19,9257,1995,0.0,4230.0,-1.142708,-0.9045280000000001,BEN,850120
27788202,19,9258,1995,,,-1.142708,-0.9045280000000001,BEN,850131
27794728,19,9259,1995,0.0,32605.0,-1.142708,-0.9045280000000001,BEN,850132
27801254,19,9260,1995,,,-1.142708,-0.9045280000000001,BEN,850133
27807780,19,9261,1995,,,-1.142708,-0.9045280000000001,BEN,850134
27814306,19,9262,1995,0.0,230161.0,-1.142708,-0.9045280000000001,BEN,850140
27820832,19,9263,1995,0.0,1137.0,-1.142708,-0.9045280000000001,BEN,850151
27827358,19,9264,1995,1829.0,277767.0,-1.142708,-0.9045280000000001,BEN,850152
27833884,19,9265,1995,0.0,88440.0,-1.142708,-0.9045280000000001,BEN,850153
27840410,19,9266,1995,0.0,35856.0,-1.142708,-0.9045280000000001,BEN,850161
27846936,19,9267,1995,0.0,13860.0,-1.142708,-0.9045280000000001,BEN,850162
27853462,19,9268,1995,0.0,9856.0,-1.142708,-0.9045280000000001,BEN,850163
27859988,19,9269,1995,,,-1.142708,-0.9045280000000001,BEN,850164
27866514,19,9270,1995,0.0,207238.0,-1.142708,-0.9045280000000001,BEN,850211
27873040,19,9271,1995,0.0,342903.0,-1.142708,-0.9045280000000001,BEN,850212
27879566,19,9272,1995,0.0,533140.0,-1.142708,-0.9045280000000001,BEN,850213
27886092,19,9273,1995,0.0,39340.0,-1.142708,-0.9045280000000001,BEN,850220
27892618,19,9274,1995,0.0,937370.0,-1.142708,-0.9045280000000001,BEN,850230
27899144,19,9275,1995,,,-1.142708,-0.9045280000000001,BEN,850240
27905670,19,9276,1995,0.0,842408.0,-1.142708,-0.9045280000000001,BEN,850300
27912196,19,9277,1995,0.0,11281.0,-1.142708,-0.9045280000000001,BEN,850410
27918722,19,9278,1995,0.0,195308.0,-1.142708,-0.9045280000000001,BEN,850421
27925248,19,9279,1995,0.0,9266.0,-1.142708,-0.9045280000000001,BEN,850422
27931774,19,9280,1995,,,-1.142708,-0.9045280000000001,BEN,850423
27938300,19,9281,1995,0.0,4653.0,-1.142708,-0.9045280000000001,BEN,850431
27944826,19,9282,1995,0.0,33533.0,-1.142708,-0.9045280000000001,BEN,850432
27951352,19,9283,1995,0.0,250588.0,-1.142708,-0.9045280000000001,BEN,850433
27957878,19,9284,1995,,,-1.142708,-0.9045280000000001,BEN,850434
27964404,19,9285,1995,0.0,415453.0,-1.142708,-0.9045280000000001,BEN,850440
27970930,19,9286,1995,0.0,3938.0,-1.142708,-0.9045280000000001,BEN,850450
27977456,19,9287,1995,0.0,25584.0,-1.142708,-0.9045280000000001,BEN,850490
27983982,19,9288,1995,,,-1.142708,-0.9045280000000001,BEN,850511
27990508,19,9289,1995,,,-1.142708,-0.9045280000000001,BEN,850519
27997034,19,9290,1995,0.0,9266.0,-1.142708,-0.9045280000000001,BEN,850520
28003560,19,9291,1995,,,-1.142708,-0.9045280000000001,BEN,850530
28010086,19,9292,1995,0.0,1118.0,-1.142708,-0.9045280000000001,BEN,850590
28016612,19,9293,1995,44144.0,932147.0,-1.142708,-0.9045280000000001,BEN,850611
28023138,19,9294,1995,,,-1.142708,-0.9045280000000001,BEN,850612
28029664,19,9295,1995,,,-1.142708,-0.9045280000000001,BEN,850613
28036190,19,9296,1995,67897.0,10756306.0,-1.142708,-0.9045280000000001,BEN,850619
28042716,19,9297,1995,2712.0,6152.0,-1.142708,-0.9045280000000001,BEN,850620
28049242,19,9298,1995,,,-1.142708,-0.9045280000000001,BEN,850690
28055768,19,9299,1995,1037.0,446405.0,-1.142708,-0.9045280000000001,BEN,850710
28062294,19,9300,1995,0.0,54106.0,-1.142708,-0.9045280000000001,BEN,850720
28068820,19,9301,1995,0.0,37318.0,-1.142708,-0.9045280000000001,BEN,850730
28075346,19,9302,1995,,,-1.142708,-0.9045280000000001,BEN,850740
28081872,19,9303,1995,4155.0,39933.0,-1.142708,-0.9045280000000001,BEN,850780
28088398,19,9304,1995,0.0,14007.0,-1.142708,-0.9045280000000001,BEN,850790
28094924,19,9305,1995,0.0,34929.0,-1.142708,-0.9045280000000001,BEN,850810
28101450,19,9306,1995,0.0,6461.0,-1.142708,-0.9045280000000001,BEN,850820
28107976,19,9307,1995,0.0,40020.0,-1.142708,-0.9045280000000001,BEN,850880
28114502,19,9308,1995,0.0,7231.0,-1.142708,-0.9045280000000001,BEN,850890
28121028,19,9309,1995,0.0,10574.0,-1.142708,-0.9045280000000001,BEN,850910
28127554,19,9310,1995,,,-1.142708,-0.9045280000000001,BEN,850920
28134080,19,9311,1995,,,-1.142708,-0.9045280000000001,BEN,850930
28140606,19,9312,1995,0.0,17577.0,-1.142708,-0.9045280000000001,BEN,850940
28147132,19,9313,1995,0.0,44132.0,-1.142708,-0.9045280000000001,BEN,850980
28153658,19,9314,1995,0.0,1337.0,-1.142708,-0.9045280000000001,BEN,850990
28160184,19,9315,1995,0.0,2456.0,-1.142708,-0.9045280000000001,BEN,851010
28166710,19,9316,1995,,,-1.142708,-0.9045280000000001,BEN,851020
28173236,19,9317,1995,,,-1.142708,-0.9045280000000001,BEN,851090
28179762,19,9318,1995,0.0,64466.0,-1.142708,-0.9045280000000001,BEN,851110
28186288,19,9319,1995,,,-1.142708,-0.9045280000000001,BEN,851120
28192814,19,9320,1995,0.0,4633.0,-1.142708,-0.9045280000000001,BEN,851130
28199340,19,9321,1995,0.0,1638.0,-1.142708,-0.9045280000000001,BEN,851140
28205866,19,9322,1995,0.0,2326.0,-1.142708,-0.9045280000000001,BEN,851150
28212392,19,9323,1995,0.0,40793.0,-1.142708,-0.9045280000000001,BEN,851180
28218918,19,9324,1995,0.0,1208.0,-1.142708,-0.9045280000000001,BEN,851190
28225444,19,9325,1995,0.0,24055.0,-1.142708,-0.9045280000000001,BEN,851210
28231970,19,9326,1995,0.0,17302.0,-1.142708,-0.9045280000000001,BEN,851220
28238496,19,9327,1995,,,-1.142708,-0.9045280000000001,BEN,851230
28245022,19,9328,1995,,,-1.142708,-0.9045280000000001,BEN,851240
28251548,19,9329,1995,0.0,3626.0,-1.142708,-0.9045280000000001,BEN,851290
28258074,19,9330,1995,2604.0,187272.0,-1.142708,-0.9045280000000001,BEN,851310
28264600,19,9331,1995,,,-1.142708,-0.9045280000000001,BEN,851390
28271126,19,9332,1995,,,-1.142708,-0.9045280000000001,BEN,851410
28277652,19,9333,1995,,,-1.142708,-0.9045280000000001,BEN,851420
28284178,19,9334,1995,0.0,3021.0,-1.142708,-0.9045280000000001,BEN,851430
28290704,19,9335,1995,,,-1.142708,-0.9045280000000001,BEN,851440
28297230,19,9336,1995,,,-1.142708,-0.9045280000000001,BEN,851490
28303756,19,9337,1995,,,-1.142708,-0.9045280000000001,BEN,851511
28310282,19,9338,1995,,,-1.142708,-0.9045280000000001,BEN,851519
28316808,19,9339,1995,0.0,10286.0,-1.142708,-0.9045280000000001,BEN,851521
28323334,19,9340,1995,0.0,9101.0,-1.142708,-0.9045280000000001,BEN,851529
28329860,19,9341,1995,,,-1.142708,-0.9045280000000001,BEN,851531
28336386,19,9342,1995,0.0,62718.0,-1.142708,-0.9045280000000001,BEN,851539
28342912,19,9343,1995,0.0,14706.0,-1.142708,-0.9045280000000001,BEN,851580
28349438,19,9344,1995,,,-1.142708,-0.9045280000000001,BEN,851590
28355964,19,9345,1995,0.0,68690.0,-1.142708,-0.9045280000000001,BEN,851610
28362490,19,9346,1995,,,-1.142708,-0.9045280000000001,BEN,851621
28369016,19,9347,1995,0.0,36694.0,-1.142708,-0.9045280000000001,BEN,851629
28375542,19,9348,1995,0.0,99441.0,-1.142708,-0.9045280000000001,BEN,851631
28382068,19,9349,1995,,,-1.142708,-0.9045280000000001,BEN,851632
28388594,19,9350,1995,0.0,4230.0,-1.142708,-0.9045280000000001,BEN,851633
28395120,19,9351,1995,0.0,38445.0,-1.142708,-0.9045280000000001,BEN,851640
28401646,19,9352,1995,0.0,8443.0,-1.142708,-0.9045280000000001,BEN,851650
28408172,19,9353,1995,0.0,15109.0,-1.142708,-0.9045280000000001,BEN,851660
28414698,19,9354,1995,0.0,24775.0,-1.142708,-0.9045280000000001,BEN,851671
28421224,19,9355,1995,0.0,1062.0,-1.142708,-0.9045280000000001,BEN,851672
28427750,19,9356,1995,0.0,8293.0,-1.142708,-0.9045280000000001,BEN,851679
28434276,19,9357,1995,0.0,26934.0,-1.142708,-0.9045280000000001,BEN,851680
28440802,19,9358,1995,3030.0,3021.0,-1.142708,-0.9045280000000001,BEN,851690
28447328,19,9359,1995,1850.0,859981.0,-1.142708,-0.9045280000000001,BEN,851710
28453854,19,9360,1995,0.0,35074.0,-1.142708,-0.9045280000000001,BEN,851720
28460380,19,9361,1995,0.0,1028543.0,-1.142708,-0.9045280000000001,BEN,851730
28466906,19,9362,1995,0.0,1424726.0,-1.142708,-0.9045280000000001,BEN,851740
28473432,19,9363,1995,3138.0,619506.0,-1.142708,-0.9045280000000001,BEN,851781
28479958,19,9364,1995,0.0,288066.0,-1.142708,-0.9045280000000001,BEN,851782
28486484,19,9365,1995,1992.0,501206.0,-1.142708,-0.9045280000000001,BEN,851790
28493010,19,9366,1995,1173.0,45828.0,-1.142708,-0.9045280000000001,BEN,851810
28499536,19,9367,1995,0.0,6759.0,-1.142708,-0.9045280000000001,BEN,851821
28506062,19,9368,1995,0.0,43917.0,-1.142708,-0.9045280000000001,BEN,851822
28512588,19,9369,1995,,,-1.142708,-0.9045280000000001,BEN,851829
28519114,19,9370,1995,0.0,2655.0,-1.142708,-0.9045280000000001,BEN,851830
28525640,19,9371,1995,0.0,7584.0,-1.142708,-0.9045280000000001,BEN,851840
28532166,19,9372,1995,0.0,82070.0,-1.142708,-0.9045280000000001,BEN,851850
28538692,19,9373,1995,0.0,4834.0,-1.142708,-0.9045280000000001,BEN,851890
28545218,19,9374,1995,,,-1.142708,-0.9045280000000001,BEN,851910
28551744,19,9375,1995,,,-1.142708,-0.9045280000000001,BEN,851921
28558270,19,9376,1995,,,-1.142708,-0.9045280000000001,BEN,851929
28564796,19,9377,1995,,,-1.142708,-0.9045280000000001,BEN,851931
28571322,19,9378,1995,0.0,1006.0,-1.142708,-0.9045280000000001,BEN,851939
28577848,19,9379,1995,0.0,3353.0,-1.142708,-0.9045280000000001,BEN,851940
28584374,19,9380,1995,0.0,10693.0,-1.142708,-0.9045280000000001,BEN,851991
28590900,19,9381,1995,4114.0,35513.0,-1.142708,-0.9045280000000001,BEN,851999
28597426,19,9382,1995,,,-1.142708,-0.9045280000000001,BEN,852010
28603952,19,9383,1995,,,-1.142708,-0.9045280000000001,BEN,852020
28610478,19,9384,1995,0.0,12452.0,-1.142708,-0.9045280000000001,BEN,852031
28617004,19,9385,1995,0.0,2618.0,-1.142708,-0.9045280000000001,BEN,852039
28623530,19,9386,1995,0.0,51975.0,-1.142708,-0.9045280000000001,BEN,852090
28630056,19,9387,1995,1005.0,107418.0,-1.142708,-0.9045280000000001,BEN,852110
28636582,19,9388,1995,0.0,322814.0,-1.142708,-0.9045280000000001,BEN,852190
28643108,19,9389,1995,,,-1.142708,-0.9045280000000001,BEN,852210
28649634,19,9390,1995,0.0,14724.0,-1.142708,-0.9045280000000001,BEN,852290
28656160,19,9391,1995,0.0,20877.0,-1.142708,-0.9045280000000001,BEN,852311
28662686,19,9392,1995,,,-1.142708,-0.9045280000000001,BEN,852312
28669212,19,9393,1995,0.0,128612.0,-1.142708,-0.9045280000000001,BEN,852313
28675738,19,9394,1995,0.0,37128.0,-1.142708,-0.9045280000000001,BEN,852320
28682264,19,9395,1995,,,-1.142708,-0.9045280000000001,BEN,852390
28688790,19,9396,1995,,,-1.142708,-0.9045280000000001,BEN,852410
28695316,19,9397,1995,0.0,21882.0,-1.142708,-0.9045280000000001,BEN,852421
28701842,19,9398,1995,,,-1.142708,-0.9045280000000001,BEN,852422
28708368,19,9399,1995,0.0,22361.0,-1.142708,-0.9045280000000001,BEN,852423
28714894,19,9400,1995,4300.0,309623.0,-1.142708,-0.9045280000000001,BEN,852490
28721420,19,9401,1995,0.0,510169.0,-1.142708,-0.9045280000000001,BEN,852510
28727946,19,9402,1995,0.0,3383881.0,-1.142708,-0.9045280000000001,BEN,852520
28734472,19,9403,1995,0.0,270974.0,-1.142708,-0.9045280000000001,BEN,852530
28740998,19,9404,1995,0.0,126919.0,-1.142708,-0.9045280000000001,BEN,852610
28747524,19,9405,1995,0.0,886747.0,-1.142708,-0.9045280000000001,BEN,852691
28754050,19,9406,1995,0.0,5144.0,-1.142708,-0.9045280000000001,BEN,852692
28760576,19,9407,1995,0.0,3313033.0,-1.142708,-0.9045280000000001,BEN,852711
28767102,19,9408,1995,0.0,123362.0,-1.142708,-0.9045280000000001,BEN,852719
28773628,19,9409,1995,0.0,44780.0,-1.142708,-0.9045280000000001,BEN,852721
28780154,19,9410,1995,0.0,30193.0,-1.142708,-0.9045280000000001,BEN,852729
28786680,19,9411,1995,0.0,239248.0,-1.142708,-0.9045280000000001,BEN,852731
28793206,19,9412,1995,,,-1.142708,-0.9045280000000001,BEN,852732
28799732,19,9413,1995,0.0,61490.0,-1.142708,-0.9045280000000001,BEN,852739
28806258,19,9414,1995,0.0,57361.0,-1.142708,-0.9045280000000001,BEN,852790
28812784,19,9415,1995,2337.0,748992.0,-1.142708,-0.9045280000000001,BEN,852810
28819310,19,9416,1995,1317.0,792082.0,-1.142708,-0.9045280000000001,BEN,852820
28825836,19,9417,1995,0.0,410930.0,-1.142708,-0.9045280000000001,BEN,852910
28832362,19,9418,1995,0.0,391571.0,-1.142708,-0.9045280000000001,BEN,852990
28838888,19,9419,1995,,,-1.142708,-0.9045280000000001,BEN,853010
28845414,19,9420,1995,0.0,106772.0,-1.142708,-0.9045280000000001,BEN,853080
28851940,19,9421,1995,0.0,7537.0,-1.142708,-0.9045280000000001,BEN,853090
28858466,19,9422,1995,0.0,49752.0,-1.142708,-0.9045280000000001,BEN,853110
28864992,19,9423,1995,,,-1.142708,-0.9045280000000001,BEN,853120
28871518,19,9424,1995,0.0,31120.0,-1.142708,-0.9045280000000001,BEN,853180
28878044,19,9425,1995,0.0,37922.0,-1.142708,-0.9045280000000001,BEN,853190
28884570,19,9426,1995,,,-1.142708,-0.9045280000000001,BEN,853210
28891096,19,9427,1995,0.0,4230.0,-1.142708,-0.9045280000000001,BEN,853221
28897622,19,9428,1995,0.0,1118.0,-1.142708,-0.9045280000000001,BEN,853222
28904148,19,9429,1995,,,-1.142708,-0.9045280000000001,BEN,853223
28910674,19,9430,1995,0.0,16607.0,-1.142708,-0.9045280000000001,BEN,853224
28917200,19,9431,1995,0.0,31227.0,-1.142708,-0.9045280000000001,BEN,853225
28923726,19,9432,1995,,,-1.142708,-0.9045280000000001,BEN,853229
28930252,19,9433,1995,0.0,1006.0,-1.142708,-0.9045280000000001,BEN,853230
28936778,19,9434,1995,,,-1.142708,-0.9045280000000001,BEN,853290
28943304,19,9435,1995,,,-1.142708,-0.9045280000000001,BEN,853310
28949830,19,9436,1995,0.0,1118.0,-1.142708,-0.9045280000000001,BEN,853321
28956356,19,9437,1995,0.0,9184.0,-1.142708,-0.9045280000000001,BEN,853329
28962882,19,9438,1995,,,-1.142708,-0.9045280000000001,BEN,853331
28969408,19,9439,1995,,,-1.142708,-0.9045280000000001,BEN,853339
28975934,19,9440,1995,0.0,7696.0,-1.142708,-0.9045280000000001,BEN,853340
28982460,19,9441,1995,,,-1.142708,-0.9045280000000001,BEN,853390
28988986,19,9442,1995,0.0,7850.0,-1.142708,-0.9045280000000001,BEN,853400
28995512,19,9443,1995,0.0,2848.0,-1.142708,-0.9045280000000001,BEN,853510
29002038,19,9444,1995,,,-1.142708,-0.9045280000000001,BEN,853521
29008564,19,9445,1995,,,-1.142708,-0.9045280000000001,BEN,853529
29015090,19,9446,1995,0.0,26189.0,-1.142708,-0.9045280000000001,BEN,853530
29021616,19,9447,1995,0.0,32700.0,-1.142708,-0.9045280000000001,BEN,853540
29028142,19,9448,1995,0.0,506583.0,-1.142708,-0.9045280000000001,BEN,853590
29034668,19,9449,1995,0.0,41016.0,-1.142708,-0.9045280000000001,BEN,853610
29041194,19,9450,1995,0.0,299912.0,-1.142708,-0.9045280000000001,BEN,853620
29047720,19,9451,1995,0.0,125235.0,-1.142708,-0.9045280000000001,BEN,853630
29054246,19,9452,1995,0.0,5971.0,-1.142708,-0.9045280000000001,BEN,853641
29060772,19,9453,1995,0.0,9377.0,-1.142708,-0.9045280000000001,BEN,853649
29067298,19,9454,1995,0.0,228892.0,-1.142708,-0.9045280000000001,BEN,853650
29073824,19,9455,1995,0.0,15047.0,-1.142708,-0.9045280000000001,BEN,853661
29080350,19,9456,1995,0.0,120869.0,-1.142708,-0.9045280000000001,BEN,853669
29086876,19,9457,1995,0.0,1345819.0,-1.142708,-0.9045280000000001,BEN,853690
29093402,19,9458,1995,0.0,2690107.0,-1.142708,-0.9045280000000001,BEN,853710
29099928,19,9459,1995,0.0,593093.0,-1.142708,-0.9045280000000001,BEN,853720
29106454,19,9460,1995,0.0,62250.0,-1.142708,-0.9045280000000001,BEN,853810
29112980,19,9461,1995,0.0,178139.0,-1.142708,-0.9045280000000001,BEN,853890
29119506,19,9462,1995,0.0,28676.0,-1.142708,-0.9045280000000001,BEN,853910
29126032,19,9463,1995,0.0,22610.0,-1.142708,-0.9045280000000001,BEN,853921
29132558,19,9464,1995,0.0,1366517.0,-1.142708,-0.9045280000000001,BEN,853922
29139084,19,9465,1995,1063.0,536775.0,-1.142708,-0.9045280000000001,BEN,853929
29145610,19,9466,1995,0.0,360173.0,-1.142708,-0.9045280000000001,BEN,853931
29152136,19,9467,1995,0.0,134185.0,-1.142708,-0.9045280000000001,BEN,853939
29158662,19,9468,1995,0.0,1006.0,-1.142708,-0.9045280000000001,BEN,853940
29165188,19,9469,1995,0.0,1813.0,-1.142708,-0.9045280000000001,BEN,853990
29171714,19,9470,1995,,,-1.142708,-0.9045280000000001,BEN,854011
29178240,19,9471,1995,,,-1.142708,-0.9045280000000001,BEN,854012
29184766,19,9472,1995,,,-1.142708,-0.9045280000000001,BEN,854020
29191292,19,9473,1995,,,-1.142708,-0.9045280000000001,BEN,854030
29197818,19,9474,1995,,,-1.142708,-0.9045280000000001,BEN,854041
29204344,19,9475,1995,,,-1.142708,-0.9045280000000001,BEN,854042
29210870,19,9476,1995,,,-1.142708,-0.9045280000000001,BEN,854049
29217396,19,9477,1995,,,-1.142708,-0.9045280000000001,BEN,854081
29223922,19,9478,1995,,,-1.142708,-0.9045280000000001,BEN,854089
29230448,19,9479,1995,,,-1.142708,-0.9045280000000001,BEN,854091
29236974,19,9480,1995,,,-1.142708,-0.9045280000000001,BEN,854099
29243500,19,9481,1995,0.0,14253.0,-1.142708,-0.9045280000000001,BEN,854110
29250026,19,9482,1995,0.0,3353.0,-1.142708,-0.9045280000000001,BEN,854121
29256552,19,9483,1995,0.0,21877.0,-1.142708,-0.9045280000000001,BEN,854129
29263078,19,9484,1995,1967.0,0.0,-1.142708,-0.9045280000000001,BEN,854130
29269604,19,9485,1995,0.0,175333.0,-1.142708,-0.9045280000000001,BEN,854140
29276130,19,9486,1995,,,-1.142708,-0.9045280000000001,BEN,854150
29282656,19,9487,1995,,,-1.142708,-0.9045280000000001,BEN,854160
29289182,19,9488,1995,,,-1.142708,-0.9045280000000001,BEN,854190
29295708,19,9489,1995,0.0,16937.0,-1.142708,-0.9045280000000001,BEN,854211
29302234,19,9490,1995,0.0,8942.0,-1.142708,-0.9045280000000001,BEN,854219
29308760,19,9491,1995,,,-1.142708,-0.9045280000000001,BEN,854220
29315286,19,9492,1995,0.0,44559.0,-1.142708,-0.9045280000000001,BEN,854280
29321812,19,9493,1995,,,-1.142708,-0.9045280000000001,BEN,854290
29328338,19,9494,1995,,,-1.142708,-0.9045280000000001,BEN,854310
29334864,19,9495,1995,0.0,136387.0,-1.142708,-0.9045280000000001,BEN,854320
29341390,19,9496,1995,,,-1.142708,-0.9045280000000001,BEN,854330
29347916,19,9497,1995,1720.0,224614.0,-1.142708,-0.9045280000000001,BEN,854380
29354442,19,9498,1995,0.0,15713.0,-1.142708,-0.9045280000000001,BEN,854390
29360968,19,9499,1995,0.0,13154.0,-1.142708,-0.9045280000000001,BEN,854411
29367494,19,9500,1995,0.0,53283.0,-1.142708,-0.9045280000000001,BEN,854419
29374020,19,9501,1995,0.0,143316.0,-1.142708,-0.9045280000000001,BEN,854420
29380546,19,9502,1995,0.0,29352.0,-1.142708,-0.9045280000000001,BEN,854430
29387072,19,9503,1995,0.0,87872.0,-1.142708,-0.9045280000000001,BEN,854441
29393598,19,9504,1995,1383.0,964793.0,-1.142708,-0.9045280000000001,BEN,854449
29400124,19,9505,1995,0.0,52455.0,-1.142708,-0.9045280000000001,BEN,854451
29406650,19,9506,1995,1682.0,3657608.0,-1.142708,-0.9045280000000001,BEN,854459
29413176,19,9507,1995,0.0,1217984.0,-1.142708,-0.9045280000000001,BEN,854460
29419702,19,9508,1995,,,-1.142708,-0.9045280000000001,BEN,854470
29426228,19,9509,1995,,,-1.142708,-0.9045280000000001,BEN,854511
29432754,19,9510,1995,0.0,4431.0,-1.142708,-0.9045280000000001,BEN,854519
29439280,19,9511,1995,0.0,53587.0,-1.142708,-0.9045280000000001,BEN,854520
29445806,19,9512,1995,,,-1.142708,-0.9045280000000001,BEN,854590
29452332,19,9513,1995,0.0,51573.0,-1.142708,-0.9045280000000001,BEN,854610
29458858,19,9514,1995,,,-1.142708,-0.9045280000000001,BEN,854620
29465384,19,9515,1995,0.0,25584.0,-1.142708,-0.9045280000000001,BEN,854690
29471910,19,9516,1995,,,-1.142708,-0.9045280000000001,BEN,854710
29478436,19,9517,1995,,,-1.142708,-0.9045280000000001,BEN,854720
29484962,19,9518,1995,,,-1.142708,-0.9045280000000001,BEN,854790
29491488,19,9519,1995,0.0,278478.0,-1.142708,-0.9045280000000001,BEN,854800
29498014,19,9520,1995,,,-1.142708,-0.9045280000000001,BEN,860110
29504540,19,9521,1995,,,-1.142708,-0.9045280000000001,BEN,860120
29511066,19,9522,1995,0.0,1574598.0,-1.142708,-0.9045280000000001,BEN,860210
29517592,19,9523,1995,,,-1.142708,-0.9045280000000001,BEN,860290
29524118,19,9524,1995,,,-1.142708,-0.9045280000000001,BEN,860310
29530644,19,9525,1995,,,-1.142708,-0.9045280000000001,BEN,860390
29537170,19,9526,1995,,,-1.142708,-0.9045280000000001,BEN,860400
29543696,19,9527,1995,,,-1.142708,-0.9045280000000001,BEN,860500
29550222,19,9528,1995,,,-1.142708,-0.9045280000000001,BEN,860610
29556748,19,9529,1995,,,-1.142708,-0.9045280000000001,BEN,860620
29563274,19,9530,1995,,,-1.142708,-0.9045280000000001,BEN,860630
29569800,19,9531,1995,,,-1.142708,-0.9045280000000001,BEN,860691
29576326,19,9532,1995,,,-1.142708,-0.9045280000000001,BEN,860692
29582852,19,9533,1995,,,-1.142708,-0.9045280000000001,BEN,860699
29589378,19,9534,1995,,,-1.142708,-0.9045280000000001,BEN,860711
29595904,19,9535,1995,,,-1.142708,-0.9045280000000001,BEN,860712
29602430,19,9536,1995,0.0,114226.0,-1.142708,-0.9045280000000001,BEN,860719
29608956,19,9537,1995,,,-1.142708,-0.9045280000000001,BEN,860721
29615482,19,9538,1995,,,-1.142708,-0.9045280000000001,BEN,860729
29622008,19,9539,1995,0.0,13497.0,-1.142708,-0.9045280000000001,BEN,860730
29628534,19,9540,1995,,,-1.142708,-0.9045280000000001,BEN,860791
29635060,19,9541,1995,0.0,406542.0,-1.142708,-0.9045280000000001,BEN,860799
29641586,19,9542,1995,0.0,129739.0,-1.142708,-0.9045280000000001,BEN,860800
29648112,19,9543,1995,0.0,78950.0,-1.142708,-0.9045280000000001,BEN,860900
29654638,19,9544,1995,,,-1.142708,-0.9045280000000001,BEN,870110
29661164,19,9545,1995,6690.0,2108821.0,-1.142708,-0.9045280000000001,BEN,870120
29667690,19,9546,1995,0.0,918667.0,-1.142708,-0.9045280000000001,BEN,870130
29674216,19,9547,1995,0.0,162209.0,-1.142708,-0.9045280000000001,BEN,870190
29680742,19,9548,1995,11681.0,995009.0,-1.142708,-0.9045280000000001,BEN,870210
29687268,19,9549,1995,15480.0,148902.0,-1.142708,-0.9045280000000001,BEN,870290
29693794,19,9550,1995,0.0,23563.0,-1.142708,-0.9045280000000001,BEN,870310
29700320,19,9551,1995,0.0,119695.0,-1.142708,-0.9045280000000001,BEN,870321
29706846,19,9552,1995,65114.0,2957805.0,-1.142708,-0.9045280000000001,BEN,870322
29713372,19,9553,1995,16951.0,18007442.0,-1.142708,-0.9045280000000001,BEN,870323
29719898,19,9554,1995,0.0,543784.0,-1.142708,-0.9045280000000001,BEN,870324
29726424,19,9555,1995,0.0,32359.0,-1.142708,-0.9045280000000001,BEN,870331
29732950,19,9556,1995,0.0,5060874.0,-1.142708,-0.9045280000000001,BEN,870332
29739476,19,9557,1995,0.0,3487041.0,-1.142708,-0.9045280000000001,BEN,870333
29746002,19,9558,1995,30677.0,255310.0,-1.142708,-0.9045280000000001,BEN,870390
29752528,19,9559,1995,0.0,1139909.0,-1.142708,-0.9045280000000001,BEN,870410
29759054,19,9560,1995,1127.0,3542605.0,-1.142708,-0.9045280000000001,BEN,870421
29765580,19,9561,1995,7937.0,2700763.0,-1.142708,-0.9045280000000001,BEN,870422
29772106,19,9562,1995,0.0,227082.0,-1.142708,-0.9045280000000001,BEN,870423
29778632,19,9563,1995,4795.0,1710456.0,-1.142708,-0.9045280000000001,BEN,870431
29785158,19,9564,1995,0.0,78248.0,-1.142708,-0.9045280000000001,BEN,870432
29791684,19,9565,1995,4185.0,21758.0,-1.142708,-0.9045280000000001,BEN,870490
29798210,19,9566,1995,0.0,1208.0,-1.142708,-0.9045280000000001,BEN,870510
29804736,19,9567,1995,,,-1.142708,-0.9045280000000001,BEN,870520
29811262,19,9568,1995,,,-1.142708,-0.9045280000000001,BEN,870530
29817788,19,9569,1995,0.0,33677.0,-1.142708,-0.9045280000000001,BEN,870540
29824314,19,9570,1995,0.0,548655.0,-1.142708,-0.9045280000000001,BEN,870590
29830840,19,9571,1995,0.0,43592.0,-1.142708,-0.9045280000000001,BEN,870600
29837366,19,9572,1995,0.0,1611.0,-1.142708,-0.9045280000000001,BEN,870710
29843892,19,9573,1995,,,-1.142708,-0.9045280000000001,BEN,870790
29850418,19,9574,1995,0.0,32035.0,-1.142708,-0.9045280000000001,BEN,870810
29856944,19,9575,1995,,,-1.142708,-0.9045280000000001,BEN,870821
29863470,19,9576,1995,0.0,7434.0,-1.142708,-0.9045280000000001,BEN,870829
29869996,19,9577,1995,0.0,15129.0,-1.142708,-0.9045280000000001,BEN,870831
29876522,19,9578,1995,0.0,43285.0,-1.142708,-0.9045280000000001,BEN,870839
29883048,19,9579,1995,0.0,15528.0,-1.142708,-0.9045280000000001,BEN,870840
29889574,19,9580,1995,0.0,11079.0,-1.142708,-0.9045280000000001,BEN,870850
29896100,19,9581,1995,0.0,2014.0,-1.142708,-0.9045280000000001,BEN,870860
29902626,19,9582,1995,1023.0,13562.0,-1.142708,-0.9045280000000001,BEN,870870
29909152,19,9583,1995,0.0,42157.0,-1.142708,-0.9045280000000001,BEN,870880
29915678,19,9584,1995,0.0,20165.0,-1.142708,-0.9045280000000001,BEN,870891
29922204,19,9585,1995,0.0,6446.0,-1.142708,-0.9045280000000001,BEN,870892
29928730,19,9586,1995,0.0,59788.0,-1.142708,-0.9045280000000001,BEN,870893
29935256,19,9587,1995,0.0,46512.0,-1.142708,-0.9045280000000001,BEN,870894
29941782,19,9588,1995,3587.0,1584167.0,-1.142708,-0.9045280000000001,BEN,870899
29948308,19,9589,1995,,,-1.142708,-0.9045280000000001,BEN,870911
29954834,19,9590,1995,0.0,14205.0,-1.142708,-0.9045280000000001,BEN,870919
29961360,19,9591,1995,0.0,7252.0,-1.142708,-0.9045280000000001,BEN,870990
29967886,19,9592,1995,,,-1.142708,-0.9045280000000001,BEN,871000
29974412,19,9593,1995,42703.0,1586369.0,-1.142708,-0.9045280000000001,BEN,871110
29980938,19,9594,1995,42555.0,1037753.0,-1.142708,-0.9045280000000001,BEN,871120
29987464,19,9595,1995,0.0,4477.0,-1.142708,-0.9045280000000001,BEN,871130
29993990,19,9596,1995,,,-1.142708,-0.9045280000000001,BEN,871140
30000516,19,9597,1995,,,-1.142708,-0.9045280000000001,BEN,871150
30007042,19,9598,1995,,,-1.142708,-0.9045280000000001,BEN,871190
30013568,19,9599,1995,111131.0,211785.0,-1.142708,-0.9045280000000001,BEN,871200
30020094,19,9600,1995,,,-1.142708,-0.9045280000000001,BEN,871310
30026620,19,9601,1995,0.0,9244.0,-1.142708,-0.9045280000000001,BEN,871390
30033146,19,9602,1995,,,-1.142708,-0.9045280000000001,BEN,871411
30039672,19,9603,1995,3832.0,797777.0,-1.142708,-0.9045280000000001,BEN,871419
30046198,19,9604,1995,,,-1.142708,-0.9045280000000001,BEN,871420
30052724,19,9605,1995,,,-1.142708,-0.9045280000000001,BEN,871491
30059250,19,9606,1995,0.0,72588.0,-1.142708,-0.9045280000000001,BEN,871492
30065776,19,9607,1995,0.0,358339.0,-1.142708,-0.9045280000000001,BEN,871493
30072302,19,9608,1995,,,-1.142708,-0.9045280000000001,BEN,871494
30078828,19,9609,1995,,,-1.142708,-0.9045280000000001,BEN,871495
30085354,19,9610,1995,0.0,199040.0,-1.142708,-0.9045280000000001,BEN,871496
30091880,19,9611,1995,9269.0,231746.0,-1.142708,-0.9045280000000001,BEN,871499
30098406,19,9612,1995,,,-1.142708,-0.9045280000000001,BEN,871500
30104932,19,9613,1995,0.0,299693.0,-1.142708,-0.9045280000000001,BEN,871610
30111458,19,9614,1995,0.0,7051.0,-1.142708,-0.9045280000000001,BEN,871620
30117984,19,9615,1995,13043.0,11696.0,-1.142708,-0.9045280000000001,BEN,871631
30124510,19,9616,1995,6037.0,1080779.0,-1.142708,-0.9045280000000001,BEN,871639
30131036,19,9617,1995,0.0,33937.0,-1.142708,-0.9045280000000001,BEN,871640
30137562,19,9618,1995,1013.0,284316.0,-1.142708,-0.9045280000000001,BEN,871680
30144088,19,9619,1995,2663.0,45180.0,-1.142708,-0.9045280000000001,BEN,871690
30150614,19,9620,1995,,,-1.142708,-0.9045280000000001,BEN,880110
30157140,19,9621,1995,,,-1.142708,-0.9045280000000001,BEN,880190
30163666,19,9622,1995,,,-1.142708,-0.9045280000000001,BEN,880211
30170192,19,9623,1995,,,-1.142708,-0.9045280000000001,BEN,880212
30176718,19,9624,1995,,,-1.142708,-0.9045280000000001,BEN,880220
30183244,19,9625,1995,0.0,1135587.0,-1.142708,-0.9045280000000001,BEN,880230
30189770,19,9626,1995,,,-1.142708,-0.9045280000000001,BEN,880240
30196296,19,9627,1995,,,-1.142708,-0.9045280000000001,BEN,880250
30202822,19,9628,1995,,,-1.142708,-0.9045280000000001,BEN,880310
30209348,19,9629,1995,,,-1.142708,-0.9045280000000001,BEN,880320
30215874,19,9630,1995,0.0,167057.0,-1.142708,-0.9045280000000001,BEN,880330
30222400,19,9631,1995,0.0,2014.0,-1.142708,-0.9045280000000001,BEN,880390
30228926,19,9632,1995,,,-1.142708,-0.9045280000000001,BEN,880400
30235452,19,9633,1995,,,-1.142708,-0.9045280000000001,BEN,880510
30241978,19,9634,1995,,,-1.142708,-0.9045280000000001,BEN,880520
30248504,19,9635,1995,,,-1.142708,-0.9045280000000001,BEN,890110
30255030,19,9636,1995,,,-1.142708,-0.9045280000000001,BEN,890120
30261556,19,9637,1995,,,-1.142708,-0.9045280000000001,BEN,890130
30268082,19,9638,1995,,,-1.142708,-0.9045280000000001,BEN,890190
30274608,19,9639,1995,,,-1.142708,-0.9045280000000001,BEN,890200
30281134,19,9640,1995,0.0,10796.0,-1.142708,-0.9045280000000001,BEN,890310
30287660,19,9641,1995,,,-1.142708,-0.9045280000000001,BEN,890391
30294186,19,9642,1995,0.0,253837.0,-1.142708,-0.9045280000000001,BEN,890392
30300712,19,9643,1995,0.0,10676.0,-1.142708,-0.9045280000000001,BEN,890399
30307238,19,9644,1995,,,-1.142708,-0.9045280000000001,BEN,890400
30313764,19,9645,1995,0.0,945296.0,-1.142708,-0.9045280000000001,BEN,890510
30320290,19,9646,1995,,,-1.142708,-0.9045280000000001,BEN,890520
30326816,19,9647,1995,,,-1.142708,-0.9045280000000001,BEN,890590
30333342,19,9648,1995,0.0,1006.0,-1.142708,-0.9045280000000001,BEN,890600
30339868,19,9649,1995,,,-1.142708,-0.9045280000000001,BEN,890710
30346394,19,9650,1995,8824.0,12248.0,-1.142708,-0.9045280000000001,BEN,890790
30352920,19,9651,1995,,,-1.142708,-0.9045280000000001,BEN,890800
30359446,19,9652,1995,,,-1.142708,-0.9045280000000001,BEN,900110
30365972,19,9653,1995,,,-1.142708,-0.9045280000000001,BEN,900120
30372498,19,9654,1995,,,-1.142708,-0.9045280000000001,BEN,900130
30379024,19,9655,1995,0.0,25912.0,-1.142708,-0.9045280000000001,BEN,900140
30385550,19,9656,1995,,,-1.142708,-0.9045280000000001,BEN,900150
30392076,19,9657,1995,0.0,1905.0,-1.142708,-0.9045280000000001,BEN,900190
30398602,19,9658,1995,,,-1.142708,-0.9045280000000001,BEN,900211
30405128,19,9659,1995,,,-1.142708,-0.9045280000000001,BEN,900219
30411654,19,9660,1995,,,-1.142708,-0.9045280000000001,BEN,900220
30418180,19,9661,1995,,,-1.142708,-0.9045280000000001,BEN,900290
30424706,19,9662,1995,0.0,2216.0,-1.142708,-0.9045280000000001,BEN,900311
30431232,19,9663,1995,0.0,26504.0,-1.142708,-0.9045280000000001,BEN,900319
30437758,19,9664,1995,,,-1.142708,-0.9045280000000001,BEN,900390
30444284,19,9665,1995,0.0,13384.0,-1.142708,-0.9045280000000001,BEN,900410
30450810,19,9666,1995,0.0,12288.0,-1.142708,-0.9045280000000001,BEN,900490
30457336,19,9667,1995,0.0,2216.0,-1.142708,-0.9045280000000001,BEN,900510
30463862,19,9668,1995,3404.0,0.0,-1.142708,-0.9045280000000001,BEN,900580
30470388,19,9669,1995,0.0,5439.0,-1.142708,-0.9045280000000001,BEN,900590
30476914,19,9670,1995,,,-1.142708,-0.9045280000000001,BEN,900610
30483440,19,9671,1995,,,-1.142708,-0.9045280000000001,BEN,900620
30489966,19,9672,1995,,,-1.142708,-0.9045280000000001,BEN,900630
30496492,19,9673,1995,,,-1.142708,-0.9045280000000001,BEN,900640
30503018,19,9674,1995,0.0,2326.0,-1.142708,-0.9045280000000001,BEN,900651
30509544,19,9675,1995,,,-1.142708,-0.9045280000000001,BEN,900652
30516070,19,9676,1995,,,-1.142708,-0.9045280000000001,BEN,900653
30522596,19,9677,1995,0.0,1118.0,-1.142708,-0.9045280000000001,BEN,900659
30529122,19,9678,1995,,,-1.142708,-0.9045280000000001,BEN,900661
30535648,19,9679,1995,,,-1.142708,-0.9045280000000001,BEN,900662
30542174,19,9680,1995,,,-1.142708,-0.9045280000000001,BEN,900669
30548700,19,9681,1995,,,-1.142708,-0.9045280000000001,BEN,900691
30555226,19,9682,1995,0.0,2236.0,-1.142708,-0.9045280000000001,BEN,900699
30561752,19,9683,1995,4313.0,3709.0,-1.142708,-0.9045280000000001,BEN,900711
30568278,19,9684,1995,,,-1.142708,-0.9045280000000001,BEN,900719
30574804,19,9685,1995,,,-1.142708,-0.9045280000000001,BEN,900721
30581330,19,9686,1995,0.0,23839.0,-1.142708,-0.9045280000000001,BEN,900729
30587856,19,9687,1995,,,-1.142708,-0.9045280000000001,BEN,900791
30594382,19,9688,1995,,,-1.142708,-0.9045280000000001,BEN,900792
30600908,19,9689,1995,0.0,5015.0,-1.142708,-0.9045280000000001,BEN,900810
30607434,19,9690,1995,0.0,6245.0,-1.142708,-0.9045280000000001,BEN,900820
30613960,19,9691,1995,0.0,24115.0,-1.142708,-0.9045280000000001,BEN,900830
30620486,19,9692,1995,,,-1.142708,-0.9045280000000001,BEN,900840
30627012,19,9693,1995,0.0,5023.0,-1.142708,-0.9045280000000001,BEN,900890
30633538,19,9694,1995,0.0,87577.0,-1.142708,-0.9045280000000001,BEN,900911
30640064,19,9695,1995,0.0,87790.0,-1.142708,-0.9045280000000001,BEN,900912
30646590,19,9696,1995,0.0,586231.0,-1.142708,-0.9045280000000001,BEN,900921
30653116,19,9697,1995,0.0,108103.0,-1.142708,-0.9045280000000001,BEN,900922
30659642,19,9698,1995,,,-1.142708,-0.9045280000000001,BEN,900930
30666168,19,9699,1995,0.0,327661.0,-1.142708,-0.9045280000000001,BEN,900990
30672694,19,9700,1995,0.0,109524.0,-1.142708,-0.9045280000000001,BEN,901010
30679220,19,9701,1995,0.0,30419.0,-1.142708,-0.9045280000000001,BEN,901020
30685746,19,9702,1995,0.0,4834.0,-1.142708,-0.9045280000000001,BEN,901030
30692272,19,9703,1995,,,-1.142708,-0.9045280000000001,BEN,901090
30698798,19,9704,1995,2689.0,14803.0,-1.142708,-0.9045280000000001,BEN,901110
30705324,19,9705,1995,,,-1.142708,-0.9045280000000001,BEN,901120
30711850,19,9706,1995,0.0,93966.0,-1.142708,-0.9045280000000001,BEN,901180
30718376,19,9707,1995,0.0,8942.0,-1.142708,-0.9045280000000001,BEN,901190
30724902,19,9708,1995,0.0,15701.0,-1.142708,-0.9045280000000001,BEN,901210
30731428,19,9709,1995,,,-1.142708,-0.9045280000000001,BEN,901290
30737954,19,9710,1995,,,-1.142708,-0.9045280000000001,BEN,901310
30744480,19,9711,1995,,,-1.142708,-0.9045280000000001,BEN,901320
30751006,19,9712,1995,,,-1.142708,-0.9045280000000001,BEN,901380
30757532,19,9713,1995,,,-1.142708,-0.9045280000000001,BEN,901390
30764058,19,9714,1995,0.0,4834.0,-1.142708,-0.9045280000000001,BEN,901410
30770584,19,9715,1995,,,-1.142708,-0.9045280000000001,BEN,901420
30777110,19,9716,1995,0.0,17734.0,-1.142708,-0.9045280000000001,BEN,901480
30783636,19,9717,1995,,,-1.142708,-0.9045280000000001,BEN,901490
30790162,19,9718,1995,,,-1.142708,-0.9045280000000001,BEN,901510
30796688,19,9719,1995,0.0,50565.0,-1.142708,-0.9045280000000001,BEN,901520
30803214,19,9720,1995,0.0,1208.0,-1.142708,-0.9045280000000001,BEN,901530
30809740,19,9721,1995,,,-1.142708,-0.9045280000000001,BEN,901540
30816266,19,9722,1995,203089.0,71242.0,-1.142708,-0.9045280000000001,BEN,901580
30822792,19,9723,1995,0.0,13495.0,-1.142708,-0.9045280000000001,BEN,901590
30829318,19,9724,1995,0.0,12048.0,-1.142708,-0.9045280000000001,BEN,901600
30835844,19,9725,1995,0.0,6765.0,-1.142708,-0.9045280000000001,BEN,901710
30842370,19,9726,1995,0.0,13296.0,-1.142708,-0.9045280000000001,BEN,901720
30848896,19,9727,1995,0.0,6999.0,-1.142708,-0.9045280000000001,BEN,901730
30855422,19,9728,1995,0.0,124105.0,-1.142708,-0.9045280000000001,BEN,901780
30861948,19,9729,1995,,,-1.142708,-0.9045280000000001,BEN,901790
30868474,19,9730,1995,0.0,58392.0,-1.142708,-0.9045280000000001,BEN,901811
30875000,19,9731,1995,2931.0,379176.0,-1.142708,-0.9045280000000001,BEN,901819
30881526,19,9732,1995,0.0,2014.0,-1.142708,-0.9045280000000001,BEN,901820
30888052,19,9733,1995,14987.0,73261.0,-1.142708,-0.9045280000000001,BEN,901831
30894578,19,9734,1995,0.0,9919.0,-1.142708,-0.9045280000000001,BEN,901832
30901104,19,9735,1995,0.0,77499.0,-1.142708,-0.9045280000000001,BEN,901839
30907630,19,9736,1995,,,-1.142708,-0.9045280000000001,BEN,901841
30914156,19,9737,1995,0.0,59734.0,-1.142708,-0.9045280000000001,BEN,901849
30920682,19,9738,1995,0.0,78479.0,-1.142708,-0.9045280000000001,BEN,901850
30927208,19,9739,1995,0.0,2842042.0,-1.142708,-0.9045280000000001,BEN,901890
30933734,19,9740,1995,0.0,5977.0,-1.142708,-0.9045280000000001,BEN,901910
30940260,19,9741,1995,,,-1.142708,-0.9045280000000001,BEN,901920
30946786,19,9742,1995,0.0,36021.0,-1.142708,-0.9045280000000001,BEN,902000
30953312,19,9743,1995,,,-1.142708,-0.9045280000000001,BEN,902111
30959838,19,9744,1995,0.0,25607.0,-1.142708,-0.9045280000000001,BEN,902119
30966364,19,9745,1995,,,-1.142708,-0.9045280000000001,BEN,902121
30972890,19,9746,1995,,,-1.142708,-0.9045280000000001,BEN,902129
30979416,19,9747,1995,0.0,14504.0,-1.142708,-0.9045280000000001,BEN,902130
30985942,19,9748,1995,,,-1.142708,-0.9045280000000001,BEN,902140
30992468,19,9749,1995,,,-1.142708,-0.9045280000000001,BEN,902150
30998994,19,9750,1995,,,-1.142708,-0.9045280000000001,BEN,902190
31005520,19,9751,1995,0.0,259979.0,-1.142708,-0.9045280000000001,BEN,902211
31012046,19,9752,1995,,,-1.142708,-0.9045280000000001,BEN,902219
31018572,19,9753,1995,,,-1.142708,-0.9045280000000001,BEN,902221
31025098,19,9754,1995,0.0,18131.0,-1.142708,-0.9045280000000001,BEN,902229
31031624,19,9755,1995,0.0,9130.0,-1.142708,-0.9045280000000001,BEN,902230
31038150,19,9756,1995,0.0,55518.0,-1.142708,-0.9045280000000001,BEN,902290
31044676,19,9757,1995,0.0,1338747.0,-1.142708,-0.9045280000000001,BEN,902300
31051202,19,9758,1995,,,-1.142708,-0.9045280000000001,BEN,902410
31057728,19,9759,1995,0.0,1813.0,-1.142708,-0.9045280000000001,BEN,902480
31064254,19,9760,1995,,,-1.142708,-0.9045280000000001,BEN,902490
31070780,19,9761,1995,,,-1.142708,-0.9045280000000001,BEN,902511
31077306,19,9762,1995,13275.0,17279.0,-1.142708,-0.9045280000000001,BEN,902519
31083832,19,9763,1995,,,-1.142708,-0.9045280000000001,BEN,902520
31090358,19,9764,1995,0.0,42279.0,-1.142708,-0.9045280000000001,BEN,902580
31096884,19,9765,1995,,,-1.142708,-0.9045280000000001,BEN,902590
31103410,19,9766,1995,0.0,7840.0,-1.142708,-0.9045280000000001,BEN,902610
31109936,19,9767,1995,0.0,5238.0,-1.142708,-0.9045280000000001,BEN,902620
31116462,19,9768,1995,0.0,19944.0,-1.142708,-0.9045280000000001,BEN,902680
31122988,19,9769,1995,0.0,17781.0,-1.142708,-0.9045280000000001,BEN,902690
31129514,19,9770,1995,0.0,11483.0,-1.142708,-0.9045280000000001,BEN,902710
31136040,19,9771,1995,0.0,63710.0,-1.142708,-0.9045280000000001,BEN,902720
31142566,19,9772,1995,0.0,21741.0,-1.142708,-0.9045280000000001,BEN,902730
31149092,19,9773,1995,,,-1.142708,-0.9045280000000001,BEN,902740
31155618,19,9774,1995,0.0,74361.0,-1.142708,-0.9045280000000001,BEN,902750
31162144,19,9775,1995,0.0,79093.0,-1.142708,-0.9045280000000001,BEN,902780
31168670,19,9776,1995,0.0,14966.0,-1.142708,-0.9045280000000001,BEN,902790
31175196,19,9777,1995,,,-1.142708,-0.9045280000000001,BEN,902810
31181722,19,9778,1995,0.0,158474.0,-1.142708,-0.9045280000000001,BEN,902820
31188248,19,9779,1995,0.0,179096.0,-1.142708,-0.9045280000000001,BEN,902830
31194774,19,9780,1995,,,-1.142708,-0.9045280000000001,BEN,902890
31201300,19,9781,1995,0.0,9805.0,-1.142708,-0.9045280000000001,BEN,902910
31207826,19,9782,1995,0.0,3626.0,-1.142708,-0.9045280000000001,BEN,902920
31214352,19,9783,1995,0.0,1118.0,-1.142708,-0.9045280000000001,BEN,902990
31220878,19,9784,1995,,,-1.142708,-0.9045280000000001,BEN,903010
31227404,19,9785,1995,0.0,12289.0,-1.142708,-0.9045280000000001,BEN,903020
31233930,19,9786,1995,0.0,7824.0,-1.142708,-0.9045280000000001,BEN,903031
31240456,19,9787,1995,0.0,55037.0,-1.142708,-0.9045280000000001,BEN,903039
31246982,19,9788,1995,0.0,198706.0,-1.142708,-0.9045280000000001,BEN,903040
31253508,19,9789,1995,0.0,2216.0,-1.142708,-0.9045280000000001,BEN,903081
31260034,19,9790,1995,0.0,62452.0,-1.142708,-0.9045280000000001,BEN,903089
31266560,19,9791,1995,0.0,15440.0,-1.142708,-0.9045280000000001,BEN,903090
31273086,19,9792,1995,0.0,6374.0,-1.142708,-0.9045280000000001,BEN,903110
31279612,19,9793,1995,0.0,2236.0,-1.142708,-0.9045280000000001,BEN,903120
31286138,19,9794,1995,,,-1.142708,-0.9045280000000001,BEN,903130
31292664,19,9795,1995,,,-1.142708,-0.9045280000000001,BEN,903140
31299190,19,9796,1995,0.0,228099.0,-1.142708,-0.9045280000000001,BEN,903180
31305716,19,9797,1995,14265.0,15178.0,-1.142708,-0.9045280000000001,BEN,903190
31312242,19,9798,1995,0.0,4260.0,-1.142708,-0.9045280000000001,BEN,903210
31318768,19,9799,1995,0.0,1208.0,-1.142708,-0.9045280000000001,BEN,903220
31325294,19,9800,1995,,,-1.142708,-0.9045280000000001,BEN,903281
31331820,19,9801,1995,0.0,58547.0,-1.142708,-0.9045280000000001,BEN,903289
31338346,19,9802,1995,0.0,6446.0,-1.142708,-0.9045280000000001,BEN,903290
31344872,19,9803,1995,0.0,3828.0,-1.142708,-0.9045280000000001,BEN,903300
31351398,19,9804,1995,,,-1.142708,-0.9045280000000001,BEN,910111
31357924,19,9805,1995,,,-1.142708,-0.9045280000000001,BEN,910112
31364450,19,9806,1995,,,-1.142708,-0.9045280000000001,BEN,910119
31370976,19,9807,1995,,,-1.142708,-0.9045280000000001,BEN,910121
31377502,19,9808,1995,,,-1.142708,-0.9045280000000001,BEN,910129
31384028,19,9809,1995,,,-1.142708,-0.9045280000000001,BEN,910191
31390554,19,9810,1995,0.0,1006.0,-1.142708,-0.9045280000000001,BEN,910199
31397080,19,9811,1995,0.0,19206.0,-1.142708,-0.9045280000000001,BEN,910211
31403606,19,9812,1995,0.0,20827.0,-1.142708,-0.9045280000000001,BEN,910212
31410132,19,9813,1995,0.0,8723.0,-1.142708,-0.9045280000000001,BEN,910219
31416658,19,9814,1995,,,-1.142708,-0.9045280000000001,BEN,910221
31423184,19,9815,1995,,,-1.142708,-0.9045280000000001,BEN,910229
31429710,19,9816,1995,,,-1.142708,-0.9045280000000001,BEN,910291
31436236,19,9817,1995,,,-1.142708,-0.9045280000000001,BEN,910299
31442762,19,9818,1995,,,-1.142708,-0.9045280000000001,BEN,910310
31449288,19,9819,1995,,,-1.142708,-0.9045280000000001,BEN,910390
31455814,19,9820,1995,,,-1.142708,-0.9045280000000001,BEN,910400
31462340,19,9821,1995,0.0,4266.0,-1.142708,-0.9045280000000001,BEN,910511
31468866,19,9822,1995,0.0,2216.0,-1.142708,-0.9045280000000001,BEN,910519
31475392,19,9823,1995,0.0,51084.0,-1.142708,-0.9045280000000001,BEN,910521
31481918,19,9824,1995,0.0,1813.0,-1.142708,-0.9045280000000001,BEN,910529
31488444,19,9825,1995,0.0,6043.0,-1.142708,-0.9045280000000001,BEN,910591
31494970,19,9826,1995,0.0,6245.0,-1.142708,-0.9045280000000001,BEN,910599
31501496,19,9827,1995,0.0,5439.0,-1.142708,-0.9045280000000001,BEN,910610
31508022,19,9828,1995,,,-1.142708,-0.9045280000000001,BEN,910620
31514548,19,9829,1995,0.0,2528.0,-1.142708,-0.9045280000000001,BEN,910690
31521074,19,9830,1995,,,-1.142708,-0.9045280000000001,BEN,910700
31527600,19,9831,1995,,,-1.142708,-0.9045280000000001,BEN,910811
31534126,19,9832,1995,,,-1.142708,-0.9045280000000001,BEN,910812
31540652,19,9833,1995,,,-1.142708,-0.9045280000000001,BEN,910819
31547178,19,9834,1995,,,-1.142708,-0.9045280000000001,BEN,910820
31553704,19,9835,1995,,,-1.142708,-0.9045280000000001,BEN,910891
31560230,19,9836,1995,,,-1.142708,-0.9045280000000001,BEN,910899
31566756,19,9837,1995,,,-1.142708,-0.9045280000000001,BEN,910911
31573282,19,9838,1995,0.0,5560.0,-1.142708,-0.9045280000000001,BEN,910919
31579808,19,9839,1995,,,-1.142708,-0.9045280000000001,BEN,910990
31586334,19,9840,1995,,,-1.142708,-0.9045280000000001,BEN,911011
31592860,19,9841,1995,,,-1.142708,-0.9045280000000001,BEN,911012
31599386,19,9842,1995,,,-1.142708,-0.9045280000000001,BEN,911019
31605912,19,9843,1995,,,-1.142708,-0.9045280000000001,BEN,911090
31612438,19,9844,1995,,,-1.142708,-0.9045280000000001,BEN,911110
31618964,19,9845,1995,,,-1.142708,-0.9045280000000001,BEN,911120
31625490,19,9846,1995,,,-1.142708,-0.9045280000000001,BEN,911180
31632016,19,9847,1995,,,-1.142708,-0.9045280000000001,BEN,911190
31638542,19,9848,1995,,,-1.142708,-0.9045280000000001,BEN,911210
31645068,19,9849,1995,,,-1.142708,-0.9045280000000001,BEN,911280
31651594,19,9850,1995,,,-1.142708,-0.9045280000000001,BEN,911290
31658120,19,9851,1995,,,-1.142708,-0.9045280000000001,BEN,911310
31664646,19,9852,1995,,,-1.142708,-0.9045280000000001,BEN,911320
31671172,19,9853,1995,0.0,4268.0,-1.142708,-0.9045280000000001,BEN,911390
31677698,19,9854,1995,,,-1.142708,-0.9045280000000001,BEN,911410
31684224,19,9855,1995,,,-1.142708,-0.9045280000000001,BEN,911420
31690750,19,9856,1995,,,-1.142708,-0.9045280000000001,BEN,911430
31697276,19,9857,1995,,,-1.142708,-0.9045280000000001,BEN,911440
31703802,19,9858,1995,,,-1.142708,-0.9045280000000001,BEN,911490
31710328,19,9859,1995,0.0,1410.0,-1.142708,-0.9045280000000001,BEN,920110
31716854,19,9860,1995,,,-1.142708,-0.9045280000000001,BEN,920120
31723380,19,9861,1995,,,-1.142708,-0.9045280000000001,BEN,920190
31729906,19,9862,1995,,,-1.142708,-0.9045280000000001,BEN,920210
31736432,19,9863,1995,,,-1.142708,-0.9045280000000001,BEN,920290
31742958,19,9864,1995,,,-1.142708,-0.9045280000000001,BEN,920300
31749484,19,9865,1995,,,-1.142708,-0.9045280000000001,BEN,920410
31756010,19,9866,1995,,,-1.142708,-0.9045280000000001,BEN,920420
31762536,19,9867,1995,,,-1.142708,-0.9045280000000001,BEN,920510
31769062,19,9868,1995,0.0,3071.0,-1.142708,-0.9045280000000001,BEN,920590
31775588,19,9869,1995,,,-1.142708,-0.9045280000000001,BEN,920600
31782114,19,9870,1995,,,-1.142708,-0.9045280000000001,BEN,920710
31788640,19,9871,1995,,,-1.142708,-0.9045280000000001,BEN,920790
31795166,19,9872,1995,,,-1.142708,-0.9045280000000001,BEN,920810
31801692,19,9873,1995,,,-1.142708,-0.9045280000000001,BEN,920890
31808218,19,9874,1995,,,-1.142708,-0.9045280000000001,BEN,920910
31814744,19,9875,1995,,,-1.142708,-0.9045280000000001,BEN,920920
31821270,19,9876,1995,,,-1.142708,-0.9045280000000001,BEN,920930
31827796,19,9877,1995,,,-1.142708,-0.9045280000000001,BEN,920991
31834322,19,9878,1995,,,-1.142708,-0.9045280000000001,BEN,920992
31840848,19,9879,1995,,,-1.142708,-0.9045280000000001,BEN,920993
31847374,19,9880,1995,,,-1.142708,-0.9045280000000001,BEN,920994
31853900,19,9881,1995,0.0,1739.0,-1.142708,-0.9045280000000001,BEN,920999
31860426,19,9882,1995,,,-1.142708,-0.9045280000000001,BEN,930100
31866952,19,9883,1995,,,-1.142708,-0.9045280000000001,BEN,930200
31873478,19,9884,1995,,,-1.142708,-0.9045280000000001,BEN,930310
31880004,19,9885,1995,0.0,36464.0,-1.142708,-0.9045280000000001,BEN,930320
31886530,19,9886,1995,0.0,2014.0,-1.142708,-0.9045280000000001,BEN,930330
31893056,19,9887,1995,0.0,6245.0,-1.142708,-0.9045280000000001,BEN,930390
31899582,19,9888,1995,0.0,1208.0,-1.142708,-0.9045280000000001,BEN,930400
31906108,19,9889,1995,,,-1.142708,-0.9045280000000001,BEN,930510
31912634,19,9890,1995,,,-1.142708,-0.9045280000000001,BEN,930521
31919160,19,9891,1995,,,-1.142708,-0.9045280000000001,BEN,930529
31925686,19,9892,1995,,,-1.142708,-0.9045280000000001,BEN,930590
31932212,19,9893,1995,,,-1.142708,-0.9045280000000001,BEN,930610
31938738,19,9894,1995,,,-1.142708,-0.9045280000000001,BEN,930621
31945264,19,9895,1995,,,-1.142708,-0.9045280000000001,BEN,930629
31951790,19,9896,1995,0.0,2216.0,-1.142708,-0.9045280000000001,BEN,930630
31958316,19,9897,1995,0.0,2014.0,-1.142708,-0.9045280000000001,BEN,930690
31964842,19,9898,1995,,,-1.142708,-0.9045280000000001,BEN,930700
31971368,19,9899,1995,,,-1.142708,-0.9045280000000001,BEN,940110
31977894,19,9900,1995,,,-1.142708,-0.9045280000000001,BEN,940120
31984420,19,9901,1995,0.0,30329.0,-1.142708,-0.9045280000000001,BEN,940130
31990946,19,9902,1995,,,-1.142708,-0.9045280000000001,BEN,940140
31997472,19,9903,1995,0.0,5465.0,-1.142708,-0.9045280000000001,BEN,940150
32003998,19,9904,1995,0.0,115738.0,-1.142708,-0.9045280000000001,BEN,940161
32010524,19,9905,1995,4421.0,425967.0,-1.142708,-0.9045280000000001,BEN,940169
32017050,19,9906,1995,0.0,102014.0,-1.142708,-0.9045280000000001,BEN,940171
32023576,19,9907,1995,0.0,16642.0,-1.142708,-0.9045280000000001,BEN,940179
32030102,19,9908,1995,14541.0,141596.0,-1.142708,-0.9045280000000001,BEN,940180
32036628,19,9909,1995,8093.0,2519.0,-1.142708,-0.9045280000000001,BEN,940190
32043154,19,9910,1995,0.0,5841.0,-1.142708,-0.9045280000000001,BEN,940210
32049680,19,9911,1995,2736.0,656400.0,-1.142708,-0.9045280000000001,BEN,940290
32056206,19,9912,1995,8807.0,49905.0,-1.142708,-0.9045280000000001,BEN,940310
32062732,19,9913,1995,4099.0,258322.0,-1.142708,-0.9045280000000001,BEN,940320
32069258,19,9914,1995,0.0,213678.0,-1.142708,-0.9045280000000001,BEN,940330
32075784,19,9915,1995,0.0,89078.0,-1.142708,-0.9045280000000001,BEN,940340
32082310,19,9916,1995,3439.0,25987.0,-1.142708,-0.9045280000000001,BEN,940350
32088836,19,9917,1995,80331.0,1321252.0,-1.142708,-0.9045280000000001,BEN,940360
32095362,19,9918,1995,0.0,61010.0,-1.142708,-0.9045280000000001,BEN,940370
32101888,19,9919,1995,6057.0,67899.0,-1.142708,-0.9045280000000001,BEN,940380
32108414,19,9920,1995,12214.0,974036.0,-1.142708,-0.9045280000000001,BEN,940390
32114940,19,9921,1995,0.0,74084.0,-1.142708,-0.9045280000000001,BEN,940410
32121466,19,9922,1995,9789.0,3908.0,-1.142708,-0.9045280000000001,BEN,940421
32127992,19,9923,1995,0.0,65529.0,-1.142708,-0.9045280000000001,BEN,940429
32134518,19,9924,1995,,,-1.142708,-0.9045280000000001,BEN,940430
32141044,19,9925,1995,0.0,4633.0,-1.142708,-0.9045280000000001,BEN,940490
32147570,19,9926,1995,0.0,281146.0,-1.142708,-0.9045280000000001,BEN,940510
32154096,19,9927,1995,0.0,141640.0,-1.142708,-0.9045280000000001,BEN,940520
32160622,19,9928,1995,,,-1.142708,-0.9045280000000001,BEN,940530
32167148,19,9929,1995,0.0,564420.0,-1.142708,-0.9045280000000001,BEN,940540
32173674,19,9930,1995,16068.0,975770.0,-1.142708,-0.9045280000000001,BEN,940550
32180200,19,9931,1995,0.0,25786.0,-1.142708,-0.9045280000000001,BEN,940560
32186726,19,9932,1995,0.0,60531.0,-1.142708,-0.9045280000000001,BEN,940591
32193252,19,9933,1995,0.0,13667.0,-1.142708,-0.9045280000000001,BEN,940592
32199778,19,9934,1995,27445.0,107903.0,-1.142708,-0.9045280000000001,BEN,940599
32206304,19,9935,1995,0.0,1787556.0,-1.142708,-0.9045280000000001,BEN,940600
32212830,19,9936,1995,0.0,2417.0,-1.142708,-0.9045280000000001,BEN,950100
32219356,19,9937,1995,3450.0,14100.0,-1.142708,-0.9045280000000001,BEN,950210
32225882,19,9938,1995,,,-1.142708,-0.9045280000000001,BEN,950291
32232408,19,9939,1995,,,-1.142708,-0.9045280000000001,BEN,950299
32238934,19,9940,1995,0.0,4230.0,-1.142708,-0.9045280000000001,BEN,950310
32245460,19,9941,1995,0.0,13335.0,-1.142708,-0.9045280000000001,BEN,950320
32251986,19,9942,1995,,,-1.142708,-0.9045280000000001,BEN,950330
32258512,19,9943,1995,,,-1.142708,-0.9045280000000001,BEN,950341
32265038,19,9944,1995,0.0,21346.0,-1.142708,-0.9045280000000001,BEN,950349
32271564,19,9945,1995,,,-1.142708,-0.9045280000000001,BEN,950350
32278090,19,9946,1995,,,-1.142708,-0.9045280000000001,BEN,950360
32284616,19,9947,1995,0.0,6912.0,-1.142708,-0.9045280000000001,BEN,950370
32291142,19,9948,1995,,,-1.142708,-0.9045280000000001,BEN,950380
32297668,19,9949,1995,0.0,41336.0,-1.142708,-0.9045280000000001,BEN,950390
32304194,19,9950,1995,0.0,1963.0,-1.142708,-0.9045280000000001,BEN,950410
32310720,19,9951,1995,0.0,11483.0,-1.142708,-0.9045280000000001,BEN,950420
32317246,19,9952,1995,0.0,33740.0,-1.142708,-0.9045280000000001,BEN,950430
32323772,19,9953,1995,0.0,73691.0,-1.142708,-0.9045280000000001,BEN,950440
32330298,19,9954,1995,0.0,68465.0,-1.142708,-0.9045280000000001,BEN,950490
32336824,19,9955,1995,0.0,1810.0,-1.142708,-0.9045280000000001,BEN,950510
32343350,19,9956,1995,0.0,2820.0,-1.142708,-0.9045280000000001,BEN,950590
32349876,19,9957,1995,,,-1.142708,-0.9045280000000001,BEN,950611
32356402,19,9958,1995,,,-1.142708,-0.9045280000000001,BEN,950612
32362928,19,9959,1995,,,-1.142708,-0.9045280000000001,BEN,950619
32369454,19,9960,1995,,,-1.142708,-0.9045280000000001,BEN,950621
32375980,19,9961,1995,0.0,10676.0,-1.142708,-0.9045280000000001,BEN,950629
32382506,19,9962,1995,,,-1.142708,-0.9045280000000001,BEN,950631
32389032,19,9963,1995,,,-1.142708,-0.9045280000000001,BEN,950632
32395558,19,9964,1995,0.0,1410.0,-1.142708,-0.9045280000000001,BEN,950639
32402084,19,9965,1995,,,-1.142708,-0.9045280000000001,BEN,950640
32408610,19,9966,1995,0.0,1885.0,-1.142708,-0.9045280000000001,BEN,950651
32415136,19,9967,1995,,,-1.142708,-0.9045280000000001,BEN,950659
32421662,19,9968,1995,,,-1.142708,-0.9045280000000001,BEN,950661
32428188,19,9969,1995,0.0,55522.0,-1.142708,-0.9045280000000001,BEN,950662
32434714,19,9970,1995,,,-1.142708,-0.9045280000000001,BEN,950669
32441240,19,9971,1995,,,-1.142708,-0.9045280000000001,BEN,950670
32447766,19,9972,1995,0.0,26431.0,-1.142708,-0.9045280000000001,BEN,950691
32454292,19,9973,1995,0.0,22361.0,-1.142708,-0.9045280000000001,BEN,950699
32460818,19,9974,1995,,,-1.142708,-0.9045280000000001,BEN,950710
32467344,19,9975,1995,,,-1.142708,-0.9045280000000001,BEN,950720
32473870,19,9976,1995,,,-1.142708,-0.9045280000000001,BEN,950730
32480396,19,9977,1995,,,-1.142708,-0.9045280000000001,BEN,950790
32486922,19,9978,1995,,,-1.142708,-0.9045280000000001,BEN,950800
32493448,19,9979,1995,,,-1.142708,-0.9045280000000001,BEN,960110
32499974,19,9980,1995,,,-1.142708,-0.9045280000000001,BEN,960190
32506500,19,9981,1995,,,-1.142708,-0.9045280000000001,BEN,960200
32513026,19,9982,1995,0.0,8864.0,-1.142708,-0.9045280000000001,BEN,960310
32519552,19,9983,1995,0.0,40089.0,-1.142708,-0.9045280000000001,BEN,960321
32526078,19,9984,1995,0.0,12137.0,-1.142708,-0.9045280000000001,BEN,960329
32532604,19,9985,1995,0.0,2216.0,-1.142708,-0.9045280000000001,BEN,960330
32539130,19,9986,1995,0.0,28875.0,-1.142708,-0.9045280000000001,BEN,960340
32545656,19,9987,1995,,,-1.142708,-0.9045280000000001,BEN,960350
32552182,19,9988,1995,0.0,76041.0,-1.142708,-0.9045280000000001,BEN,960390
32558708,19,9989,1995,0.0,1611.0,-1.142708,-0.9045280000000001,BEN,960400
32565234,19,9990,1995,0.0,66597.0,-1.142708,-0.9045280000000001,BEN,960500
32571760,19,9991,1995,0.0,1803.0,-1.142708,-0.9045280000000001,BEN,960610
32578286,19,9992,1995,0.0,4834.0,-1.142708,-0.9045280000000001,BEN,960621
32584812,19,9993,1995,0.0,53814.0,-1.142708,-0.9045280000000001,BEN,960622
32591338,19,9994,1995,3386.0,181312.0,-1.142708,-0.9045280000000001,BEN,960629
32597864,19,9995,1995,0.0,9468.0,-1.142708,-0.9045280000000001,BEN,960630
32604390,19,9996,1995,,,-1.142708,-0.9045280000000001,BEN,960711
32610916,19,9997,1995,,,-1.142708,-0.9045280000000001,BEN,960719
32617442,19,9998,1995,,,-1.142708,-0.9045280000000001,BEN,960720
32623968,19,9999,1995,0.0,330612.0,-1.142708,-0.9045280000000001,BEN,960810
32630494,19,10000,1995,0.0,116984.0,-1.142708,-0.9045280000000001,BEN,960820
32637020,19,10001,1995,0.0,1118.0,-1.142708,-0.9045280000000001,BEN,960831
32643546,19,10002,1995,0.0,3828.0,-1.142708,-0.9045280000000001,BEN,960839
32650072,19,10003,1995,0.0,3353.0,-1.142708,-0.9045280000000001,BEN,960840
32656598,19,10004,1995,0.0,11905.0,-1.142708,-0.9045280000000001,BEN,960850
32663124,19,10005,1995,0.0,2502.0,-1.142708,-0.9045280000000001,BEN,960860
32669650,19,10006,1995,,,-1.142708,-0.9045280000000001,BEN,960891
32676176,19,10007,1995,0.0,1410.0,-1.142708,-0.9045280000000001,BEN,960899
32682702,19,10008,1995,0.0,85494.0,-1.142708,-0.9045280000000001,BEN,960910
32689228,19,10009,1995,0.0,1208.0,-1.142708,-0.9045280000000001,BEN,960920
32695754,19,10010,1995,42031.0,238546.0,-1.142708,-0.9045280000000001,BEN,960990
32702280,19,10011,1995,0.0,302739.0,-1.142708,-0.9045280000000001,BEN,961000
32708806,19,10012,1995,0.0,1410.0,-1.142708,-0.9045280000000001,BEN,961100
32715332,19,10013,1995,0.0,96471.0,-1.142708,-0.9045280000000001,BEN,961210
32721858,19,10014,1995,0.0,14908.0,-1.142708,-0.9045280000000001,BEN,961220
32728384,19,10015,1995,0.0,96811.0,-1.142708,-0.9045280000000001,BEN,961310
32734910,19,10016,1995,0.0,10705.0,-1.142708,-0.9045280000000001,BEN,961320
32741436,19,10017,1995,,,-1.142708,-0.9045280000000001,BEN,961330
32747962,19,10018,1995,,,-1.142708,-0.9045280000000001,BEN,961380
32754488,19,10019,1995,,,-1.142708,-0.9045280000000001,BEN,961390
32761014,19,10020,1995,,,-1.142708,-0.9045280000000001,BEN,961410
32767540,19,10021,1995,,,-1.142708,-0.9045280000000001,BEN,961420
32774066,19,10022,1995,0.0,16766.0,-1.142708,-0.9045280000000001,BEN,961490
32780592,19,10023,1995,0.0,6433.0,-1.142708,-0.9045280000000001,BEN,961511
32787118,19,10024,1995,,,-1.142708,-0.9045280000000001,BEN,961519
32793644,19,10025,1995,0.0,3202.0,-1.142708,-0.9045280000000001,BEN,961590
32800170,19,10026,1995,,,-1.142708,-0.9045280000000001,BEN,961610
32806696,19,10027,1995,,,-1.142708,-0.9045280000000001,BEN,961620
32813222,19,10028,1995,2699.0,0.0,-1.142708,-0.9045280000000001,BEN,961700
32819748,19,10029,1995,,,-1.142708,-0.9045280000000001,BEN,961800
32826274,19,10030,1995,7173.0,14101.0,-1.142708,-0.9045280000000001,BEN,970110
32832800,19,10031,1995,,,-1.142708,-0.9045280000000001,BEN,970190
32839326,19,10032,1995,0.0,1112.0,-1.142708,-0.9045280000000001,BEN,970200
32845852,19,10033,1995,113674.0,32037.0,-1.142708,-0.9045280000000001,BEN,970300
32852378,19,10034,1995,0.0,1611.0,-1.142708,-0.9045280000000001,BEN,970400
32858904,19,10035,1995,67928.0,0.0,-1.142708,-0.9045280000000001,BEN,970500
32865430,19,10036,1995,1688.0,0.0,-1.142708,-0.9045280000000001,BEN,970600
32871956,19,10037,1995,,,-1.142708,-0.9045280000000001,BEN,999999
32878482,19,10038,1995,,,-1.142708,-0.9045280000000001,BEN,9999AA
32885008,19,10039,1995,,,-1.142708,-0.9045280000000001,BEN,XXXXXX
32891321,19,11003,1995,57404964.0,74084176.0,-1.142708,-0.9045280000000001,BEN,ict
32895678,19,11004,1995,11067249.0,24434418.0,-1.142708,-0.9045280000000001,BEN,financial
32900035,19,11002,1995,41092988.0,139208704.0,-1.142708,-0.9045280000000001,BEN,transport
32904392,19,11001,1995,84764360.0,34513984.0,-1.142708,-0.9045280000000001,BEN,travel
32908749,19,11000,1995,0.0,0.0,-1.142708,-0.9045280000000001,BEN,unspecified
