,location_id,product_id,year,export_value,import_value,hs_eci,hs_coi,location_code,hs_product_code
1397,53,5000,2014,0.0,0.0,,,CSK,010111
7923,53,5001,2014,0.0,0.0,,,CSK,010119
14449,53,5002,2014,0.0,0.0,,,CSK,010120
20975,53,5003,2014,0.0,0.0,,,CSK,010210
27501,53,5004,2014,0.0,0.0,,,CSK,010290
34027,53,5005,2014,0.0,0.0,,,CSK,010310
40553,53,5006,2014,0.0,0.0,,,CSK,010391
47079,53,5007,2014,0.0,0.0,,,CSK,010392
53605,53,5008,2014,0.0,0.0,,,CSK,010410
60131,53,5009,2014,0.0,0.0,,,CSK,010420
66657,53,5010,2014,0.0,0.0,,,CSK,010511
73183,53,5011,2014,0.0,0.0,,,CSK,010519
79709,53,5012,2014,0.0,0.0,,,CSK,010591
86235,53,5013,2014,0.0,0.0,,,CSK,010599
92761,53,5014,2014,0.0,0.0,,,CSK,010600
99287,53,5015,2014,0.0,0.0,,,CSK,020110
105813,53,5016,2014,0.0,0.0,,,CSK,020120
112339,53,5017,2014,0.0,0.0,,,CSK,020130
118865,53,5018,2014,0.0,0.0,,,CSK,020210
125391,53,5019,2014,0.0,0.0,,,CSK,020220
131917,53,5020,2014,0.0,0.0,,,CSK,020230
138443,53,5021,2014,0.0,0.0,,,CSK,020311
144969,53,5022,2014,0.0,0.0,,,CSK,020312
151495,53,5023,2014,0.0,0.0,,,CSK,020319
158021,53,5024,2014,0.0,0.0,,,CSK,020321
164547,53,5025,2014,0.0,0.0,,,CSK,020322
171073,53,5026,2014,0.0,0.0,,,CSK,020329
177599,53,5027,2014,0.0,0.0,,,CSK,020410
184125,53,5028,2014,0.0,0.0,,,CSK,020421
190651,53,5029,2014,0.0,0.0,,,CSK,020422
197177,53,5030,2014,0.0,0.0,,,CSK,020423
203703,53,5031,2014,0.0,0.0,,,CSK,020430
210229,53,5032,2014,0.0,0.0,,,CSK,020441
216755,53,5033,2014,0.0,0.0,,,CSK,020442
223281,53,5034,2014,0.0,0.0,,,CSK,020443
229807,53,5035,2014,0.0,0.0,,,CSK,020450
236333,53,5036,2014,0.0,0.0,,,CSK,020500
242859,53,5037,2014,0.0,0.0,,,CSK,020610
249385,53,5038,2014,0.0,0.0,,,CSK,020621
255911,53,5039,2014,0.0,0.0,,,CSK,020622
262437,53,5040,2014,0.0,0.0,,,CSK,020629
268963,53,5041,2014,0.0,0.0,,,CSK,020630
275489,53,5042,2014,0.0,0.0,,,CSK,020641
282015,53,5043,2014,0.0,0.0,,,CSK,020649
288541,53,5044,2014,0.0,0.0,,,CSK,020680
295067,53,5045,2014,0.0,0.0,,,CSK,020690
301593,53,5046,2014,0.0,0.0,,,CSK,020710
308119,53,5047,2014,0.0,0.0,,,CSK,020721
314645,53,5048,2014,0.0,0.0,,,CSK,020722
321171,53,5049,2014,0.0,0.0,,,CSK,020723
327697,53,5050,2014,0.0,0.0,,,CSK,020731
334223,53,5051,2014,0.0,0.0,,,CSK,020739
340749,53,5052,2014,0.0,0.0,,,CSK,020741
347275,53,5053,2014,0.0,0.0,,,CSK,020742
353801,53,5054,2014,0.0,0.0,,,CSK,020743
360327,53,5055,2014,0.0,0.0,,,CSK,020750
366853,53,5056,2014,0.0,0.0,,,CSK,020810
373379,53,5057,2014,0.0,0.0,,,CSK,020820
379905,53,5058,2014,0.0,0.0,,,CSK,020890
386431,53,5059,2014,0.0,0.0,,,CSK,020900
392957,53,5060,2014,0.0,0.0,,,CSK,021011
399483,53,5061,2014,0.0,0.0,,,CSK,021012
406009,53,5062,2014,0.0,0.0,,,CSK,021019
412535,53,5063,2014,0.0,0.0,,,CSK,021020
419061,53,5064,2014,0.0,0.0,,,CSK,021090
425587,53,5065,2014,0.0,0.0,,,CSK,030110
432113,53,5066,2014,0.0,0.0,,,CSK,030191
438639,53,5067,2014,0.0,0.0,,,CSK,030192
445165,53,5068,2014,0.0,0.0,,,CSK,030193
451691,53,5069,2014,0.0,0.0,,,CSK,030199
458217,53,5070,2014,0.0,0.0,,,CSK,030211
464743,53,5071,2014,0.0,0.0,,,CSK,030212
471269,53,5072,2014,0.0,0.0,,,CSK,030219
477795,53,5073,2014,0.0,0.0,,,CSK,030221
484321,53,5074,2014,0.0,0.0,,,CSK,030222
490847,53,5075,2014,0.0,0.0,,,CSK,030223
497373,53,5076,2014,0.0,0.0,,,CSK,030229
503899,53,5077,2014,0.0,0.0,,,CSK,030231
510425,53,5078,2014,0.0,0.0,,,CSK,030232
516951,53,5079,2014,0.0,0.0,,,CSK,030233
523477,53,5080,2014,0.0,0.0,,,CSK,030239
530003,53,5081,2014,0.0,0.0,,,CSK,030240
536529,53,5082,2014,0.0,0.0,,,CSK,030250
543055,53,5083,2014,0.0,0.0,,,CSK,030261
549581,53,5084,2014,0.0,0.0,,,CSK,030262
556107,53,5085,2014,0.0,0.0,,,CSK,030263
562633,53,5086,2014,0.0,0.0,,,CSK,030264
569159,53,5087,2014,0.0,0.0,,,CSK,030265
575685,53,5088,2014,0.0,0.0,,,CSK,030266
582211,53,5089,2014,0.0,0.0,,,CSK,030269
588737,53,5090,2014,0.0,0.0,,,CSK,030270
595263,53,5091,2014,0.0,0.0,,,CSK,030310
601789,53,5092,2014,0.0,0.0,,,CSK,030321
608315,53,5093,2014,0.0,0.0,,,CSK,030322
614841,53,5094,2014,0.0,0.0,,,CSK,030329
621367,53,5095,2014,0.0,0.0,,,CSK,030331
627893,53,5096,2014,0.0,0.0,,,CSK,030332
634419,53,5097,2014,0.0,0.0,,,CSK,030333
640945,53,5098,2014,0.0,0.0,,,CSK,030339
647471,53,5099,2014,0.0,0.0,,,CSK,030341
653997,53,5100,2014,0.0,0.0,,,CSK,030342
660523,53,5101,2014,0.0,0.0,,,CSK,030343
667049,53,5102,2014,0.0,0.0,,,CSK,030349
673575,53,5103,2014,0.0,0.0,,,CSK,030350
680101,53,5104,2014,0.0,0.0,,,CSK,030360
686627,53,5105,2014,0.0,0.0,,,CSK,030371
693153,53,5106,2014,0.0,0.0,,,CSK,030372
699679,53,5107,2014,0.0,0.0,,,CSK,030373
706205,53,5108,2014,0.0,0.0,,,CSK,030374
712731,53,5109,2014,0.0,0.0,,,CSK,030375
719257,53,5110,2014,0.0,0.0,,,CSK,030376
725783,53,5111,2014,0.0,0.0,,,CSK,030377
732309,53,5112,2014,0.0,0.0,,,CSK,030378
738835,53,5113,2014,0.0,0.0,,,CSK,030379
745361,53,5114,2014,0.0,0.0,,,CSK,030380
751887,53,5115,2014,0.0,0.0,,,CSK,030410
758413,53,5116,2014,0.0,0.0,,,CSK,030420
764939,53,5117,2014,0.0,0.0,,,CSK,030490
771465,53,5118,2014,0.0,0.0,,,CSK,030510
777991,53,5119,2014,0.0,0.0,,,CSK,030520
784517,53,5120,2014,0.0,0.0,,,CSK,030530
791043,53,5121,2014,0.0,0.0,,,CSK,030541
797569,53,5122,2014,0.0,0.0,,,CSK,030542
804095,53,5123,2014,0.0,0.0,,,CSK,030549
810621,53,5124,2014,0.0,0.0,,,CSK,030551
817147,53,5125,2014,0.0,0.0,,,CSK,030559
823673,53,5126,2014,0.0,0.0,,,CSK,030561
830199,53,5127,2014,0.0,0.0,,,CSK,030562
836725,53,5128,2014,0.0,0.0,,,CSK,030563
843251,53,5129,2014,0.0,0.0,,,CSK,030569
849777,53,5130,2014,0.0,0.0,,,CSK,030611
856303,53,5131,2014,0.0,0.0,,,CSK,030612
862829,53,5132,2014,0.0,0.0,,,CSK,030613
869355,53,5133,2014,0.0,0.0,,,CSK,030614
875881,53,5134,2014,0.0,0.0,,,CSK,030619
882407,53,5135,2014,0.0,0.0,,,CSK,030621
888933,53,5136,2014,0.0,0.0,,,CSK,030622
895459,53,5137,2014,0.0,0.0,,,CSK,030623
901985,53,5138,2014,0.0,0.0,,,CSK,030624
908511,53,5139,2014,0.0,0.0,,,CSK,030629
915037,53,5140,2014,0.0,0.0,,,CSK,030710
921563,53,5141,2014,0.0,0.0,,,CSK,030721
928089,53,5142,2014,0.0,0.0,,,CSK,030729
934615,53,5143,2014,0.0,0.0,,,CSK,030731
941141,53,5144,2014,0.0,0.0,,,CSK,030739
947667,53,5145,2014,0.0,0.0,,,CSK,030741
954193,53,5146,2014,0.0,0.0,,,CSK,030749
960719,53,5147,2014,0.0,0.0,,,CSK,030751
967245,53,5148,2014,0.0,0.0,,,CSK,030759
973771,53,5149,2014,0.0,0.0,,,CSK,030760
980297,53,5150,2014,0.0,0.0,,,CSK,030791
986823,53,5151,2014,0.0,0.0,,,CSK,030799
993349,53,5152,2014,0.0,0.0,,,CSK,040110
999875,53,5153,2014,0.0,0.0,,,CSK,040120
1006401,53,5154,2014,0.0,0.0,,,CSK,040130
1012927,53,5155,2014,0.0,0.0,,,CSK,040210
1019453,53,5156,2014,0.0,0.0,,,CSK,040221
1025979,53,5157,2014,0.0,0.0,,,CSK,040229
1032505,53,5158,2014,0.0,0.0,,,CSK,040291
1039031,53,5159,2014,0.0,0.0,,,CSK,040299
1045557,53,5160,2014,0.0,0.0,,,CSK,040310
1052083,53,5161,2014,0.0,0.0,,,CSK,040390
1058609,53,5162,2014,0.0,0.0,,,CSK,040410
1065135,53,5163,2014,0.0,0.0,,,CSK,040490
1071661,53,5164,2014,0.0,0.0,,,CSK,040500
1078187,53,5165,2014,0.0,0.0,,,CSK,040610
1084713,53,5166,2014,0.0,0.0,,,CSK,040620
1091239,53,5167,2014,0.0,0.0,,,CSK,040630
1097765,53,5168,2014,0.0,0.0,,,CSK,040640
1104291,53,5169,2014,0.0,0.0,,,CSK,040690
1110817,53,5170,2014,0.0,0.0,,,CSK,040700
1117343,53,5171,2014,0.0,0.0,,,CSK,040811
1123869,53,5172,2014,0.0,0.0,,,CSK,040819
1130395,53,5173,2014,0.0,0.0,,,CSK,040891
1136921,53,5174,2014,0.0,0.0,,,CSK,040899
1143447,53,5175,2014,0.0,0.0,,,CSK,040900
1149973,53,5176,2014,0.0,0.0,,,CSK,041000
1156499,53,5177,2014,0.0,0.0,,,CSK,050100
1163025,53,5178,2014,0.0,0.0,,,CSK,050210
1169551,53,5179,2014,0.0,0.0,,,CSK,050290
1176077,53,5180,2014,0.0,0.0,,,CSK,050300
1182603,53,5181,2014,0.0,0.0,,,CSK,050400
1189129,53,5182,2014,0.0,0.0,,,CSK,050510
1195655,53,5183,2014,0.0,0.0,,,CSK,050590
1202181,53,5184,2014,0.0,0.0,,,CSK,050610
1208707,53,5185,2014,0.0,0.0,,,CSK,050690
1215233,53,5186,2014,0.0,0.0,,,CSK,050710
1221759,53,5187,2014,0.0,0.0,,,CSK,050790
1228285,53,5188,2014,0.0,0.0,,,CSK,050800
1234811,53,5189,2014,0.0,0.0,,,CSK,050900
1241337,53,5190,2014,0.0,0.0,,,CSK,051000
1247863,53,5191,2014,0.0,0.0,,,CSK,051110
1254389,53,5192,2014,0.0,0.0,,,CSK,051191
1260915,53,5193,2014,0.0,0.0,,,CSK,051199
1267441,53,5194,2014,0.0,0.0,,,CSK,060110
1273967,53,5195,2014,0.0,0.0,,,CSK,060120
1280493,53,5196,2014,0.0,0.0,,,CSK,060210
1287019,53,5197,2014,0.0,0.0,,,CSK,060220
1293545,53,5198,2014,0.0,0.0,,,CSK,060230
1300071,53,5199,2014,0.0,0.0,,,CSK,060240
1306597,53,5200,2014,0.0,0.0,,,CSK,060291
1313123,53,5201,2014,0.0,0.0,,,CSK,060299
1319649,53,5202,2014,0.0,0.0,,,CSK,060310
1326175,53,5203,2014,0.0,0.0,,,CSK,060390
1332701,53,5204,2014,0.0,0.0,,,CSK,060410
1339227,53,5205,2014,0.0,0.0,,,CSK,060491
1345753,53,5206,2014,0.0,0.0,,,CSK,060499
1352279,53,5207,2014,0.0,0.0,,,CSK,070110
1358805,53,5208,2014,0.0,0.0,,,CSK,070190
1365331,53,5209,2014,0.0,0.0,,,CSK,070200
1371857,53,5210,2014,0.0,0.0,,,CSK,070310
1378383,53,5211,2014,0.0,0.0,,,CSK,070320
1384909,53,5212,2014,0.0,0.0,,,CSK,070390
1391435,53,5213,2014,0.0,0.0,,,CSK,070410
1397961,53,5214,2014,0.0,0.0,,,CSK,070420
1404487,53,5215,2014,0.0,0.0,,,CSK,070490
1411013,53,5216,2014,0.0,0.0,,,CSK,070511
1417539,53,5217,2014,0.0,0.0,,,CSK,070519
1424065,53,5218,2014,0.0,0.0,,,CSK,070521
1430591,53,5219,2014,0.0,0.0,,,CSK,070529
1437117,53,5220,2014,0.0,0.0,,,CSK,070610
1443643,53,5221,2014,0.0,0.0,,,CSK,070690
1450169,53,5222,2014,0.0,0.0,,,CSK,070700
1456695,53,5223,2014,0.0,0.0,,,CSK,070810
1463221,53,5224,2014,0.0,0.0,,,CSK,070820
1469747,53,5225,2014,0.0,0.0,,,CSK,070890
1476273,53,5226,2014,0.0,0.0,,,CSK,070910
1482799,53,5227,2014,0.0,0.0,,,CSK,070920
1489325,53,5228,2014,0.0,0.0,,,CSK,070930
1495851,53,5229,2014,0.0,0.0,,,CSK,070940
1502377,53,5230,2014,0.0,0.0,,,CSK,070951
1508903,53,5231,2014,0.0,0.0,,,CSK,070952
1515429,53,5232,2014,0.0,0.0,,,CSK,070960
1521955,53,5233,2014,0.0,0.0,,,CSK,070970
1528481,53,5234,2014,0.0,0.0,,,CSK,070990
1535007,53,5235,2014,0.0,0.0,,,CSK,071010
1541533,53,5236,2014,0.0,0.0,,,CSK,071021
1548059,53,5237,2014,0.0,0.0,,,CSK,071022
1554585,53,5238,2014,0.0,0.0,,,CSK,071029
1561111,53,5239,2014,0.0,0.0,,,CSK,071030
1567637,53,5240,2014,0.0,0.0,,,CSK,071040
1574163,53,5241,2014,0.0,0.0,,,CSK,071080
1580689,53,5242,2014,0.0,0.0,,,CSK,071090
1587215,53,5243,2014,0.0,0.0,,,CSK,071110
1593741,53,5244,2014,0.0,0.0,,,CSK,071120
1600267,53,5245,2014,0.0,0.0,,,CSK,071130
1606793,53,5246,2014,0.0,0.0,,,CSK,071140
1613319,53,5247,2014,0.0,0.0,,,CSK,071190
1619845,53,5248,2014,0.0,0.0,,,CSK,071210
1626371,53,5249,2014,0.0,0.0,,,CSK,071220
1632897,53,5250,2014,0.0,0.0,,,CSK,071230
1639423,53,5251,2014,0.0,0.0,,,CSK,071290
1645949,53,5252,2014,0.0,0.0,,,CSK,071310
1652475,53,5253,2014,0.0,0.0,,,CSK,071320
1659001,53,5254,2014,0.0,0.0,,,CSK,071331
1665527,53,5255,2014,0.0,0.0,,,CSK,071332
1672053,53,5256,2014,0.0,0.0,,,CSK,071333
1678579,53,5257,2014,0.0,0.0,,,CSK,071339
1685105,53,5258,2014,0.0,0.0,,,CSK,071340
1691631,53,5259,2014,0.0,0.0,,,CSK,071350
1698157,53,5260,2014,0.0,0.0,,,CSK,071390
1704683,53,5261,2014,0.0,0.0,,,CSK,071410
1711209,53,5262,2014,0.0,0.0,,,CSK,071420
1717735,53,5263,2014,0.0,0.0,,,CSK,071490
1724261,53,5264,2014,0.0,0.0,,,CSK,080110
1730787,53,5265,2014,0.0,0.0,,,CSK,080120
1737313,53,5266,2014,0.0,0.0,,,CSK,080130
1743839,53,5267,2014,0.0,0.0,,,CSK,080211
1750365,53,5268,2014,0.0,0.0,,,CSK,080212
1756891,53,5269,2014,0.0,0.0,,,CSK,080221
1763417,53,5270,2014,0.0,0.0,,,CSK,080222
1769943,53,5271,2014,0.0,0.0,,,CSK,080231
1776469,53,5272,2014,0.0,0.0,,,CSK,080232
1782995,53,5273,2014,0.0,0.0,,,CSK,080240
1789521,53,5274,2014,0.0,0.0,,,CSK,080250
1796047,53,5275,2014,0.0,0.0,,,CSK,080290
1802573,53,5276,2014,0.0,0.0,,,CSK,080300
1809099,53,5277,2014,0.0,0.0,,,CSK,080410
1815625,53,5278,2014,0.0,0.0,,,CSK,080420
1822151,53,5279,2014,0.0,0.0,,,CSK,080430
1828677,53,5280,2014,0.0,0.0,,,CSK,080440
1835203,53,5281,2014,0.0,0.0,,,CSK,080450
1841729,53,5282,2014,0.0,0.0,,,CSK,080510
1848255,53,5283,2014,0.0,0.0,,,CSK,080520
1854781,53,5284,2014,0.0,0.0,,,CSK,080530
1861307,53,5285,2014,0.0,0.0,,,CSK,080540
1867833,53,5286,2014,0.0,0.0,,,CSK,080590
1874359,53,5287,2014,0.0,0.0,,,CSK,080610
1880885,53,5288,2014,0.0,0.0,,,CSK,080620
1887411,53,5289,2014,0.0,0.0,,,CSK,080710
1893937,53,5290,2014,0.0,0.0,,,CSK,080720
1900463,53,5291,2014,0.0,0.0,,,CSK,080810
1906989,53,5292,2014,0.0,0.0,,,CSK,080820
1913515,53,5293,2014,0.0,0.0,,,CSK,080910
1920041,53,5294,2014,0.0,0.0,,,CSK,080920
1926567,53,5295,2014,0.0,0.0,,,CSK,080930
1933093,53,5296,2014,0.0,0.0,,,CSK,080940
1939619,53,5297,2014,0.0,0.0,,,CSK,081010
1946145,53,5298,2014,0.0,0.0,,,CSK,081020
1952671,53,5299,2014,0.0,0.0,,,CSK,081030
1959197,53,5300,2014,0.0,0.0,,,CSK,081040
1965723,53,5301,2014,0.0,0.0,,,CSK,081090
1972249,53,5302,2014,0.0,0.0,,,CSK,081110
1978775,53,5303,2014,0.0,0.0,,,CSK,081120
1985301,53,5304,2014,0.0,0.0,,,CSK,081190
1991827,53,5305,2014,0.0,0.0,,,CSK,081210
1998353,53,5306,2014,0.0,0.0,,,CSK,081220
2004879,53,5307,2014,0.0,0.0,,,CSK,081290
2011405,53,5308,2014,0.0,0.0,,,CSK,081310
2017931,53,5309,2014,0.0,0.0,,,CSK,081320
2024457,53,5310,2014,0.0,0.0,,,CSK,081330
2030983,53,5311,2014,0.0,0.0,,,CSK,081340
2037509,53,5312,2014,0.0,0.0,,,CSK,081350
2044035,53,5313,2014,0.0,0.0,,,CSK,081400
2050561,53,5314,2014,0.0,0.0,,,CSK,090111
2057087,53,5315,2014,0.0,0.0,,,CSK,090112
2063613,53,5316,2014,0.0,0.0,,,CSK,090121
2070139,53,5317,2014,0.0,0.0,,,CSK,090122
2076665,53,5318,2014,0.0,0.0,,,CSK,090130
2083191,53,5319,2014,0.0,0.0,,,CSK,090140
2089717,53,5320,2014,0.0,0.0,,,CSK,090210
2096243,53,5321,2014,0.0,0.0,,,CSK,090220
2102769,53,5322,2014,0.0,0.0,,,CSK,090230
2109295,53,5323,2014,0.0,0.0,,,CSK,090240
2115821,53,5324,2014,0.0,0.0,,,CSK,090300
2122347,53,5325,2014,0.0,0.0,,,CSK,090411
2128873,53,5326,2014,0.0,0.0,,,CSK,090412
2135399,53,5327,2014,0.0,0.0,,,CSK,090420
2141925,53,5328,2014,0.0,0.0,,,CSK,090500
2148451,53,5329,2014,0.0,0.0,,,CSK,090610
2154977,53,5330,2014,0.0,0.0,,,CSK,090620
2161503,53,5331,2014,0.0,0.0,,,CSK,090700
2168029,53,5332,2014,0.0,0.0,,,CSK,090810
2174555,53,5333,2014,0.0,0.0,,,CSK,090820
2181081,53,5334,2014,0.0,0.0,,,CSK,090830
2187607,53,5335,2014,0.0,0.0,,,CSK,090910
2194133,53,5336,2014,0.0,0.0,,,CSK,090920
2200659,53,5337,2014,0.0,0.0,,,CSK,090930
2207185,53,5338,2014,0.0,0.0,,,CSK,090940
2213711,53,5339,2014,0.0,0.0,,,CSK,090950
2220237,53,5340,2014,0.0,0.0,,,CSK,091010
2226763,53,5341,2014,0.0,0.0,,,CSK,091020
2233289,53,5342,2014,0.0,0.0,,,CSK,091030
2239815,53,5343,2014,0.0,0.0,,,CSK,091040
2246341,53,5344,2014,0.0,0.0,,,CSK,091050
2252867,53,5345,2014,0.0,0.0,,,CSK,091091
2259393,53,5346,2014,0.0,0.0,,,CSK,091099
2265919,53,5347,2014,0.0,0.0,,,CSK,100110
2272445,53,5348,2014,0.0,0.0,,,CSK,100190
2278971,53,5349,2014,0.0,0.0,,,CSK,100200
2285497,53,5350,2014,0.0,0.0,,,CSK,100300
2292023,53,5351,2014,0.0,0.0,,,CSK,100400
2298549,53,5352,2014,0.0,0.0,,,CSK,100510
2305075,53,5353,2014,0.0,0.0,,,CSK,100590
2311601,53,5354,2014,0.0,0.0,,,CSK,100610
2318127,53,5355,2014,0.0,0.0,,,CSK,100620
2324653,53,5356,2014,0.0,0.0,,,CSK,100630
2331179,53,5357,2014,0.0,0.0,,,CSK,100640
2337705,53,5358,2014,0.0,0.0,,,CSK,100700
2344231,53,5359,2014,0.0,0.0,,,CSK,100810
2350757,53,5360,2014,0.0,0.0,,,CSK,100820
2357283,53,5361,2014,0.0,0.0,,,CSK,100830
2363809,53,5362,2014,0.0,0.0,,,CSK,100890
2370335,53,5363,2014,0.0,0.0,,,CSK,110100
2376861,53,5364,2014,0.0,0.0,,,CSK,110210
2383387,53,5365,2014,0.0,0.0,,,CSK,110220
2389913,53,5366,2014,0.0,0.0,,,CSK,110230
2396439,53,5367,2014,0.0,0.0,,,CSK,110290
2402965,53,5368,2014,0.0,0.0,,,CSK,110311
2409491,53,5369,2014,0.0,0.0,,,CSK,110312
2416017,53,5370,2014,0.0,0.0,,,CSK,110313
2422543,53,5371,2014,0.0,0.0,,,CSK,110314
2429069,53,5372,2014,0.0,0.0,,,CSK,110319
2435595,53,5373,2014,0.0,0.0,,,CSK,110321
2442121,53,5374,2014,0.0,0.0,,,CSK,110329
2448647,53,5375,2014,0.0,0.0,,,CSK,110411
2455173,53,5376,2014,0.0,0.0,,,CSK,110412
2461699,53,5377,2014,0.0,0.0,,,CSK,110419
2468225,53,5378,2014,0.0,0.0,,,CSK,110421
2474751,53,5379,2014,0.0,0.0,,,CSK,110422
2481277,53,5380,2014,0.0,0.0,,,CSK,110423
2487803,53,5381,2014,0.0,0.0,,,CSK,110429
2494329,53,5382,2014,0.0,0.0,,,CSK,110430
2500855,53,5383,2014,0.0,0.0,,,CSK,110510
2507381,53,5384,2014,0.0,0.0,,,CSK,110520
2513907,53,5385,2014,0.0,0.0,,,CSK,110610
2520433,53,5386,2014,0.0,0.0,,,CSK,110620
2526959,53,5387,2014,0.0,0.0,,,CSK,110630
2533485,53,5388,2014,0.0,0.0,,,CSK,110710
2540011,53,5389,2014,0.0,0.0,,,CSK,110720
2546537,53,5390,2014,0.0,0.0,,,CSK,110811
2553063,53,5391,2014,0.0,0.0,,,CSK,110812
2559589,53,5392,2014,0.0,0.0,,,CSK,110813
2566115,53,5393,2014,0.0,0.0,,,CSK,110814
2572641,53,5394,2014,0.0,0.0,,,CSK,110819
2579167,53,5395,2014,0.0,0.0,,,CSK,110820
2585693,53,5396,2014,0.0,0.0,,,CSK,110900
2592219,53,5397,2014,0.0,0.0,,,CSK,120100
2598745,53,5398,2014,0.0,0.0,,,CSK,120210
2605271,53,5399,2014,0.0,0.0,,,CSK,120220
2611797,53,5400,2014,0.0,0.0,,,CSK,120300
2618323,53,5401,2014,0.0,0.0,,,CSK,120400
2624849,53,5402,2014,0.0,0.0,,,CSK,120500
2631375,53,5403,2014,0.0,0.0,,,CSK,120600
2637901,53,5404,2014,0.0,0.0,,,CSK,120710
2644427,53,5405,2014,0.0,0.0,,,CSK,120720
2650953,53,5406,2014,0.0,0.0,,,CSK,120730
2657479,53,5407,2014,0.0,0.0,,,CSK,120740
2664005,53,5408,2014,0.0,0.0,,,CSK,120750
2670531,53,5409,2014,0.0,0.0,,,CSK,120760
2677057,53,5410,2014,0.0,0.0,,,CSK,120791
2683583,53,5411,2014,0.0,0.0,,,CSK,120792
2690109,53,5412,2014,0.0,0.0,,,CSK,120799
2696635,53,5413,2014,0.0,0.0,,,CSK,120810
2703161,53,5414,2014,0.0,0.0,,,CSK,120890
2709687,53,5415,2014,0.0,0.0,,,CSK,120911
2716213,53,5416,2014,0.0,0.0,,,CSK,120919
2722739,53,5417,2014,0.0,0.0,,,CSK,120921
2729265,53,5418,2014,0.0,0.0,,,CSK,120922
2735791,53,5419,2014,0.0,0.0,,,CSK,120923
2742317,53,5420,2014,0.0,0.0,,,CSK,120924
2748843,53,5421,2014,0.0,0.0,,,CSK,120925
2755369,53,5422,2014,0.0,0.0,,,CSK,120926
2761895,53,5423,2014,0.0,0.0,,,CSK,120929
2768421,53,5424,2014,0.0,0.0,,,CSK,120930
2774947,53,5425,2014,0.0,0.0,,,CSK,120991
2781473,53,5426,2014,0.0,0.0,,,CSK,120999
2787999,53,5427,2014,0.0,0.0,,,CSK,121010
2794525,53,5428,2014,0.0,0.0,,,CSK,121020
2801051,53,5429,2014,0.0,0.0,,,CSK,121110
2807577,53,5430,2014,0.0,0.0,,,CSK,121120
2814103,53,5431,2014,0.0,0.0,,,CSK,121190
2820629,53,5432,2014,0.0,0.0,,,CSK,121210
2827155,53,5433,2014,0.0,0.0,,,CSK,121220
2833681,53,5434,2014,0.0,0.0,,,CSK,121230
2840207,53,5435,2014,0.0,0.0,,,CSK,121291
2846733,53,5436,2014,0.0,0.0,,,CSK,121292
2853259,53,5437,2014,0.0,0.0,,,CSK,121299
2859785,53,5438,2014,0.0,0.0,,,CSK,121300
2866311,53,5439,2014,0.0,0.0,,,CSK,121410
2872837,53,5440,2014,0.0,0.0,,,CSK,121490
2879363,53,5441,2014,0.0,0.0,,,CSK,130110
2885889,53,5442,2014,0.0,0.0,,,CSK,130120
2892415,53,5443,2014,0.0,0.0,,,CSK,130190
2898941,53,5444,2014,0.0,0.0,,,CSK,130211
2905467,53,5445,2014,0.0,0.0,,,CSK,130212
2911993,53,5446,2014,0.0,0.0,,,CSK,130213
2918519,53,5447,2014,0.0,0.0,,,CSK,130214
2925045,53,5448,2014,0.0,0.0,,,CSK,130219
2931571,53,5449,2014,0.0,0.0,,,CSK,130220
2938097,53,5450,2014,0.0,0.0,,,CSK,130231
2944623,53,5451,2014,0.0,0.0,,,CSK,130232
2951149,53,5452,2014,0.0,0.0,,,CSK,130239
2957675,53,5453,2014,0.0,0.0,,,CSK,140110
2964201,53,5454,2014,0.0,0.0,,,CSK,140120
2970727,53,5455,2014,0.0,0.0,,,CSK,140190
2977253,53,5456,2014,0.0,0.0,,,CSK,140210
2983779,53,5457,2014,0.0,0.0,,,CSK,140291
2990305,53,5458,2014,0.0,0.0,,,CSK,140299
2996831,53,5459,2014,0.0,0.0,,,CSK,140310
3003357,53,5460,2014,0.0,0.0,,,CSK,140390
3009883,53,5461,2014,0.0,0.0,,,CSK,140410
3016409,53,5462,2014,0.0,0.0,,,CSK,140420
3022935,53,5463,2014,0.0,0.0,,,CSK,140490
3029461,53,5464,2014,0.0,0.0,,,CSK,150100
3035987,53,5465,2014,0.0,0.0,,,CSK,150200
3042513,53,5466,2014,0.0,0.0,,,CSK,150300
3049039,53,5467,2014,0.0,0.0,,,CSK,150410
3055565,53,5468,2014,0.0,0.0,,,CSK,150420
3062091,53,5469,2014,0.0,0.0,,,CSK,150430
3068617,53,5470,2014,0.0,0.0,,,CSK,150510
3075143,53,5471,2014,0.0,0.0,,,CSK,150590
3081669,53,5472,2014,0.0,0.0,,,CSK,150600
3088195,53,5473,2014,0.0,0.0,,,CSK,150710
3094721,53,5474,2014,0.0,0.0,,,CSK,150790
3101247,53,5475,2014,0.0,0.0,,,CSK,150810
3107773,53,5476,2014,0.0,0.0,,,CSK,150890
3114299,53,5477,2014,0.0,0.0,,,CSK,150910
3120825,53,5478,2014,0.0,0.0,,,CSK,150990
3127351,53,5479,2014,0.0,0.0,,,CSK,151000
3133877,53,5480,2014,0.0,0.0,,,CSK,151110
3140403,53,5481,2014,0.0,0.0,,,CSK,151190
3146929,53,5482,2014,0.0,0.0,,,CSK,151211
3153455,53,5483,2014,0.0,0.0,,,CSK,151219
3159981,53,5484,2014,0.0,0.0,,,CSK,151221
3166507,53,5485,2014,0.0,0.0,,,CSK,151229
3173033,53,5486,2014,0.0,0.0,,,CSK,151311
3179559,53,5487,2014,0.0,0.0,,,CSK,151319
3186085,53,5488,2014,0.0,0.0,,,CSK,151321
3192611,53,5489,2014,0.0,0.0,,,CSK,151329
3199137,53,5490,2014,0.0,0.0,,,CSK,151410
3205663,53,5491,2014,0.0,0.0,,,CSK,151490
3212189,53,5492,2014,0.0,0.0,,,CSK,151511
3218715,53,5493,2014,0.0,0.0,,,CSK,151519
3225241,53,5494,2014,0.0,0.0,,,CSK,151521
3231767,53,5495,2014,0.0,0.0,,,CSK,151529
3238293,53,5496,2014,0.0,0.0,,,CSK,151530
3244819,53,5497,2014,0.0,0.0,,,CSK,151540
3251345,53,5498,2014,0.0,0.0,,,CSK,151550
3257871,53,5499,2014,0.0,0.0,,,CSK,151560
3264397,53,5500,2014,0.0,0.0,,,CSK,151590
3270923,53,5501,2014,0.0,0.0,,,CSK,151610
3277449,53,5502,2014,0.0,0.0,,,CSK,151620
3283975,53,5503,2014,0.0,0.0,,,CSK,151710
3290501,53,5504,2014,0.0,0.0,,,CSK,151790
3297027,53,5505,2014,0.0,0.0,,,CSK,151800
3303553,53,5506,2014,0.0,0.0,,,CSK,151911
3310079,53,5507,2014,0.0,0.0,,,CSK,151912
3316605,53,5508,2014,0.0,0.0,,,CSK,151913
3323131,53,5509,2014,0.0,0.0,,,CSK,151919
3329657,53,5510,2014,0.0,0.0,,,CSK,151920
3336183,53,5511,2014,0.0,0.0,,,CSK,151930
3342709,53,5512,2014,0.0,0.0,,,CSK,152010
3349235,53,5513,2014,0.0,0.0,,,CSK,152090
3355761,53,5514,2014,0.0,0.0,,,CSK,152110
3362287,53,5515,2014,0.0,0.0,,,CSK,152190
3368813,53,5516,2014,0.0,0.0,,,CSK,152200
3375339,53,5517,2014,0.0,0.0,,,CSK,160100
3381865,53,5518,2014,0.0,0.0,,,CSK,160210
3388391,53,5519,2014,0.0,0.0,,,CSK,160220
3394917,53,5520,2014,0.0,0.0,,,CSK,160231
3401443,53,5521,2014,0.0,0.0,,,CSK,160239
3407969,53,5522,2014,0.0,0.0,,,CSK,160241
3414495,53,5523,2014,0.0,0.0,,,CSK,160242
3421021,53,5524,2014,0.0,0.0,,,CSK,160249
3427547,53,5525,2014,0.0,0.0,,,CSK,160250
3434073,53,5526,2014,0.0,0.0,,,CSK,160290
3440599,53,5527,2014,0.0,0.0,,,CSK,160300
3447125,53,5528,2014,0.0,0.0,,,CSK,160411
3453651,53,5529,2014,0.0,0.0,,,CSK,160412
3460177,53,5530,2014,0.0,0.0,,,CSK,160413
3466703,53,5531,2014,0.0,0.0,,,CSK,160414
3473229,53,5532,2014,0.0,0.0,,,CSK,160415
3479755,53,5533,2014,0.0,0.0,,,CSK,160416
3486281,53,5534,2014,0.0,0.0,,,CSK,160419
3492807,53,5535,2014,0.0,0.0,,,CSK,160420
3499333,53,5536,2014,0.0,0.0,,,CSK,160430
3505859,53,5537,2014,0.0,0.0,,,CSK,160510
3512385,53,5538,2014,0.0,0.0,,,CSK,160520
3518911,53,5539,2014,0.0,0.0,,,CSK,160530
3525437,53,5540,2014,0.0,0.0,,,CSK,160540
3531963,53,5541,2014,0.0,0.0,,,CSK,160590
3538489,53,5542,2014,0.0,0.0,,,CSK,170111
3545015,53,5543,2014,0.0,0.0,,,CSK,170112
3551541,53,5544,2014,0.0,0.0,,,CSK,170191
3558067,53,5545,2014,0.0,0.0,,,CSK,170199
3564593,53,5546,2014,0.0,0.0,,,CSK,170210
3571119,53,5547,2014,0.0,0.0,,,CSK,170220
3577645,53,5548,2014,0.0,0.0,,,CSK,170230
3584171,53,5549,2014,0.0,0.0,,,CSK,170240
3590697,53,5550,2014,0.0,0.0,,,CSK,170250
3597223,53,5551,2014,0.0,0.0,,,CSK,170260
3603749,53,5552,2014,0.0,0.0,,,CSK,170290
3610275,53,5553,2014,0.0,0.0,,,CSK,170310
3616801,53,5554,2014,0.0,0.0,,,CSK,170390
3623327,53,5555,2014,0.0,0.0,,,CSK,170410
3629853,53,5556,2014,0.0,0.0,,,CSK,170490
3636379,53,5557,2014,0.0,0.0,,,CSK,180100
3642905,53,5558,2014,0.0,0.0,,,CSK,180200
3649431,53,5559,2014,0.0,0.0,,,CSK,180310
3655957,53,5560,2014,0.0,0.0,,,CSK,180320
3662483,53,5561,2014,0.0,0.0,,,CSK,180400
3669009,53,5562,2014,0.0,0.0,,,CSK,180500
3675535,53,5563,2014,0.0,0.0,,,CSK,180610
3682061,53,5564,2014,0.0,0.0,,,CSK,180620
3688587,53,5565,2014,0.0,0.0,,,CSK,180631
3695113,53,5566,2014,0.0,0.0,,,CSK,180632
3701639,53,5567,2014,0.0,0.0,,,CSK,180690
3708165,53,5568,2014,0.0,0.0,,,CSK,190110
3714691,53,5569,2014,0.0,0.0,,,CSK,190120
3721217,53,5570,2014,0.0,0.0,,,CSK,190190
3727743,53,5571,2014,0.0,0.0,,,CSK,190211
3734269,53,5572,2014,0.0,0.0,,,CSK,190219
3740795,53,5573,2014,0.0,0.0,,,CSK,190220
3747321,53,5574,2014,0.0,0.0,,,CSK,190230
3753847,53,5575,2014,0.0,0.0,,,CSK,190240
3760373,53,5576,2014,0.0,0.0,,,CSK,190300
3766899,53,5577,2014,0.0,0.0,,,CSK,190410
3773425,53,5578,2014,0.0,0.0,,,CSK,190490
3779951,53,5579,2014,0.0,0.0,,,CSK,190510
3786477,53,5580,2014,0.0,0.0,,,CSK,190520
3793003,53,5581,2014,0.0,0.0,,,CSK,190530
3799529,53,5582,2014,0.0,0.0,,,CSK,190540
3806055,53,5583,2014,0.0,0.0,,,CSK,190590
3812581,53,5584,2014,0.0,0.0,,,CSK,200110
3819107,53,5585,2014,0.0,0.0,,,CSK,200120
3825633,53,5586,2014,0.0,0.0,,,CSK,200190
3832159,53,5587,2014,0.0,0.0,,,CSK,200210
3838685,53,5588,2014,0.0,0.0,,,CSK,200290
3845211,53,5589,2014,0.0,0.0,,,CSK,200310
3851737,53,5590,2014,0.0,0.0,,,CSK,200320
3858263,53,5591,2014,0.0,0.0,,,CSK,200410
3864789,53,5592,2014,0.0,0.0,,,CSK,200490
3871315,53,5593,2014,0.0,0.0,,,CSK,200510
3877841,53,5594,2014,0.0,0.0,,,CSK,200520
3884367,53,5595,2014,0.0,0.0,,,CSK,200530
3890893,53,5596,2014,0.0,0.0,,,CSK,200540
3897419,53,5597,2014,0.0,0.0,,,CSK,200551
3903945,53,5598,2014,0.0,0.0,,,CSK,200559
3910471,53,5599,2014,0.0,0.0,,,CSK,200560
3916997,53,5600,2014,0.0,0.0,,,CSK,200570
3923523,53,5601,2014,0.0,0.0,,,CSK,200580
3930049,53,5602,2014,0.0,0.0,,,CSK,200590
3936575,53,5603,2014,0.0,0.0,,,CSK,200600
3943101,53,5604,2014,0.0,0.0,,,CSK,200710
3949627,53,5605,2014,0.0,0.0,,,CSK,200791
3956153,53,5606,2014,0.0,0.0,,,CSK,200799
3962679,53,5607,2014,0.0,0.0,,,CSK,200811
3969205,53,5608,2014,0.0,0.0,,,CSK,200819
3975731,53,5609,2014,0.0,0.0,,,CSK,200820
3982257,53,5610,2014,0.0,0.0,,,CSK,200830
3988783,53,5611,2014,0.0,0.0,,,CSK,200840
3995309,53,5612,2014,0.0,0.0,,,CSK,200850
4001835,53,5613,2014,0.0,0.0,,,CSK,200860
4008361,53,5614,2014,0.0,0.0,,,CSK,200870
4014887,53,5615,2014,0.0,0.0,,,CSK,200880
4021413,53,5616,2014,0.0,0.0,,,CSK,200891
4027939,53,5617,2014,0.0,0.0,,,CSK,200892
4034465,53,5618,2014,0.0,0.0,,,CSK,200899
4040991,53,5619,2014,0.0,0.0,,,CSK,200911
4047517,53,5620,2014,0.0,0.0,,,CSK,200919
4054043,53,5621,2014,0.0,0.0,,,CSK,200920
4060569,53,5622,2014,0.0,0.0,,,CSK,200930
4067095,53,5623,2014,0.0,0.0,,,CSK,200940
4073621,53,5624,2014,0.0,0.0,,,CSK,200950
4080147,53,5625,2014,0.0,0.0,,,CSK,200960
4086673,53,5626,2014,0.0,0.0,,,CSK,200970
4093199,53,5627,2014,0.0,0.0,,,CSK,200980
4099725,53,5628,2014,0.0,0.0,,,CSK,200990
4106251,53,5629,2014,0.0,0.0,,,CSK,210110
4112777,53,5630,2014,0.0,0.0,,,CSK,210120
4119303,53,5631,2014,0.0,0.0,,,CSK,210130
4125829,53,5632,2014,0.0,0.0,,,CSK,210210
4132355,53,5633,2014,0.0,0.0,,,CSK,210220
4138881,53,5634,2014,0.0,0.0,,,CSK,210230
4145407,53,5635,2014,0.0,0.0,,,CSK,210310
4151933,53,5636,2014,0.0,0.0,,,CSK,210320
4158459,53,5637,2014,0.0,0.0,,,CSK,210330
4164985,53,5638,2014,0.0,0.0,,,CSK,210390
4171511,53,5639,2014,0.0,0.0,,,CSK,210410
4178037,53,5640,2014,0.0,0.0,,,CSK,210420
4184563,53,5641,2014,0.0,0.0,,,CSK,210500
4191089,53,5642,2014,0.0,0.0,,,CSK,210610
4197615,53,5643,2014,0.0,0.0,,,CSK,210690
4204141,53,5644,2014,0.0,0.0,,,CSK,220110
4210667,53,5645,2014,0.0,0.0,,,CSK,220190
4217193,53,5646,2014,0.0,0.0,,,CSK,220210
4223719,53,5647,2014,0.0,0.0,,,CSK,220290
4230245,53,5648,2014,0.0,0.0,,,CSK,220300
4236771,53,5649,2014,0.0,0.0,,,CSK,220410
4243297,53,5650,2014,0.0,0.0,,,CSK,220421
4249823,53,5651,2014,0.0,0.0,,,CSK,220429
4256349,53,5652,2014,0.0,0.0,,,CSK,220430
4262875,53,5653,2014,0.0,0.0,,,CSK,220510
4269401,53,5654,2014,0.0,0.0,,,CSK,220590
4275927,53,5655,2014,0.0,0.0,,,CSK,220600
4282453,53,5656,2014,0.0,0.0,,,CSK,220710
4288979,53,5657,2014,0.0,0.0,,,CSK,220720
4295505,53,5658,2014,0.0,0.0,,,CSK,220810
4302031,53,5659,2014,0.0,0.0,,,CSK,220820
4308557,53,5660,2014,0.0,0.0,,,CSK,220830
4315083,53,5661,2014,0.0,0.0,,,CSK,220840
4321609,53,5662,2014,0.0,0.0,,,CSK,220850
4328135,53,5663,2014,0.0,0.0,,,CSK,220890
4334661,53,5664,2014,0.0,0.0,,,CSK,220900
4341187,53,5665,2014,0.0,0.0,,,CSK,230110
4347713,53,5666,2014,0.0,0.0,,,CSK,230120
4354239,53,5667,2014,0.0,0.0,,,CSK,230210
4360765,53,5668,2014,0.0,0.0,,,CSK,230220
4367291,53,5669,2014,0.0,0.0,,,CSK,230230
4373817,53,5670,2014,0.0,0.0,,,CSK,230240
4380343,53,5671,2014,0.0,0.0,,,CSK,230250
4386869,53,5672,2014,0.0,0.0,,,CSK,230310
4393395,53,5673,2014,0.0,0.0,,,CSK,230320
4399921,53,5674,2014,0.0,0.0,,,CSK,230330
4406447,53,5675,2014,0.0,0.0,,,CSK,230400
4412973,53,5676,2014,0.0,0.0,,,CSK,230500
4419499,53,5677,2014,0.0,0.0,,,CSK,230610
4426025,53,5678,2014,0.0,0.0,,,CSK,230620
4432551,53,5679,2014,0.0,0.0,,,CSK,230630
4439077,53,5680,2014,0.0,0.0,,,CSK,230640
4445603,53,5681,2014,0.0,0.0,,,CSK,230650
4452129,53,5682,2014,0.0,0.0,,,CSK,230660
4458655,53,5683,2014,0.0,0.0,,,CSK,230690
4465181,53,5684,2014,0.0,0.0,,,CSK,230700
4471707,53,5685,2014,0.0,0.0,,,CSK,230810
4478233,53,5686,2014,0.0,0.0,,,CSK,230890
4484759,53,5687,2014,0.0,0.0,,,CSK,230910
4491285,53,5688,2014,0.0,0.0,,,CSK,230990
4497811,53,5689,2014,0.0,0.0,,,CSK,240110
4504337,53,5690,2014,0.0,0.0,,,CSK,240120
4510863,53,5691,2014,0.0,0.0,,,CSK,240130
4517389,53,5692,2014,0.0,0.0,,,CSK,240210
4523915,53,5693,2014,0.0,0.0,,,CSK,240220
4530441,53,5694,2014,0.0,0.0,,,CSK,240290
4536967,53,5695,2014,0.0,0.0,,,CSK,240310
4543493,53,5696,2014,0.0,0.0,,,CSK,240391
4550019,53,5697,2014,0.0,0.0,,,CSK,240399
4556545,53,5698,2014,0.0,0.0,,,CSK,250100
4563071,53,5699,2014,0.0,0.0,,,CSK,250200
4569597,53,5700,2014,0.0,0.0,,,CSK,250310
4576123,53,5701,2014,0.0,0.0,,,CSK,250390
4582649,53,5702,2014,0.0,0.0,,,CSK,250410
4589175,53,5703,2014,0.0,0.0,,,CSK,250490
4595701,53,5704,2014,0.0,0.0,,,CSK,250510
4602227,53,5705,2014,0.0,0.0,,,CSK,250590
4608753,53,5706,2014,0.0,0.0,,,CSK,250610
4615279,53,5707,2014,0.0,0.0,,,CSK,250621
4621805,53,5708,2014,0.0,0.0,,,CSK,250629
4628331,53,5709,2014,0.0,0.0,,,CSK,250700
4634857,53,5710,2014,0.0,0.0,,,CSK,250810
4641383,53,5711,2014,0.0,0.0,,,CSK,250820
4647909,53,5712,2014,0.0,0.0,,,CSK,250830
4654435,53,5713,2014,0.0,0.0,,,CSK,250840
4660961,53,5714,2014,0.0,0.0,,,CSK,250850
4667487,53,5715,2014,0.0,0.0,,,CSK,250860
4674013,53,5716,2014,0.0,0.0,,,CSK,250870
4680539,53,5717,2014,0.0,0.0,,,CSK,250900
4687065,53,5718,2014,0.0,0.0,,,CSK,251010
4693591,53,5719,2014,0.0,0.0,,,CSK,251020
4700117,53,5720,2014,0.0,0.0,,,CSK,251110
4706643,53,5721,2014,0.0,0.0,,,CSK,251120
4713169,53,5722,2014,0.0,0.0,,,CSK,251200
4719695,53,5723,2014,0.0,0.0,,,CSK,251311
4726221,53,5724,2014,0.0,0.0,,,CSK,251319
4732747,53,5725,2014,0.0,0.0,,,CSK,251321
4739273,53,5726,2014,0.0,0.0,,,CSK,251329
4745799,53,5727,2014,0.0,0.0,,,CSK,251400
4752325,53,5728,2014,0.0,0.0,,,CSK,251511
4758851,53,5729,2014,0.0,0.0,,,CSK,251512
4765377,53,5730,2014,0.0,0.0,,,CSK,251520
4771903,53,5731,2014,0.0,0.0,,,CSK,251611
4778429,53,5732,2014,0.0,0.0,,,CSK,251612
4784955,53,5733,2014,0.0,0.0,,,CSK,251621
4791481,53,5734,2014,0.0,0.0,,,CSK,251622
4798007,53,5735,2014,0.0,0.0,,,CSK,251690
4804533,53,5736,2014,0.0,0.0,,,CSK,251710
4811059,53,5737,2014,0.0,0.0,,,CSK,251720
4817585,53,5738,2014,0.0,0.0,,,CSK,251730
4824111,53,5739,2014,0.0,0.0,,,CSK,251741
4830637,53,5740,2014,0.0,0.0,,,CSK,251749
4837163,53,5741,2014,0.0,0.0,,,CSK,251810
4843689,53,5742,2014,0.0,0.0,,,CSK,251820
4850215,53,5743,2014,0.0,0.0,,,CSK,251830
4856741,53,5744,2014,0.0,0.0,,,CSK,251910
4863267,53,5745,2014,0.0,0.0,,,CSK,251990
4869793,53,5746,2014,0.0,0.0,,,CSK,252010
4876319,53,5747,2014,0.0,0.0,,,CSK,252020
4882845,53,5748,2014,0.0,0.0,,,CSK,252100
4889371,53,5749,2014,0.0,0.0,,,CSK,252210
4895897,53,5750,2014,0.0,0.0,,,CSK,252220
4902423,53,5751,2014,0.0,0.0,,,CSK,252230
4908949,53,5752,2014,0.0,0.0,,,CSK,252310
4915475,53,5753,2014,0.0,0.0,,,CSK,252321
4922001,53,5754,2014,0.0,0.0,,,CSK,252329
4928527,53,5755,2014,0.0,0.0,,,CSK,252330
4935053,53,5756,2014,0.0,0.0,,,CSK,252390
4941579,53,5757,2014,0.0,0.0,,,CSK,252400
4948105,53,5758,2014,0.0,0.0,,,CSK,252510
4954631,53,5759,2014,0.0,0.0,,,CSK,252520
4961157,53,5760,2014,0.0,0.0,,,CSK,252530
4967683,53,5761,2014,0.0,0.0,,,CSK,252610
4974209,53,5762,2014,0.0,0.0,,,CSK,252620
4980735,53,5763,2014,0.0,0.0,,,CSK,252700
4987261,53,5764,2014,0.0,0.0,,,CSK,252810
4993787,53,5765,2014,0.0,0.0,,,CSK,252890
5000313,53,5766,2014,0.0,0.0,,,CSK,252910
5006839,53,5767,2014,0.0,0.0,,,CSK,252921
5013365,53,5768,2014,0.0,0.0,,,CSK,252922
5019891,53,5769,2014,0.0,0.0,,,CSK,252930
5026417,53,5770,2014,0.0,0.0,,,CSK,253010
5032943,53,5771,2014,0.0,0.0,,,CSK,253020
5039469,53,5772,2014,0.0,0.0,,,CSK,253030
5045995,53,5773,2014,0.0,0.0,,,CSK,253040
5052521,53,5774,2014,0.0,0.0,,,CSK,253090
5059047,53,5775,2014,0.0,0.0,,,CSK,260111
5065573,53,5776,2014,0.0,0.0,,,CSK,260112
5072099,53,5777,2014,0.0,0.0,,,CSK,260120
5078625,53,5778,2014,0.0,0.0,,,CSK,260200
5085151,53,5779,2014,0.0,0.0,,,CSK,260300
5091677,53,5780,2014,0.0,0.0,,,CSK,260400
5098203,53,5781,2014,0.0,0.0,,,CSK,260500
5104729,53,5782,2014,0.0,0.0,,,CSK,260600
5111255,53,5783,2014,0.0,0.0,,,CSK,260700
5117781,53,5784,2014,0.0,0.0,,,CSK,260800
5124307,53,5785,2014,0.0,0.0,,,CSK,260900
5130833,53,5786,2014,0.0,0.0,,,CSK,261000
5137359,53,5787,2014,0.0,0.0,,,CSK,261100
5143885,53,5788,2014,0.0,0.0,,,CSK,261210
5150411,53,5789,2014,0.0,0.0,,,CSK,261220
5156937,53,5790,2014,0.0,0.0,,,CSK,261310
5163463,53,5791,2014,0.0,0.0,,,CSK,261390
5169989,53,5792,2014,0.0,0.0,,,CSK,261400
5176515,53,5793,2014,0.0,0.0,,,CSK,261510
5183041,53,5794,2014,0.0,0.0,,,CSK,261590
5189567,53,5795,2014,0.0,0.0,,,CSK,261610
5196093,53,5796,2014,0.0,0.0,,,CSK,261690
5202619,53,5797,2014,0.0,0.0,,,CSK,261710
5209145,53,5798,2014,0.0,0.0,,,CSK,261790
5215671,53,5799,2014,0.0,0.0,,,CSK,261800
5222197,53,5800,2014,0.0,0.0,,,CSK,261900
5228723,53,5801,2014,0.0,0.0,,,CSK,262011
5235249,53,5802,2014,0.0,0.0,,,CSK,262019
5241775,53,5803,2014,0.0,0.0,,,CSK,262020
5248301,53,5804,2014,0.0,0.0,,,CSK,262030
5254827,53,5805,2014,0.0,0.0,,,CSK,262040
5261353,53,5806,2014,0.0,0.0,,,CSK,262050
5267879,53,5807,2014,0.0,0.0,,,CSK,262090
5274405,53,5808,2014,0.0,0.0,,,CSK,262100
5280931,53,5809,2014,0.0,0.0,,,CSK,270111
5287457,53,5810,2014,0.0,0.0,,,CSK,270112
5293983,53,5811,2014,0.0,0.0,,,CSK,270119
5300509,53,5812,2014,0.0,0.0,,,CSK,270120
5307035,53,5813,2014,0.0,0.0,,,CSK,270210
5313561,53,5814,2014,0.0,0.0,,,CSK,270220
5320087,53,5815,2014,0.0,0.0,,,CSK,270300
5326613,53,5816,2014,0.0,0.0,,,CSK,270400
5333139,53,5817,2014,0.0,0.0,,,CSK,270500
5339665,53,5818,2014,0.0,0.0,,,CSK,270600
5346191,53,5819,2014,0.0,0.0,,,CSK,270710
5352717,53,5820,2014,0.0,0.0,,,CSK,270720
5359243,53,5821,2014,0.0,0.0,,,CSK,270730
5365769,53,5822,2014,0.0,0.0,,,CSK,270740
5372295,53,5823,2014,0.0,0.0,,,CSK,270750
5378821,53,5824,2014,0.0,0.0,,,CSK,270760
5385347,53,5825,2014,0.0,0.0,,,CSK,270791
5391873,53,5826,2014,0.0,0.0,,,CSK,270799
5398399,53,5827,2014,0.0,0.0,,,CSK,270810
5404925,53,5828,2014,0.0,0.0,,,CSK,270820
5411451,53,5829,2014,0.0,0.0,,,CSK,270900
5417977,53,5830,2014,0.0,0.0,,,CSK,271000
5424503,53,5831,2014,0.0,0.0,,,CSK,271011
5431029,53,5832,2014,0.0,0.0,,,CSK,271012
5437555,53,5833,2014,0.0,0.0,,,CSK,271013
5444081,53,5834,2014,0.0,0.0,,,CSK,271014
5450607,53,5835,2014,0.0,0.0,,,CSK,271015
5457133,53,5836,2014,0.0,0.0,,,CSK,271016
5463659,53,5837,2014,0.0,0.0,,,CSK,271019
5470185,53,5838,2014,0.0,0.0,,,CSK,271021
5476711,53,5839,2014,0.0,0.0,,,CSK,271022
5483237,53,5840,2014,0.0,0.0,,,CSK,271025
5489763,53,5841,2014,0.0,0.0,,,CSK,271026
5496289,53,5842,2014,0.0,0.0,,,CSK,271027
5502815,53,5843,2014,0.0,0.0,,,CSK,271029
5509341,53,5844,2014,0.0,0.0,,,CSK,271091
5515867,53,5845,2014,0.0,0.0,,,CSK,271093
5522393,53,5846,2014,0.0,0.0,,,CSK,271094
5528919,53,5847,2014,0.0,0.0,,,CSK,271095
5535445,53,5848,2014,0.0,0.0,,,CSK,271096
5541971,53,5849,2014,0.0,0.0,,,CSK,271099
5548497,53,5850,2014,0.0,0.0,,,CSK,271111
5555023,53,5851,2014,0.0,0.0,,,CSK,271112
5561549,53,5852,2014,0.0,0.0,,,CSK,271113
5568075,53,5853,2014,0.0,0.0,,,CSK,271114
5574601,53,5854,2014,0.0,0.0,,,CSK,271119
5581127,53,5855,2014,0.0,0.0,,,CSK,271121
5587653,53,5856,2014,0.0,0.0,,,CSK,271129
5594179,53,5857,2014,0.0,0.0,,,CSK,271210
5600705,53,5858,2014,0.0,0.0,,,CSK,271220
5607231,53,5859,2014,0.0,0.0,,,CSK,271290
5613757,53,5860,2014,0.0,0.0,,,CSK,271311
5620283,53,5861,2014,0.0,0.0,,,CSK,271312
5626809,53,5862,2014,0.0,0.0,,,CSK,271320
5633335,53,5863,2014,0.0,0.0,,,CSK,271390
5639861,53,5864,2014,0.0,0.0,,,CSK,271410
5646387,53,5865,2014,0.0,0.0,,,CSK,271490
5652913,53,5866,2014,0.0,0.0,,,CSK,271500
5659439,53,5867,2014,0.0,0.0,,,CSK,271600
5665965,53,5868,2014,0.0,0.0,,,CSK,280110
5672491,53,5869,2014,0.0,0.0,,,CSK,280120
5679017,53,5870,2014,0.0,0.0,,,CSK,280130
5685543,53,5871,2014,0.0,0.0,,,CSK,280200
5692069,53,5872,2014,0.0,0.0,,,CSK,280300
5698595,53,5873,2014,0.0,0.0,,,CSK,280410
5705121,53,5874,2014,0.0,0.0,,,CSK,280421
5711647,53,5875,2014,0.0,0.0,,,CSK,280429
5718173,53,5876,2014,0.0,0.0,,,CSK,280430
5724699,53,5877,2014,0.0,0.0,,,CSK,280440
5731225,53,5878,2014,0.0,0.0,,,CSK,280450
5737751,53,5879,2014,0.0,0.0,,,CSK,280461
5744277,53,5880,2014,0.0,0.0,,,CSK,280469
5750803,53,5881,2014,0.0,0.0,,,CSK,280470
5757329,53,5882,2014,0.0,0.0,,,CSK,280480
5763855,53,5883,2014,0.0,0.0,,,CSK,280490
5770381,53,5884,2014,0.0,0.0,,,CSK,280511
5776907,53,5885,2014,0.0,0.0,,,CSK,280519
5783433,53,5886,2014,0.0,0.0,,,CSK,280521
5789959,53,5887,2014,0.0,0.0,,,CSK,280522
5796485,53,5888,2014,0.0,0.0,,,CSK,280530
5803011,53,5889,2014,0.0,0.0,,,CSK,280540
5809537,53,5890,2014,0.0,0.0,,,CSK,280610
5816063,53,5891,2014,0.0,0.0,,,CSK,280620
5822589,53,5892,2014,0.0,0.0,,,CSK,280700
5829115,53,5893,2014,0.0,0.0,,,CSK,280800
5835641,53,5894,2014,0.0,0.0,,,CSK,280910
5842167,53,5895,2014,0.0,0.0,,,CSK,280920
5848693,53,5896,2014,0.0,0.0,,,CSK,281000
5855219,53,5897,2014,0.0,0.0,,,CSK,281111
5861745,53,5898,2014,0.0,0.0,,,CSK,281119
5868271,53,5899,2014,0.0,0.0,,,CSK,281121
5874797,53,5900,2014,0.0,0.0,,,CSK,281122
5881323,53,5901,2014,0.0,0.0,,,CSK,281123
5887849,53,5902,2014,0.0,0.0,,,CSK,281129
5894375,53,5903,2014,0.0,0.0,,,CSK,281210
5900901,53,5904,2014,0.0,0.0,,,CSK,281290
5907427,53,5905,2014,0.0,0.0,,,CSK,281310
5913953,53,5906,2014,0.0,0.0,,,CSK,281390
5920479,53,5907,2014,0.0,0.0,,,CSK,281410
5927005,53,5908,2014,0.0,0.0,,,CSK,281420
5933531,53,5909,2014,0.0,0.0,,,CSK,281511
5940057,53,5910,2014,0.0,0.0,,,CSK,281512
5946583,53,5911,2014,0.0,0.0,,,CSK,281520
5953109,53,5912,2014,0.0,0.0,,,CSK,281530
5959635,53,5913,2014,0.0,0.0,,,CSK,281610
5966161,53,5914,2014,0.0,0.0,,,CSK,281620
5972687,53,5915,2014,0.0,0.0,,,CSK,281630
5979213,53,5916,2014,0.0,0.0,,,CSK,281700
5985739,53,5917,2014,0.0,0.0,,,CSK,281810
5992265,53,5918,2014,0.0,0.0,,,CSK,281820
5998791,53,5919,2014,0.0,0.0,,,CSK,281830
6005317,53,5920,2014,0.0,0.0,,,CSK,281910
6011843,53,5921,2014,0.0,0.0,,,CSK,281990
6018369,53,5922,2014,0.0,0.0,,,CSK,282010
6024895,53,5923,2014,0.0,0.0,,,CSK,282090
6031421,53,5924,2014,0.0,0.0,,,CSK,282110
6037947,53,5925,2014,0.0,0.0,,,CSK,282120
6044473,53,5926,2014,0.0,0.0,,,CSK,282200
6050999,53,5927,2014,0.0,0.0,,,CSK,282300
6057525,53,5928,2014,0.0,0.0,,,CSK,282410
6064051,53,5929,2014,0.0,0.0,,,CSK,282420
6070577,53,5930,2014,0.0,0.0,,,CSK,282490
6077103,53,5931,2014,0.0,0.0,,,CSK,282510
6083629,53,5932,2014,0.0,0.0,,,CSK,282520
6090155,53,5933,2014,0.0,0.0,,,CSK,282530
6096681,53,5934,2014,0.0,0.0,,,CSK,282540
6103207,53,5935,2014,0.0,0.0,,,CSK,282550
6109733,53,5936,2014,0.0,0.0,,,CSK,282560
6116259,53,5937,2014,0.0,0.0,,,CSK,282570
6122785,53,5938,2014,0.0,0.0,,,CSK,282580
6129311,53,5939,2014,0.0,0.0,,,CSK,282590
6135837,53,5940,2014,0.0,0.0,,,CSK,282611
6142363,53,5941,2014,0.0,0.0,,,CSK,282612
6148889,53,5942,2014,0.0,0.0,,,CSK,282619
6155415,53,5943,2014,0.0,0.0,,,CSK,282620
6161941,53,5944,2014,0.0,0.0,,,CSK,282630
6168467,53,5945,2014,0.0,0.0,,,CSK,282690
6174993,53,5946,2014,0.0,0.0,,,CSK,282710
6181519,53,5947,2014,0.0,0.0,,,CSK,282720
6188045,53,5948,2014,0.0,0.0,,,CSK,282731
6194571,53,5949,2014,0.0,0.0,,,CSK,282732
6201097,53,5950,2014,0.0,0.0,,,CSK,282733
6207623,53,5951,2014,0.0,0.0,,,CSK,282734
6214149,53,5952,2014,0.0,0.0,,,CSK,282735
6220675,53,5953,2014,0.0,0.0,,,CSK,282736
6227201,53,5954,2014,0.0,0.0,,,CSK,282737
6233727,53,5955,2014,0.0,0.0,,,CSK,282738
6240253,53,5956,2014,0.0,0.0,,,CSK,282739
6246779,53,5957,2014,0.0,0.0,,,CSK,282741
6253305,53,5958,2014,0.0,0.0,,,CSK,282749
6259831,53,5959,2014,0.0,0.0,,,CSK,282751
6266357,53,5960,2014,0.0,0.0,,,CSK,282759
6272883,53,5961,2014,0.0,0.0,,,CSK,282760
6279409,53,5962,2014,0.0,0.0,,,CSK,282810
6285935,53,5963,2014,0.0,0.0,,,CSK,282890
6292461,53,5964,2014,0.0,0.0,,,CSK,282911
6298987,53,5965,2014,0.0,0.0,,,CSK,282919
6305513,53,5966,2014,0.0,0.0,,,CSK,282990
6312039,53,5967,2014,0.0,0.0,,,CSK,283010
6318565,53,5968,2014,0.0,0.0,,,CSK,283020
6325091,53,5969,2014,0.0,0.0,,,CSK,283030
6331617,53,5970,2014,0.0,0.0,,,CSK,283090
6338143,53,5971,2014,0.0,0.0,,,CSK,283110
6344669,53,5972,2014,0.0,0.0,,,CSK,283190
6351195,53,5973,2014,0.0,0.0,,,CSK,283210
6357721,53,5974,2014,0.0,0.0,,,CSK,283220
6364247,53,5975,2014,0.0,0.0,,,CSK,283230
6370773,53,5976,2014,0.0,0.0,,,CSK,283311
6377299,53,5977,2014,0.0,0.0,,,CSK,283319
6383825,53,5978,2014,0.0,0.0,,,CSK,283321
6390351,53,5979,2014,0.0,0.0,,,CSK,283322
6396877,53,5980,2014,0.0,0.0,,,CSK,283323
6403403,53,5981,2014,0.0,0.0,,,CSK,283324
6409929,53,5982,2014,0.0,0.0,,,CSK,283325
6416455,53,5983,2014,0.0,0.0,,,CSK,283326
6422981,53,5984,2014,0.0,0.0,,,CSK,283327
6429507,53,5985,2014,0.0,0.0,,,CSK,283329
6436033,53,5986,2014,0.0,0.0,,,CSK,283330
6442559,53,5987,2014,0.0,0.0,,,CSK,283340
6449085,53,5988,2014,0.0,0.0,,,CSK,283410
6455611,53,5989,2014,0.0,0.0,,,CSK,283421
6462137,53,5990,2014,0.0,0.0,,,CSK,283422
6468663,53,5991,2014,0.0,0.0,,,CSK,283429
6475189,53,5992,2014,0.0,0.0,,,CSK,283510
6481715,53,5993,2014,0.0,0.0,,,CSK,283521
6488241,53,5994,2014,0.0,0.0,,,CSK,283522
6494767,53,5995,2014,0.0,0.0,,,CSK,283523
6501293,53,5996,2014,0.0,0.0,,,CSK,283524
6507819,53,5997,2014,0.0,0.0,,,CSK,283525
6514345,53,5998,2014,0.0,0.0,,,CSK,283526
6520871,53,5999,2014,0.0,0.0,,,CSK,283529
6527397,53,6000,2014,0.0,0.0,,,CSK,283531
6533923,53,6001,2014,0.0,0.0,,,CSK,283539
6540449,53,6002,2014,0.0,0.0,,,CSK,283610
6546975,53,6003,2014,0.0,0.0,,,CSK,283620
6553501,53,6004,2014,0.0,0.0,,,CSK,283630
6560027,53,6005,2014,0.0,0.0,,,CSK,283640
6566553,53,6006,2014,0.0,0.0,,,CSK,283650
6573079,53,6007,2014,0.0,0.0,,,CSK,283660
6579605,53,6008,2014,0.0,0.0,,,CSK,283670
6586131,53,6009,2014,0.0,0.0,,,CSK,283691
6592657,53,6010,2014,0.0,0.0,,,CSK,283692
6599183,53,6011,2014,0.0,0.0,,,CSK,283693
6605709,53,6012,2014,0.0,0.0,,,CSK,283699
6612235,53,6013,2014,0.0,0.0,,,CSK,283711
6618761,53,6014,2014,0.0,0.0,,,CSK,283719
6625287,53,6015,2014,0.0,0.0,,,CSK,283720
6631813,53,6016,2014,0.0,0.0,,,CSK,283800
6638339,53,6017,2014,0.0,0.0,,,CSK,283911
6644865,53,6018,2014,0.0,0.0,,,CSK,283919
6651391,53,6019,2014,0.0,0.0,,,CSK,283920
6657917,53,6020,2014,0.0,0.0,,,CSK,283990
6664443,53,6021,2014,0.0,0.0,,,CSK,284011
6670969,53,6022,2014,0.0,0.0,,,CSK,284019
6677495,53,6023,2014,0.0,0.0,,,CSK,284020
6684021,53,6024,2014,0.0,0.0,,,CSK,284030
6690547,53,6025,2014,0.0,0.0,,,CSK,284110
6697073,53,6026,2014,0.0,0.0,,,CSK,284120
6703599,53,6027,2014,0.0,0.0,,,CSK,284130
6710125,53,6028,2014,0.0,0.0,,,CSK,284140
6716651,53,6029,2014,0.0,0.0,,,CSK,284150
6723177,53,6030,2014,0.0,0.0,,,CSK,284160
6729703,53,6031,2014,0.0,0.0,,,CSK,284170
6736229,53,6032,2014,0.0,0.0,,,CSK,284180
6742755,53,6033,2014,0.0,0.0,,,CSK,284190
6749281,53,6034,2014,0.0,0.0,,,CSK,284210
6755807,53,6035,2014,0.0,0.0,,,CSK,284290
6762333,53,6036,2014,0.0,0.0,,,CSK,284310
6768859,53,6037,2014,0.0,0.0,,,CSK,284321
6775385,53,6038,2014,0.0,0.0,,,CSK,284329
6781911,53,6039,2014,0.0,0.0,,,CSK,284330
6788437,53,6040,2014,0.0,0.0,,,CSK,284390
6794963,53,6041,2014,0.0,0.0,,,CSK,284410
6801489,53,6042,2014,0.0,0.0,,,CSK,284420
6808015,53,6043,2014,0.0,0.0,,,CSK,284430
6814541,53,6044,2014,0.0,0.0,,,CSK,284440
6821067,53,6045,2014,0.0,0.0,,,CSK,284450
6827593,53,6046,2014,0.0,0.0,,,CSK,284510
6834119,53,6047,2014,0.0,0.0,,,CSK,284590
6840645,53,6048,2014,0.0,0.0,,,CSK,284610
6847171,53,6049,2014,0.0,0.0,,,CSK,284690
6853697,53,6050,2014,0.0,0.0,,,CSK,284700
6860223,53,6051,2014,0.0,0.0,,,CSK,284810
6866749,53,6052,2014,0.0,0.0,,,CSK,284890
6873275,53,6053,2014,0.0,0.0,,,CSK,284910
6879801,53,6054,2014,0.0,0.0,,,CSK,284920
6886327,53,6055,2014,0.0,0.0,,,CSK,284990
6892853,53,6056,2014,0.0,0.0,,,CSK,285000
6899379,53,6057,2014,0.0,0.0,,,CSK,285100
6905905,53,6058,2014,0.0,0.0,,,CSK,290110
6912431,53,6059,2014,0.0,0.0,,,CSK,290121
6918957,53,6060,2014,0.0,0.0,,,CSK,290122
6925483,53,6061,2014,0.0,0.0,,,CSK,290123
6932009,53,6062,2014,0.0,0.0,,,CSK,290124
6938535,53,6063,2014,0.0,0.0,,,CSK,290129
6945061,53,6064,2014,0.0,0.0,,,CSK,290211
6951587,53,6065,2014,0.0,0.0,,,CSK,290219
6958113,53,6066,2014,0.0,0.0,,,CSK,290220
6964639,53,6067,2014,0.0,0.0,,,CSK,290230
6971165,53,6068,2014,0.0,0.0,,,CSK,290241
6977691,53,6069,2014,0.0,0.0,,,CSK,290242
6984217,53,6070,2014,0.0,0.0,,,CSK,290243
6990743,53,6071,2014,0.0,0.0,,,CSK,290244
6997269,53,6072,2014,0.0,0.0,,,CSK,290250
7003795,53,6073,2014,0.0,0.0,,,CSK,290260
7010321,53,6074,2014,0.0,0.0,,,CSK,290270
7016847,53,6075,2014,0.0,0.0,,,CSK,290290
7023373,53,6076,2014,0.0,0.0,,,CSK,290311
7029899,53,6077,2014,0.0,0.0,,,CSK,290312
7036425,53,6078,2014,0.0,0.0,,,CSK,290313
7042951,53,6079,2014,0.0,0.0,,,CSK,290314
7049477,53,6080,2014,0.0,0.0,,,CSK,290315
7056003,53,6081,2014,0.0,0.0,,,CSK,290316
7062529,53,6082,2014,0.0,0.0,,,CSK,290319
7069055,53,6083,2014,0.0,0.0,,,CSK,290321
7075581,53,6084,2014,0.0,0.0,,,CSK,290322
7082107,53,6085,2014,0.0,0.0,,,CSK,290323
7088633,53,6086,2014,0.0,0.0,,,CSK,290329
7095159,53,6087,2014,0.0,0.0,,,CSK,290330
7101685,53,6088,2014,0.0,0.0,,,CSK,290340
7108211,53,6089,2014,0.0,0.0,,,CSK,290351
7114737,53,6090,2014,0.0,0.0,,,CSK,290359
7121263,53,6091,2014,0.0,0.0,,,CSK,290361
7127789,53,6092,2014,0.0,0.0,,,CSK,290362
7134315,53,6093,2014,0.0,0.0,,,CSK,290369
7140841,53,6094,2014,0.0,0.0,,,CSK,290410
7147367,53,6095,2014,0.0,0.0,,,CSK,290420
7153893,53,6096,2014,0.0,0.0,,,CSK,290490
7160419,53,6097,2014,0.0,0.0,,,CSK,290511
7166945,53,6098,2014,0.0,0.0,,,CSK,290512
7173471,53,6099,2014,0.0,0.0,,,CSK,290513
7179997,53,6100,2014,0.0,0.0,,,CSK,290514
7186523,53,6101,2014,0.0,0.0,,,CSK,290515
7193049,53,6102,2014,0.0,0.0,,,CSK,290516
7199575,53,6103,2014,0.0,0.0,,,CSK,290517
7206101,53,6104,2014,0.0,0.0,,,CSK,290519
7212627,53,6105,2014,0.0,0.0,,,CSK,290521
7219153,53,6106,2014,0.0,0.0,,,CSK,290522
7225679,53,6107,2014,0.0,0.0,,,CSK,290529
7232205,53,6108,2014,0.0,0.0,,,CSK,290531
7238731,53,6109,2014,0.0,0.0,,,CSK,290532
7245257,53,6110,2014,0.0,0.0,,,CSK,290539
7251783,53,6111,2014,0.0,0.0,,,CSK,290541
7258309,53,6112,2014,0.0,0.0,,,CSK,290542
7264835,53,6113,2014,0.0,0.0,,,CSK,290543
7271361,53,6114,2014,0.0,0.0,,,CSK,290544
7277887,53,6115,2014,0.0,0.0,,,CSK,290549
7284413,53,6116,2014,0.0,0.0,,,CSK,290550
7290939,53,6117,2014,0.0,0.0,,,CSK,290611
7297465,53,6118,2014,0.0,0.0,,,CSK,290612
7303991,53,6119,2014,0.0,0.0,,,CSK,290613
7310517,53,6120,2014,0.0,0.0,,,CSK,290614
7317043,53,6121,2014,0.0,0.0,,,CSK,290619
7323569,53,6122,2014,0.0,0.0,,,CSK,290621
7330095,53,6123,2014,0.0,0.0,,,CSK,290629
7336621,53,6124,2014,0.0,0.0,,,CSK,290711
7343147,53,6125,2014,0.0,0.0,,,CSK,290712
7349673,53,6126,2014,0.0,0.0,,,CSK,290713
7356199,53,6127,2014,0.0,0.0,,,CSK,290714
7362725,53,6128,2014,0.0,0.0,,,CSK,290715
7369251,53,6129,2014,0.0,0.0,,,CSK,290719
7375777,53,6130,2014,0.0,0.0,,,CSK,290721
7382303,53,6131,2014,0.0,0.0,,,CSK,290722
7388829,53,6132,2014,0.0,0.0,,,CSK,290723
7395355,53,6133,2014,0.0,0.0,,,CSK,290729
7401881,53,6134,2014,0.0,0.0,,,CSK,290730
7408407,53,6135,2014,0.0,0.0,,,CSK,290810
7414933,53,6136,2014,0.0,0.0,,,CSK,290820
7421459,53,6137,2014,0.0,0.0,,,CSK,290890
7427985,53,6138,2014,0.0,0.0,,,CSK,290911
7434511,53,6139,2014,0.0,0.0,,,CSK,290919
7441037,53,6140,2014,0.0,0.0,,,CSK,290920
7447563,53,6141,2014,0.0,0.0,,,CSK,290930
7454089,53,6142,2014,0.0,0.0,,,CSK,290941
7460615,53,6143,2014,0.0,0.0,,,CSK,290942
7467141,53,6144,2014,0.0,0.0,,,CSK,290943
7473667,53,6145,2014,0.0,0.0,,,CSK,290944
7480193,53,6146,2014,0.0,0.0,,,CSK,290949
7486719,53,6147,2014,0.0,0.0,,,CSK,290950
7493245,53,6148,2014,0.0,0.0,,,CSK,290960
7499771,53,6149,2014,0.0,0.0,,,CSK,291010
7506297,53,6150,2014,0.0,0.0,,,CSK,291020
7512823,53,6151,2014,0.0,0.0,,,CSK,291030
7519349,53,6152,2014,0.0,0.0,,,CSK,291090
7525875,53,6153,2014,0.0,0.0,,,CSK,291100
7532401,53,6154,2014,0.0,0.0,,,CSK,291211
7538927,53,6155,2014,0.0,0.0,,,CSK,291212
7545453,53,6156,2014,0.0,0.0,,,CSK,291213
7551979,53,6157,2014,0.0,0.0,,,CSK,291219
7558505,53,6158,2014,0.0,0.0,,,CSK,291221
7565031,53,6159,2014,0.0,0.0,,,CSK,291229
7571557,53,6160,2014,0.0,0.0,,,CSK,291230
7578083,53,6161,2014,0.0,0.0,,,CSK,291241
7584609,53,6162,2014,0.0,0.0,,,CSK,291242
7591135,53,6163,2014,0.0,0.0,,,CSK,291249
7597661,53,6164,2014,0.0,0.0,,,CSK,291250
7604187,53,6165,2014,0.0,0.0,,,CSK,291260
7610713,53,6166,2014,0.0,0.0,,,CSK,291300
7617239,53,6167,2014,0.0,0.0,,,CSK,291411
7623765,53,6168,2014,0.0,0.0,,,CSK,291412
7630291,53,6169,2014,0.0,0.0,,,CSK,291413
7636817,53,6170,2014,0.0,0.0,,,CSK,291419
7643343,53,6171,2014,0.0,0.0,,,CSK,291421
7649869,53,6172,2014,0.0,0.0,,,CSK,291422
7656395,53,6173,2014,0.0,0.0,,,CSK,291423
7662921,53,6174,2014,0.0,0.0,,,CSK,291429
7669447,53,6175,2014,0.0,0.0,,,CSK,291430
7675973,53,6176,2014,0.0,0.0,,,CSK,291441
7682499,53,6177,2014,0.0,0.0,,,CSK,291449
7689025,53,6178,2014,0.0,0.0,,,CSK,291450
7695551,53,6179,2014,0.0,0.0,,,CSK,291461
7702077,53,6180,2014,0.0,0.0,,,CSK,291469
7708603,53,6181,2014,0.0,0.0,,,CSK,291470
7715129,53,6182,2014,0.0,0.0,,,CSK,291511
7721655,53,6183,2014,0.0,0.0,,,CSK,291512
7728181,53,6184,2014,0.0,0.0,,,CSK,291513
7734707,53,6185,2014,0.0,0.0,,,CSK,291521
7741233,53,6186,2014,0.0,0.0,,,CSK,291522
7747759,53,6187,2014,0.0,0.0,,,CSK,291523
7754285,53,6188,2014,0.0,0.0,,,CSK,291524
7760811,53,6189,2014,0.0,0.0,,,CSK,291529
7767337,53,6190,2014,0.0,0.0,,,CSK,291531
7773863,53,6191,2014,0.0,0.0,,,CSK,291532
7780389,53,6192,2014,0.0,0.0,,,CSK,291533
7786915,53,6193,2014,0.0,0.0,,,CSK,291534
7793441,53,6194,2014,0.0,0.0,,,CSK,291535
7799967,53,6195,2014,0.0,0.0,,,CSK,291539
7806493,53,6196,2014,0.0,0.0,,,CSK,291540
7813019,53,6197,2014,0.0,0.0,,,CSK,291550
7819545,53,6198,2014,0.0,0.0,,,CSK,291560
7826071,53,6199,2014,0.0,0.0,,,CSK,291570
7832597,53,6200,2014,0.0,0.0,,,CSK,291590
7839123,53,6201,2014,0.0,0.0,,,CSK,291611
7845649,53,6202,2014,0.0,0.0,,,CSK,291612
7852175,53,6203,2014,0.0,0.0,,,CSK,291613
7858701,53,6204,2014,0.0,0.0,,,CSK,291614
7865227,53,6205,2014,0.0,0.0,,,CSK,291615
7871753,53,6206,2014,0.0,0.0,,,CSK,291619
7878279,53,6207,2014,0.0,0.0,,,CSK,291620
7884805,53,6208,2014,0.0,0.0,,,CSK,291631
7891331,53,6209,2014,0.0,0.0,,,CSK,291632
7897857,53,6210,2014,0.0,0.0,,,CSK,291633
7904383,53,6211,2014,0.0,0.0,,,CSK,291639
7910909,53,6212,2014,0.0,0.0,,,CSK,291711
7917435,53,6213,2014,0.0,0.0,,,CSK,291712
7923961,53,6214,2014,0.0,0.0,,,CSK,291713
7930487,53,6215,2014,0.0,0.0,,,CSK,291714
7937013,53,6216,2014,0.0,0.0,,,CSK,291719
7943539,53,6217,2014,0.0,0.0,,,CSK,291720
7950065,53,6218,2014,0.0,0.0,,,CSK,291731
7956591,53,6219,2014,0.0,0.0,,,CSK,291732
7963117,53,6220,2014,0.0,0.0,,,CSK,291733
7969643,53,6221,2014,0.0,0.0,,,CSK,291734
7976169,53,6222,2014,0.0,0.0,,,CSK,291735
7982695,53,6223,2014,0.0,0.0,,,CSK,291736
7989221,53,6224,2014,0.0,0.0,,,CSK,291737
7995747,53,6225,2014,0.0,0.0,,,CSK,291739
8002273,53,6226,2014,0.0,0.0,,,CSK,291811
8008799,53,6227,2014,0.0,0.0,,,CSK,291812
8015325,53,6228,2014,0.0,0.0,,,CSK,291813
8021851,53,6229,2014,0.0,0.0,,,CSK,291814
8028377,53,6230,2014,0.0,0.0,,,CSK,291815
8034903,53,6231,2014,0.0,0.0,,,CSK,291816
8041429,53,6232,2014,0.0,0.0,,,CSK,291817
8047955,53,6233,2014,0.0,0.0,,,CSK,291819
8054481,53,6234,2014,0.0,0.0,,,CSK,291821
8061007,53,6235,2014,0.0,0.0,,,CSK,291822
8067533,53,6236,2014,0.0,0.0,,,CSK,291823
8074059,53,6237,2014,0.0,0.0,,,CSK,291829
8080585,53,6238,2014,0.0,0.0,,,CSK,291830
8087111,53,6239,2014,0.0,0.0,,,CSK,291890
8093637,53,6240,2014,0.0,0.0,,,CSK,291900
8100163,53,6241,2014,0.0,0.0,,,CSK,292010
8106689,53,6242,2014,0.0,0.0,,,CSK,292090
8113215,53,6243,2014,0.0,0.0,,,CSK,292111
8119741,53,6244,2014,0.0,0.0,,,CSK,292112
8126267,53,6245,2014,0.0,0.0,,,CSK,292119
8132793,53,6246,2014,0.0,0.0,,,CSK,292121
8139319,53,6247,2014,0.0,0.0,,,CSK,292122
8145845,53,6248,2014,0.0,0.0,,,CSK,292129
8152371,53,6249,2014,0.0,0.0,,,CSK,292130
8158897,53,6250,2014,0.0,0.0,,,CSK,292141
8165423,53,6251,2014,0.0,0.0,,,CSK,292142
8171949,53,6252,2014,0.0,0.0,,,CSK,292143
8178475,53,6253,2014,0.0,0.0,,,CSK,292144
8185001,53,6254,2014,0.0,0.0,,,CSK,292145
8191527,53,6255,2014,0.0,0.0,,,CSK,292149
8198053,53,6256,2014,0.0,0.0,,,CSK,292151
8204579,53,6257,2014,0.0,0.0,,,CSK,292159
8211105,53,6258,2014,0.0,0.0,,,CSK,292211
8217631,53,6259,2014,0.0,0.0,,,CSK,292212
8224157,53,6260,2014,0.0,0.0,,,CSK,292213
8230683,53,6261,2014,0.0,0.0,,,CSK,292219
8237209,53,6262,2014,0.0,0.0,,,CSK,292221
8243735,53,6263,2014,0.0,0.0,,,CSK,292222
8250261,53,6264,2014,0.0,0.0,,,CSK,292229
8256787,53,6265,2014,0.0,0.0,,,CSK,292230
8263313,53,6266,2014,0.0,0.0,,,CSK,292241
8269839,53,6267,2014,0.0,0.0,,,CSK,292242
8276365,53,6268,2014,0.0,0.0,,,CSK,292249
8282891,53,6269,2014,0.0,0.0,,,CSK,292250
8289417,53,6270,2014,0.0,0.0,,,CSK,292310
8295943,53,6271,2014,0.0,0.0,,,CSK,292320
8302469,53,6272,2014,0.0,0.0,,,CSK,292390
8308995,53,6273,2014,0.0,0.0,,,CSK,292410
8315521,53,6274,2014,0.0,0.0,,,CSK,292421
8322047,53,6275,2014,0.0,0.0,,,CSK,292429
8328573,53,6276,2014,0.0,0.0,,,CSK,292511
8335099,53,6277,2014,0.0,0.0,,,CSK,292519
8341625,53,6278,2014,0.0,0.0,,,CSK,292520
8348151,53,6279,2014,0.0,0.0,,,CSK,292610
8354677,53,6280,2014,0.0,0.0,,,CSK,292620
8361203,53,6281,2014,0.0,0.0,,,CSK,292690
8367729,53,6282,2014,0.0,0.0,,,CSK,292700
8374255,53,6283,2014,0.0,0.0,,,CSK,292800
8380781,53,6284,2014,0.0,0.0,,,CSK,292910
8387307,53,6285,2014,0.0,0.0,,,CSK,292990
8393833,53,6286,2014,0.0,0.0,,,CSK,293010
8400359,53,6287,2014,0.0,0.0,,,CSK,293020
8406885,53,6288,2014,0.0,0.0,,,CSK,293030
8413411,53,6289,2014,0.0,0.0,,,CSK,293040
8419937,53,6290,2014,0.0,0.0,,,CSK,293090
8426463,53,6291,2014,0.0,0.0,,,CSK,293100
8432989,53,6292,2014,0.0,0.0,,,CSK,293211
8439515,53,6293,2014,0.0,0.0,,,CSK,293212
8446041,53,6294,2014,0.0,0.0,,,CSK,293213
8452567,53,6295,2014,0.0,0.0,,,CSK,293219
8459093,53,6296,2014,0.0,0.0,,,CSK,293221
8465619,53,6297,2014,0.0,0.0,,,CSK,293229
8472145,53,6298,2014,0.0,0.0,,,CSK,293290
8478671,53,6299,2014,0.0,0.0,,,CSK,293311
8485197,53,6300,2014,0.0,0.0,,,CSK,293319
8491723,53,6301,2014,0.0,0.0,,,CSK,293321
8498249,53,6302,2014,0.0,0.0,,,CSK,293329
8504775,53,6303,2014,0.0,0.0,,,CSK,293331
8511301,53,6304,2014,0.0,0.0,,,CSK,293339
8517827,53,6305,2014,0.0,0.0,,,CSK,293340
8524353,53,6306,2014,0.0,0.0,,,CSK,293351
8530879,53,6307,2014,0.0,0.0,,,CSK,293359
8537405,53,6308,2014,0.0,0.0,,,CSK,293361
8543931,53,6309,2014,0.0,0.0,,,CSK,293369
8550457,53,6310,2014,0.0,0.0,,,CSK,293371
8556983,53,6311,2014,0.0,0.0,,,CSK,293379
8563509,53,6312,2014,0.0,0.0,,,CSK,293390
8570035,53,6313,2014,0.0,0.0,,,CSK,293410
8576561,53,6314,2014,0.0,0.0,,,CSK,293420
8583087,53,6315,2014,0.0,0.0,,,CSK,293430
8589613,53,6316,2014,0.0,0.0,,,CSK,293490
8596139,53,6317,2014,0.0,0.0,,,CSK,293500
8602665,53,6318,2014,0.0,0.0,,,CSK,293610
8609191,53,6319,2014,0.0,0.0,,,CSK,293621
8615717,53,6320,2014,0.0,0.0,,,CSK,293622
8622243,53,6321,2014,0.0,0.0,,,CSK,293623
8628769,53,6322,2014,0.0,0.0,,,CSK,293624
8635295,53,6323,2014,0.0,0.0,,,CSK,293625
8641821,53,6324,2014,0.0,0.0,,,CSK,293626
8648347,53,6325,2014,0.0,0.0,,,CSK,293627
8654873,53,6326,2014,0.0,0.0,,,CSK,293628
8661399,53,6327,2014,0.0,0.0,,,CSK,293629
8667925,53,6328,2014,0.0,0.0,,,CSK,293690
8674451,53,6329,2014,0.0,0.0,,,CSK,293710
8680977,53,6330,2014,0.0,0.0,,,CSK,293721
8687503,53,6331,2014,0.0,0.0,,,CSK,293722
8694029,53,6332,2014,0.0,0.0,,,CSK,293729
8700555,53,6333,2014,0.0,0.0,,,CSK,293791
8707081,53,6334,2014,0.0,0.0,,,CSK,293792
8713607,53,6335,2014,0.0,0.0,,,CSK,293799
8720133,53,6336,2014,0.0,0.0,,,CSK,293810
8726659,53,6337,2014,0.0,0.0,,,CSK,293890
8733185,53,6338,2014,0.0,0.0,,,CSK,293910
8739711,53,6339,2014,0.0,0.0,,,CSK,293921
8746237,53,6340,2014,0.0,0.0,,,CSK,293929
8752763,53,6341,2014,0.0,0.0,,,CSK,293930
8759289,53,6342,2014,0.0,0.0,,,CSK,293940
8765815,53,6343,2014,0.0,0.0,,,CSK,293950
8772341,53,6344,2014,0.0,0.0,,,CSK,293960
8778867,53,6345,2014,0.0,0.0,,,CSK,293970
8785393,53,6346,2014,0.0,0.0,,,CSK,293990
8791919,53,6347,2014,0.0,0.0,,,CSK,294000
8798445,53,6348,2014,0.0,0.0,,,CSK,294110
8804971,53,6349,2014,0.0,0.0,,,CSK,294120
8811497,53,6350,2014,0.0,0.0,,,CSK,294130
8818023,53,6351,2014,0.0,0.0,,,CSK,294140
8824549,53,6352,2014,0.0,0.0,,,CSK,294150
8831075,53,6353,2014,0.0,0.0,,,CSK,294190
8837601,53,6354,2014,0.0,0.0,,,CSK,294200
8844127,53,6355,2014,0.0,0.0,,,CSK,300110
8850653,53,6356,2014,0.0,0.0,,,CSK,300120
8857179,53,6357,2014,0.0,0.0,,,CSK,300190
8863705,53,6358,2014,0.0,0.0,,,CSK,300210
8870231,53,6359,2014,0.0,0.0,,,CSK,300220
8876757,53,6360,2014,0.0,0.0,,,CSK,300231
8883283,53,6361,2014,0.0,0.0,,,CSK,300239
8889809,53,6362,2014,0.0,0.0,,,CSK,300290
8896335,53,6363,2014,0.0,0.0,,,CSK,300310
8902861,53,6364,2014,0.0,0.0,,,CSK,300320
8909387,53,6365,2014,0.0,0.0,,,CSK,300331
8915913,53,6366,2014,0.0,0.0,,,CSK,300339
8922439,53,6367,2014,0.0,0.0,,,CSK,300340
8928965,53,6368,2014,0.0,0.0,,,CSK,300390
8935491,53,6369,2014,0.0,0.0,,,CSK,300410
8942017,53,6370,2014,0.0,0.0,,,CSK,300420
8948543,53,6371,2014,0.0,0.0,,,CSK,300431
8955069,53,6372,2014,0.0,0.0,,,CSK,300432
8961595,53,6373,2014,0.0,0.0,,,CSK,300439
8968121,53,6374,2014,0.0,0.0,,,CSK,300440
8974647,53,6375,2014,0.0,0.0,,,CSK,300450
8981173,53,6376,2014,0.0,0.0,,,CSK,300490
8987699,53,6377,2014,0.0,0.0,,,CSK,300510
8994225,53,6378,2014,0.0,0.0,,,CSK,300590
9000751,53,6379,2014,0.0,0.0,,,CSK,300610
9007277,53,6380,2014,0.0,0.0,,,CSK,300620
9013803,53,6381,2014,0.0,0.0,,,CSK,300630
9020329,53,6382,2014,0.0,0.0,,,CSK,300640
9026855,53,6383,2014,0.0,0.0,,,CSK,300650
9033381,53,6384,2014,0.0,0.0,,,CSK,300660
9039907,53,6385,2014,0.0,0.0,,,CSK,310100
9046433,53,6386,2014,0.0,0.0,,,CSK,310210
9052959,53,6387,2014,0.0,0.0,,,CSK,310221
9059485,53,6388,2014,0.0,0.0,,,CSK,310229
9066011,53,6389,2014,0.0,0.0,,,CSK,310230
9072537,53,6390,2014,0.0,0.0,,,CSK,310240
9079063,53,6391,2014,0.0,0.0,,,CSK,310250
9085589,53,6392,2014,0.0,0.0,,,CSK,310260
9092115,53,6393,2014,0.0,0.0,,,CSK,310270
9098641,53,6394,2014,0.0,0.0,,,CSK,310280
9105167,53,6395,2014,0.0,0.0,,,CSK,310290
9111693,53,6396,2014,0.0,0.0,,,CSK,310310
9118219,53,6397,2014,0.0,0.0,,,CSK,310320
9124745,53,6398,2014,0.0,0.0,,,CSK,310390
9131271,53,6399,2014,0.0,0.0,,,CSK,310410
9137797,53,6400,2014,0.0,0.0,,,CSK,310420
9144323,53,6401,2014,0.0,0.0,,,CSK,310430
9150849,53,6402,2014,0.0,0.0,,,CSK,310490
9157375,53,6403,2014,0.0,0.0,,,CSK,310510
9163901,53,6404,2014,0.0,0.0,,,CSK,310520
9170427,53,6405,2014,0.0,0.0,,,CSK,310530
9176953,53,6406,2014,0.0,0.0,,,CSK,310540
9183479,53,6407,2014,0.0,0.0,,,CSK,310551
9190005,53,6408,2014,0.0,0.0,,,CSK,310559
9196531,53,6409,2014,0.0,0.0,,,CSK,310560
9203057,53,6410,2014,0.0,0.0,,,CSK,310590
9209583,53,6411,2014,0.0,0.0,,,CSK,320110
9216109,53,6412,2014,0.0,0.0,,,CSK,320120
9222635,53,6413,2014,0.0,0.0,,,CSK,320130
9229161,53,6414,2014,0.0,0.0,,,CSK,320190
9235687,53,6415,2014,0.0,0.0,,,CSK,320210
9242213,53,6416,2014,0.0,0.0,,,CSK,320290
9248739,53,6417,2014,0.0,0.0,,,CSK,320300
9255265,53,6418,2014,0.0,0.0,,,CSK,320411
9261791,53,6419,2014,0.0,0.0,,,CSK,320412
9268317,53,6420,2014,0.0,0.0,,,CSK,320413
9274843,53,6421,2014,0.0,0.0,,,CSK,320414
9281369,53,6422,2014,0.0,0.0,,,CSK,320415
9287895,53,6423,2014,0.0,0.0,,,CSK,320416
9294421,53,6424,2014,0.0,0.0,,,CSK,320417
9300947,53,6425,2014,0.0,0.0,,,CSK,320419
9307473,53,6426,2014,0.0,0.0,,,CSK,320420
9313999,53,6427,2014,0.0,0.0,,,CSK,320490
9320525,53,6428,2014,0.0,0.0,,,CSK,320500
9327051,53,6429,2014,0.0,0.0,,,CSK,320610
9333577,53,6430,2014,0.0,0.0,,,CSK,320620
9340103,53,6431,2014,0.0,0.0,,,CSK,320630
9346629,53,6432,2014,0.0,0.0,,,CSK,320641
9353155,53,6433,2014,0.0,0.0,,,CSK,320642
9359681,53,6434,2014,0.0,0.0,,,CSK,320643
9366207,53,6435,2014,0.0,0.0,,,CSK,320649
9372733,53,6436,2014,0.0,0.0,,,CSK,320650
9379259,53,6437,2014,0.0,0.0,,,CSK,320710
9385785,53,6438,2014,0.0,0.0,,,CSK,320720
9392311,53,6439,2014,0.0,0.0,,,CSK,320730
9398837,53,6440,2014,0.0,0.0,,,CSK,320740
9405363,53,6441,2014,0.0,0.0,,,CSK,320810
9411889,53,6442,2014,0.0,0.0,,,CSK,320820
9418415,53,6443,2014,0.0,0.0,,,CSK,320890
9424941,53,6444,2014,0.0,0.0,,,CSK,320910
9431467,53,6445,2014,0.0,0.0,,,CSK,320990
9437993,53,6446,2014,0.0,0.0,,,CSK,321000
9444519,53,6447,2014,0.0,0.0,,,CSK,321100
9451045,53,6448,2014,0.0,0.0,,,CSK,321210
9457571,53,6449,2014,0.0,0.0,,,CSK,321290
9464097,53,6450,2014,0.0,0.0,,,CSK,321310
9470623,53,6451,2014,0.0,0.0,,,CSK,321390
9477149,53,6452,2014,0.0,0.0,,,CSK,321410
9483675,53,6453,2014,0.0,0.0,,,CSK,321490
9490201,53,6454,2014,0.0,0.0,,,CSK,321511
9496727,53,6455,2014,0.0,0.0,,,CSK,321519
9503253,53,6456,2014,0.0,0.0,,,CSK,321590
9509779,53,6457,2014,0.0,0.0,,,CSK,330111
9516305,53,6458,2014,0.0,0.0,,,CSK,330112
9522831,53,6459,2014,0.0,0.0,,,CSK,330113
9529357,53,6460,2014,0.0,0.0,,,CSK,330114
9535883,53,6461,2014,0.0,0.0,,,CSK,330119
9542409,53,6462,2014,0.0,0.0,,,CSK,330121
9548935,53,6463,2014,0.0,0.0,,,CSK,330122
9555461,53,6464,2014,0.0,0.0,,,CSK,330123
9561987,53,6465,2014,0.0,0.0,,,CSK,330124
9568513,53,6466,2014,0.0,0.0,,,CSK,330125
9575039,53,6467,2014,0.0,0.0,,,CSK,330126
9581565,53,6468,2014,0.0,0.0,,,CSK,330129
9588091,53,6469,2014,0.0,0.0,,,CSK,330130
9594617,53,6470,2014,0.0,0.0,,,CSK,330190
9601143,53,6471,2014,0.0,0.0,,,CSK,330210
9607669,53,6472,2014,0.0,0.0,,,CSK,330290
9614195,53,6473,2014,0.0,0.0,,,CSK,330300
9620721,53,6474,2014,0.0,0.0,,,CSK,330410
9627247,53,6475,2014,0.0,0.0,,,CSK,330420
9633773,53,6476,2014,0.0,0.0,,,CSK,330430
9640299,53,6477,2014,0.0,0.0,,,CSK,330491
9646825,53,6478,2014,0.0,0.0,,,CSK,330499
9653351,53,6479,2014,0.0,0.0,,,CSK,330510
9659877,53,6480,2014,0.0,0.0,,,CSK,330520
9666403,53,6481,2014,0.0,0.0,,,CSK,330530
9672929,53,6482,2014,0.0,0.0,,,CSK,330590
9679455,53,6483,2014,0.0,0.0,,,CSK,330610
9685981,53,6484,2014,0.0,0.0,,,CSK,330690
9692507,53,6485,2014,0.0,0.0,,,CSK,330710
9699033,53,6486,2014,0.0,0.0,,,CSK,330720
9705559,53,6487,2014,0.0,0.0,,,CSK,330730
9712085,53,6488,2014,0.0,0.0,,,CSK,330741
9718611,53,6489,2014,0.0,0.0,,,CSK,330749
9725137,53,6490,2014,0.0,0.0,,,CSK,330790
9731663,53,6491,2014,0.0,0.0,,,CSK,340111
9738189,53,6492,2014,0.0,0.0,,,CSK,340119
9744715,53,6493,2014,0.0,0.0,,,CSK,340120
9751241,53,6494,2014,0.0,0.0,,,CSK,340211
9757767,53,6495,2014,0.0,0.0,,,CSK,340212
9764293,53,6496,2014,0.0,0.0,,,CSK,340213
9770819,53,6497,2014,0.0,0.0,,,CSK,340219
9777345,53,6498,2014,0.0,0.0,,,CSK,340220
9783871,53,6499,2014,0.0,0.0,,,CSK,340290
9790397,53,6500,2014,0.0,0.0,,,CSK,340311
9796923,53,6501,2014,0.0,0.0,,,CSK,340319
9803449,53,6502,2014,0.0,0.0,,,CSK,340391
9809975,53,6503,2014,0.0,0.0,,,CSK,340399
9816501,53,6504,2014,0.0,0.0,,,CSK,340410
9823027,53,6505,2014,0.0,0.0,,,CSK,340420
9829553,53,6506,2014,0.0,0.0,,,CSK,340490
9836079,53,6507,2014,0.0,0.0,,,CSK,340510
9842605,53,6508,2014,0.0,0.0,,,CSK,340520
9849131,53,6509,2014,0.0,0.0,,,CSK,340530
9855657,53,6510,2014,0.0,0.0,,,CSK,340540
9862183,53,6511,2014,0.0,0.0,,,CSK,340590
9868709,53,6512,2014,0.0,0.0,,,CSK,340600
9875235,53,6513,2014,0.0,0.0,,,CSK,340700
9881761,53,6514,2014,0.0,0.0,,,CSK,350110
9888287,53,6515,2014,0.0,0.0,,,CSK,350190
9894813,53,6516,2014,0.0,0.0,,,CSK,350210
9901339,53,6517,2014,0.0,0.0,,,CSK,350290
9907865,53,6518,2014,0.0,0.0,,,CSK,350300
9914391,53,6519,2014,0.0,0.0,,,CSK,350400
9920917,53,6520,2014,0.0,0.0,,,CSK,350510
9927443,53,6521,2014,0.0,0.0,,,CSK,350520
9933969,53,6522,2014,0.0,0.0,,,CSK,350610
9940495,53,6523,2014,0.0,0.0,,,CSK,350691
9947021,53,6524,2014,0.0,0.0,,,CSK,350699
9953547,53,6525,2014,0.0,0.0,,,CSK,350710
9960073,53,6526,2014,0.0,0.0,,,CSK,350790
9966599,53,6527,2014,0.0,0.0,,,CSK,360100
9973125,53,6528,2014,0.0,0.0,,,CSK,360200
9979651,53,6529,2014,0.0,0.0,,,CSK,360300
9986177,53,6530,2014,0.0,0.0,,,CSK,360410
9992703,53,6531,2014,0.0,0.0,,,CSK,360490
9999229,53,6532,2014,0.0,0.0,,,CSK,360500
10005755,53,6533,2014,0.0,0.0,,,CSK,360610
10012281,53,6534,2014,0.0,0.0,,,CSK,360690
10018807,53,6535,2014,0.0,0.0,,,CSK,370110
10025333,53,6536,2014,0.0,0.0,,,CSK,370120
10031859,53,6537,2014,0.0,0.0,,,CSK,370130
10038385,53,6538,2014,0.0,0.0,,,CSK,370191
10044911,53,6539,2014,0.0,0.0,,,CSK,370199
10051437,53,6540,2014,0.0,0.0,,,CSK,370210
10057963,53,6541,2014,0.0,0.0,,,CSK,370220
10064489,53,6542,2014,0.0,0.0,,,CSK,370231
10071015,53,6543,2014,0.0,0.0,,,CSK,370232
10077541,53,6544,2014,0.0,0.0,,,CSK,370239
10084067,53,6545,2014,0.0,0.0,,,CSK,370241
10090593,53,6546,2014,0.0,0.0,,,CSK,370242
10097119,53,6547,2014,0.0,0.0,,,CSK,370243
10103645,53,6548,2014,0.0,0.0,,,CSK,370244
10110171,53,6549,2014,0.0,0.0,,,CSK,370251
10116697,53,6550,2014,0.0,0.0,,,CSK,370252
10123223,53,6551,2014,0.0,0.0,,,CSK,370253
10129749,53,6552,2014,0.0,0.0,,,CSK,370254
10136275,53,6553,2014,0.0,0.0,,,CSK,370255
10142801,53,6554,2014,0.0,0.0,,,CSK,370256
10149327,53,6555,2014,0.0,0.0,,,CSK,370291
10155853,53,6556,2014,0.0,0.0,,,CSK,370292
10162379,53,6557,2014,0.0,0.0,,,CSK,370293
10168905,53,6558,2014,0.0,0.0,,,CSK,370294
10175431,53,6559,2014,0.0,0.0,,,CSK,370295
10181957,53,6560,2014,0.0,0.0,,,CSK,370310
10188483,53,6561,2014,0.0,0.0,,,CSK,370320
10195009,53,6562,2014,0.0,0.0,,,CSK,370390
10201535,53,6563,2014,0.0,0.0,,,CSK,370400
10208061,53,6564,2014,0.0,0.0,,,CSK,370510
10214587,53,6565,2014,0.0,0.0,,,CSK,370520
10221113,53,6566,2014,0.0,0.0,,,CSK,370590
10227639,53,6567,2014,0.0,0.0,,,CSK,370610
10234165,53,6568,2014,0.0,0.0,,,CSK,370690
10240691,53,6569,2014,0.0,0.0,,,CSK,370710
10247217,53,6570,2014,0.0,0.0,,,CSK,370790
10253743,53,6571,2014,0.0,0.0,,,CSK,380110
10260269,53,6572,2014,0.0,0.0,,,CSK,380120
10266795,53,6573,2014,0.0,0.0,,,CSK,380130
10273321,53,6574,2014,0.0,0.0,,,CSK,380190
10279847,53,6575,2014,0.0,0.0,,,CSK,380210
10286373,53,6576,2014,0.0,0.0,,,CSK,380290
10292899,53,6577,2014,0.0,0.0,,,CSK,380300
10299425,53,6578,2014,0.0,0.0,,,CSK,380400
10305951,53,6579,2014,0.0,0.0,,,CSK,380510
10312477,53,6580,2014,0.0,0.0,,,CSK,380520
10319003,53,6581,2014,0.0,0.0,,,CSK,380590
10325529,53,6582,2014,0.0,0.0,,,CSK,380610
10332055,53,6583,2014,0.0,0.0,,,CSK,380620
10338581,53,6584,2014,0.0,0.0,,,CSK,380630
10345107,53,6585,2014,0.0,0.0,,,CSK,380690
10351633,53,6586,2014,0.0,0.0,,,CSK,380700
10358159,53,6587,2014,0.0,0.0,,,CSK,380810
10364685,53,6588,2014,0.0,0.0,,,CSK,380820
10371211,53,6589,2014,0.0,0.0,,,CSK,380830
10377737,53,6590,2014,0.0,0.0,,,CSK,380840
10384263,53,6591,2014,0.0,0.0,,,CSK,380890
10390789,53,6592,2014,0.0,0.0,,,CSK,380910
10397315,53,6593,2014,0.0,0.0,,,CSK,380991
10403841,53,6594,2014,0.0,0.0,,,CSK,380992
10410367,53,6595,2014,0.0,0.0,,,CSK,380993
10416893,53,6596,2014,0.0,0.0,,,CSK,380999
10423419,53,6597,2014,0.0,0.0,,,CSK,381010
10429945,53,6598,2014,0.0,0.0,,,CSK,381090
10436471,53,6599,2014,0.0,0.0,,,CSK,381111
10442997,53,6600,2014,0.0,0.0,,,CSK,381119
10449523,53,6601,2014,0.0,0.0,,,CSK,381121
10456049,53,6602,2014,0.0,0.0,,,CSK,381129
10462575,53,6603,2014,0.0,0.0,,,CSK,381190
10469101,53,6604,2014,0.0,0.0,,,CSK,381210
10475627,53,6605,2014,0.0,0.0,,,CSK,381220
10482153,53,6606,2014,0.0,0.0,,,CSK,381230
10488679,53,6607,2014,0.0,0.0,,,CSK,381300
10495205,53,6608,2014,0.0,0.0,,,CSK,381400
10501731,53,6609,2014,0.0,0.0,,,CSK,381511
10508257,53,6610,2014,0.0,0.0,,,CSK,381512
10514783,53,6611,2014,0.0,0.0,,,CSK,381519
10521309,53,6612,2014,0.0,0.0,,,CSK,381590
10527835,53,6613,2014,0.0,0.0,,,CSK,381600
10534361,53,6614,2014,0.0,0.0,,,CSK,381710
10540887,53,6615,2014,0.0,0.0,,,CSK,381720
10547413,53,6616,2014,0.0,0.0,,,CSK,381800
10553939,53,6617,2014,0.0,0.0,,,CSK,381900
10560465,53,6618,2014,0.0,0.0,,,CSK,382000
10566991,53,6619,2014,0.0,0.0,,,CSK,382100
10573517,53,6620,2014,0.0,0.0,,,CSK,382200
10580043,53,6621,2014,0.0,0.0,,,CSK,382310
10586569,53,6622,2014,0.0,0.0,,,CSK,382320
10593095,53,6623,2014,0.0,0.0,,,CSK,382330
10599621,53,6624,2014,0.0,0.0,,,CSK,382340
10606147,53,6625,2014,0.0,0.0,,,CSK,382350
10612673,53,6626,2014,0.0,0.0,,,CSK,382360
10619199,53,6627,2014,0.0,0.0,,,CSK,382390
10625725,53,6628,2014,0.0,0.0,,,CSK,390110
10632251,53,6629,2014,0.0,0.0,,,CSK,390120
10638777,53,6630,2014,0.0,0.0,,,CSK,390130
10645303,53,6631,2014,0.0,0.0,,,CSK,390190
10651829,53,6632,2014,0.0,0.0,,,CSK,390210
10658355,53,6633,2014,0.0,0.0,,,CSK,390220
10664881,53,6634,2014,0.0,0.0,,,CSK,390230
10671407,53,6635,2014,0.0,0.0,,,CSK,390290
10677933,53,6636,2014,0.0,0.0,,,CSK,390311
10684459,53,6637,2014,0.0,0.0,,,CSK,390319
10690985,53,6638,2014,0.0,0.0,,,CSK,390320
10697511,53,6639,2014,0.0,0.0,,,CSK,390330
10704037,53,6640,2014,0.0,0.0,,,CSK,390390
10710563,53,6641,2014,0.0,0.0,,,CSK,390410
10717089,53,6642,2014,0.0,0.0,,,CSK,390421
10723615,53,6643,2014,0.0,0.0,,,CSK,390422
10730141,53,6644,2014,0.0,0.0,,,CSK,390430
10736667,53,6645,2014,0.0,0.0,,,CSK,390440
10743193,53,6646,2014,0.0,0.0,,,CSK,390450
10749719,53,6647,2014,0.0,0.0,,,CSK,390461
10756245,53,6648,2014,0.0,0.0,,,CSK,390469
10762771,53,6649,2014,0.0,0.0,,,CSK,390490
10769297,53,6650,2014,0.0,0.0,,,CSK,390511
10775823,53,6651,2014,0.0,0.0,,,CSK,390519
10782349,53,6652,2014,0.0,0.0,,,CSK,390520
10788875,53,6653,2014,0.0,0.0,,,CSK,390590
10795401,53,6654,2014,0.0,0.0,,,CSK,390610
10801927,53,6655,2014,0.0,0.0,,,CSK,390690
10808453,53,6656,2014,0.0,0.0,,,CSK,390710
10814979,53,6657,2014,0.0,0.0,,,CSK,390720
10821505,53,6658,2014,0.0,0.0,,,CSK,390730
10828031,53,6659,2014,0.0,0.0,,,CSK,390740
10834557,53,6660,2014,0.0,0.0,,,CSK,390750
10841083,53,6661,2014,0.0,0.0,,,CSK,390760
10847609,53,6662,2014,0.0,0.0,,,CSK,390791
10854135,53,6663,2014,0.0,0.0,,,CSK,390799
10860661,53,6664,2014,0.0,0.0,,,CSK,390810
10867187,53,6665,2014,0.0,0.0,,,CSK,390890
10873713,53,6666,2014,0.0,0.0,,,CSK,390910
10880239,53,6667,2014,0.0,0.0,,,CSK,390920
10886765,53,6668,2014,0.0,0.0,,,CSK,390930
10893291,53,6669,2014,0.0,0.0,,,CSK,390940
10899817,53,6670,2014,0.0,0.0,,,CSK,390950
10906343,53,6671,2014,0.0,0.0,,,CSK,391000
10912869,53,6672,2014,0.0,0.0,,,CSK,391110
10919395,53,6673,2014,0.0,0.0,,,CSK,391190
10925921,53,6674,2014,0.0,0.0,,,CSK,391211
10932447,53,6675,2014,0.0,0.0,,,CSK,391212
10938973,53,6676,2014,0.0,0.0,,,CSK,391220
10945499,53,6677,2014,0.0,0.0,,,CSK,391231
10952025,53,6678,2014,0.0,0.0,,,CSK,391239
10958551,53,6679,2014,0.0,0.0,,,CSK,391290
10965077,53,6680,2014,0.0,0.0,,,CSK,391310
10971603,53,6681,2014,0.0,0.0,,,CSK,391390
10978129,53,6682,2014,0.0,0.0,,,CSK,391400
10984655,53,6683,2014,0.0,0.0,,,CSK,391510
10991181,53,6684,2014,0.0,0.0,,,CSK,391520
10997707,53,6685,2014,0.0,0.0,,,CSK,391530
11004233,53,6686,2014,0.0,0.0,,,CSK,391590
11010759,53,6687,2014,0.0,0.0,,,CSK,391610
11017285,53,6688,2014,0.0,0.0,,,CSK,391620
11023811,53,6689,2014,0.0,0.0,,,CSK,391690
11030337,53,6690,2014,0.0,0.0,,,CSK,391710
11036863,53,6691,2014,0.0,0.0,,,CSK,391721
11043389,53,6692,2014,0.0,0.0,,,CSK,391722
11049915,53,6693,2014,0.0,0.0,,,CSK,391723
11056441,53,6694,2014,0.0,0.0,,,CSK,391729
11062967,53,6695,2014,0.0,0.0,,,CSK,391731
11069493,53,6696,2014,0.0,0.0,,,CSK,391732
11076019,53,6697,2014,0.0,0.0,,,CSK,391733
11082545,53,6698,2014,0.0,0.0,,,CSK,391739
11089071,53,6699,2014,0.0,0.0,,,CSK,391740
11095597,53,6700,2014,0.0,0.0,,,CSK,391810
11102123,53,6701,2014,0.0,0.0,,,CSK,391890
11108649,53,6702,2014,0.0,0.0,,,CSK,391910
11115175,53,6703,2014,0.0,0.0,,,CSK,391990
11121701,53,6704,2014,0.0,0.0,,,CSK,392010
11128227,53,6705,2014,0.0,0.0,,,CSK,392020
11134753,53,6706,2014,0.0,0.0,,,CSK,392030
11141279,53,6707,2014,0.0,0.0,,,CSK,392041
11147805,53,6708,2014,0.0,0.0,,,CSK,392042
11154331,53,6709,2014,0.0,0.0,,,CSK,392051
11160857,53,6710,2014,0.0,0.0,,,CSK,392059
11167383,53,6711,2014,0.0,0.0,,,CSK,392061
11173909,53,6712,2014,0.0,0.0,,,CSK,392062
11180435,53,6713,2014,0.0,0.0,,,CSK,392063
11186961,53,6714,2014,0.0,0.0,,,CSK,392069
11193487,53,6715,2014,0.0,0.0,,,CSK,392071
11200013,53,6716,2014,0.0,0.0,,,CSK,392072
11206539,53,6717,2014,0.0,0.0,,,CSK,392073
11213065,53,6718,2014,0.0,0.0,,,CSK,392079
11219591,53,6719,2014,0.0,0.0,,,CSK,392091
11226117,53,6720,2014,0.0,0.0,,,CSK,392092
11232643,53,6721,2014,0.0,0.0,,,CSK,392093
11239169,53,6722,2014,0.0,0.0,,,CSK,392094
11245695,53,6723,2014,0.0,0.0,,,CSK,392099
11252221,53,6724,2014,0.0,0.0,,,CSK,392111
11258747,53,6725,2014,0.0,0.0,,,CSK,392112
11265273,53,6726,2014,0.0,0.0,,,CSK,392113
11271799,53,6727,2014,0.0,0.0,,,CSK,392114
11278325,53,6728,2014,0.0,0.0,,,CSK,392119
11284851,53,6729,2014,0.0,0.0,,,CSK,392190
11291377,53,6730,2014,0.0,0.0,,,CSK,392210
11297903,53,6731,2014,0.0,0.0,,,CSK,392220
11304429,53,6732,2014,0.0,0.0,,,CSK,392290
11310955,53,6733,2014,0.0,0.0,,,CSK,392310
11317481,53,6734,2014,0.0,0.0,,,CSK,392321
11324007,53,6735,2014,0.0,0.0,,,CSK,392329
11330533,53,6736,2014,0.0,0.0,,,CSK,392330
11337059,53,6737,2014,0.0,0.0,,,CSK,392340
11343585,53,6738,2014,0.0,0.0,,,CSK,392350
11350111,53,6739,2014,0.0,0.0,,,CSK,392390
11356637,53,6740,2014,0.0,0.0,,,CSK,392410
11363163,53,6741,2014,0.0,0.0,,,CSK,392490
11369689,53,6742,2014,0.0,0.0,,,CSK,392510
11376215,53,6743,2014,0.0,0.0,,,CSK,392520
11382741,53,6744,2014,0.0,0.0,,,CSK,392530
11389267,53,6745,2014,0.0,0.0,,,CSK,392590
11395793,53,6746,2014,0.0,0.0,,,CSK,392610
11402319,53,6747,2014,0.0,0.0,,,CSK,392620
11408845,53,6748,2014,0.0,0.0,,,CSK,392630
11415371,53,6749,2014,0.0,0.0,,,CSK,392640
11421897,53,6750,2014,0.0,0.0,,,CSK,392690
11428423,53,6751,2014,0.0,0.0,,,CSK,400110
11434949,53,6752,2014,0.0,0.0,,,CSK,400121
11441475,53,6753,2014,0.0,0.0,,,CSK,400122
11448001,53,6754,2014,0.0,0.0,,,CSK,400129
11454527,53,6755,2014,0.0,0.0,,,CSK,400130
11461053,53,6756,2014,0.0,0.0,,,CSK,400211
11467579,53,6757,2014,0.0,0.0,,,CSK,400219
11474105,53,6758,2014,0.0,0.0,,,CSK,400220
11480631,53,6759,2014,0.0,0.0,,,CSK,400231
11487157,53,6760,2014,0.0,0.0,,,CSK,400239
11493683,53,6761,2014,0.0,0.0,,,CSK,400241
11500209,53,6762,2014,0.0,0.0,,,CSK,400249
11506735,53,6763,2014,0.0,0.0,,,CSK,400251
11513261,53,6764,2014,0.0,0.0,,,CSK,400259
11519787,53,6765,2014,0.0,0.0,,,CSK,400260
11526313,53,6766,2014,0.0,0.0,,,CSK,400270
11532839,53,6767,2014,0.0,0.0,,,CSK,400280
11539365,53,6768,2014,0.0,0.0,,,CSK,400291
11545891,53,6769,2014,0.0,0.0,,,CSK,400299
11552417,53,6770,2014,0.0,0.0,,,CSK,400300
11558943,53,6771,2014,0.0,0.0,,,CSK,400400
11565469,53,6772,2014,0.0,0.0,,,CSK,400510
11571995,53,6773,2014,0.0,0.0,,,CSK,400520
11578521,53,6774,2014,0.0,0.0,,,CSK,400591
11585047,53,6775,2014,0.0,0.0,,,CSK,400599
11591573,53,6776,2014,0.0,0.0,,,CSK,400610
11598099,53,6777,2014,0.0,0.0,,,CSK,400690
11604625,53,6778,2014,0.0,0.0,,,CSK,400700
11611151,53,6779,2014,0.0,0.0,,,CSK,400811
11617677,53,6780,2014,0.0,0.0,,,CSK,400819
11624203,53,6781,2014,0.0,0.0,,,CSK,400821
11630729,53,6782,2014,0.0,0.0,,,CSK,400829
11637255,53,6783,2014,0.0,0.0,,,CSK,400910
11643781,53,6784,2014,0.0,0.0,,,CSK,400920
11650307,53,6785,2014,0.0,0.0,,,CSK,400930
11656833,53,6786,2014,0.0,0.0,,,CSK,400940
11663359,53,6787,2014,0.0,0.0,,,CSK,400950
11669885,53,6788,2014,0.0,0.0,,,CSK,401010
11676411,53,6789,2014,0.0,0.0,,,CSK,401091
11682937,53,6790,2014,0.0,0.0,,,CSK,401099
11689463,53,6791,2014,0.0,0.0,,,CSK,401110
11695989,53,6792,2014,0.0,0.0,,,CSK,401120
11702515,53,6793,2014,0.0,0.0,,,CSK,401130
11709041,53,6794,2014,0.0,0.0,,,CSK,401140
11715567,53,6795,2014,0.0,0.0,,,CSK,401150
11722093,53,6796,2014,0.0,0.0,,,CSK,401191
11728619,53,6797,2014,0.0,0.0,,,CSK,401199
11735145,53,6798,2014,0.0,0.0,,,CSK,401210
11741671,53,6799,2014,0.0,0.0,,,CSK,401220
11748197,53,6800,2014,0.0,0.0,,,CSK,401290
11754723,53,6801,2014,0.0,0.0,,,CSK,401310
11761249,53,6802,2014,0.0,0.0,,,CSK,401320
11767775,53,6803,2014,0.0,0.0,,,CSK,401390
11774301,53,6804,2014,0.0,0.0,,,CSK,401410
11780827,53,6805,2014,0.0,0.0,,,CSK,401490
11787353,53,6806,2014,0.0,0.0,,,CSK,401511
11793879,53,6807,2014,0.0,0.0,,,CSK,401519
11800405,53,6808,2014,0.0,0.0,,,CSK,401590
11806931,53,6809,2014,0.0,0.0,,,CSK,401610
11813457,53,6810,2014,0.0,0.0,,,CSK,401691
11819983,53,6811,2014,0.0,0.0,,,CSK,401692
11826509,53,6812,2014,0.0,0.0,,,CSK,401693
11833035,53,6813,2014,0.0,0.0,,,CSK,401694
11839561,53,6814,2014,0.0,0.0,,,CSK,401695
11846087,53,6815,2014,0.0,0.0,,,CSK,401699
11852613,53,6816,2014,0.0,0.0,,,CSK,401700
11859139,53,6817,2014,0.0,0.0,,,CSK,410110
11865665,53,6818,2014,0.0,0.0,,,CSK,410121
11872191,53,6819,2014,0.0,0.0,,,CSK,410122
11878717,53,6820,2014,0.0,0.0,,,CSK,410129
11885243,53,6821,2014,0.0,0.0,,,CSK,410130
11891769,53,6822,2014,0.0,0.0,,,CSK,410140
11898295,53,6823,2014,0.0,0.0,,,CSK,410210
11904821,53,6824,2014,0.0,0.0,,,CSK,410221
11911347,53,6825,2014,0.0,0.0,,,CSK,410229
11917873,53,6826,2014,0.0,0.0,,,CSK,410310
11924399,53,6827,2014,0.0,0.0,,,CSK,410320
11930925,53,6828,2014,0.0,0.0,,,CSK,410390
11937451,53,6829,2014,0.0,0.0,,,CSK,410410
11943977,53,6830,2014,0.0,0.0,,,CSK,410421
11950503,53,6831,2014,0.0,0.0,,,CSK,410422
11957029,53,6832,2014,0.0,0.0,,,CSK,410429
11963555,53,6833,2014,0.0,0.0,,,CSK,410431
11970081,53,6834,2014,0.0,0.0,,,CSK,410439
11976607,53,6835,2014,0.0,0.0,,,CSK,410511
11983133,53,6836,2014,0.0,0.0,,,CSK,410512
11989659,53,6837,2014,0.0,0.0,,,CSK,410519
11996185,53,6838,2014,0.0,0.0,,,CSK,410520
12002711,53,6839,2014,0.0,0.0,,,CSK,410611
12009237,53,6840,2014,0.0,0.0,,,CSK,410612
12015763,53,6841,2014,0.0,0.0,,,CSK,410619
12022289,53,6842,2014,0.0,0.0,,,CSK,410620
12028815,53,6843,2014,0.0,0.0,,,CSK,410710
12035341,53,6844,2014,0.0,0.0,,,CSK,410721
12041867,53,6845,2014,0.0,0.0,,,CSK,410729
12048393,53,6846,2014,0.0,0.0,,,CSK,410790
12054919,53,6847,2014,0.0,0.0,,,CSK,410800
12061445,53,6848,2014,0.0,0.0,,,CSK,410900
12067971,53,6849,2014,0.0,0.0,,,CSK,411000
12074497,53,6850,2014,0.0,0.0,,,CSK,411100
12081023,53,6851,2014,0.0,0.0,,,CSK,420100
12087549,53,6852,2014,0.0,0.0,,,CSK,420211
12094075,53,6853,2014,0.0,0.0,,,CSK,420212
12100601,53,6854,2014,0.0,0.0,,,CSK,420219
12107127,53,6855,2014,0.0,0.0,,,CSK,420221
12113653,53,6856,2014,0.0,0.0,,,CSK,420222
12120179,53,6857,2014,0.0,0.0,,,CSK,420229
12126705,53,6858,2014,0.0,0.0,,,CSK,420231
12133231,53,6859,2014,0.0,0.0,,,CSK,420232
12139757,53,6860,2014,0.0,0.0,,,CSK,420239
12146283,53,6861,2014,0.0,0.0,,,CSK,420291
12152809,53,6862,2014,0.0,0.0,,,CSK,420292
12159335,53,6863,2014,0.0,0.0,,,CSK,420299
12165861,53,6864,2014,0.0,0.0,,,CSK,420310
12172387,53,6865,2014,0.0,0.0,,,CSK,420321
12178913,53,6866,2014,0.0,0.0,,,CSK,420329
12185439,53,6867,2014,0.0,0.0,,,CSK,420330
12191965,53,6868,2014,0.0,0.0,,,CSK,420340
12198491,53,6869,2014,0.0,0.0,,,CSK,420400
12205017,53,6870,2014,0.0,0.0,,,CSK,420500
12211543,53,6871,2014,0.0,0.0,,,CSK,420610
12218069,53,6872,2014,0.0,0.0,,,CSK,420690
12224595,53,6873,2014,0.0,0.0,,,CSK,430110
12231121,53,6874,2014,0.0,0.0,,,CSK,430120
12237647,53,6875,2014,0.0,0.0,,,CSK,430130
12244173,53,6876,2014,0.0,0.0,,,CSK,430140
12250699,53,6877,2014,0.0,0.0,,,CSK,430150
12257225,53,6878,2014,0.0,0.0,,,CSK,430160
12263751,53,6879,2014,0.0,0.0,,,CSK,430170
12270277,53,6880,2014,0.0,0.0,,,CSK,430180
12276803,53,6881,2014,0.0,0.0,,,CSK,430190
12283329,53,6882,2014,0.0,0.0,,,CSK,430211
12289855,53,6883,2014,0.0,0.0,,,CSK,430212
12296381,53,6884,2014,0.0,0.0,,,CSK,430213
12302907,53,6885,2014,0.0,0.0,,,CSK,430219
12309433,53,6886,2014,0.0,0.0,,,CSK,430220
12315959,53,6887,2014,0.0,0.0,,,CSK,430230
12322485,53,6888,2014,0.0,0.0,,,CSK,430310
12329011,53,6889,2014,0.0,0.0,,,CSK,430390
12335537,53,6890,2014,0.0,0.0,,,CSK,430400
12342063,53,6891,2014,0.0,0.0,,,CSK,440110
12348589,53,6892,2014,0.0,0.0,,,CSK,440121
12355115,53,6893,2014,0.0,0.0,,,CSK,440122
12361641,53,6894,2014,0.0,0.0,,,CSK,440130
12368167,53,6895,2014,0.0,0.0,,,CSK,440200
12374693,53,6896,2014,0.0,0.0,,,CSK,440310
12381219,53,6897,2014,0.0,0.0,,,CSK,440320
12387745,53,6898,2014,0.0,0.0,,,CSK,440331
12394271,53,6899,2014,0.0,0.0,,,CSK,440332
12400797,53,6900,2014,0.0,0.0,,,CSK,440333
12407323,53,6901,2014,0.0,0.0,,,CSK,440334
12413849,53,6902,2014,0.0,0.0,,,CSK,440335
12420375,53,6903,2014,0.0,0.0,,,CSK,440391
12426901,53,6904,2014,0.0,0.0,,,CSK,440392
12433427,53,6905,2014,0.0,0.0,,,CSK,440399
12439953,53,6906,2014,0.0,0.0,,,CSK,440410
12446479,53,6907,2014,0.0,0.0,,,CSK,440420
12453005,53,6908,2014,0.0,0.0,,,CSK,440500
12459531,53,6909,2014,0.0,0.0,,,CSK,440610
12466057,53,6910,2014,0.0,0.0,,,CSK,440690
12472583,53,6911,2014,0.0,0.0,,,CSK,440710
12479109,53,6912,2014,0.0,0.0,,,CSK,440721
12485635,53,6913,2014,0.0,0.0,,,CSK,440722
12492161,53,6914,2014,0.0,0.0,,,CSK,440723
12498687,53,6915,2014,0.0,0.0,,,CSK,440791
12505213,53,6916,2014,0.0,0.0,,,CSK,440792
12511739,53,6917,2014,0.0,0.0,,,CSK,440799
12518265,53,6918,2014,0.0,0.0,,,CSK,440810
12524791,53,6919,2014,0.0,0.0,,,CSK,440820
12531317,53,6920,2014,0.0,0.0,,,CSK,440890
12537843,53,6921,2014,0.0,0.0,,,CSK,440910
12544369,53,6922,2014,0.0,0.0,,,CSK,440920
12550895,53,6923,2014,0.0,0.0,,,CSK,441010
12557421,53,6924,2014,0.0,0.0,,,CSK,441090
12563947,53,6925,2014,0.0,0.0,,,CSK,441111
12570473,53,6926,2014,0.0,0.0,,,CSK,441119
12576999,53,6927,2014,0.0,0.0,,,CSK,441121
12583525,53,6928,2014,0.0,0.0,,,CSK,441129
12590051,53,6929,2014,0.0,0.0,,,CSK,441131
12596577,53,6930,2014,0.0,0.0,,,CSK,441139
12603103,53,6931,2014,0.0,0.0,,,CSK,441191
12609629,53,6932,2014,0.0,0.0,,,CSK,441199
12616155,53,6933,2014,0.0,0.0,,,CSK,441211
12622681,53,6934,2014,0.0,0.0,,,CSK,441212
12629207,53,6935,2014,0.0,0.0,,,CSK,441219
12635733,53,6936,2014,0.0,0.0,,,CSK,441221
12642259,53,6937,2014,0.0,0.0,,,CSK,441229
12648785,53,6938,2014,0.0,0.0,,,CSK,441291
12655311,53,6939,2014,0.0,0.0,,,CSK,441299
12661837,53,6940,2014,0.0,0.0,,,CSK,441300
12668363,53,6941,2014,0.0,0.0,,,CSK,441400
12674889,53,6942,2014,0.0,0.0,,,CSK,441510
12681415,53,6943,2014,0.0,0.0,,,CSK,441520
12687941,53,6944,2014,0.0,0.0,,,CSK,441600
12694467,53,6945,2014,0.0,0.0,,,CSK,441700
12700993,53,6946,2014,0.0,0.0,,,CSK,441810
12707519,53,6947,2014,0.0,0.0,,,CSK,441820
12714045,53,6948,2014,0.0,0.0,,,CSK,441830
12720571,53,6949,2014,0.0,0.0,,,CSK,441840
12727097,53,6950,2014,0.0,0.0,,,CSK,441850
12733623,53,6951,2014,0.0,0.0,,,CSK,441890
12740149,53,6952,2014,0.0,0.0,,,CSK,441900
12746675,53,6953,2014,0.0,0.0,,,CSK,442010
12753201,53,6954,2014,0.0,0.0,,,CSK,442090
12759727,53,6955,2014,0.0,0.0,,,CSK,442110
12766253,53,6956,2014,0.0,0.0,,,CSK,442190
12772779,53,6957,2014,0.0,0.0,,,CSK,450110
12779305,53,6958,2014,0.0,0.0,,,CSK,450190
12785831,53,6959,2014,0.0,0.0,,,CSK,450200
12792357,53,6960,2014,0.0,0.0,,,CSK,450310
12798883,53,6961,2014,0.0,0.0,,,CSK,450390
12805409,53,6962,2014,0.0,0.0,,,CSK,450410
12811935,53,6963,2014,0.0,0.0,,,CSK,450490
12818461,53,6964,2014,0.0,0.0,,,CSK,460110
12824987,53,6965,2014,0.0,0.0,,,CSK,460120
12831513,53,6966,2014,0.0,0.0,,,CSK,460191
12838039,53,6967,2014,0.0,0.0,,,CSK,460199
12844565,53,6968,2014,0.0,0.0,,,CSK,460210
12851091,53,6969,2014,0.0,0.0,,,CSK,460290
12857617,53,6970,2014,0.0,0.0,,,CSK,470100
12864143,53,6971,2014,0.0,0.0,,,CSK,470200
12870669,53,6972,2014,0.0,0.0,,,CSK,470311
12877195,53,6973,2014,0.0,0.0,,,CSK,470319
12883721,53,6974,2014,0.0,0.0,,,CSK,470321
12890247,53,6975,2014,0.0,0.0,,,CSK,470329
12896773,53,6976,2014,0.0,0.0,,,CSK,470411
12903299,53,6977,2014,0.0,0.0,,,CSK,470419
12909825,53,6978,2014,0.0,0.0,,,CSK,470421
12916351,53,6979,2014,0.0,0.0,,,CSK,470429
12922877,53,6980,2014,0.0,0.0,,,CSK,470500
12929403,53,6981,2014,0.0,0.0,,,CSK,470610
12935929,53,6982,2014,0.0,0.0,,,CSK,470691
12942455,53,6983,2014,0.0,0.0,,,CSK,470692
12948981,53,6984,2014,0.0,0.0,,,CSK,470693
12955507,53,6985,2014,0.0,0.0,,,CSK,470710
12962033,53,6986,2014,0.0,0.0,,,CSK,470720
12968559,53,6987,2014,0.0,0.0,,,CSK,470730
12975085,53,6988,2014,0.0,0.0,,,CSK,470790
12981611,53,6989,2014,0.0,0.0,,,CSK,480100
12988137,53,6990,2014,0.0,0.0,,,CSK,480210
12994663,53,6991,2014,0.0,0.0,,,CSK,480220
13001189,53,6992,2014,0.0,0.0,,,CSK,480230
13007715,53,6993,2014,0.0,0.0,,,CSK,480240
13014241,53,6994,2014,0.0,0.0,,,CSK,480251
13020767,53,6995,2014,0.0,0.0,,,CSK,480252
13027293,53,6996,2014,0.0,0.0,,,CSK,480253
13033819,53,6997,2014,0.0,0.0,,,CSK,480260
13040345,53,6998,2014,0.0,0.0,,,CSK,480300
13046871,53,6999,2014,0.0,0.0,,,CSK,480411
13053397,53,7000,2014,0.0,0.0,,,CSK,480419
13059923,53,7001,2014,0.0,0.0,,,CSK,480421
13066449,53,7002,2014,0.0,0.0,,,CSK,480429
13072975,53,7003,2014,0.0,0.0,,,CSK,480431
13079501,53,7004,2014,0.0,0.0,,,CSK,480439
13086027,53,7005,2014,0.0,0.0,,,CSK,480441
13092553,53,7006,2014,0.0,0.0,,,CSK,480442
13099079,53,7007,2014,0.0,0.0,,,CSK,480449
13105605,53,7008,2014,0.0,0.0,,,CSK,480451
13112131,53,7009,2014,0.0,0.0,,,CSK,480452
13118657,53,7010,2014,0.0,0.0,,,CSK,480459
13125183,53,7011,2014,0.0,0.0,,,CSK,480510
13131709,53,7012,2014,0.0,0.0,,,CSK,480521
13138235,53,7013,2014,0.0,0.0,,,CSK,480522
13144761,53,7014,2014,0.0,0.0,,,CSK,480523
13151287,53,7015,2014,0.0,0.0,,,CSK,480529
13157813,53,7016,2014,0.0,0.0,,,CSK,480530
13164339,53,7017,2014,0.0,0.0,,,CSK,480540
13170865,53,7018,2014,0.0,0.0,,,CSK,480550
13177391,53,7019,2014,0.0,0.0,,,CSK,480560
13183917,53,7020,2014,0.0,0.0,,,CSK,480570
13190443,53,7021,2014,0.0,0.0,,,CSK,480580
13196969,53,7022,2014,0.0,0.0,,,CSK,480610
13203495,53,7023,2014,0.0,0.0,,,CSK,480620
13210021,53,7024,2014,0.0,0.0,,,CSK,480630
13216547,53,7025,2014,0.0,0.0,,,CSK,480640
13223073,53,7026,2014,0.0,0.0,,,CSK,480710
13229599,53,7027,2014,0.0,0.0,,,CSK,480791
13236125,53,7028,2014,0.0,0.0,,,CSK,480799
13242651,53,7029,2014,0.0,0.0,,,CSK,480810
13249177,53,7030,2014,0.0,0.0,,,CSK,480820
13255703,53,7031,2014,0.0,0.0,,,CSK,480830
13262229,53,7032,2014,0.0,0.0,,,CSK,480890
13268755,53,7033,2014,0.0,0.0,,,CSK,480910
13275281,53,7034,2014,0.0,0.0,,,CSK,480920
13281807,53,7035,2014,0.0,0.0,,,CSK,480990
13288333,53,7036,2014,0.0,0.0,,,CSK,481011
13294859,53,7037,2014,0.0,0.0,,,CSK,481012
13301385,53,7038,2014,0.0,0.0,,,CSK,481021
13307911,53,7039,2014,0.0,0.0,,,CSK,481029
13314437,53,7040,2014,0.0,0.0,,,CSK,481031
13320963,53,7041,2014,0.0,0.0,,,CSK,481032
13327489,53,7042,2014,0.0,0.0,,,CSK,481039
13334015,53,7043,2014,0.0,0.0,,,CSK,481091
13340541,53,7044,2014,0.0,0.0,,,CSK,481099
13347067,53,7045,2014,0.0,0.0,,,CSK,481110
13353593,53,7046,2014,0.0,0.0,,,CSK,481121
13360119,53,7047,2014,0.0,0.0,,,CSK,481129
13366645,53,7048,2014,0.0,0.0,,,CSK,481131
13373171,53,7049,2014,0.0,0.0,,,CSK,481139
13379697,53,7050,2014,0.0,0.0,,,CSK,481140
13386223,53,7051,2014,0.0,0.0,,,CSK,481190
13392749,53,7052,2014,0.0,0.0,,,CSK,481200
13399275,53,7053,2014,0.0,0.0,,,CSK,481310
13405801,53,7054,2014,0.0,0.0,,,CSK,481320
13412327,53,7055,2014,0.0,0.0,,,CSK,481390
13418853,53,7056,2014,0.0,0.0,,,CSK,481410
13425379,53,7057,2014,0.0,0.0,,,CSK,481420
13431905,53,7058,2014,0.0,0.0,,,CSK,481430
13438431,53,7059,2014,0.0,0.0,,,CSK,481490
13444957,53,7060,2014,0.0,0.0,,,CSK,481500
13451483,53,7061,2014,0.0,0.0,,,CSK,481610
13458009,53,7062,2014,0.0,0.0,,,CSK,481620
13464535,53,7063,2014,0.0,0.0,,,CSK,481630
13471061,53,7064,2014,0.0,0.0,,,CSK,481690
13477587,53,7065,2014,0.0,0.0,,,CSK,481710
13484113,53,7066,2014,0.0,0.0,,,CSK,481720
13490639,53,7067,2014,0.0,0.0,,,CSK,481730
13497165,53,7068,2014,0.0,0.0,,,CSK,481810
13503691,53,7069,2014,0.0,0.0,,,CSK,481820
13510217,53,7070,2014,0.0,0.0,,,CSK,481830
13516743,53,7071,2014,0.0,0.0,,,CSK,481840
13523269,53,7072,2014,0.0,0.0,,,CSK,481850
13529795,53,7073,2014,0.0,0.0,,,CSK,481890
13536321,53,7074,2014,0.0,0.0,,,CSK,481910
13542847,53,7075,2014,0.0,0.0,,,CSK,481920
13549373,53,7076,2014,0.0,0.0,,,CSK,481930
13555899,53,7077,2014,0.0,0.0,,,CSK,481940
13562425,53,7078,2014,0.0,0.0,,,CSK,481950
13568951,53,7079,2014,0.0,0.0,,,CSK,481960
13575477,53,7080,2014,0.0,0.0,,,CSK,482010
13582003,53,7081,2014,0.0,0.0,,,CSK,482020
13588529,53,7082,2014,0.0,0.0,,,CSK,482030
13595055,53,7083,2014,0.0,0.0,,,CSK,482040
13601581,53,7084,2014,0.0,0.0,,,CSK,482050
13608107,53,7085,2014,0.0,0.0,,,CSK,482090
13614633,53,7086,2014,0.0,0.0,,,CSK,482110
13621159,53,7087,2014,0.0,0.0,,,CSK,482190
13627685,53,7088,2014,0.0,0.0,,,CSK,482210
13634211,53,7089,2014,0.0,0.0,,,CSK,482290
13640737,53,7090,2014,0.0,0.0,,,CSK,482311
13647263,53,7091,2014,0.0,0.0,,,CSK,482319
13653789,53,7092,2014,0.0,0.0,,,CSK,482320
13660315,53,7093,2014,0.0,0.0,,,CSK,482330
13666841,53,7094,2014,0.0,0.0,,,CSK,482340
13673367,53,7095,2014,0.0,0.0,,,CSK,482351
13679893,53,7096,2014,0.0,0.0,,,CSK,482359
13686419,53,7097,2014,0.0,0.0,,,CSK,482360
13692945,53,7098,2014,0.0,0.0,,,CSK,482370
13699471,53,7099,2014,0.0,0.0,,,CSK,482390
13705997,53,7100,2014,0.0,0.0,,,CSK,490110
13712523,53,7101,2014,0.0,0.0,,,CSK,490191
13719049,53,7102,2014,0.0,0.0,,,CSK,490199
13725575,53,7103,2014,0.0,0.0,,,CSK,490210
13732101,53,7104,2014,0.0,0.0,,,CSK,490290
13738627,53,7105,2014,0.0,0.0,,,CSK,490300
13745153,53,7106,2014,0.0,0.0,,,CSK,490400
13751679,53,7107,2014,0.0,0.0,,,CSK,490510
13758205,53,7108,2014,0.0,0.0,,,CSK,490591
13764731,53,7109,2014,0.0,0.0,,,CSK,490599
13771257,53,7110,2014,0.0,0.0,,,CSK,490600
13777783,53,7111,2014,0.0,0.0,,,CSK,490700
13784309,53,7112,2014,0.0,0.0,,,CSK,490810
13790835,53,7113,2014,0.0,0.0,,,CSK,490890
13797361,53,7114,2014,0.0,0.0,,,CSK,490900
13803887,53,7115,2014,0.0,0.0,,,CSK,491000
13810413,53,7116,2014,0.0,0.0,,,CSK,491110
13816939,53,7117,2014,0.0,0.0,,,CSK,491191
13823465,53,7118,2014,0.0,0.0,,,CSK,491199
13829991,53,7119,2014,0.0,0.0,,,CSK,500100
13836517,53,7120,2014,0.0,0.0,,,CSK,500200
13843043,53,7121,2014,0.0,0.0,,,CSK,500310
13849569,53,7122,2014,0.0,0.0,,,CSK,500390
13856095,53,7123,2014,0.0,0.0,,,CSK,500400
13862621,53,7124,2014,0.0,0.0,,,CSK,500500
13869147,53,7125,2014,0.0,0.0,,,CSK,500600
13875673,53,7126,2014,0.0,0.0,,,CSK,500710
13882199,53,7127,2014,0.0,0.0,,,CSK,500720
13888725,53,7128,2014,0.0,0.0,,,CSK,500790
13895251,53,7129,2014,0.0,0.0,,,CSK,510111
13901777,53,7130,2014,0.0,0.0,,,CSK,510119
13908303,53,7131,2014,0.0,0.0,,,CSK,510121
13914829,53,7132,2014,0.0,0.0,,,CSK,510129
13921355,53,7133,2014,0.0,0.0,,,CSK,510130
13927881,53,7134,2014,0.0,0.0,,,CSK,510210
13934407,53,7135,2014,0.0,0.0,,,CSK,510220
13940933,53,7136,2014,0.0,0.0,,,CSK,510310
13947459,53,7137,2014,0.0,0.0,,,CSK,510320
13953985,53,7138,2014,0.0,0.0,,,CSK,510330
13960511,53,7139,2014,0.0,0.0,,,CSK,510400
13967037,53,7140,2014,0.0,0.0,,,CSK,510510
13973563,53,7141,2014,0.0,0.0,,,CSK,510521
13980089,53,7142,2014,0.0,0.0,,,CSK,510529
13986615,53,7143,2014,0.0,0.0,,,CSK,510530
13993141,53,7144,2014,0.0,0.0,,,CSK,510540
13999667,53,7145,2014,0.0,0.0,,,CSK,510610
14006193,53,7146,2014,0.0,0.0,,,CSK,510620
14012719,53,7147,2014,0.0,0.0,,,CSK,510710
14019245,53,7148,2014,0.0,0.0,,,CSK,510720
14025771,53,7149,2014,0.0,0.0,,,CSK,510810
14032297,53,7150,2014,0.0,0.0,,,CSK,510820
14038823,53,7151,2014,0.0,0.0,,,CSK,510910
14045349,53,7152,2014,0.0,0.0,,,CSK,510990
14051875,53,7153,2014,0.0,0.0,,,CSK,511000
14058401,53,7154,2014,0.0,0.0,,,CSK,511111
14064927,53,7155,2014,0.0,0.0,,,CSK,511119
14071453,53,7156,2014,0.0,0.0,,,CSK,511120
14077979,53,7157,2014,0.0,0.0,,,CSK,511130
14084505,53,7158,2014,0.0,0.0,,,CSK,511190
14091031,53,7159,2014,0.0,0.0,,,CSK,511211
14097557,53,7160,2014,0.0,0.0,,,CSK,511219
14104083,53,7161,2014,0.0,0.0,,,CSK,511220
14110609,53,7162,2014,0.0,0.0,,,CSK,511230
14117135,53,7163,2014,0.0,0.0,,,CSK,511290
14123661,53,7164,2014,0.0,0.0,,,CSK,511300
14130187,53,7165,2014,0.0,0.0,,,CSK,520100
14136713,53,7166,2014,0.0,0.0,,,CSK,520210
14143239,53,7167,2014,0.0,0.0,,,CSK,520291
14149765,53,7168,2014,0.0,0.0,,,CSK,520299
14156291,53,7169,2014,0.0,0.0,,,CSK,520300
14162817,53,7170,2014,0.0,0.0,,,CSK,520411
14169343,53,7171,2014,0.0,0.0,,,CSK,520419
14175869,53,7172,2014,0.0,0.0,,,CSK,520420
14182395,53,7173,2014,0.0,0.0,,,CSK,520511
14188921,53,7174,2014,0.0,0.0,,,CSK,520512
14195447,53,7175,2014,0.0,0.0,,,CSK,520513
14201973,53,7176,2014,0.0,0.0,,,CSK,520514
14208499,53,7177,2014,0.0,0.0,,,CSK,520515
14215025,53,7178,2014,0.0,0.0,,,CSK,520521
14221551,53,7179,2014,0.0,0.0,,,CSK,520522
14228077,53,7180,2014,0.0,0.0,,,CSK,520523
14234603,53,7181,2014,0.0,0.0,,,CSK,520524
14241129,53,7182,2014,0.0,0.0,,,CSK,520525
14247655,53,7183,2014,0.0,0.0,,,CSK,520531
14254181,53,7184,2014,0.0,0.0,,,CSK,520532
14260707,53,7185,2014,0.0,0.0,,,CSK,520533
14267233,53,7186,2014,0.0,0.0,,,CSK,520534
14273759,53,7187,2014,0.0,0.0,,,CSK,520535
14280285,53,7188,2014,0.0,0.0,,,CSK,520541
14286811,53,7189,2014,0.0,0.0,,,CSK,520542
14293337,53,7190,2014,0.0,0.0,,,CSK,520543
14299863,53,7191,2014,0.0,0.0,,,CSK,520544
14306389,53,7192,2014,0.0,0.0,,,CSK,520545
14312915,53,7193,2014,0.0,0.0,,,CSK,520611
14319441,53,7194,2014,0.0,0.0,,,CSK,520612
14325967,53,7195,2014,0.0,0.0,,,CSK,520613
14332493,53,7196,2014,0.0,0.0,,,CSK,520614
14339019,53,7197,2014,0.0,0.0,,,CSK,520615
14345545,53,7198,2014,0.0,0.0,,,CSK,520621
14352071,53,7199,2014,0.0,0.0,,,CSK,520622
14358597,53,7200,2014,0.0,0.0,,,CSK,520623
14365123,53,7201,2014,0.0,0.0,,,CSK,520624
14371649,53,7202,2014,0.0,0.0,,,CSK,520625
14378175,53,7203,2014,0.0,0.0,,,CSK,520631
14384701,53,7204,2014,0.0,0.0,,,CSK,520632
14391227,53,7205,2014,0.0,0.0,,,CSK,520633
14397753,53,7206,2014,0.0,0.0,,,CSK,520634
14404279,53,7207,2014,0.0,0.0,,,CSK,520635
14410805,53,7208,2014,0.0,0.0,,,CSK,520641
14417331,53,7209,2014,0.0,0.0,,,CSK,520642
14423857,53,7210,2014,0.0,0.0,,,CSK,520643
14430383,53,7211,2014,0.0,0.0,,,CSK,520644
14436909,53,7212,2014,0.0,0.0,,,CSK,520645
14443435,53,7213,2014,0.0,0.0,,,CSK,520710
14449961,53,7214,2014,0.0,0.0,,,CSK,520790
14456487,53,7215,2014,0.0,0.0,,,CSK,520811
14463013,53,7216,2014,0.0,0.0,,,CSK,520812
14469539,53,7217,2014,0.0,0.0,,,CSK,520813
14476065,53,7218,2014,0.0,0.0,,,CSK,520819
14482591,53,7219,2014,0.0,0.0,,,CSK,520821
14489117,53,7220,2014,0.0,0.0,,,CSK,520822
14495643,53,7221,2014,0.0,0.0,,,CSK,520823
14502169,53,7222,2014,0.0,0.0,,,CSK,520829
14508695,53,7223,2014,0.0,0.0,,,CSK,520831
14515221,53,7224,2014,0.0,0.0,,,CSK,520832
14521747,53,7225,2014,0.0,0.0,,,CSK,520833
14528273,53,7226,2014,0.0,0.0,,,CSK,520839
14534799,53,7227,2014,0.0,0.0,,,CSK,520841
14541325,53,7228,2014,0.0,0.0,,,CSK,520842
14547851,53,7229,2014,0.0,0.0,,,CSK,520843
14554377,53,7230,2014,0.0,0.0,,,CSK,520849
14560903,53,7231,2014,0.0,0.0,,,CSK,520851
14567429,53,7232,2014,0.0,0.0,,,CSK,520852
14573955,53,7233,2014,0.0,0.0,,,CSK,520853
14580481,53,7234,2014,0.0,0.0,,,CSK,520859
14587007,53,7235,2014,0.0,0.0,,,CSK,520911
14593533,53,7236,2014,0.0,0.0,,,CSK,520912
14600059,53,7237,2014,0.0,0.0,,,CSK,520919
14606585,53,7238,2014,0.0,0.0,,,CSK,520921
14613111,53,7239,2014,0.0,0.0,,,CSK,520922
14619637,53,7240,2014,0.0,0.0,,,CSK,520929
14626163,53,7241,2014,0.0,0.0,,,CSK,520931
14632689,53,7242,2014,0.0,0.0,,,CSK,520932
14639215,53,7243,2014,0.0,0.0,,,CSK,520939
14645741,53,7244,2014,0.0,0.0,,,CSK,520941
14652267,53,7245,2014,0.0,0.0,,,CSK,520942
14658793,53,7246,2014,0.0,0.0,,,CSK,520943
14665319,53,7247,2014,0.0,0.0,,,CSK,520949
14671845,53,7248,2014,0.0,0.0,,,CSK,520951
14678371,53,7249,2014,0.0,0.0,,,CSK,520952
14684897,53,7250,2014,0.0,0.0,,,CSK,520959
14691423,53,7251,2014,0.0,0.0,,,CSK,521011
14697949,53,7252,2014,0.0,0.0,,,CSK,521012
14704475,53,7253,2014,0.0,0.0,,,CSK,521019
14711001,53,7254,2014,0.0,0.0,,,CSK,521021
14717527,53,7255,2014,0.0,0.0,,,CSK,521022
14724053,53,7256,2014,0.0,0.0,,,CSK,521029
14730579,53,7257,2014,0.0,0.0,,,CSK,521031
14737105,53,7258,2014,0.0,0.0,,,CSK,521032
14743631,53,7259,2014,0.0,0.0,,,CSK,521039
14750157,53,7260,2014,0.0,0.0,,,CSK,521041
14756683,53,7261,2014,0.0,0.0,,,CSK,521042
14763209,53,7262,2014,0.0,0.0,,,CSK,521049
14769735,53,7263,2014,0.0,0.0,,,CSK,521051
14776261,53,7264,2014,0.0,0.0,,,CSK,521052
14782787,53,7265,2014,0.0,0.0,,,CSK,521059
14789313,53,7266,2014,0.0,0.0,,,CSK,521111
14795839,53,7267,2014,0.0,0.0,,,CSK,521112
14802365,53,7268,2014,0.0,0.0,,,CSK,521119
14808891,53,7269,2014,0.0,0.0,,,CSK,521121
14815417,53,7270,2014,0.0,0.0,,,CSK,521122
14821943,53,7271,2014,0.0,0.0,,,CSK,521129
14828469,53,7272,2014,0.0,0.0,,,CSK,521131
14834995,53,7273,2014,0.0,0.0,,,CSK,521132
14841521,53,7274,2014,0.0,0.0,,,CSK,521139
14848047,53,7275,2014,0.0,0.0,,,CSK,521141
14854573,53,7276,2014,0.0,0.0,,,CSK,521142
14861099,53,7277,2014,0.0,0.0,,,CSK,521143
14867625,53,7278,2014,0.0,0.0,,,CSK,521149
14874151,53,7279,2014,0.0,0.0,,,CSK,521151
14880677,53,7280,2014,0.0,0.0,,,CSK,521152
14887203,53,7281,2014,0.0,0.0,,,CSK,521159
14893729,53,7282,2014,0.0,0.0,,,CSK,521211
14900255,53,7283,2014,0.0,0.0,,,CSK,521212
14906781,53,7284,2014,0.0,0.0,,,CSK,521213
14913307,53,7285,2014,0.0,0.0,,,CSK,521214
14919833,53,7286,2014,0.0,0.0,,,CSK,521215
14926359,53,7287,2014,0.0,0.0,,,CSK,521221
14932885,53,7288,2014,0.0,0.0,,,CSK,521222
14939411,53,7289,2014,0.0,0.0,,,CSK,521223
14945937,53,7290,2014,0.0,0.0,,,CSK,521224
14952463,53,7291,2014,0.0,0.0,,,CSK,521225
14958989,53,7292,2014,0.0,0.0,,,CSK,530110
14965515,53,7293,2014,0.0,0.0,,,CSK,530121
14972041,53,7294,2014,0.0,0.0,,,CSK,530129
14978567,53,7295,2014,0.0,0.0,,,CSK,530130
14985093,53,7296,2014,0.0,0.0,,,CSK,530210
14991619,53,7297,2014,0.0,0.0,,,CSK,530290
14998145,53,7298,2014,0.0,0.0,,,CSK,530310
15004671,53,7299,2014,0.0,0.0,,,CSK,530390
15011197,53,7300,2014,0.0,0.0,,,CSK,530410
15017723,53,7301,2014,0.0,0.0,,,CSK,530490
15024249,53,7302,2014,0.0,0.0,,,CSK,530511
15030775,53,7303,2014,0.0,0.0,,,CSK,530519
15037301,53,7304,2014,0.0,0.0,,,CSK,530521
15043827,53,7305,2014,0.0,0.0,,,CSK,530529
15050353,53,7306,2014,0.0,0.0,,,CSK,530591
15056879,53,7307,2014,0.0,0.0,,,CSK,530599
15063405,53,7308,2014,0.0,0.0,,,CSK,530610
15069931,53,7309,2014,0.0,0.0,,,CSK,530620
15076457,53,7310,2014,0.0,0.0,,,CSK,530710
15082983,53,7311,2014,0.0,0.0,,,CSK,530720
15089509,53,7312,2014,0.0,0.0,,,CSK,530810
15096035,53,7313,2014,0.0,0.0,,,CSK,530820
15102561,53,7314,2014,0.0,0.0,,,CSK,530830
15109087,53,7315,2014,0.0,0.0,,,CSK,530890
15115613,53,7316,2014,0.0,0.0,,,CSK,530911
15122139,53,7317,2014,0.0,0.0,,,CSK,530919
15128665,53,7318,2014,0.0,0.0,,,CSK,530921
15135191,53,7319,2014,0.0,0.0,,,CSK,530929
15141717,53,7320,2014,0.0,0.0,,,CSK,531010
15148243,53,7321,2014,0.0,0.0,,,CSK,531090
15154769,53,7322,2014,0.0,0.0,,,CSK,531100
15161295,53,7323,2014,0.0,0.0,,,CSK,540110
15167821,53,7324,2014,0.0,0.0,,,CSK,540120
15174347,53,7325,2014,0.0,0.0,,,CSK,540210
15180873,53,7326,2014,0.0,0.0,,,CSK,540220
15187399,53,7327,2014,0.0,0.0,,,CSK,540231
15193925,53,7328,2014,0.0,0.0,,,CSK,540232
15200451,53,7329,2014,0.0,0.0,,,CSK,540233
15206977,53,7330,2014,0.0,0.0,,,CSK,540239
15213503,53,7331,2014,0.0,0.0,,,CSK,540241
15220029,53,7332,2014,0.0,0.0,,,CSK,540242
15226555,53,7333,2014,0.0,0.0,,,CSK,540243
15233081,53,7334,2014,0.0,0.0,,,CSK,540249
15239607,53,7335,2014,0.0,0.0,,,CSK,540251
15246133,53,7336,2014,0.0,0.0,,,CSK,540252
15252659,53,7337,2014,0.0,0.0,,,CSK,540259
15259185,53,7338,2014,0.0,0.0,,,CSK,540261
15265711,53,7339,2014,0.0,0.0,,,CSK,540262
15272237,53,7340,2014,0.0,0.0,,,CSK,540269
15278763,53,7341,2014,0.0,0.0,,,CSK,540310
15285289,53,7342,2014,0.0,0.0,,,CSK,540320
15291815,53,7343,2014,0.0,0.0,,,CSK,540331
15298341,53,7344,2014,0.0,0.0,,,CSK,540332
15304867,53,7345,2014,0.0,0.0,,,CSK,540333
15311393,53,7346,2014,0.0,0.0,,,CSK,540339
15317919,53,7347,2014,0.0,0.0,,,CSK,540341
15324445,53,7348,2014,0.0,0.0,,,CSK,540342
15330971,53,7349,2014,0.0,0.0,,,CSK,540349
15337497,53,7350,2014,0.0,0.0,,,CSK,540410
15344023,53,7351,2014,0.0,0.0,,,CSK,540490
15350549,53,7352,2014,0.0,0.0,,,CSK,540500
15357075,53,7353,2014,0.0,0.0,,,CSK,540610
15363601,53,7354,2014,0.0,0.0,,,CSK,540620
15370127,53,7355,2014,0.0,0.0,,,CSK,540710
15376653,53,7356,2014,0.0,0.0,,,CSK,540720
15383179,53,7357,2014,0.0,0.0,,,CSK,540730
15389705,53,7358,2014,0.0,0.0,,,CSK,540741
15396231,53,7359,2014,0.0,0.0,,,CSK,540742
15402757,53,7360,2014,0.0,0.0,,,CSK,540743
15409283,53,7361,2014,0.0,0.0,,,CSK,540744
15415809,53,7362,2014,0.0,0.0,,,CSK,540751
15422335,53,7363,2014,0.0,0.0,,,CSK,540752
15428861,53,7364,2014,0.0,0.0,,,CSK,540753
15435387,53,7365,2014,0.0,0.0,,,CSK,540754
15441913,53,7366,2014,0.0,0.0,,,CSK,540760
15448439,53,7367,2014,0.0,0.0,,,CSK,540771
15454965,53,7368,2014,0.0,0.0,,,CSK,540772
15461491,53,7369,2014,0.0,0.0,,,CSK,540773
15468017,53,7370,2014,0.0,0.0,,,CSK,540774
15474543,53,7371,2014,0.0,0.0,,,CSK,540781
15481069,53,7372,2014,0.0,0.0,,,CSK,540782
15487595,53,7373,2014,0.0,0.0,,,CSK,540783
15494121,53,7374,2014,0.0,0.0,,,CSK,540784
15500647,53,7375,2014,0.0,0.0,,,CSK,540791
15507173,53,7376,2014,0.0,0.0,,,CSK,540792
15513699,53,7377,2014,0.0,0.0,,,CSK,540793
15520225,53,7378,2014,0.0,0.0,,,CSK,540794
15526751,53,7379,2014,0.0,0.0,,,CSK,540810
15533277,53,7380,2014,0.0,0.0,,,CSK,540821
15539803,53,7381,2014,0.0,0.0,,,CSK,540822
15546329,53,7382,2014,0.0,0.0,,,CSK,540823
15552855,53,7383,2014,0.0,0.0,,,CSK,540824
15559381,53,7384,2014,0.0,0.0,,,CSK,540831
15565907,53,7385,2014,0.0,0.0,,,CSK,540832
15572433,53,7386,2014,0.0,0.0,,,CSK,540833
15578959,53,7387,2014,0.0,0.0,,,CSK,540834
15585485,53,7388,2014,0.0,0.0,,,CSK,550110
15592011,53,7389,2014,0.0,0.0,,,CSK,550120
15598537,53,7390,2014,0.0,0.0,,,CSK,550130
15605063,53,7391,2014,0.0,0.0,,,CSK,550190
15611589,53,7392,2014,0.0,0.0,,,CSK,550200
15618115,53,7393,2014,0.0,0.0,,,CSK,550310
15624641,53,7394,2014,0.0,0.0,,,CSK,550320
15631167,53,7395,2014,0.0,0.0,,,CSK,550330
15637693,53,7396,2014,0.0,0.0,,,CSK,550340
15644219,53,7397,2014,0.0,0.0,,,CSK,550390
15650745,53,7398,2014,0.0,0.0,,,CSK,550410
15657271,53,7399,2014,0.0,0.0,,,CSK,550490
15663797,53,7400,2014,0.0,0.0,,,CSK,550510
15670323,53,7401,2014,0.0,0.0,,,CSK,550520
15676849,53,7402,2014,0.0,0.0,,,CSK,550610
15683375,53,7403,2014,0.0,0.0,,,CSK,550620
15689901,53,7404,2014,0.0,0.0,,,CSK,550630
15696427,53,7405,2014,0.0,0.0,,,CSK,550690
15702953,53,7406,2014,0.0,0.0,,,CSK,550700
15709479,53,7407,2014,0.0,0.0,,,CSK,550810
15716005,53,7408,2014,0.0,0.0,,,CSK,550820
15722531,53,7409,2014,0.0,0.0,,,CSK,550911
15729057,53,7410,2014,0.0,0.0,,,CSK,550912
15735583,53,7411,2014,0.0,0.0,,,CSK,550921
15742109,53,7412,2014,0.0,0.0,,,CSK,550922
15748635,53,7413,2014,0.0,0.0,,,CSK,550931
15755161,53,7414,2014,0.0,0.0,,,CSK,550932
15761687,53,7415,2014,0.0,0.0,,,CSK,550941
15768213,53,7416,2014,0.0,0.0,,,CSK,550942
15774739,53,7417,2014,0.0,0.0,,,CSK,550951
15781265,53,7418,2014,0.0,0.0,,,CSK,550952
15787791,53,7419,2014,0.0,0.0,,,CSK,550953
15794317,53,7420,2014,0.0,0.0,,,CSK,550959
15800843,53,7421,2014,0.0,0.0,,,CSK,550961
15807369,53,7422,2014,0.0,0.0,,,CSK,550962
15813895,53,7423,2014,0.0,0.0,,,CSK,550969
15820421,53,7424,2014,0.0,0.0,,,CSK,550991
15826947,53,7425,2014,0.0,0.0,,,CSK,550992
15833473,53,7426,2014,0.0,0.0,,,CSK,550999
15839999,53,7427,2014,0.0,0.0,,,CSK,551011
15846525,53,7428,2014,0.0,0.0,,,CSK,551012
15853051,53,7429,2014,0.0,0.0,,,CSK,551020
15859577,53,7430,2014,0.0,0.0,,,CSK,551030
15866103,53,7431,2014,0.0,0.0,,,CSK,551090
15872629,53,7432,2014,0.0,0.0,,,CSK,551110
15879155,53,7433,2014,0.0,0.0,,,CSK,551120
15885681,53,7434,2014,0.0,0.0,,,CSK,551130
15892207,53,7435,2014,0.0,0.0,,,CSK,551211
15898733,53,7436,2014,0.0,0.0,,,CSK,551219
15905259,53,7437,2014,0.0,0.0,,,CSK,551221
15911785,53,7438,2014,0.0,0.0,,,CSK,551229
15918311,53,7439,2014,0.0,0.0,,,CSK,551291
15924837,53,7440,2014,0.0,0.0,,,CSK,551299
15931363,53,7441,2014,0.0,0.0,,,CSK,551311
15937889,53,7442,2014,0.0,0.0,,,CSK,551312
15944415,53,7443,2014,0.0,0.0,,,CSK,551313
15950941,53,7444,2014,0.0,0.0,,,CSK,551319
15957467,53,7445,2014,0.0,0.0,,,CSK,551321
15963993,53,7446,2014,0.0,0.0,,,CSK,551322
15970519,53,7447,2014,0.0,0.0,,,CSK,551323
15977045,53,7448,2014,0.0,0.0,,,CSK,551329
15983571,53,7449,2014,0.0,0.0,,,CSK,551331
15990097,53,7450,2014,0.0,0.0,,,CSK,551332
15996623,53,7451,2014,0.0,0.0,,,CSK,551333
16003149,53,7452,2014,0.0,0.0,,,CSK,551339
16009675,53,7453,2014,0.0,0.0,,,CSK,551341
16016201,53,7454,2014,0.0,0.0,,,CSK,551342
16022727,53,7455,2014,0.0,0.0,,,CSK,551343
16029253,53,7456,2014,0.0,0.0,,,CSK,551349
16035779,53,7457,2014,0.0,0.0,,,CSK,551411
16042305,53,7458,2014,0.0,0.0,,,CSK,551412
16048831,53,7459,2014,0.0,0.0,,,CSK,551413
16055357,53,7460,2014,0.0,0.0,,,CSK,551419
16061883,53,7461,2014,0.0,0.0,,,CSK,551421
16068409,53,7462,2014,0.0,0.0,,,CSK,551422
16074935,53,7463,2014,0.0,0.0,,,CSK,551423
16081461,53,7464,2014,0.0,0.0,,,CSK,551429
16087987,53,7465,2014,0.0,0.0,,,CSK,551431
16094513,53,7466,2014,0.0,0.0,,,CSK,551432
16101039,53,7467,2014,0.0,0.0,,,CSK,551433
16107565,53,7468,2014,0.0,0.0,,,CSK,551439
16114091,53,7469,2014,0.0,0.0,,,CSK,551441
16120617,53,7470,2014,0.0,0.0,,,CSK,551442
16127143,53,7471,2014,0.0,0.0,,,CSK,551443
16133669,53,7472,2014,0.0,0.0,,,CSK,551449
16140195,53,7473,2014,0.0,0.0,,,CSK,551511
16146721,53,7474,2014,0.0,0.0,,,CSK,551512
16153247,53,7475,2014,0.0,0.0,,,CSK,551513
16159773,53,7476,2014,0.0,0.0,,,CSK,551519
16166299,53,7477,2014,0.0,0.0,,,CSK,551521
16172825,53,7478,2014,0.0,0.0,,,CSK,551522
16179351,53,7479,2014,0.0,0.0,,,CSK,551529
16185877,53,7480,2014,0.0,0.0,,,CSK,551591
16192403,53,7481,2014,0.0,0.0,,,CSK,551592
16198929,53,7482,2014,0.0,0.0,,,CSK,551599
16205455,53,7483,2014,0.0,0.0,,,CSK,551611
16211981,53,7484,2014,0.0,0.0,,,CSK,551612
16218507,53,7485,2014,0.0,0.0,,,CSK,551613
16225033,53,7486,2014,0.0,0.0,,,CSK,551614
16231559,53,7487,2014,0.0,0.0,,,CSK,551621
16238085,53,7488,2014,0.0,0.0,,,CSK,551622
16244611,53,7489,2014,0.0,0.0,,,CSK,551623
16251137,53,7490,2014,0.0,0.0,,,CSK,551624
16257663,53,7491,2014,0.0,0.0,,,CSK,551631
16264189,53,7492,2014,0.0,0.0,,,CSK,551632
16270715,53,7493,2014,0.0,0.0,,,CSK,551633
16277241,53,7494,2014,0.0,0.0,,,CSK,551634
16283767,53,7495,2014,0.0,0.0,,,CSK,551641
16290293,53,7496,2014,0.0,0.0,,,CSK,551642
16296819,53,7497,2014,0.0,0.0,,,CSK,551643
16303345,53,7498,2014,0.0,0.0,,,CSK,551644
16309871,53,7499,2014,0.0,0.0,,,CSK,551691
16316397,53,7500,2014,0.0,0.0,,,CSK,551692
16322923,53,7501,2014,0.0,0.0,,,CSK,551693
16329449,53,7502,2014,0.0,0.0,,,CSK,551694
16335975,53,7503,2014,0.0,0.0,,,CSK,560110
16342501,53,7504,2014,0.0,0.0,,,CSK,560121
16349027,53,7505,2014,0.0,0.0,,,CSK,560122
16355553,53,7506,2014,0.0,0.0,,,CSK,560129
16362079,53,7507,2014,0.0,0.0,,,CSK,560130
16368605,53,7508,2014,0.0,0.0,,,CSK,560210
16375131,53,7509,2014,0.0,0.0,,,CSK,560221
16381657,53,7510,2014,0.0,0.0,,,CSK,560229
16388183,53,7511,2014,0.0,0.0,,,CSK,560290
16394709,53,7512,2014,0.0,0.0,,,CSK,560300
16401235,53,7513,2014,0.0,0.0,,,CSK,560410
16407761,53,7514,2014,0.0,0.0,,,CSK,560420
16414287,53,7515,2014,0.0,0.0,,,CSK,560490
16420813,53,7516,2014,0.0,0.0,,,CSK,560500
16427339,53,7517,2014,0.0,0.0,,,CSK,560600
16433865,53,7518,2014,0.0,0.0,,,CSK,560710
16440391,53,7519,2014,0.0,0.0,,,CSK,560721
16446917,53,7520,2014,0.0,0.0,,,CSK,560729
16453443,53,7521,2014,0.0,0.0,,,CSK,560730
16459969,53,7522,2014,0.0,0.0,,,CSK,560741
16466495,53,7523,2014,0.0,0.0,,,CSK,560749
16473021,53,7524,2014,0.0,0.0,,,CSK,560750
16479547,53,7525,2014,0.0,0.0,,,CSK,560790
16486073,53,7526,2014,0.0,0.0,,,CSK,560811
16492599,53,7527,2014,0.0,0.0,,,CSK,560819
16499125,53,7528,2014,0.0,0.0,,,CSK,560890
16505651,53,7529,2014,0.0,0.0,,,CSK,560900
16512177,53,7530,2014,0.0,0.0,,,CSK,570110
16518703,53,7531,2014,0.0,0.0,,,CSK,570190
16525229,53,7532,2014,0.0,0.0,,,CSK,570210
16531755,53,7533,2014,0.0,0.0,,,CSK,570220
16538281,53,7534,2014,0.0,0.0,,,CSK,570231
16544807,53,7535,2014,0.0,0.0,,,CSK,570232
16551333,53,7536,2014,0.0,0.0,,,CSK,570239
16557859,53,7537,2014,0.0,0.0,,,CSK,570241
16564385,53,7538,2014,0.0,0.0,,,CSK,570242
16570911,53,7539,2014,0.0,0.0,,,CSK,570249
16577437,53,7540,2014,0.0,0.0,,,CSK,570251
16583963,53,7541,2014,0.0,0.0,,,CSK,570252
16590489,53,7542,2014,0.0,0.0,,,CSK,570259
16597015,53,7543,2014,0.0,0.0,,,CSK,570291
16603541,53,7544,2014,0.0,0.0,,,CSK,570292
16610067,53,7545,2014,0.0,0.0,,,CSK,570299
16616593,53,7546,2014,0.0,0.0,,,CSK,570310
16623119,53,7547,2014,0.0,0.0,,,CSK,570320
16629645,53,7548,2014,0.0,0.0,,,CSK,570330
16636171,53,7549,2014,0.0,0.0,,,CSK,570390
16642697,53,7550,2014,0.0,0.0,,,CSK,570410
16649223,53,7551,2014,0.0,0.0,,,CSK,570490
16655749,53,7552,2014,0.0,0.0,,,CSK,570500
16662275,53,7553,2014,0.0,0.0,,,CSK,580110
16668801,53,7554,2014,0.0,0.0,,,CSK,580121
16675327,53,7555,2014,0.0,0.0,,,CSK,580122
16681853,53,7556,2014,0.0,0.0,,,CSK,580123
16688379,53,7557,2014,0.0,0.0,,,CSK,580124
16694905,53,7558,2014,0.0,0.0,,,CSK,580125
16701431,53,7559,2014,0.0,0.0,,,CSK,580126
16707957,53,7560,2014,0.0,0.0,,,CSK,580131
16714483,53,7561,2014,0.0,0.0,,,CSK,580132
16721009,53,7562,2014,0.0,0.0,,,CSK,580133
16727535,53,7563,2014,0.0,0.0,,,CSK,580134
16734061,53,7564,2014,0.0,0.0,,,CSK,580135
16740587,53,7565,2014,0.0,0.0,,,CSK,580136
16747113,53,7566,2014,0.0,0.0,,,CSK,580190
16753639,53,7567,2014,0.0,0.0,,,CSK,580211
16760165,53,7568,2014,0.0,0.0,,,CSK,580219
16766691,53,7569,2014,0.0,0.0,,,CSK,580220
16773217,53,7570,2014,0.0,0.0,,,CSK,580230
16779743,53,7571,2014,0.0,0.0,,,CSK,580310
16786269,53,7572,2014,0.0,0.0,,,CSK,580390
16792795,53,7573,2014,0.0,0.0,,,CSK,580410
16799321,53,7574,2014,0.0,0.0,,,CSK,580421
16805847,53,7575,2014,0.0,0.0,,,CSK,580429
16812373,53,7576,2014,0.0,0.0,,,CSK,580430
16818899,53,7577,2014,0.0,0.0,,,CSK,580500
16825425,53,7578,2014,0.0,0.0,,,CSK,580610
16831951,53,7579,2014,0.0,0.0,,,CSK,580620
16838477,53,7580,2014,0.0,0.0,,,CSK,580631
16845003,53,7581,2014,0.0,0.0,,,CSK,580632
16851529,53,7582,2014,0.0,0.0,,,CSK,580639
16858055,53,7583,2014,0.0,0.0,,,CSK,580640
16864581,53,7584,2014,0.0,0.0,,,CSK,580710
16871107,53,7585,2014,0.0,0.0,,,CSK,580790
16877633,53,7586,2014,0.0,0.0,,,CSK,580810
16884159,53,7587,2014,0.0,0.0,,,CSK,580890
16890685,53,7588,2014,0.0,0.0,,,CSK,580900
16897211,53,7589,2014,0.0,0.0,,,CSK,581010
16903737,53,7590,2014,0.0,0.0,,,CSK,581091
16910263,53,7591,2014,0.0,0.0,,,CSK,581092
16916789,53,7592,2014,0.0,0.0,,,CSK,581099
16923315,53,7593,2014,0.0,0.0,,,CSK,581100
16929841,53,7594,2014,0.0,0.0,,,CSK,590110
16936367,53,7595,2014,0.0,0.0,,,CSK,590190
16942893,53,7596,2014,0.0,0.0,,,CSK,590210
16949419,53,7597,2014,0.0,0.0,,,CSK,590220
16955945,53,7598,2014,0.0,0.0,,,CSK,590290
16962471,53,7599,2014,0.0,0.0,,,CSK,590310
16968997,53,7600,2014,0.0,0.0,,,CSK,590320
16975523,53,7601,2014,0.0,0.0,,,CSK,590390
16982049,53,7602,2014,0.0,0.0,,,CSK,590410
16988575,53,7603,2014,0.0,0.0,,,CSK,590491
16995101,53,7604,2014,0.0,0.0,,,CSK,590492
17001627,53,7605,2014,0.0,0.0,,,CSK,590500
17008153,53,7606,2014,0.0,0.0,,,CSK,590610
17014679,53,7607,2014,0.0,0.0,,,CSK,590691
17021205,53,7608,2014,0.0,0.0,,,CSK,590699
17027731,53,7609,2014,0.0,0.0,,,CSK,590700
17034257,53,7610,2014,0.0,0.0,,,CSK,590800
17040783,53,7611,2014,0.0,0.0,,,CSK,590900
17047309,53,7612,2014,0.0,0.0,,,CSK,591000
17053835,53,7613,2014,0.0,0.0,,,CSK,591110
17060361,53,7614,2014,0.0,0.0,,,CSK,591120
17066887,53,7615,2014,0.0,0.0,,,CSK,591131
17073413,53,7616,2014,0.0,0.0,,,CSK,591132
17079939,53,7617,2014,0.0,0.0,,,CSK,591140
17086465,53,7618,2014,0.0,0.0,,,CSK,591190
17092991,53,7619,2014,0.0,0.0,,,CSK,600110
17099517,53,7620,2014,0.0,0.0,,,CSK,600121
17106043,53,7621,2014,0.0,0.0,,,CSK,600122
17112569,53,7622,2014,0.0,0.0,,,CSK,600129
17119095,53,7623,2014,0.0,0.0,,,CSK,600191
17125621,53,7624,2014,0.0,0.0,,,CSK,600192
17132147,53,7625,2014,0.0,0.0,,,CSK,600199
17138673,53,7626,2014,0.0,0.0,,,CSK,600210
17145199,53,7627,2014,0.0,0.0,,,CSK,600220
17151725,53,7628,2014,0.0,0.0,,,CSK,600230
17158251,53,7629,2014,0.0,0.0,,,CSK,600241
17164777,53,7630,2014,0.0,0.0,,,CSK,600242
17171303,53,7631,2014,0.0,0.0,,,CSK,600243
17177829,53,7632,2014,0.0,0.0,,,CSK,600249
17184355,53,7633,2014,0.0,0.0,,,CSK,600291
17190881,53,7634,2014,0.0,0.0,,,CSK,600292
17197407,53,7635,2014,0.0,0.0,,,CSK,600293
17203933,53,7636,2014,0.0,0.0,,,CSK,600299
17210459,53,7637,2014,0.0,0.0,,,CSK,610110
17216985,53,7638,2014,0.0,0.0,,,CSK,610120
17223511,53,7639,2014,0.0,0.0,,,CSK,610130
17230037,53,7640,2014,0.0,0.0,,,CSK,610190
17236563,53,7641,2014,0.0,0.0,,,CSK,610210
17243089,53,7642,2014,0.0,0.0,,,CSK,610220
17249615,53,7643,2014,0.0,0.0,,,CSK,610230
17256141,53,7644,2014,0.0,0.0,,,CSK,610290
17262667,53,7645,2014,0.0,0.0,,,CSK,610311
17269193,53,7646,2014,0.0,0.0,,,CSK,610312
17275719,53,7647,2014,0.0,0.0,,,CSK,610319
17282245,53,7648,2014,0.0,0.0,,,CSK,610321
17288771,53,7649,2014,0.0,0.0,,,CSK,610322
17295297,53,7650,2014,0.0,0.0,,,CSK,610323
17301823,53,7651,2014,0.0,0.0,,,CSK,610329
17308349,53,7652,2014,0.0,0.0,,,CSK,610331
17314875,53,7653,2014,0.0,0.0,,,CSK,610332
17321401,53,7654,2014,0.0,0.0,,,CSK,610333
17327927,53,7655,2014,0.0,0.0,,,CSK,610339
17334453,53,7656,2014,0.0,0.0,,,CSK,610341
17340979,53,7657,2014,0.0,0.0,,,CSK,610342
17347505,53,7658,2014,0.0,0.0,,,CSK,610343
17354031,53,7659,2014,0.0,0.0,,,CSK,610349
17360557,53,7660,2014,0.0,0.0,,,CSK,610411
17367083,53,7661,2014,0.0,0.0,,,CSK,610412
17373609,53,7662,2014,0.0,0.0,,,CSK,610413
17380135,53,7663,2014,0.0,0.0,,,CSK,610419
17386661,53,7664,2014,0.0,0.0,,,CSK,610421
17393187,53,7665,2014,0.0,0.0,,,CSK,610422
17399713,53,7666,2014,0.0,0.0,,,CSK,610423
17406239,53,7667,2014,0.0,0.0,,,CSK,610429
17412765,53,7668,2014,0.0,0.0,,,CSK,610431
17419291,53,7669,2014,0.0,0.0,,,CSK,610432
17425817,53,7670,2014,0.0,0.0,,,CSK,610433
17432343,53,7671,2014,0.0,0.0,,,CSK,610439
17438869,53,7672,2014,0.0,0.0,,,CSK,610441
17445395,53,7673,2014,0.0,0.0,,,CSK,610442
17451921,53,7674,2014,0.0,0.0,,,CSK,610443
17458447,53,7675,2014,0.0,0.0,,,CSK,610444
17464973,53,7676,2014,0.0,0.0,,,CSK,610449
17471499,53,7677,2014,0.0,0.0,,,CSK,610451
17478025,53,7678,2014,0.0,0.0,,,CSK,610452
17484551,53,7679,2014,0.0,0.0,,,CSK,610453
17491077,53,7680,2014,0.0,0.0,,,CSK,610459
17497603,53,7681,2014,0.0,0.0,,,CSK,610461
17504129,53,7682,2014,0.0,0.0,,,CSK,610462
17510655,53,7683,2014,0.0,0.0,,,CSK,610463
17517181,53,7684,2014,0.0,0.0,,,CSK,610469
17523707,53,7685,2014,0.0,0.0,,,CSK,610510
17530233,53,7686,2014,0.0,0.0,,,CSK,610520
17536759,53,7687,2014,0.0,0.0,,,CSK,610590
17543285,53,7688,2014,0.0,0.0,,,CSK,610610
17549811,53,7689,2014,0.0,0.0,,,CSK,610620
17556337,53,7690,2014,0.0,0.0,,,CSK,610690
17562863,53,7691,2014,0.0,0.0,,,CSK,610711
17569389,53,7692,2014,0.0,0.0,,,CSK,610712
17575915,53,7693,2014,0.0,0.0,,,CSK,610719
17582441,53,7694,2014,0.0,0.0,,,CSK,610721
17588967,53,7695,2014,0.0,0.0,,,CSK,610722
17595493,53,7696,2014,0.0,0.0,,,CSK,610729
17602019,53,7697,2014,0.0,0.0,,,CSK,610791
17608545,53,7698,2014,0.0,0.0,,,CSK,610792
17615071,53,7699,2014,0.0,0.0,,,CSK,610799
17621597,53,7700,2014,0.0,0.0,,,CSK,610811
17628123,53,7701,2014,0.0,0.0,,,CSK,610819
17634649,53,7702,2014,0.0,0.0,,,CSK,610821
17641175,53,7703,2014,0.0,0.0,,,CSK,610822
17647701,53,7704,2014,0.0,0.0,,,CSK,610829
17654227,53,7705,2014,0.0,0.0,,,CSK,610831
17660753,53,7706,2014,0.0,0.0,,,CSK,610832
17667279,53,7707,2014,0.0,0.0,,,CSK,610839
17673805,53,7708,2014,0.0,0.0,,,CSK,610891
17680331,53,7709,2014,0.0,0.0,,,CSK,610892
17686857,53,7710,2014,0.0,0.0,,,CSK,610899
17693383,53,7711,2014,0.0,0.0,,,CSK,610910
17699909,53,7712,2014,0.0,0.0,,,CSK,610990
17706435,53,7713,2014,0.0,0.0,,,CSK,611010
17712961,53,7714,2014,0.0,0.0,,,CSK,611020
17719487,53,7715,2014,0.0,0.0,,,CSK,611030
17726013,53,7716,2014,0.0,0.0,,,CSK,611090
17732539,53,7717,2014,0.0,0.0,,,CSK,611110
17739065,53,7718,2014,0.0,0.0,,,CSK,611120
17745591,53,7719,2014,0.0,0.0,,,CSK,611130
17752117,53,7720,2014,0.0,0.0,,,CSK,611190
17758643,53,7721,2014,0.0,0.0,,,CSK,611211
17765169,53,7722,2014,0.0,0.0,,,CSK,611212
17771695,53,7723,2014,0.0,0.0,,,CSK,611219
17778221,53,7724,2014,0.0,0.0,,,CSK,611220
17784747,53,7725,2014,0.0,0.0,,,CSK,611231
17791273,53,7726,2014,0.0,0.0,,,CSK,611239
17797799,53,7727,2014,0.0,0.0,,,CSK,611241
17804325,53,7728,2014,0.0,0.0,,,CSK,611249
17810851,53,7729,2014,0.0,0.0,,,CSK,611300
17817377,53,7730,2014,0.0,0.0,,,CSK,611410
17823903,53,7731,2014,0.0,0.0,,,CSK,611420
17830429,53,7732,2014,0.0,0.0,,,CSK,611430
17836955,53,7733,2014,0.0,0.0,,,CSK,611490
17843481,53,7734,2014,0.0,0.0,,,CSK,611511
17850007,53,7735,2014,0.0,0.0,,,CSK,611512
17856533,53,7736,2014,0.0,0.0,,,CSK,611519
17863059,53,7737,2014,0.0,0.0,,,CSK,611520
17869585,53,7738,2014,0.0,0.0,,,CSK,611591
17876111,53,7739,2014,0.0,0.0,,,CSK,611592
17882637,53,7740,2014,0.0,0.0,,,CSK,611593
17889163,53,7741,2014,0.0,0.0,,,CSK,611599
17895689,53,7742,2014,0.0,0.0,,,CSK,611610
17902215,53,7743,2014,0.0,0.0,,,CSK,611691
17908741,53,7744,2014,0.0,0.0,,,CSK,611692
17915267,53,7745,2014,0.0,0.0,,,CSK,611693
17921793,53,7746,2014,0.0,0.0,,,CSK,611699
17928319,53,7747,2014,0.0,0.0,,,CSK,611710
17934845,53,7748,2014,0.0,0.0,,,CSK,611720
17941371,53,7749,2014,0.0,0.0,,,CSK,611780
17947897,53,7750,2014,0.0,0.0,,,CSK,611790
17954423,53,7751,2014,0.0,0.0,,,CSK,620111
17960949,53,7752,2014,0.0,0.0,,,CSK,620112
17967475,53,7753,2014,0.0,0.0,,,CSK,620113
17974001,53,7754,2014,0.0,0.0,,,CSK,620119
17980527,53,7755,2014,0.0,0.0,,,CSK,620191
17987053,53,7756,2014,0.0,0.0,,,CSK,620192
17993579,53,7757,2014,0.0,0.0,,,CSK,620193
18000105,53,7758,2014,0.0,0.0,,,CSK,620199
18006631,53,7759,2014,0.0,0.0,,,CSK,620211
18013157,53,7760,2014,0.0,0.0,,,CSK,620212
18019683,53,7761,2014,0.0,0.0,,,CSK,620213
18026209,53,7762,2014,0.0,0.0,,,CSK,620219
18032735,53,7763,2014,0.0,0.0,,,CSK,620291
18039261,53,7764,2014,0.0,0.0,,,CSK,620292
18045787,53,7765,2014,0.0,0.0,,,CSK,620293
18052313,53,7766,2014,0.0,0.0,,,CSK,620299
18058839,53,7767,2014,0.0,0.0,,,CSK,620311
18065365,53,7768,2014,0.0,0.0,,,CSK,620312
18071891,53,7769,2014,0.0,0.0,,,CSK,620319
18078417,53,7770,2014,0.0,0.0,,,CSK,620321
18084943,53,7771,2014,0.0,0.0,,,CSK,620322
18091469,53,7772,2014,0.0,0.0,,,CSK,620323
18097995,53,7773,2014,0.0,0.0,,,CSK,620329
18104521,53,7774,2014,0.0,0.0,,,CSK,620331
18111047,53,7775,2014,0.0,0.0,,,CSK,620332
18117573,53,7776,2014,0.0,0.0,,,CSK,620333
18124099,53,7777,2014,0.0,0.0,,,CSK,620339
18130625,53,7778,2014,0.0,0.0,,,CSK,620341
18137151,53,7779,2014,0.0,0.0,,,CSK,620342
18143677,53,7780,2014,0.0,0.0,,,CSK,620343
18150203,53,7781,2014,0.0,0.0,,,CSK,620349
18156729,53,7782,2014,0.0,0.0,,,CSK,620411
18163255,53,7783,2014,0.0,0.0,,,CSK,620412
18169781,53,7784,2014,0.0,0.0,,,CSK,620413
18176307,53,7785,2014,0.0,0.0,,,CSK,620419
18182833,53,7786,2014,0.0,0.0,,,CSK,620421
18189359,53,7787,2014,0.0,0.0,,,CSK,620422
18195885,53,7788,2014,0.0,0.0,,,CSK,620423
18202411,53,7789,2014,0.0,0.0,,,CSK,620429
18208937,53,7790,2014,0.0,0.0,,,CSK,620431
18215463,53,7791,2014,0.0,0.0,,,CSK,620432
18221989,53,7792,2014,0.0,0.0,,,CSK,620433
18228515,53,7793,2014,0.0,0.0,,,CSK,620439
18235041,53,7794,2014,0.0,0.0,,,CSK,620441
18241567,53,7795,2014,0.0,0.0,,,CSK,620442
18248093,53,7796,2014,0.0,0.0,,,CSK,620443
18254619,53,7797,2014,0.0,0.0,,,CSK,620444
18261145,53,7798,2014,0.0,0.0,,,CSK,620449
18267671,53,7799,2014,0.0,0.0,,,CSK,620451
18274197,53,7800,2014,0.0,0.0,,,CSK,620452
18280723,53,7801,2014,0.0,0.0,,,CSK,620453
18287249,53,7802,2014,0.0,0.0,,,CSK,620459
18293775,53,7803,2014,0.0,0.0,,,CSK,620461
18300301,53,7804,2014,0.0,0.0,,,CSK,620462
18306827,53,7805,2014,0.0,0.0,,,CSK,620463
18313353,53,7806,2014,0.0,0.0,,,CSK,620469
18319879,53,7807,2014,0.0,0.0,,,CSK,620510
18326405,53,7808,2014,0.0,0.0,,,CSK,620520
18332931,53,7809,2014,0.0,0.0,,,CSK,620530
18339457,53,7810,2014,0.0,0.0,,,CSK,620590
18345983,53,7811,2014,0.0,0.0,,,CSK,620610
18352509,53,7812,2014,0.0,0.0,,,CSK,620620
18359035,53,7813,2014,0.0,0.0,,,CSK,620630
18365561,53,7814,2014,0.0,0.0,,,CSK,620640
18372087,53,7815,2014,0.0,0.0,,,CSK,620690
18378613,53,7816,2014,0.0,0.0,,,CSK,620711
18385139,53,7817,2014,0.0,0.0,,,CSK,620719
18391665,53,7818,2014,0.0,0.0,,,CSK,620721
18398191,53,7819,2014,0.0,0.0,,,CSK,620722
18404717,53,7820,2014,0.0,0.0,,,CSK,620729
18411243,53,7821,2014,0.0,0.0,,,CSK,620791
18417769,53,7822,2014,0.0,0.0,,,CSK,620792
18424295,53,7823,2014,0.0,0.0,,,CSK,620799
18430821,53,7824,2014,0.0,0.0,,,CSK,620811
18437347,53,7825,2014,0.0,0.0,,,CSK,620819
18443873,53,7826,2014,0.0,0.0,,,CSK,620821
18450399,53,7827,2014,0.0,0.0,,,CSK,620822
18456925,53,7828,2014,0.0,0.0,,,CSK,620829
18463451,53,7829,2014,0.0,0.0,,,CSK,620891
18469977,53,7830,2014,0.0,0.0,,,CSK,620892
18476503,53,7831,2014,0.0,0.0,,,CSK,620899
18483029,53,7832,2014,0.0,0.0,,,CSK,620910
18489555,53,7833,2014,0.0,0.0,,,CSK,620920
18496081,53,7834,2014,0.0,0.0,,,CSK,620930
18502607,53,7835,2014,0.0,0.0,,,CSK,620990
18509133,53,7836,2014,0.0,0.0,,,CSK,621010
18515659,53,7837,2014,0.0,0.0,,,CSK,621020
18522185,53,7838,2014,0.0,0.0,,,CSK,621030
18528711,53,7839,2014,0.0,0.0,,,CSK,621040
18535237,53,7840,2014,0.0,0.0,,,CSK,621050
18541763,53,7841,2014,0.0,0.0,,,CSK,621111
18548289,53,7842,2014,0.0,0.0,,,CSK,621112
18554815,53,7843,2014,0.0,0.0,,,CSK,621120
18561341,53,7844,2014,0.0,0.0,,,CSK,621131
18567867,53,7845,2014,0.0,0.0,,,CSK,621132
18574393,53,7846,2014,0.0,0.0,,,CSK,621133
18580919,53,7847,2014,0.0,0.0,,,CSK,621139
18587445,53,7848,2014,0.0,0.0,,,CSK,621141
18593971,53,7849,2014,0.0,0.0,,,CSK,621142
18600497,53,7850,2014,0.0,0.0,,,CSK,621143
18607023,53,7851,2014,0.0,0.0,,,CSK,621149
18613549,53,7852,2014,0.0,0.0,,,CSK,621210
18620075,53,7853,2014,0.0,0.0,,,CSK,621220
18626601,53,7854,2014,0.0,0.0,,,CSK,621230
18633127,53,7855,2014,0.0,0.0,,,CSK,621290
18639653,53,7856,2014,0.0,0.0,,,CSK,621310
18646179,53,7857,2014,0.0,0.0,,,CSK,621320
18652705,53,7858,2014,0.0,0.0,,,CSK,621390
18659231,53,7859,2014,0.0,0.0,,,CSK,621410
18665757,53,7860,2014,0.0,0.0,,,CSK,621420
18672283,53,7861,2014,0.0,0.0,,,CSK,621430
18678809,53,7862,2014,0.0,0.0,,,CSK,621440
18685335,53,7863,2014,0.0,0.0,,,CSK,621490
18691861,53,7864,2014,0.0,0.0,,,CSK,621510
18698387,53,7865,2014,0.0,0.0,,,CSK,621520
18704913,53,7866,2014,0.0,0.0,,,CSK,621590
18711439,53,7867,2014,0.0,0.0,,,CSK,621600
18717965,53,7868,2014,0.0,0.0,,,CSK,621710
18724491,53,7869,2014,0.0,0.0,,,CSK,621790
18731017,53,7870,2014,0.0,0.0,,,CSK,630110
18737543,53,7871,2014,0.0,0.0,,,CSK,630120
18744069,53,7872,2014,0.0,0.0,,,CSK,630130
18750595,53,7873,2014,0.0,0.0,,,CSK,630140
18757121,53,7874,2014,0.0,0.0,,,CSK,630190
18763647,53,7875,2014,0.0,0.0,,,CSK,630210
18770173,53,7876,2014,0.0,0.0,,,CSK,630221
18776699,53,7877,2014,0.0,0.0,,,CSK,630222
18783225,53,7878,2014,0.0,0.0,,,CSK,630229
18789751,53,7879,2014,0.0,0.0,,,CSK,630231
18796277,53,7880,2014,0.0,0.0,,,CSK,630232
18802803,53,7881,2014,0.0,0.0,,,CSK,630239
18809329,53,7882,2014,0.0,0.0,,,CSK,630240
18815855,53,7883,2014,0.0,0.0,,,CSK,630251
18822381,53,7884,2014,0.0,0.0,,,CSK,630252
18828907,53,7885,2014,0.0,0.0,,,CSK,630253
18835433,53,7886,2014,0.0,0.0,,,CSK,630259
18841959,53,7887,2014,0.0,0.0,,,CSK,630260
18848485,53,7888,2014,0.0,0.0,,,CSK,630291
18855011,53,7889,2014,0.0,0.0,,,CSK,630292
18861537,53,7890,2014,0.0,0.0,,,CSK,630293
18868063,53,7891,2014,0.0,0.0,,,CSK,630299
18874589,53,7892,2014,0.0,0.0,,,CSK,630311
18881115,53,7893,2014,0.0,0.0,,,CSK,630312
18887641,53,7894,2014,0.0,0.0,,,CSK,630319
18894167,53,7895,2014,0.0,0.0,,,CSK,630391
18900693,53,7896,2014,0.0,0.0,,,CSK,630392
18907219,53,7897,2014,0.0,0.0,,,CSK,630399
18913745,53,7898,2014,0.0,0.0,,,CSK,630411
18920271,53,7899,2014,0.0,0.0,,,CSK,630419
18926797,53,7900,2014,0.0,0.0,,,CSK,630491
18933323,53,7901,2014,0.0,0.0,,,CSK,630492
18939849,53,7902,2014,0.0,0.0,,,CSK,630493
18946375,53,7903,2014,0.0,0.0,,,CSK,630499
18952901,53,7904,2014,0.0,0.0,,,CSK,630510
18959427,53,7905,2014,0.0,0.0,,,CSK,630520
18965953,53,7906,2014,0.0,0.0,,,CSK,630531
18972479,53,7907,2014,0.0,0.0,,,CSK,630539
18979005,53,7908,2014,0.0,0.0,,,CSK,630590
18985531,53,7909,2014,0.0,0.0,,,CSK,630611
18992057,53,7910,2014,0.0,0.0,,,CSK,630612
18998583,53,7911,2014,0.0,0.0,,,CSK,630619
19005109,53,7912,2014,0.0,0.0,,,CSK,630621
19011635,53,7913,2014,0.0,0.0,,,CSK,630622
19018161,53,7914,2014,0.0,0.0,,,CSK,630629
19024687,53,7915,2014,0.0,0.0,,,CSK,630631
19031213,53,7916,2014,0.0,0.0,,,CSK,630639
19037739,53,7917,2014,0.0,0.0,,,CSK,630641
19044265,53,7918,2014,0.0,0.0,,,CSK,630649
19050791,53,7919,2014,0.0,0.0,,,CSK,630691
19057317,53,7920,2014,0.0,0.0,,,CSK,630699
19063843,53,7921,2014,0.0,0.0,,,CSK,630710
19070369,53,7922,2014,0.0,0.0,,,CSK,630720
19076895,53,7923,2014,0.0,0.0,,,CSK,630790
19083421,53,7924,2014,0.0,0.0,,,CSK,630800
19089947,53,7925,2014,0.0,0.0,,,CSK,630900
19096473,53,7926,2014,0.0,0.0,,,CSK,631010
19102999,53,7927,2014,0.0,0.0,,,CSK,631090
19109525,53,7928,2014,0.0,0.0,,,CSK,640110
19116051,53,7929,2014,0.0,0.0,,,CSK,640191
19122577,53,7930,2014,0.0,0.0,,,CSK,640192
19129103,53,7931,2014,0.0,0.0,,,CSK,640199
19135629,53,7932,2014,0.0,0.0,,,CSK,640211
19142155,53,7933,2014,0.0,0.0,,,CSK,640219
19148681,53,7934,2014,0.0,0.0,,,CSK,640220
19155207,53,7935,2014,0.0,0.0,,,CSK,640230
19161733,53,7936,2014,0.0,0.0,,,CSK,640291
19168259,53,7937,2014,0.0,0.0,,,CSK,640299
19174785,53,7938,2014,0.0,0.0,,,CSK,640311
19181311,53,7939,2014,0.0,0.0,,,CSK,640319
19187837,53,7940,2014,0.0,0.0,,,CSK,640320
19194363,53,7941,2014,0.0,0.0,,,CSK,640330
19200889,53,7942,2014,0.0,0.0,,,CSK,640340
19207415,53,7943,2014,0.0,0.0,,,CSK,640351
19213941,53,7944,2014,0.0,0.0,,,CSK,640359
19220467,53,7945,2014,0.0,0.0,,,CSK,640391
19226993,53,7946,2014,0.0,0.0,,,CSK,640399
19233519,53,7947,2014,0.0,0.0,,,CSK,640411
19240045,53,7948,2014,0.0,0.0,,,CSK,640419
19246571,53,7949,2014,0.0,0.0,,,CSK,640420
19253097,53,7950,2014,0.0,0.0,,,CSK,640510
19259623,53,7951,2014,0.0,0.0,,,CSK,640520
19266149,53,7952,2014,0.0,0.0,,,CSK,640590
19272675,53,7953,2014,0.0,0.0,,,CSK,640610
19279201,53,7954,2014,0.0,0.0,,,CSK,640620
19285727,53,7955,2014,0.0,0.0,,,CSK,640691
19292253,53,7956,2014,0.0,0.0,,,CSK,640699
19298779,53,7957,2014,0.0,0.0,,,CSK,650100
19305305,53,7958,2014,0.0,0.0,,,CSK,650200
19311831,53,7959,2014,0.0,0.0,,,CSK,650300
19318357,53,7960,2014,0.0,0.0,,,CSK,650400
19324883,53,7961,2014,0.0,0.0,,,CSK,650510
19331409,53,7962,2014,0.0,0.0,,,CSK,650590
19337935,53,7963,2014,0.0,0.0,,,CSK,650610
19344461,53,7964,2014,0.0,0.0,,,CSK,650691
19350987,53,7965,2014,0.0,0.0,,,CSK,650692
19357513,53,7966,2014,0.0,0.0,,,CSK,650699
19364039,53,7967,2014,0.0,0.0,,,CSK,650700
19370565,53,7968,2014,0.0,0.0,,,CSK,660110
19377091,53,7969,2014,0.0,0.0,,,CSK,660191
19383617,53,7970,2014,0.0,0.0,,,CSK,660199
19390143,53,7971,2014,0.0,0.0,,,CSK,660200
19396669,53,7972,2014,0.0,0.0,,,CSK,660310
19403195,53,7973,2014,0.0,0.0,,,CSK,660320
19409721,53,7974,2014,0.0,0.0,,,CSK,660390
19416247,53,7975,2014,0.0,0.0,,,CSK,670100
19422773,53,7976,2014,0.0,0.0,,,CSK,670210
19429299,53,7977,2014,0.0,0.0,,,CSK,670290
19435825,53,7978,2014,0.0,0.0,,,CSK,670300
19442351,53,7979,2014,0.0,0.0,,,CSK,670411
19448877,53,7980,2014,0.0,0.0,,,CSK,670419
19455403,53,7981,2014,0.0,0.0,,,CSK,670420
19461929,53,7982,2014,0.0,0.0,,,CSK,670490
19468455,53,7983,2014,0.0,0.0,,,CSK,680100
19474981,53,7984,2014,0.0,0.0,,,CSK,680210
19481507,53,7985,2014,0.0,0.0,,,CSK,680221
19488033,53,7986,2014,0.0,0.0,,,CSK,680222
19494559,53,7987,2014,0.0,0.0,,,CSK,680223
19501085,53,7988,2014,0.0,0.0,,,CSK,680229
19507611,53,7989,2014,0.0,0.0,,,CSK,680291
19514137,53,7990,2014,0.0,0.0,,,CSK,680292
19520663,53,7991,2014,0.0,0.0,,,CSK,680293
19527189,53,7992,2014,0.0,0.0,,,CSK,680299
19533715,53,7993,2014,0.0,0.0,,,CSK,680300
19540241,53,7994,2014,0.0,0.0,,,CSK,680410
19546767,53,7995,2014,0.0,0.0,,,CSK,680421
19553293,53,7996,2014,0.0,0.0,,,CSK,680422
19559819,53,7997,2014,0.0,0.0,,,CSK,680423
19566345,53,7998,2014,0.0,0.0,,,CSK,680430
19572871,53,7999,2014,0.0,0.0,,,CSK,680510
19579397,53,8000,2014,0.0,0.0,,,CSK,680520
19585923,53,8001,2014,0.0,0.0,,,CSK,680530
19592449,53,8002,2014,0.0,0.0,,,CSK,680610
19598975,53,8003,2014,0.0,0.0,,,CSK,680620
19605501,53,8004,2014,0.0,0.0,,,CSK,680690
19612027,53,8005,2014,0.0,0.0,,,CSK,680710
19618553,53,8006,2014,0.0,0.0,,,CSK,680790
19625079,53,8007,2014,0.0,0.0,,,CSK,680800
19631605,53,8008,2014,0.0,0.0,,,CSK,680911
19638131,53,8009,2014,0.0,0.0,,,CSK,680919
19644657,53,8010,2014,0.0,0.0,,,CSK,680990
19651183,53,8011,2014,0.0,0.0,,,CSK,681011
19657709,53,8012,2014,0.0,0.0,,,CSK,681019
19664235,53,8013,2014,0.0,0.0,,,CSK,681020
19670761,53,8014,2014,0.0,0.0,,,CSK,681091
19677287,53,8015,2014,0.0,0.0,,,CSK,681099
19683813,53,8016,2014,0.0,0.0,,,CSK,681110
19690339,53,8017,2014,0.0,0.0,,,CSK,681120
19696865,53,8018,2014,0.0,0.0,,,CSK,681130
19703391,53,8019,2014,0.0,0.0,,,CSK,681190
19709917,53,8020,2014,0.0,0.0,,,CSK,681210
19716443,53,8021,2014,0.0,0.0,,,CSK,681220
19722969,53,8022,2014,0.0,0.0,,,CSK,681230
19729495,53,8023,2014,0.0,0.0,,,CSK,681240
19736021,53,8024,2014,0.0,0.0,,,CSK,681250
19742547,53,8025,2014,0.0,0.0,,,CSK,681260
19749073,53,8026,2014,0.0,0.0,,,CSK,681270
19755599,53,8027,2014,0.0,0.0,,,CSK,681290
19762125,53,8028,2014,0.0,0.0,,,CSK,681310
19768651,53,8029,2014,0.0,0.0,,,CSK,681390
19775177,53,8030,2014,0.0,0.0,,,CSK,681410
19781703,53,8031,2014,0.0,0.0,,,CSK,681490
19788229,53,8032,2014,0.0,0.0,,,CSK,681510
19794755,53,8033,2014,0.0,0.0,,,CSK,681520
19801281,53,8034,2014,0.0,0.0,,,CSK,681591
19807807,53,8035,2014,0.0,0.0,,,CSK,681599
19814333,53,8036,2014,0.0,0.0,,,CSK,690100
19820859,53,8037,2014,0.0,0.0,,,CSK,690210
19827385,53,8038,2014,0.0,0.0,,,CSK,690220
19833911,53,8039,2014,0.0,0.0,,,CSK,690290
19840437,53,8040,2014,0.0,0.0,,,CSK,690310
19846963,53,8041,2014,0.0,0.0,,,CSK,690320
19853489,53,8042,2014,0.0,0.0,,,CSK,690390
19860015,53,8043,2014,0.0,0.0,,,CSK,690410
19866541,53,8044,2014,0.0,0.0,,,CSK,690490
19873067,53,8045,2014,0.0,0.0,,,CSK,690510
19879593,53,8046,2014,0.0,0.0,,,CSK,690590
19886119,53,8047,2014,0.0,0.0,,,CSK,690600
19892645,53,8048,2014,0.0,0.0,,,CSK,690710
19899171,53,8049,2014,0.0,0.0,,,CSK,690790
19905697,53,8050,2014,0.0,0.0,,,CSK,690810
19912223,53,8051,2014,0.0,0.0,,,CSK,690890
19918749,53,8052,2014,0.0,0.0,,,CSK,690911
19925275,53,8053,2014,0.0,0.0,,,CSK,690919
19931801,53,8054,2014,0.0,0.0,,,CSK,690990
19938327,53,8055,2014,0.0,0.0,,,CSK,691010
19944853,53,8056,2014,0.0,0.0,,,CSK,691090
19951379,53,8057,2014,0.0,0.0,,,CSK,691110
19957905,53,8058,2014,0.0,0.0,,,CSK,691190
19964431,53,8059,2014,0.0,0.0,,,CSK,691200
19970957,53,8060,2014,0.0,0.0,,,CSK,691310
19977483,53,8061,2014,0.0,0.0,,,CSK,691390
19984009,53,8062,2014,0.0,0.0,,,CSK,691410
19990535,53,8063,2014,0.0,0.0,,,CSK,691490
19997061,53,8064,2014,0.0,0.0,,,CSK,700100
20003587,53,8065,2014,0.0,0.0,,,CSK,700210
20010113,53,8066,2014,0.0,0.0,,,CSK,700220
20016639,53,8067,2014,0.0,0.0,,,CSK,700231
20023165,53,8068,2014,0.0,0.0,,,CSK,700232
20029691,53,8069,2014,0.0,0.0,,,CSK,700239
20036217,53,8070,2014,0.0,0.0,,,CSK,700311
20042743,53,8071,2014,0.0,0.0,,,CSK,700319
20049269,53,8072,2014,0.0,0.0,,,CSK,700320
20055795,53,8073,2014,0.0,0.0,,,CSK,700330
20062321,53,8074,2014,0.0,0.0,,,CSK,700410
20068847,53,8075,2014,0.0,0.0,,,CSK,700490
20075373,53,8076,2014,0.0,0.0,,,CSK,700510
20081899,53,8077,2014,0.0,0.0,,,CSK,700521
20088425,53,8078,2014,0.0,0.0,,,CSK,700529
20094951,53,8079,2014,0.0,0.0,,,CSK,700530
20101477,53,8080,2014,0.0,0.0,,,CSK,700600
20108003,53,8081,2014,0.0,0.0,,,CSK,700711
20114529,53,8082,2014,0.0,0.0,,,CSK,700719
20121055,53,8083,2014,0.0,0.0,,,CSK,700721
20127581,53,8084,2014,0.0,0.0,,,CSK,700729
20134107,53,8085,2014,0.0,0.0,,,CSK,700800
20140633,53,8086,2014,0.0,0.0,,,CSK,700910
20147159,53,8087,2014,0.0,0.0,,,CSK,700991
20153685,53,8088,2014,0.0,0.0,,,CSK,700992
20160211,53,8089,2014,0.0,0.0,,,CSK,701010
20166737,53,8090,2014,0.0,0.0,,,CSK,701090
20173263,53,8091,2014,0.0,0.0,,,CSK,701110
20179789,53,8092,2014,0.0,0.0,,,CSK,701120
20186315,53,8093,2014,0.0,0.0,,,CSK,701190
20192841,53,8094,2014,0.0,0.0,,,CSK,701200
20199367,53,8095,2014,0.0,0.0,,,CSK,701310
20205893,53,8096,2014,0.0,0.0,,,CSK,701321
20212419,53,8097,2014,0.0,0.0,,,CSK,701329
20218945,53,8098,2014,0.0,0.0,,,CSK,701331
20225471,53,8099,2014,0.0,0.0,,,CSK,701332
20231997,53,8100,2014,0.0,0.0,,,CSK,701339
20238523,53,8101,2014,0.0,0.0,,,CSK,701391
20245049,53,8102,2014,0.0,0.0,,,CSK,701399
20251575,53,8103,2014,0.0,0.0,,,CSK,701400
20258101,53,8104,2014,0.0,0.0,,,CSK,701510
20264627,53,8105,2014,0.0,0.0,,,CSK,701590
20271153,53,8106,2014,0.0,0.0,,,CSK,701610
20277679,53,8107,2014,0.0,0.0,,,CSK,701690
20284205,53,8108,2014,0.0,0.0,,,CSK,701710
20290731,53,8109,2014,0.0,0.0,,,CSK,701720
20297257,53,8110,2014,0.0,0.0,,,CSK,701790
20303783,53,8111,2014,0.0,0.0,,,CSK,701810
20310309,53,8112,2014,0.0,0.0,,,CSK,701820
20316835,53,8113,2014,0.0,0.0,,,CSK,701890
20323361,53,8114,2014,0.0,0.0,,,CSK,701910
20329887,53,8115,2014,0.0,0.0,,,CSK,701920
20336413,53,8116,2014,0.0,0.0,,,CSK,701931
20342939,53,8117,2014,0.0,0.0,,,CSK,701932
20349465,53,8118,2014,0.0,0.0,,,CSK,701939
20355991,53,8119,2014,0.0,0.0,,,CSK,701990
20362517,53,8120,2014,0.0,0.0,,,CSK,702000
20369043,53,8121,2014,0.0,0.0,,,CSK,710110
20375569,53,8122,2014,0.0,0.0,,,CSK,710121
20382095,53,8123,2014,0.0,0.0,,,CSK,710122
20388621,53,8124,2014,0.0,0.0,,,CSK,710210
20395147,53,8125,2014,0.0,0.0,,,CSK,710221
20401673,53,8126,2014,0.0,0.0,,,CSK,710229
20408199,53,8127,2014,0.0,0.0,,,CSK,710231
20414725,53,8128,2014,0.0,0.0,,,CSK,710239
20421251,53,8129,2014,0.0,0.0,,,CSK,710310
20427777,53,8130,2014,0.0,0.0,,,CSK,710391
20434303,53,8131,2014,0.0,0.0,,,CSK,710399
20440829,53,8132,2014,0.0,0.0,,,CSK,710410
20447355,53,8133,2014,0.0,0.0,,,CSK,710420
20453881,53,8134,2014,0.0,0.0,,,CSK,710490
20460407,53,8135,2014,0.0,0.0,,,CSK,710510
20466933,53,8136,2014,0.0,0.0,,,CSK,710590
20473459,53,8137,2014,0.0,0.0,,,CSK,710610
20479985,53,8138,2014,0.0,0.0,,,CSK,710691
20486511,53,8139,2014,0.0,0.0,,,CSK,710692
20493037,53,8140,2014,0.0,0.0,,,CSK,710700
20499563,53,8141,2014,0.0,0.0,,,CSK,710811
20506089,53,8142,2014,0.0,0.0,,,CSK,710812
20512615,53,8143,2014,0.0,0.0,,,CSK,710813
20519141,53,8144,2014,0.0,0.0,,,CSK,710900
20525667,53,8145,2014,0.0,0.0,,,CSK,711011
20532193,53,8146,2014,0.0,0.0,,,CSK,711019
20538719,53,8147,2014,0.0,0.0,,,CSK,711021
20545245,53,8148,2014,0.0,0.0,,,CSK,711029
20551771,53,8149,2014,0.0,0.0,,,CSK,711031
20558297,53,8150,2014,0.0,0.0,,,CSK,711039
20564823,53,8151,2014,0.0,0.0,,,CSK,711041
20571349,53,8152,2014,0.0,0.0,,,CSK,711049
20577875,53,8153,2014,0.0,0.0,,,CSK,711100
20584401,53,8154,2014,0.0,0.0,,,CSK,711210
20590927,53,8155,2014,0.0,0.0,,,CSK,711220
20597453,53,8156,2014,0.0,0.0,,,CSK,711290
20603979,53,8157,2014,0.0,0.0,,,CSK,711311
20610505,53,8158,2014,0.0,0.0,,,CSK,711319
20617031,53,8159,2014,0.0,0.0,,,CSK,711320
20623557,53,8160,2014,0.0,0.0,,,CSK,711411
20630083,53,8161,2014,0.0,0.0,,,CSK,711419
20636609,53,8162,2014,0.0,0.0,,,CSK,711420
20643135,53,8163,2014,0.0,0.0,,,CSK,711510
20649661,53,8164,2014,0.0,0.0,,,CSK,711590
20656187,53,8165,2014,0.0,0.0,,,CSK,711610
20662713,53,8166,2014,0.0,0.0,,,CSK,711620
20669239,53,8167,2014,0.0,0.0,,,CSK,711711
20675765,53,8168,2014,0.0,0.0,,,CSK,711719
20682291,53,8169,2014,0.0,0.0,,,CSK,711790
20688817,53,8170,2014,0.0,0.0,,,CSK,711810
20695343,53,8171,2014,0.0,0.0,,,CSK,720110
20701869,53,8172,2014,0.0,0.0,,,CSK,720120
20708395,53,8173,2014,0.0,0.0,,,CSK,720130
20714921,53,8174,2014,0.0,0.0,,,CSK,720140
20721447,53,8175,2014,0.0,0.0,,,CSK,720211
20727973,53,8176,2014,0.0,0.0,,,CSK,720219
20734499,53,8177,2014,0.0,0.0,,,CSK,720221
20741025,53,8178,2014,0.0,0.0,,,CSK,720229
20747551,53,8179,2014,0.0,0.0,,,CSK,720230
20754077,53,8180,2014,0.0,0.0,,,CSK,720241
20760603,53,8181,2014,0.0,0.0,,,CSK,720249
20767129,53,8182,2014,0.0,0.0,,,CSK,720250
20773655,53,8183,2014,0.0,0.0,,,CSK,720260
20780181,53,8184,2014,0.0,0.0,,,CSK,720270
20786707,53,8185,2014,0.0,0.0,,,CSK,720280
20793233,53,8186,2014,0.0,0.0,,,CSK,720291
20799759,53,8187,2014,0.0,0.0,,,CSK,720292
20806285,53,8188,2014,0.0,0.0,,,CSK,720293
20812811,53,8189,2014,0.0,0.0,,,CSK,720299
20819337,53,8190,2014,0.0,0.0,,,CSK,720310
20825863,53,8191,2014,0.0,0.0,,,CSK,720390
20832389,53,8192,2014,0.0,0.0,,,CSK,720410
20838915,53,8193,2014,0.0,0.0,,,CSK,720421
20845441,53,8194,2014,0.0,0.0,,,CSK,720429
20851967,53,8195,2014,0.0,0.0,,,CSK,720430
20858493,53,8196,2014,0.0,0.0,,,CSK,720441
20865019,53,8197,2014,0.0,0.0,,,CSK,720449
20871545,53,8198,2014,0.0,0.0,,,CSK,720450
20878071,53,8199,2014,0.0,0.0,,,CSK,720510
20884597,53,8200,2014,0.0,0.0,,,CSK,720521
20891123,53,8201,2014,0.0,0.0,,,CSK,720529
20897649,53,8202,2014,0.0,0.0,,,CSK,720610
20904175,53,8203,2014,0.0,0.0,,,CSK,720690
20910701,53,8204,2014,0.0,0.0,,,CSK,720711
20917227,53,8205,2014,0.0,0.0,,,CSK,720712
20923753,53,8206,2014,0.0,0.0,,,CSK,720719
20930279,53,8207,2014,0.0,0.0,,,CSK,720720
20936805,53,8208,2014,0.0,0.0,,,CSK,720811
20943331,53,8209,2014,0.0,0.0,,,CSK,720812
20949857,53,8210,2014,0.0,0.0,,,CSK,720813
20956383,53,8211,2014,0.0,0.0,,,CSK,720814
20962909,53,8212,2014,0.0,0.0,,,CSK,720821
20969435,53,8213,2014,0.0,0.0,,,CSK,720822
20975961,53,8214,2014,0.0,0.0,,,CSK,720823
20982487,53,8215,2014,0.0,0.0,,,CSK,720824
20989013,53,8216,2014,0.0,0.0,,,CSK,720831
20995539,53,8217,2014,0.0,0.0,,,CSK,720832
21002065,53,8218,2014,0.0,0.0,,,CSK,720833
21008591,53,8219,2014,0.0,0.0,,,CSK,720834
21015117,53,8220,2014,0.0,0.0,,,CSK,720835
21021643,53,8221,2014,0.0,0.0,,,CSK,720841
21028169,53,8222,2014,0.0,0.0,,,CSK,720842
21034695,53,8223,2014,0.0,0.0,,,CSK,720843
21041221,53,8224,2014,0.0,0.0,,,CSK,720844
21047747,53,8225,2014,0.0,0.0,,,CSK,720845
21054273,53,8226,2014,0.0,0.0,,,CSK,720890
21060799,53,8227,2014,0.0,0.0,,,CSK,720911
21067325,53,8228,2014,0.0,0.0,,,CSK,720912
21073851,53,8229,2014,0.0,0.0,,,CSK,720913
21080377,53,8230,2014,0.0,0.0,,,CSK,720914
21086903,53,8231,2014,0.0,0.0,,,CSK,720921
21093429,53,8232,2014,0.0,0.0,,,CSK,720922
21099955,53,8233,2014,0.0,0.0,,,CSK,720923
21106481,53,8234,2014,0.0,0.0,,,CSK,720924
21113007,53,8235,2014,0.0,0.0,,,CSK,720931
21119533,53,8236,2014,0.0,0.0,,,CSK,720932
21126059,53,8237,2014,0.0,0.0,,,CSK,720933
21132585,53,8238,2014,0.0,0.0,,,CSK,720934
21139111,53,8239,2014,0.0,0.0,,,CSK,720941
21145637,53,8240,2014,0.0,0.0,,,CSK,720942
21152163,53,8241,2014,0.0,0.0,,,CSK,720943
21158689,53,8242,2014,0.0,0.0,,,CSK,720944
21165215,53,8243,2014,0.0,0.0,,,CSK,720990
21171741,53,8244,2014,0.0,0.0,,,CSK,721011
21178267,53,8245,2014,0.0,0.0,,,CSK,721012
21184793,53,8246,2014,0.0,0.0,,,CSK,721020
21191319,53,8247,2014,0.0,0.0,,,CSK,721031
21197845,53,8248,2014,0.0,0.0,,,CSK,721039
21204371,53,8249,2014,0.0,0.0,,,CSK,721041
21210897,53,8250,2014,0.0,0.0,,,CSK,721049
21217423,53,8251,2014,0.0,0.0,,,CSK,721050
21223949,53,8252,2014,0.0,0.0,,,CSK,721060
21230475,53,8253,2014,0.0,0.0,,,CSK,721070
21237001,53,8254,2014,0.0,0.0,,,CSK,721090
21243527,53,8255,2014,0.0,0.0,,,CSK,721111
21250053,53,8256,2014,0.0,0.0,,,CSK,721112
21256579,53,8257,2014,0.0,0.0,,,CSK,721119
21263105,53,8258,2014,0.0,0.0,,,CSK,721121
21269631,53,8259,2014,0.0,0.0,,,CSK,721122
21276157,53,8260,2014,0.0,0.0,,,CSK,721129
21282683,53,8261,2014,0.0,0.0,,,CSK,721130
21289209,53,8262,2014,0.0,0.0,,,CSK,721141
21295735,53,8263,2014,0.0,0.0,,,CSK,721149
21302261,53,8264,2014,0.0,0.0,,,CSK,721190
21308787,53,8265,2014,0.0,0.0,,,CSK,721210
21315313,53,8266,2014,0.0,0.0,,,CSK,721221
21321839,53,8267,2014,0.0,0.0,,,CSK,721229
21328365,53,8268,2014,0.0,0.0,,,CSK,721230
21334891,53,8269,2014,0.0,0.0,,,CSK,721240
21341417,53,8270,2014,0.0,0.0,,,CSK,721250
21347943,53,8271,2014,0.0,0.0,,,CSK,721260
21354469,53,8272,2014,0.0,0.0,,,CSK,721310
21360995,53,8273,2014,0.0,0.0,,,CSK,721320
21367521,53,8274,2014,0.0,0.0,,,CSK,721331
21374047,53,8275,2014,0.0,0.0,,,CSK,721339
21380573,53,8276,2014,0.0,0.0,,,CSK,721341
21387099,53,8277,2014,0.0,0.0,,,CSK,721349
21393625,53,8278,2014,0.0,0.0,,,CSK,721350
21400151,53,8279,2014,0.0,0.0,,,CSK,721410
21406677,53,8280,2014,0.0,0.0,,,CSK,721420
21413203,53,8281,2014,0.0,0.0,,,CSK,721430
21419729,53,8282,2014,0.0,0.0,,,CSK,721440
21426255,53,8283,2014,0.0,0.0,,,CSK,721450
21432781,53,8284,2014,0.0,0.0,,,CSK,721460
21439307,53,8285,2014,0.0,0.0,,,CSK,721510
21445833,53,8286,2014,0.0,0.0,,,CSK,721520
21452359,53,8287,2014,0.0,0.0,,,CSK,721530
21458885,53,8288,2014,0.0,0.0,,,CSK,721540
21465411,53,8289,2014,0.0,0.0,,,CSK,721590
21471937,53,8290,2014,0.0,0.0,,,CSK,721610
21478463,53,8291,2014,0.0,0.0,,,CSK,721621
21484989,53,8292,2014,0.0,0.0,,,CSK,721622
21491515,53,8293,2014,0.0,0.0,,,CSK,721631
21498041,53,8294,2014,0.0,0.0,,,CSK,721632
21504567,53,8295,2014,0.0,0.0,,,CSK,721633
21511093,53,8296,2014,0.0,0.0,,,CSK,721640
21517619,53,8297,2014,0.0,0.0,,,CSK,721650
21524145,53,8298,2014,0.0,0.0,,,CSK,721660
21530671,53,8299,2014,0.0,0.0,,,CSK,721690
21537197,53,8300,2014,0.0,0.0,,,CSK,721711
21543723,53,8301,2014,0.0,0.0,,,CSK,721712
21550249,53,8302,2014,0.0,0.0,,,CSK,721713
21556775,53,8303,2014,0.0,0.0,,,CSK,721719
21563301,53,8304,2014,0.0,0.0,,,CSK,721721
21569827,53,8305,2014,0.0,0.0,,,CSK,721722
21576353,53,8306,2014,0.0,0.0,,,CSK,721723
21582879,53,8307,2014,0.0,0.0,,,CSK,721729
21589405,53,8308,2014,0.0,0.0,,,CSK,721731
21595931,53,8309,2014,0.0,0.0,,,CSK,721732
21602457,53,8310,2014,0.0,0.0,,,CSK,721733
21608983,53,8311,2014,0.0,0.0,,,CSK,721739
21615509,53,8312,2014,0.0,0.0,,,CSK,721810
21622035,53,8313,2014,0.0,0.0,,,CSK,721890
21628561,53,8314,2014,0.0,0.0,,,CSK,721911
21635087,53,8315,2014,0.0,0.0,,,CSK,721912
21641613,53,8316,2014,0.0,0.0,,,CSK,721913
21648139,53,8317,2014,0.0,0.0,,,CSK,721914
21654665,53,8318,2014,0.0,0.0,,,CSK,721921
21661191,53,8319,2014,0.0,0.0,,,CSK,721922
21667717,53,8320,2014,0.0,0.0,,,CSK,721923
21674243,53,8321,2014,0.0,0.0,,,CSK,721924
21680769,53,8322,2014,0.0,0.0,,,CSK,721931
21687295,53,8323,2014,0.0,0.0,,,CSK,721932
21693821,53,8324,2014,0.0,0.0,,,CSK,721933
21700347,53,8325,2014,0.0,0.0,,,CSK,721934
21706873,53,8326,2014,0.0,0.0,,,CSK,721935
21713399,53,8327,2014,0.0,0.0,,,CSK,721990
21719925,53,8328,2014,0.0,0.0,,,CSK,722011
21726451,53,8329,2014,0.0,0.0,,,CSK,722012
21732977,53,8330,2014,0.0,0.0,,,CSK,722020
21739503,53,8331,2014,0.0,0.0,,,CSK,722090
21746029,53,8332,2014,0.0,0.0,,,CSK,722100
21752555,53,8333,2014,0.0,0.0,,,CSK,722210
21759081,53,8334,2014,0.0,0.0,,,CSK,722220
21765607,53,8335,2014,0.0,0.0,,,CSK,722230
21772133,53,8336,2014,0.0,0.0,,,CSK,722240
21778659,53,8337,2014,0.0,0.0,,,CSK,722300
21785185,53,8338,2014,0.0,0.0,,,CSK,722410
21791711,53,8339,2014,0.0,0.0,,,CSK,722490
21798237,53,8340,2014,0.0,0.0,,,CSK,722510
21804763,53,8341,2014,0.0,0.0,,,CSK,722520
21811289,53,8342,2014,0.0,0.0,,,CSK,722530
21817815,53,8343,2014,0.0,0.0,,,CSK,722540
21824341,53,8344,2014,0.0,0.0,,,CSK,722550
21830867,53,8345,2014,0.0,0.0,,,CSK,722590
21837393,53,8346,2014,0.0,0.0,,,CSK,722610
21843919,53,8347,2014,0.0,0.0,,,CSK,722620
21850445,53,8348,2014,0.0,0.0,,,CSK,722691
21856971,53,8349,2014,0.0,0.0,,,CSK,722692
21863497,53,8350,2014,0.0,0.0,,,CSK,722699
21870023,53,8351,2014,0.0,0.0,,,CSK,722710
21876549,53,8352,2014,0.0,0.0,,,CSK,722720
21883075,53,8353,2014,0.0,0.0,,,CSK,722790
21889601,53,8354,2014,0.0,0.0,,,CSK,722810
21896127,53,8355,2014,0.0,0.0,,,CSK,722820
21902653,53,8356,2014,0.0,0.0,,,CSK,722830
21909179,53,8357,2014,0.0,0.0,,,CSK,722840
21915705,53,8358,2014,0.0,0.0,,,CSK,722850
21922231,53,8359,2014,0.0,0.0,,,CSK,722860
21928757,53,8360,2014,0.0,0.0,,,CSK,722870
21935283,53,8361,2014,0.0,0.0,,,CSK,722880
21941809,53,8362,2014,0.0,0.0,,,CSK,722910
21948335,53,8363,2014,0.0,0.0,,,CSK,722920
21954861,53,8364,2014,0.0,0.0,,,CSK,722990
21961387,53,8365,2014,0.0,0.0,,,CSK,730110
21967913,53,8366,2014,0.0,0.0,,,CSK,730120
21974439,53,8367,2014,0.0,0.0,,,CSK,730210
21980965,53,8368,2014,0.0,0.0,,,CSK,730220
21987491,53,8369,2014,0.0,0.0,,,CSK,730230
21994017,53,8370,2014,0.0,0.0,,,CSK,730240
22000543,53,8371,2014,0.0,0.0,,,CSK,730290
22007069,53,8372,2014,0.0,0.0,,,CSK,730300
22013595,53,8373,2014,0.0,0.0,,,CSK,730410
22020121,53,8374,2014,0.0,0.0,,,CSK,730420
22026647,53,8375,2014,0.0,0.0,,,CSK,730431
22033173,53,8376,2014,0.0,0.0,,,CSK,730439
22039699,53,8377,2014,0.0,0.0,,,CSK,730441
22046225,53,8378,2014,0.0,0.0,,,CSK,730449
22052751,53,8379,2014,0.0,0.0,,,CSK,730451
22059277,53,8380,2014,0.0,0.0,,,CSK,730459
22065803,53,8381,2014,0.0,0.0,,,CSK,730490
22072329,53,8382,2014,0.0,0.0,,,CSK,730511
22078855,53,8383,2014,0.0,0.0,,,CSK,730512
22085381,53,8384,2014,0.0,0.0,,,CSK,730519
22091907,53,8385,2014,0.0,0.0,,,CSK,730520
22098433,53,8386,2014,0.0,0.0,,,CSK,730531
22104959,53,8387,2014,0.0,0.0,,,CSK,730539
22111485,53,8388,2014,0.0,0.0,,,CSK,730590
22118011,53,8389,2014,0.0,0.0,,,CSK,730610
22124537,53,8390,2014,0.0,0.0,,,CSK,730620
22131063,53,8391,2014,0.0,0.0,,,CSK,730630
22137589,53,8392,2014,0.0,0.0,,,CSK,730640
22144115,53,8393,2014,0.0,0.0,,,CSK,730650
22150641,53,8394,2014,0.0,0.0,,,CSK,730660
22157167,53,8395,2014,0.0,0.0,,,CSK,730690
22163693,53,8396,2014,0.0,0.0,,,CSK,730711
22170219,53,8397,2014,0.0,0.0,,,CSK,730719
22176745,53,8398,2014,0.0,0.0,,,CSK,730721
22183271,53,8399,2014,0.0,0.0,,,CSK,730722
22189797,53,8400,2014,0.0,0.0,,,CSK,730723
22196323,53,8401,2014,0.0,0.0,,,CSK,730729
22202849,53,8402,2014,0.0,0.0,,,CSK,730791
22209375,53,8403,2014,0.0,0.0,,,CSK,730792
22215901,53,8404,2014,0.0,0.0,,,CSK,730793
22222427,53,8405,2014,0.0,0.0,,,CSK,730799
22228953,53,8406,2014,0.0,0.0,,,CSK,730810
22235479,53,8407,2014,0.0,0.0,,,CSK,730820
22242005,53,8408,2014,0.0,0.0,,,CSK,730830
22248531,53,8409,2014,0.0,0.0,,,CSK,730840
22255057,53,8410,2014,0.0,0.0,,,CSK,730890
22261583,53,8411,2014,0.0,0.0,,,CSK,730900
22268109,53,8412,2014,0.0,0.0,,,CSK,731010
22274635,53,8413,2014,0.0,0.0,,,CSK,731021
22281161,53,8414,2014,0.0,0.0,,,CSK,731029
22287687,53,8415,2014,0.0,0.0,,,CSK,731100
22294213,53,8416,2014,0.0,0.0,,,CSK,731210
22300739,53,8417,2014,0.0,0.0,,,CSK,731290
22307265,53,8418,2014,0.0,0.0,,,CSK,731300
22313791,53,8419,2014,0.0,0.0,,,CSK,731411
22320317,53,8420,2014,0.0,0.0,,,CSK,731419
22326843,53,8421,2014,0.0,0.0,,,CSK,731420
22333369,53,8422,2014,0.0,0.0,,,CSK,731430
22339895,53,8423,2014,0.0,0.0,,,CSK,731441
22346421,53,8424,2014,0.0,0.0,,,CSK,731442
22352947,53,8425,2014,0.0,0.0,,,CSK,731449
22359473,53,8426,2014,0.0,0.0,,,CSK,731450
22365999,53,8427,2014,0.0,0.0,,,CSK,731511
22372525,53,8428,2014,0.0,0.0,,,CSK,731512
22379051,53,8429,2014,0.0,0.0,,,CSK,731519
22385577,53,8430,2014,0.0,0.0,,,CSK,731520
22392103,53,8431,2014,0.0,0.0,,,CSK,731581
22398629,53,8432,2014,0.0,0.0,,,CSK,731582
22405155,53,8433,2014,0.0,0.0,,,CSK,731589
22411681,53,8434,2014,0.0,0.0,,,CSK,731590
22418207,53,8435,2014,0.0,0.0,,,CSK,731600
22424733,53,8436,2014,0.0,0.0,,,CSK,731700
22431259,53,8437,2014,0.0,0.0,,,CSK,731811
22437785,53,8438,2014,0.0,0.0,,,CSK,731812
22444311,53,8439,2014,0.0,0.0,,,CSK,731813
22450837,53,8440,2014,0.0,0.0,,,CSK,731814
22457363,53,8441,2014,0.0,0.0,,,CSK,731815
22463889,53,8442,2014,0.0,0.0,,,CSK,731816
22470415,53,8443,2014,0.0,0.0,,,CSK,731819
22476941,53,8444,2014,0.0,0.0,,,CSK,731821
22483467,53,8445,2014,0.0,0.0,,,CSK,731822
22489993,53,8446,2014,0.0,0.0,,,CSK,731823
22496519,53,8447,2014,0.0,0.0,,,CSK,731824
22503045,53,8448,2014,0.0,0.0,,,CSK,731829
22509571,53,8449,2014,0.0,0.0,,,CSK,731910
22516097,53,8450,2014,0.0,0.0,,,CSK,731920
22522623,53,8451,2014,0.0,0.0,,,CSK,731930
22529149,53,8452,2014,0.0,0.0,,,CSK,731990
22535675,53,8453,2014,0.0,0.0,,,CSK,732010
22542201,53,8454,2014,0.0,0.0,,,CSK,732020
22548727,53,8455,2014,0.0,0.0,,,CSK,732090
22555253,53,8456,2014,0.0,0.0,,,CSK,732111
22561779,53,8457,2014,0.0,0.0,,,CSK,732112
22568305,53,8458,2014,0.0,0.0,,,CSK,732113
22574831,53,8459,2014,0.0,0.0,,,CSK,732181
22581357,53,8460,2014,0.0,0.0,,,CSK,732182
22587883,53,8461,2014,0.0,0.0,,,CSK,732183
22594409,53,8462,2014,0.0,0.0,,,CSK,732190
22600935,53,8463,2014,0.0,0.0,,,CSK,732211
22607461,53,8464,2014,0.0,0.0,,,CSK,732219
22613987,53,8465,2014,0.0,0.0,,,CSK,732290
22620513,53,8466,2014,0.0,0.0,,,CSK,732310
22627039,53,8467,2014,0.0,0.0,,,CSK,732391
22633565,53,8468,2014,0.0,0.0,,,CSK,732392
22640091,53,8469,2014,0.0,0.0,,,CSK,732393
22646617,53,8470,2014,0.0,0.0,,,CSK,732394
22653143,53,8471,2014,0.0,0.0,,,CSK,732399
22659669,53,8472,2014,0.0,0.0,,,CSK,732410
22666195,53,8473,2014,0.0,0.0,,,CSK,732421
22672721,53,8474,2014,0.0,0.0,,,CSK,732429
22679247,53,8475,2014,0.0,0.0,,,CSK,732490
22685773,53,8476,2014,0.0,0.0,,,CSK,732510
22692299,53,8477,2014,0.0,0.0,,,CSK,732591
22698825,53,8478,2014,0.0,0.0,,,CSK,732599
22705351,53,8479,2014,0.0,0.0,,,CSK,732611
22711877,53,8480,2014,0.0,0.0,,,CSK,732619
22718403,53,8481,2014,0.0,0.0,,,CSK,732620
22724929,53,8482,2014,0.0,0.0,,,CSK,732690
22731455,53,8483,2014,0.0,0.0,,,CSK,740110
22737981,53,8484,2014,0.0,0.0,,,CSK,740120
22744507,53,8485,2014,0.0,0.0,,,CSK,740200
22751033,53,8486,2014,0.0,0.0,,,CSK,740311
22757559,53,8487,2014,0.0,0.0,,,CSK,740312
22764085,53,8488,2014,0.0,0.0,,,CSK,740313
22770611,53,8489,2014,0.0,0.0,,,CSK,740319
22777137,53,8490,2014,0.0,0.0,,,CSK,740321
22783663,53,8491,2014,0.0,0.0,,,CSK,740322
22790189,53,8492,2014,0.0,0.0,,,CSK,740323
22796715,53,8493,2014,0.0,0.0,,,CSK,740329
22803241,53,8494,2014,0.0,0.0,,,CSK,740400
22809767,53,8495,2014,0.0,0.0,,,CSK,740500
22816293,53,8496,2014,0.0,0.0,,,CSK,740610
22822819,53,8497,2014,0.0,0.0,,,CSK,740620
22829345,53,8498,2014,0.0,0.0,,,CSK,740710
22835871,53,8499,2014,0.0,0.0,,,CSK,740721
22842397,53,8500,2014,0.0,0.0,,,CSK,740722
22848923,53,8501,2014,0.0,0.0,,,CSK,740729
22855449,53,8502,2014,0.0,0.0,,,CSK,740811
22861975,53,8503,2014,0.0,0.0,,,CSK,740819
22868501,53,8504,2014,0.0,0.0,,,CSK,740821
22875027,53,8505,2014,0.0,0.0,,,CSK,740822
22881553,53,8506,2014,0.0,0.0,,,CSK,740829
22888079,53,8507,2014,0.0,0.0,,,CSK,740911
22894605,53,8508,2014,0.0,0.0,,,CSK,740919
22901131,53,8509,2014,0.0,0.0,,,CSK,740921
22907657,53,8510,2014,0.0,0.0,,,CSK,740929
22914183,53,8511,2014,0.0,0.0,,,CSK,740931
22920709,53,8512,2014,0.0,0.0,,,CSK,740939
22927235,53,8513,2014,0.0,0.0,,,CSK,740940
22933761,53,8514,2014,0.0,0.0,,,CSK,740990
22940287,53,8515,2014,0.0,0.0,,,CSK,741011
22946813,53,8516,2014,0.0,0.0,,,CSK,741012
22953339,53,8517,2014,0.0,0.0,,,CSK,741021
22959865,53,8518,2014,0.0,0.0,,,CSK,741022
22966391,53,8519,2014,0.0,0.0,,,CSK,741110
22972917,53,8520,2014,0.0,0.0,,,CSK,741121
22979443,53,8521,2014,0.0,0.0,,,CSK,741122
22985969,53,8522,2014,0.0,0.0,,,CSK,741129
22992495,53,8523,2014,0.0,0.0,,,CSK,741210
22999021,53,8524,2014,0.0,0.0,,,CSK,741220
23005547,53,8525,2014,0.0,0.0,,,CSK,741300
23012073,53,8526,2014,0.0,0.0,,,CSK,741410
23018599,53,8527,2014,0.0,0.0,,,CSK,741490
23025125,53,8528,2014,0.0,0.0,,,CSK,741510
23031651,53,8529,2014,0.0,0.0,,,CSK,741521
23038177,53,8530,2014,0.0,0.0,,,CSK,741529
23044703,53,8531,2014,0.0,0.0,,,CSK,741531
23051229,53,8532,2014,0.0,0.0,,,CSK,741532
23057755,53,8533,2014,0.0,0.0,,,CSK,741539
23064281,53,8534,2014,0.0,0.0,,,CSK,741600
23070807,53,8535,2014,0.0,0.0,,,CSK,741700
23077333,53,8536,2014,0.0,0.0,,,CSK,741810
23083859,53,8537,2014,0.0,0.0,,,CSK,741820
23090385,53,8538,2014,0.0,0.0,,,CSK,741910
23096911,53,8539,2014,0.0,0.0,,,CSK,741991
23103437,53,8540,2014,0.0,0.0,,,CSK,741999
23109963,53,8541,2014,0.0,0.0,,,CSK,750110
23116489,53,8542,2014,0.0,0.0,,,CSK,750120
23123015,53,8543,2014,0.0,0.0,,,CSK,750210
23129541,53,8544,2014,0.0,0.0,,,CSK,750220
23136067,53,8545,2014,0.0,0.0,,,CSK,750300
23142593,53,8546,2014,0.0,0.0,,,CSK,750400
23149119,53,8547,2014,0.0,0.0,,,CSK,750511
23155645,53,8548,2014,0.0,0.0,,,CSK,750512
23162171,53,8549,2014,0.0,0.0,,,CSK,750521
23168697,53,8550,2014,0.0,0.0,,,CSK,750522
23175223,53,8551,2014,0.0,0.0,,,CSK,750610
23181749,53,8552,2014,0.0,0.0,,,CSK,750620
23188275,53,8553,2014,0.0,0.0,,,CSK,750711
23194801,53,8554,2014,0.0,0.0,,,CSK,750712
23201327,53,8555,2014,0.0,0.0,,,CSK,750720
23207853,53,8556,2014,0.0,0.0,,,CSK,750800
23214379,53,8557,2014,0.0,0.0,,,CSK,760110
23220905,53,8558,2014,0.0,0.0,,,CSK,760120
23227431,53,8559,2014,0.0,0.0,,,CSK,760200
23233957,53,8560,2014,0.0,0.0,,,CSK,760310
23240483,53,8561,2014,0.0,0.0,,,CSK,760320
23247009,53,8562,2014,0.0,0.0,,,CSK,760410
23253535,53,8563,2014,0.0,0.0,,,CSK,760421
23260061,53,8564,2014,0.0,0.0,,,CSK,760429
23266587,53,8565,2014,0.0,0.0,,,CSK,760511
23273113,53,8566,2014,0.0,0.0,,,CSK,760519
23279639,53,8567,2014,0.0,0.0,,,CSK,760521
23286165,53,8568,2014,0.0,0.0,,,CSK,760529
23292691,53,8569,2014,0.0,0.0,,,CSK,760611
23299217,53,8570,2014,0.0,0.0,,,CSK,760612
23305743,53,8571,2014,0.0,0.0,,,CSK,760691
23312269,53,8572,2014,0.0,0.0,,,CSK,760692
23318795,53,8573,2014,0.0,0.0,,,CSK,760711
23325321,53,8574,2014,0.0,0.0,,,CSK,760719
23331847,53,8575,2014,0.0,0.0,,,CSK,760720
23338373,53,8576,2014,0.0,0.0,,,CSK,760810
23344899,53,8577,2014,0.0,0.0,,,CSK,760820
23351425,53,8578,2014,0.0,0.0,,,CSK,760900
23357951,53,8579,2014,0.0,0.0,,,CSK,761010
23364477,53,8580,2014,0.0,0.0,,,CSK,761090
23371003,53,8581,2014,0.0,0.0,,,CSK,761100
23377529,53,8582,2014,0.0,0.0,,,CSK,761210
23384055,53,8583,2014,0.0,0.0,,,CSK,761290
23390581,53,8584,2014,0.0,0.0,,,CSK,761300
23397107,53,8585,2014,0.0,0.0,,,CSK,761410
23403633,53,8586,2014,0.0,0.0,,,CSK,761490
23410159,53,8587,2014,0.0,0.0,,,CSK,761510
23416685,53,8588,2014,0.0,0.0,,,CSK,761520
23423211,53,8589,2014,0.0,0.0,,,CSK,761610
23429737,53,8590,2014,0.0,0.0,,,CSK,761690
23436263,53,8591,2014,0.0,0.0,,,CSK,780110
23442789,53,8592,2014,0.0,0.0,,,CSK,780191
23449315,53,8593,2014,0.0,0.0,,,CSK,780199
23455841,53,8594,2014,0.0,0.0,,,CSK,780200
23462367,53,8595,2014,0.0,0.0,,,CSK,780300
23468893,53,8596,2014,0.0,0.0,,,CSK,780411
23475419,53,8597,2014,0.0,0.0,,,CSK,780419
23481945,53,8598,2014,0.0,0.0,,,CSK,780420
23488471,53,8599,2014,0.0,0.0,,,CSK,780500
23494997,53,8600,2014,0.0,0.0,,,CSK,780600
23501523,53,8601,2014,0.0,0.0,,,CSK,790111
23508049,53,8602,2014,0.0,0.0,,,CSK,790112
23514575,53,8603,2014,0.0,0.0,,,CSK,790120
23521101,53,8604,2014,0.0,0.0,,,CSK,790200
23527627,53,8605,2014,0.0,0.0,,,CSK,790310
23534153,53,8606,2014,0.0,0.0,,,CSK,790390
23540679,53,8607,2014,0.0,0.0,,,CSK,790400
23547205,53,8608,2014,0.0,0.0,,,CSK,790500
23553731,53,8609,2014,0.0,0.0,,,CSK,790600
23560257,53,8610,2014,0.0,0.0,,,CSK,790710
23566783,53,8611,2014,0.0,0.0,,,CSK,790790
23573309,53,8612,2014,0.0,0.0,,,CSK,800110
23579835,53,8613,2014,0.0,0.0,,,CSK,800120
23586361,53,8614,2014,0.0,0.0,,,CSK,800200
23592887,53,8615,2014,0.0,0.0,,,CSK,800300
23599413,53,8616,2014,0.0,0.0,,,CSK,800400
23605939,53,8617,2014,0.0,0.0,,,CSK,800510
23612465,53,8618,2014,0.0,0.0,,,CSK,800520
23618991,53,8619,2014,0.0,0.0,,,CSK,800600
23625517,53,8620,2014,0.0,0.0,,,CSK,800700
23632043,53,8621,2014,0.0,0.0,,,CSK,810110
23638569,53,8622,2014,0.0,0.0,,,CSK,810191
23645095,53,8623,2014,0.0,0.0,,,CSK,810192
23651621,53,8624,2014,0.0,0.0,,,CSK,810193
23658147,53,8625,2014,0.0,0.0,,,CSK,810199
23664673,53,8626,2014,0.0,0.0,,,CSK,810210
23671199,53,8627,2014,0.0,0.0,,,CSK,810291
23677725,53,8628,2014,0.0,0.0,,,CSK,810292
23684251,53,8629,2014,0.0,0.0,,,CSK,810293
23690777,53,8630,2014,0.0,0.0,,,CSK,810299
23697303,53,8631,2014,0.0,0.0,,,CSK,810310
23703829,53,8632,2014,0.0,0.0,,,CSK,810390
23710355,53,8633,2014,0.0,0.0,,,CSK,810411
23716881,53,8634,2014,0.0,0.0,,,CSK,810419
23723407,53,8635,2014,0.0,0.0,,,CSK,810420
23729933,53,8636,2014,0.0,0.0,,,CSK,810430
23736459,53,8637,2014,0.0,0.0,,,CSK,810490
23742985,53,8638,2014,0.0,0.0,,,CSK,810510
23749511,53,8639,2014,0.0,0.0,,,CSK,810590
23756037,53,8640,2014,0.0,0.0,,,CSK,810600
23762563,53,8641,2014,0.0,0.0,,,CSK,810710
23769089,53,8642,2014,0.0,0.0,,,CSK,810790
23775615,53,8643,2014,0.0,0.0,,,CSK,810810
23782141,53,8644,2014,0.0,0.0,,,CSK,810890
23788667,53,8645,2014,0.0,0.0,,,CSK,810910
23795193,53,8646,2014,0.0,0.0,,,CSK,810990
23801719,53,8647,2014,0.0,0.0,,,CSK,811000
23808245,53,8648,2014,0.0,0.0,,,CSK,811100
23814771,53,8649,2014,0.0,0.0,,,CSK,811211
23821297,53,8650,2014,0.0,0.0,,,CSK,811219
23827823,53,8651,2014,0.0,0.0,,,CSK,811220
23834349,53,8652,2014,0.0,0.0,,,CSK,811230
23840875,53,8653,2014,0.0,0.0,,,CSK,811240
23847401,53,8654,2014,0.0,0.0,,,CSK,811291
23853927,53,8655,2014,0.0,0.0,,,CSK,811299
23860453,53,8656,2014,0.0,0.0,,,CSK,811300
23866979,53,8657,2014,0.0,0.0,,,CSK,820110
23873505,53,8658,2014,0.0,0.0,,,CSK,820120
23880031,53,8659,2014,0.0,0.0,,,CSK,820130
23886557,53,8660,2014,0.0,0.0,,,CSK,820140
23893083,53,8661,2014,0.0,0.0,,,CSK,820150
23899609,53,8662,2014,0.0,0.0,,,CSK,820160
23906135,53,8663,2014,0.0,0.0,,,CSK,820190
23912661,53,8664,2014,0.0,0.0,,,CSK,820210
23919187,53,8665,2014,0.0,0.0,,,CSK,820220
23925713,53,8666,2014,0.0,0.0,,,CSK,820231
23932239,53,8667,2014,0.0,0.0,,,CSK,820232
23938765,53,8668,2014,0.0,0.0,,,CSK,820240
23945291,53,8669,2014,0.0,0.0,,,CSK,820291
23951817,53,8670,2014,0.0,0.0,,,CSK,820299
23958343,53,8671,2014,0.0,0.0,,,CSK,820310
23964869,53,8672,2014,0.0,0.0,,,CSK,820320
23971395,53,8673,2014,0.0,0.0,,,CSK,820330
23977921,53,8674,2014,0.0,0.0,,,CSK,820340
23984447,53,8675,2014,0.0,0.0,,,CSK,820411
23990973,53,8676,2014,0.0,0.0,,,CSK,820412
23997499,53,8677,2014,0.0,0.0,,,CSK,820420
24004025,53,8678,2014,0.0,0.0,,,CSK,820510
24010551,53,8679,2014,0.0,0.0,,,CSK,820520
24017077,53,8680,2014,0.0,0.0,,,CSK,820530
24023603,53,8681,2014,0.0,0.0,,,CSK,820540
24030129,53,8682,2014,0.0,0.0,,,CSK,820551
24036655,53,8683,2014,0.0,0.0,,,CSK,820559
24043181,53,8684,2014,0.0,0.0,,,CSK,820560
24049707,53,8685,2014,0.0,0.0,,,CSK,820570
24056233,53,8686,2014,0.0,0.0,,,CSK,820580
24062759,53,8687,2014,0.0,0.0,,,CSK,820590
24069285,53,8688,2014,0.0,0.0,,,CSK,820600
24075811,53,8689,2014,0.0,0.0,,,CSK,820711
24082337,53,8690,2014,0.0,0.0,,,CSK,820712
24088863,53,8691,2014,0.0,0.0,,,CSK,820720
24095389,53,8692,2014,0.0,0.0,,,CSK,820730
24101915,53,8693,2014,0.0,0.0,,,CSK,820740
24108441,53,8694,2014,0.0,0.0,,,CSK,820750
24114967,53,8695,2014,0.0,0.0,,,CSK,820760
24121493,53,8696,2014,0.0,0.0,,,CSK,820770
24128019,53,8697,2014,0.0,0.0,,,CSK,820780
24134545,53,8698,2014,0.0,0.0,,,CSK,820790
24141071,53,8699,2014,0.0,0.0,,,CSK,820810
24147597,53,8700,2014,0.0,0.0,,,CSK,820820
24154123,53,8701,2014,0.0,0.0,,,CSK,820830
24160649,53,8702,2014,0.0,0.0,,,CSK,820840
24167175,53,8703,2014,0.0,0.0,,,CSK,820890
24173701,53,8704,2014,0.0,0.0,,,CSK,820900
24180227,53,8705,2014,0.0,0.0,,,CSK,821000
24186753,53,8706,2014,0.0,0.0,,,CSK,821110
24193279,53,8707,2014,0.0,0.0,,,CSK,821191
24199805,53,8708,2014,0.0,0.0,,,CSK,821192
24206331,53,8709,2014,0.0,0.0,,,CSK,821193
24212857,53,8710,2014,0.0,0.0,,,CSK,821194
24219383,53,8711,2014,0.0,0.0,,,CSK,821210
24225909,53,8712,2014,0.0,0.0,,,CSK,821220
24232435,53,8713,2014,0.0,0.0,,,CSK,821290
24238961,53,8714,2014,0.0,0.0,,,CSK,821300
24245487,53,8715,2014,0.0,0.0,,,CSK,821410
24252013,53,8716,2014,0.0,0.0,,,CSK,821420
24258539,53,8717,2014,0.0,0.0,,,CSK,821490
24265065,53,8718,2014,0.0,0.0,,,CSK,821510
24271591,53,8719,2014,0.0,0.0,,,CSK,821520
24278117,53,8720,2014,0.0,0.0,,,CSK,821591
24284643,53,8721,2014,0.0,0.0,,,CSK,821599
24291169,53,8722,2014,0.0,0.0,,,CSK,830110
24297695,53,8723,2014,0.0,0.0,,,CSK,830120
24304221,53,8724,2014,0.0,0.0,,,CSK,830130
24310747,53,8725,2014,0.0,0.0,,,CSK,830140
24317273,53,8726,2014,0.0,0.0,,,CSK,830150
24323799,53,8727,2014,0.0,0.0,,,CSK,830160
24330325,53,8728,2014,0.0,0.0,,,CSK,830170
24336851,53,8729,2014,0.0,0.0,,,CSK,830210
24343377,53,8730,2014,0.0,0.0,,,CSK,830220
24349903,53,8731,2014,0.0,0.0,,,CSK,830230
24356429,53,8732,2014,0.0,0.0,,,CSK,830241
24362955,53,8733,2014,0.0,0.0,,,CSK,830242
24369481,53,8734,2014,0.0,0.0,,,CSK,830249
24376007,53,8735,2014,0.0,0.0,,,CSK,830250
24382533,53,8736,2014,0.0,0.0,,,CSK,830260
24389059,53,8737,2014,0.0,0.0,,,CSK,830300
24395585,53,8738,2014,0.0,0.0,,,CSK,830400
24402111,53,8739,2014,0.0,0.0,,,CSK,830510
24408637,53,8740,2014,0.0,0.0,,,CSK,830520
24415163,53,8741,2014,0.0,0.0,,,CSK,830590
24421689,53,8742,2014,0.0,0.0,,,CSK,830610
24428215,53,8743,2014,0.0,0.0,,,CSK,830621
24434741,53,8744,2014,0.0,0.0,,,CSK,830629
24441267,53,8745,2014,0.0,0.0,,,CSK,830630
24447793,53,8746,2014,0.0,0.0,,,CSK,830710
24454319,53,8747,2014,0.0,0.0,,,CSK,830790
24460845,53,8748,2014,0.0,0.0,,,CSK,830810
24467371,53,8749,2014,0.0,0.0,,,CSK,830820
24473897,53,8750,2014,0.0,0.0,,,CSK,830890
24480423,53,8751,2014,0.0,0.0,,,CSK,830910
24486949,53,8752,2014,0.0,0.0,,,CSK,830990
24493475,53,8753,2014,0.0,0.0,,,CSK,831000
24500001,53,8754,2014,0.0,0.0,,,CSK,831110
24506527,53,8755,2014,0.0,0.0,,,CSK,831120
24513053,53,8756,2014,0.0,0.0,,,CSK,831130
24519579,53,8757,2014,0.0,0.0,,,CSK,831190
24526105,53,8758,2014,0.0,0.0,,,CSK,840110
24532631,53,8759,2014,0.0,0.0,,,CSK,840120
24539157,53,8760,2014,0.0,0.0,,,CSK,840130
24545683,53,8761,2014,0.0,0.0,,,CSK,840140
24552209,53,8762,2014,0.0,0.0,,,CSK,840211
24558735,53,8763,2014,0.0,0.0,,,CSK,840212
24565261,53,8764,2014,0.0,0.0,,,CSK,840219
24571787,53,8765,2014,0.0,0.0,,,CSK,840220
24578313,53,8766,2014,0.0,0.0,,,CSK,840290
24584839,53,8767,2014,0.0,0.0,,,CSK,840310
24591365,53,8768,2014,0.0,0.0,,,CSK,840390
24597891,53,8769,2014,0.0,0.0,,,CSK,840410
24604417,53,8770,2014,0.0,0.0,,,CSK,840420
24610943,53,8771,2014,0.0,0.0,,,CSK,840490
24617469,53,8772,2014,0.0,0.0,,,CSK,840510
24623995,53,8773,2014,0.0,0.0,,,CSK,840590
24630521,53,8774,2014,0.0,0.0,,,CSK,840611
24637047,53,8775,2014,0.0,0.0,,,CSK,840619
24643573,53,8776,2014,0.0,0.0,,,CSK,840690
24650099,53,8777,2014,0.0,0.0,,,CSK,840710
24656625,53,8778,2014,0.0,0.0,,,CSK,840721
24663151,53,8779,2014,0.0,0.0,,,CSK,840729
24669677,53,8780,2014,0.0,0.0,,,CSK,840731
24676203,53,8781,2014,0.0,0.0,,,CSK,840732
24682729,53,8782,2014,0.0,0.0,,,CSK,840733
24689255,53,8783,2014,0.0,0.0,,,CSK,840734
24695781,53,8784,2014,0.0,0.0,,,CSK,840790
24702307,53,8785,2014,0.0,0.0,,,CSK,840810
24708833,53,8786,2014,0.0,0.0,,,CSK,840820
24715359,53,8787,2014,0.0,0.0,,,CSK,840890
24721885,53,8788,2014,0.0,0.0,,,CSK,840910
24728411,53,8789,2014,0.0,0.0,,,CSK,840991
24734937,53,8790,2014,0.0,0.0,,,CSK,840999
24741463,53,8791,2014,0.0,0.0,,,CSK,841011
24747989,53,8792,2014,0.0,0.0,,,CSK,841012
24754515,53,8793,2014,0.0,0.0,,,CSK,841013
24761041,53,8794,2014,0.0,0.0,,,CSK,841090
24767567,53,8795,2014,0.0,0.0,,,CSK,841111
24774093,53,8796,2014,0.0,0.0,,,CSK,841112
24780619,53,8797,2014,0.0,0.0,,,CSK,841121
24787145,53,8798,2014,0.0,0.0,,,CSK,841122
24793671,53,8799,2014,0.0,0.0,,,CSK,841181
24800197,53,8800,2014,0.0,0.0,,,CSK,841182
24806723,53,8801,2014,0.0,0.0,,,CSK,841191
24813249,53,8802,2014,0.0,0.0,,,CSK,841199
24819775,53,8803,2014,0.0,0.0,,,CSK,841210
24826301,53,8804,2014,0.0,0.0,,,CSK,841221
24832827,53,8805,2014,0.0,0.0,,,CSK,841229
24839353,53,8806,2014,0.0,0.0,,,CSK,841231
24845879,53,8807,2014,0.0,0.0,,,CSK,841239
24852405,53,8808,2014,0.0,0.0,,,CSK,841280
24858931,53,8809,2014,0.0,0.0,,,CSK,841290
24865457,53,8810,2014,0.0,0.0,,,CSK,841311
24871983,53,8811,2014,0.0,0.0,,,CSK,841319
24878509,53,8812,2014,0.0,0.0,,,CSK,841320
24885035,53,8813,2014,0.0,0.0,,,CSK,841330
24891561,53,8814,2014,0.0,0.0,,,CSK,841340
24898087,53,8815,2014,0.0,0.0,,,CSK,841350
24904613,53,8816,2014,0.0,0.0,,,CSK,841360
24911139,53,8817,2014,0.0,0.0,,,CSK,841370
24917665,53,8818,2014,0.0,0.0,,,CSK,841381
24924191,53,8819,2014,0.0,0.0,,,CSK,841382
24930717,53,8820,2014,0.0,0.0,,,CSK,841391
24937243,53,8821,2014,0.0,0.0,,,CSK,841392
24943769,53,8822,2014,0.0,0.0,,,CSK,841410
24950295,53,8823,2014,0.0,0.0,,,CSK,841420
24956821,53,8824,2014,0.0,0.0,,,CSK,841430
24963347,53,8825,2014,0.0,0.0,,,CSK,841440
24969873,53,8826,2014,0.0,0.0,,,CSK,841451
24976399,53,8827,2014,0.0,0.0,,,CSK,841459
24982925,53,8828,2014,0.0,0.0,,,CSK,841460
24989451,53,8829,2014,0.0,0.0,,,CSK,841480
24995977,53,8830,2014,0.0,0.0,,,CSK,841490
25002503,53,8831,2014,0.0,0.0,,,CSK,841510
25009029,53,8832,2014,0.0,0.0,,,CSK,841581
25015555,53,8833,2014,0.0,0.0,,,CSK,841582
25022081,53,8834,2014,0.0,0.0,,,CSK,841583
25028607,53,8835,2014,0.0,0.0,,,CSK,841590
25035133,53,8836,2014,0.0,0.0,,,CSK,841610
25041659,53,8837,2014,0.0,0.0,,,CSK,841620
25048185,53,8838,2014,0.0,0.0,,,CSK,841630
25054711,53,8839,2014,0.0,0.0,,,CSK,841690
25061237,53,8840,2014,0.0,0.0,,,CSK,841710
25067763,53,8841,2014,0.0,0.0,,,CSK,841720
25074289,53,8842,2014,0.0,0.0,,,CSK,841780
25080815,53,8843,2014,0.0,0.0,,,CSK,841790
25087341,53,8844,2014,0.0,0.0,,,CSK,841810
25093867,53,8845,2014,0.0,0.0,,,CSK,841821
25100393,53,8846,2014,0.0,0.0,,,CSK,841822
25106919,53,8847,2014,0.0,0.0,,,CSK,841829
25113445,53,8848,2014,0.0,0.0,,,CSK,841830
25119971,53,8849,2014,0.0,0.0,,,CSK,841840
25126497,53,8850,2014,0.0,0.0,,,CSK,841850
25133023,53,8851,2014,0.0,0.0,,,CSK,841861
25139549,53,8852,2014,0.0,0.0,,,CSK,841869
25146075,53,8853,2014,0.0,0.0,,,CSK,841891
25152601,53,8854,2014,0.0,0.0,,,CSK,841899
25159127,53,8855,2014,0.0,0.0,,,CSK,841911
25165653,53,8856,2014,0.0,0.0,,,CSK,841919
25172179,53,8857,2014,0.0,0.0,,,CSK,841920
25178705,53,8858,2014,0.0,0.0,,,CSK,841931
25185231,53,8859,2014,0.0,0.0,,,CSK,841932
25191757,53,8860,2014,0.0,0.0,,,CSK,841939
25198283,53,8861,2014,0.0,0.0,,,CSK,841940
25204809,53,8862,2014,0.0,0.0,,,CSK,841950
25211335,53,8863,2014,0.0,0.0,,,CSK,841960
25217861,53,8864,2014,0.0,0.0,,,CSK,841981
25224387,53,8865,2014,0.0,0.0,,,CSK,841989
25230913,53,8866,2014,0.0,0.0,,,CSK,841990
25237439,53,8867,2014,0.0,0.0,,,CSK,842010
25243965,53,8868,2014,0.0,0.0,,,CSK,842091
25250491,53,8869,2014,0.0,0.0,,,CSK,842099
25257017,53,8870,2014,0.0,0.0,,,CSK,842111
25263543,53,8871,2014,0.0,0.0,,,CSK,842112
25270069,53,8872,2014,0.0,0.0,,,CSK,842119
25276595,53,8873,2014,0.0,0.0,,,CSK,842121
25283121,53,8874,2014,0.0,0.0,,,CSK,842122
25289647,53,8875,2014,0.0,0.0,,,CSK,842123
25296173,53,8876,2014,0.0,0.0,,,CSK,842129
25302699,53,8877,2014,0.0,0.0,,,CSK,842131
25309225,53,8878,2014,0.0,0.0,,,CSK,842139
25315751,53,8879,2014,0.0,0.0,,,CSK,842191
25322277,53,8880,2014,0.0,0.0,,,CSK,842199
25328803,53,8881,2014,0.0,0.0,,,CSK,842211
25335329,53,8882,2014,0.0,0.0,,,CSK,842219
25341855,53,8883,2014,0.0,0.0,,,CSK,842220
25348381,53,8884,2014,0.0,0.0,,,CSK,842230
25354907,53,8885,2014,0.0,0.0,,,CSK,842240
25361433,53,8886,2014,0.0,0.0,,,CSK,842290
25367959,53,8887,2014,0.0,0.0,,,CSK,842310
25374485,53,8888,2014,0.0,0.0,,,CSK,842320
25381011,53,8889,2014,0.0,0.0,,,CSK,842330
25387537,53,8890,2014,0.0,0.0,,,CSK,842381
25394063,53,8891,2014,0.0,0.0,,,CSK,842382
25400589,53,8892,2014,0.0,0.0,,,CSK,842389
25407115,53,8893,2014,0.0,0.0,,,CSK,842390
25413641,53,8894,2014,0.0,0.0,,,CSK,842410
25420167,53,8895,2014,0.0,0.0,,,CSK,842420
25426693,53,8896,2014,0.0,0.0,,,CSK,842430
25433219,53,8897,2014,0.0,0.0,,,CSK,842481
25439745,53,8898,2014,0.0,0.0,,,CSK,842489
25446271,53,8899,2014,0.0,0.0,,,CSK,842490
25452797,53,8900,2014,0.0,0.0,,,CSK,842511
25459323,53,8901,2014,0.0,0.0,,,CSK,842519
25465849,53,8902,2014,0.0,0.0,,,CSK,842520
25472375,53,8903,2014,0.0,0.0,,,CSK,842531
25478901,53,8904,2014,0.0,0.0,,,CSK,842539
25485427,53,8905,2014,0.0,0.0,,,CSK,842541
25491953,53,8906,2014,0.0,0.0,,,CSK,842542
25498479,53,8907,2014,0.0,0.0,,,CSK,842549
25505005,53,8908,2014,0.0,0.0,,,CSK,842611
25511531,53,8909,2014,0.0,0.0,,,CSK,842612
25518057,53,8910,2014,0.0,0.0,,,CSK,842619
25524583,53,8911,2014,0.0,0.0,,,CSK,842620
25531109,53,8912,2014,0.0,0.0,,,CSK,842630
25537635,53,8913,2014,0.0,0.0,,,CSK,842641
25544161,53,8914,2014,0.0,0.0,,,CSK,842649
25550687,53,8915,2014,0.0,0.0,,,CSK,842691
25557213,53,8916,2014,0.0,0.0,,,CSK,842699
25563739,53,8917,2014,0.0,0.0,,,CSK,842710
25570265,53,8918,2014,0.0,0.0,,,CSK,842720
25576791,53,8919,2014,0.0,0.0,,,CSK,842790
25583317,53,8920,2014,0.0,0.0,,,CSK,842810
25589843,53,8921,2014,0.0,0.0,,,CSK,842820
25596369,53,8922,2014,0.0,0.0,,,CSK,842831
25602895,53,8923,2014,0.0,0.0,,,CSK,842832
25609421,53,8924,2014,0.0,0.0,,,CSK,842833
25615947,53,8925,2014,0.0,0.0,,,CSK,842839
25622473,53,8926,2014,0.0,0.0,,,CSK,842840
25628999,53,8927,2014,0.0,0.0,,,CSK,842850
25635525,53,8928,2014,0.0,0.0,,,CSK,842860
25642051,53,8929,2014,0.0,0.0,,,CSK,842890
25648577,53,8930,2014,0.0,0.0,,,CSK,842911
25655103,53,8931,2014,0.0,0.0,,,CSK,842919
25661629,53,8932,2014,0.0,0.0,,,CSK,842920
25668155,53,8933,2014,0.0,0.0,,,CSK,842930
25674681,53,8934,2014,0.0,0.0,,,CSK,842940
25681207,53,8935,2014,0.0,0.0,,,CSK,842951
25687733,53,8936,2014,0.0,0.0,,,CSK,842952
25694259,53,8937,2014,0.0,0.0,,,CSK,842959
25700785,53,8938,2014,0.0,0.0,,,CSK,843010
25707311,53,8939,2014,0.0,0.0,,,CSK,843020
25713837,53,8940,2014,0.0,0.0,,,CSK,843031
25720363,53,8941,2014,0.0,0.0,,,CSK,843039
25726889,53,8942,2014,0.0,0.0,,,CSK,843041
25733415,53,8943,2014,0.0,0.0,,,CSK,843049
25739941,53,8944,2014,0.0,0.0,,,CSK,843050
25746467,53,8945,2014,0.0,0.0,,,CSK,843061
25752993,53,8946,2014,0.0,0.0,,,CSK,843062
25759519,53,8947,2014,0.0,0.0,,,CSK,843069
25766045,53,8948,2014,0.0,0.0,,,CSK,843110
25772571,53,8949,2014,0.0,0.0,,,CSK,843120
25779097,53,8950,2014,0.0,0.0,,,CSK,843131
25785623,53,8951,2014,0.0,0.0,,,CSK,843139
25792149,53,8952,2014,0.0,0.0,,,CSK,843141
25798675,53,8953,2014,0.0,0.0,,,CSK,843142
25805201,53,8954,2014,0.0,0.0,,,CSK,843143
25811727,53,8955,2014,0.0,0.0,,,CSK,843149
25818253,53,8956,2014,0.0,0.0,,,CSK,843210
25824779,53,8957,2014,0.0,0.0,,,CSK,843221
25831305,53,8958,2014,0.0,0.0,,,CSK,843229
25837831,53,8959,2014,0.0,0.0,,,CSK,843230
25844357,53,8960,2014,0.0,0.0,,,CSK,843240
25850883,53,8961,2014,0.0,0.0,,,CSK,843280
25857409,53,8962,2014,0.0,0.0,,,CSK,843290
25863935,53,8963,2014,0.0,0.0,,,CSK,843311
25870461,53,8964,2014,0.0,0.0,,,CSK,843319
25876987,53,8965,2014,0.0,0.0,,,CSK,843320
25883513,53,8966,2014,0.0,0.0,,,CSK,843330
25890039,53,8967,2014,0.0,0.0,,,CSK,843340
25896565,53,8968,2014,0.0,0.0,,,CSK,843351
25903091,53,8969,2014,0.0,0.0,,,CSK,843352
25909617,53,8970,2014,0.0,0.0,,,CSK,843353
25916143,53,8971,2014,0.0,0.0,,,CSK,843359
25922669,53,8972,2014,0.0,0.0,,,CSK,843360
25929195,53,8973,2014,0.0,0.0,,,CSK,843390
25935721,53,8974,2014,0.0,0.0,,,CSK,843410
25942247,53,8975,2014,0.0,0.0,,,CSK,843420
25948773,53,8976,2014,0.0,0.0,,,CSK,843490
25955299,53,8977,2014,0.0,0.0,,,CSK,843510
25961825,53,8978,2014,0.0,0.0,,,CSK,843590
25968351,53,8979,2014,0.0,0.0,,,CSK,843610
25974877,53,8980,2014,0.0,0.0,,,CSK,843621
25981403,53,8981,2014,0.0,0.0,,,CSK,843629
25987929,53,8982,2014,0.0,0.0,,,CSK,843680
25994455,53,8983,2014,0.0,0.0,,,CSK,843691
26000981,53,8984,2014,0.0,0.0,,,CSK,843699
26007507,53,8985,2014,0.0,0.0,,,CSK,843710
26014033,53,8986,2014,0.0,0.0,,,CSK,843780
26020559,53,8987,2014,0.0,0.0,,,CSK,843790
26027085,53,8988,2014,0.0,0.0,,,CSK,843810
26033611,53,8989,2014,0.0,0.0,,,CSK,843820
26040137,53,8990,2014,0.0,0.0,,,CSK,843830
26046663,53,8991,2014,0.0,0.0,,,CSK,843840
26053189,53,8992,2014,0.0,0.0,,,CSK,843850
26059715,53,8993,2014,0.0,0.0,,,CSK,843860
26066241,53,8994,2014,0.0,0.0,,,CSK,843880
26072767,53,8995,2014,0.0,0.0,,,CSK,843890
26079293,53,8996,2014,0.0,0.0,,,CSK,843910
26085819,53,8997,2014,0.0,0.0,,,CSK,843920
26092345,53,8998,2014,0.0,0.0,,,CSK,843930
26098871,53,8999,2014,0.0,0.0,,,CSK,843991
26105397,53,9000,2014,0.0,0.0,,,CSK,843999
26111923,53,9001,2014,0.0,0.0,,,CSK,844010
26118449,53,9002,2014,0.0,0.0,,,CSK,844090
26124975,53,9003,2014,0.0,0.0,,,CSK,844110
26131501,53,9004,2014,0.0,0.0,,,CSK,844120
26138027,53,9005,2014,0.0,0.0,,,CSK,844130
26144553,53,9006,2014,0.0,0.0,,,CSK,844140
26151079,53,9007,2014,0.0,0.0,,,CSK,844180
26157605,53,9008,2014,0.0,0.0,,,CSK,844190
26164131,53,9009,2014,0.0,0.0,,,CSK,844210
26170657,53,9010,2014,0.0,0.0,,,CSK,844220
26177183,53,9011,2014,0.0,0.0,,,CSK,844230
26183709,53,9012,2014,0.0,0.0,,,CSK,844240
26190235,53,9013,2014,0.0,0.0,,,CSK,844250
26196761,53,9014,2014,0.0,0.0,,,CSK,844311
26203287,53,9015,2014,0.0,0.0,,,CSK,844312
26209813,53,9016,2014,0.0,0.0,,,CSK,844319
26216339,53,9017,2014,0.0,0.0,,,CSK,844321
26222865,53,9018,2014,0.0,0.0,,,CSK,844329
26229391,53,9019,2014,0.0,0.0,,,CSK,844330
26235917,53,9020,2014,0.0,0.0,,,CSK,844340
26242443,53,9021,2014,0.0,0.0,,,CSK,844350
26248969,53,9022,2014,0.0,0.0,,,CSK,844360
26255495,53,9023,2014,0.0,0.0,,,CSK,844390
26262021,53,9024,2014,0.0,0.0,,,CSK,844400
26268547,53,9025,2014,0.0,0.0,,,CSK,844511
26275073,53,9026,2014,0.0,0.0,,,CSK,844512
26281599,53,9027,2014,0.0,0.0,,,CSK,844513
26288125,53,9028,2014,0.0,0.0,,,CSK,844519
26294651,53,9029,2014,0.0,0.0,,,CSK,844520
26301177,53,9030,2014,0.0,0.0,,,CSK,844530
26307703,53,9031,2014,0.0,0.0,,,CSK,844540
26314229,53,9032,2014,0.0,0.0,,,CSK,844590
26320755,53,9033,2014,0.0,0.0,,,CSK,844610
26327281,53,9034,2014,0.0,0.0,,,CSK,844621
26333807,53,9035,2014,0.0,0.0,,,CSK,844629
26340333,53,9036,2014,0.0,0.0,,,CSK,844630
26346859,53,9037,2014,0.0,0.0,,,CSK,844711
26353385,53,9038,2014,0.0,0.0,,,CSK,844712
26359911,53,9039,2014,0.0,0.0,,,CSK,844720
26366437,53,9040,2014,0.0,0.0,,,CSK,844790
26372963,53,9041,2014,0.0,0.0,,,CSK,844811
26379489,53,9042,2014,0.0,0.0,,,CSK,844819
26386015,53,9043,2014,0.0,0.0,,,CSK,844820
26392541,53,9044,2014,0.0,0.0,,,CSK,844831
26399067,53,9045,2014,0.0,0.0,,,CSK,844832
26405593,53,9046,2014,0.0,0.0,,,CSK,844833
26412119,53,9047,2014,0.0,0.0,,,CSK,844839
26418645,53,9048,2014,0.0,0.0,,,CSK,844841
26425171,53,9049,2014,0.0,0.0,,,CSK,844842
26431697,53,9050,2014,0.0,0.0,,,CSK,844849
26438223,53,9051,2014,0.0,0.0,,,CSK,844851
26444749,53,9052,2014,0.0,0.0,,,CSK,844859
26451275,53,9053,2014,0.0,0.0,,,CSK,844900
26457801,53,9054,2014,0.0,0.0,,,CSK,845011
26464327,53,9055,2014,0.0,0.0,,,CSK,845012
26470853,53,9056,2014,0.0,0.0,,,CSK,845019
26477379,53,9057,2014,0.0,0.0,,,CSK,845020
26483905,53,9058,2014,0.0,0.0,,,CSK,845090
26490431,53,9059,2014,0.0,0.0,,,CSK,845110
26496957,53,9060,2014,0.0,0.0,,,CSK,845121
26503483,53,9061,2014,0.0,0.0,,,CSK,845129
26510009,53,9062,2014,0.0,0.0,,,CSK,845130
26516535,53,9063,2014,0.0,0.0,,,CSK,845140
26523061,53,9064,2014,0.0,0.0,,,CSK,845150
26529587,53,9065,2014,0.0,0.0,,,CSK,845180
26536113,53,9066,2014,0.0,0.0,,,CSK,845190
26542639,53,9067,2014,0.0,0.0,,,CSK,845210
26549165,53,9068,2014,0.0,0.0,,,CSK,845221
26555691,53,9069,2014,0.0,0.0,,,CSK,845229
26562217,53,9070,2014,0.0,0.0,,,CSK,845230
26568743,53,9071,2014,0.0,0.0,,,CSK,845240
26575269,53,9072,2014,0.0,0.0,,,CSK,845290
26581795,53,9073,2014,0.0,0.0,,,CSK,845310
26588321,53,9074,2014,0.0,0.0,,,CSK,845320
26594847,53,9075,2014,0.0,0.0,,,CSK,845380
26601373,53,9076,2014,0.0,0.0,,,CSK,845390
26607899,53,9077,2014,0.0,0.0,,,CSK,845410
26614425,53,9078,2014,0.0,0.0,,,CSK,845420
26620951,53,9079,2014,0.0,0.0,,,CSK,845430
26627477,53,9080,2014,0.0,0.0,,,CSK,845490
26634003,53,9081,2014,0.0,0.0,,,CSK,845510
26640529,53,9082,2014,0.0,0.0,,,CSK,845521
26647055,53,9083,2014,0.0,0.0,,,CSK,845522
26653581,53,9084,2014,0.0,0.0,,,CSK,845530
26660107,53,9085,2014,0.0,0.0,,,CSK,845590
26666633,53,9086,2014,0.0,0.0,,,CSK,845610
26673159,53,9087,2014,0.0,0.0,,,CSK,845620
26679685,53,9088,2014,0.0,0.0,,,CSK,845630
26686211,53,9089,2014,0.0,0.0,,,CSK,845690
26692737,53,9090,2014,0.0,0.0,,,CSK,845710
26699263,53,9091,2014,0.0,0.0,,,CSK,845720
26705789,53,9092,2014,0.0,0.0,,,CSK,845730
26712315,53,9093,2014,0.0,0.0,,,CSK,845811
26718841,53,9094,2014,0.0,0.0,,,CSK,845819
26725367,53,9095,2014,0.0,0.0,,,CSK,845891
26731893,53,9096,2014,0.0,0.0,,,CSK,845899
26738419,53,9097,2014,0.0,0.0,,,CSK,845910
26744945,53,9098,2014,0.0,0.0,,,CSK,845921
26751471,53,9099,2014,0.0,0.0,,,CSK,845929
26757997,53,9100,2014,0.0,0.0,,,CSK,845931
26764523,53,9101,2014,0.0,0.0,,,CSK,845939
26771049,53,9102,2014,0.0,0.0,,,CSK,845940
26777575,53,9103,2014,0.0,0.0,,,CSK,845951
26784101,53,9104,2014,0.0,0.0,,,CSK,845959
26790627,53,9105,2014,0.0,0.0,,,CSK,845961
26797153,53,9106,2014,0.0,0.0,,,CSK,845969
26803679,53,9107,2014,0.0,0.0,,,CSK,845970
26810205,53,9108,2014,0.0,0.0,,,CSK,846011
26816731,53,9109,2014,0.0,0.0,,,CSK,846019
26823257,53,9110,2014,0.0,0.0,,,CSK,846021
26829783,53,9111,2014,0.0,0.0,,,CSK,846029
26836309,53,9112,2014,0.0,0.0,,,CSK,846031
26842835,53,9113,2014,0.0,0.0,,,CSK,846039
26849361,53,9114,2014,0.0,0.0,,,CSK,846040
26855887,53,9115,2014,0.0,0.0,,,CSK,846090
26862413,53,9116,2014,0.0,0.0,,,CSK,846110
26868939,53,9117,2014,0.0,0.0,,,CSK,846120
26875465,53,9118,2014,0.0,0.0,,,CSK,846130
26881991,53,9119,2014,0.0,0.0,,,CSK,846140
26888517,53,9120,2014,0.0,0.0,,,CSK,846150
26895043,53,9121,2014,0.0,0.0,,,CSK,846190
26901569,53,9122,2014,0.0,0.0,,,CSK,846210
26908095,53,9123,2014,0.0,0.0,,,CSK,846221
26914621,53,9124,2014,0.0,0.0,,,CSK,846229
26921147,53,9125,2014,0.0,0.0,,,CSK,846231
26927673,53,9126,2014,0.0,0.0,,,CSK,846239
26934199,53,9127,2014,0.0,0.0,,,CSK,846241
26940725,53,9128,2014,0.0,0.0,,,CSK,846249
26947251,53,9129,2014,0.0,0.0,,,CSK,846291
26953777,53,9130,2014,0.0,0.0,,,CSK,846299
26960303,53,9131,2014,0.0,0.0,,,CSK,846310
26966829,53,9132,2014,0.0,0.0,,,CSK,846320
26973355,53,9133,2014,0.0,0.0,,,CSK,846330
26979881,53,9134,2014,0.0,0.0,,,CSK,846390
26986407,53,9135,2014,0.0,0.0,,,CSK,846410
26992933,53,9136,2014,0.0,0.0,,,CSK,846420
26999459,53,9137,2014,0.0,0.0,,,CSK,846490
27005985,53,9138,2014,0.0,0.0,,,CSK,846510
27012511,53,9139,2014,0.0,0.0,,,CSK,846591
27019037,53,9140,2014,0.0,0.0,,,CSK,846592
27025563,53,9141,2014,0.0,0.0,,,CSK,846593
27032089,53,9142,2014,0.0,0.0,,,CSK,846594
27038615,53,9143,2014,0.0,0.0,,,CSK,846595
27045141,53,9144,2014,0.0,0.0,,,CSK,846596
27051667,53,9145,2014,0.0,0.0,,,CSK,846599
27058193,53,9146,2014,0.0,0.0,,,CSK,846610
27064719,53,9147,2014,0.0,0.0,,,CSK,846620
27071245,53,9148,2014,0.0,0.0,,,CSK,846630
27077771,53,9149,2014,0.0,0.0,,,CSK,846691
27084297,53,9150,2014,0.0,0.0,,,CSK,846692
27090823,53,9151,2014,0.0,0.0,,,CSK,846693
27097349,53,9152,2014,0.0,0.0,,,CSK,846694
27103875,53,9153,2014,0.0,0.0,,,CSK,846711
27110401,53,9154,2014,0.0,0.0,,,CSK,846719
27116927,53,9155,2014,0.0,0.0,,,CSK,846781
27123453,53,9156,2014,0.0,0.0,,,CSK,846789
27129979,53,9157,2014,0.0,0.0,,,CSK,846791
27136505,53,9158,2014,0.0,0.0,,,CSK,846792
27143031,53,9159,2014,0.0,0.0,,,CSK,846799
27149557,53,9160,2014,0.0,0.0,,,CSK,846810
27156083,53,9161,2014,0.0,0.0,,,CSK,846820
27162609,53,9162,2014,0.0,0.0,,,CSK,846880
27169135,53,9163,2014,0.0,0.0,,,CSK,846890
27175661,53,9164,2014,0.0,0.0,,,CSK,846910
27182187,53,9165,2014,0.0,0.0,,,CSK,846921
27188713,53,9166,2014,0.0,0.0,,,CSK,846929
27195239,53,9167,2014,0.0,0.0,,,CSK,846931
27201765,53,9168,2014,0.0,0.0,,,CSK,846939
27208291,53,9169,2014,0.0,0.0,,,CSK,847010
27214817,53,9170,2014,0.0,0.0,,,CSK,847021
27221343,53,9171,2014,0.0,0.0,,,CSK,847029
27227869,53,9172,2014,0.0,0.0,,,CSK,847030
27234395,53,9173,2014,0.0,0.0,,,CSK,847040
27240921,53,9174,2014,0.0,0.0,,,CSK,847050
27247447,53,9175,2014,0.0,0.0,,,CSK,847090
27253973,53,9176,2014,0.0,0.0,,,CSK,847110
27260499,53,9177,2014,0.0,0.0,,,CSK,847120
27267025,53,9178,2014,0.0,0.0,,,CSK,847191
27273551,53,9179,2014,0.0,0.0,,,CSK,847192
27280077,53,9180,2014,0.0,0.0,,,CSK,847193
27286603,53,9181,2014,0.0,0.0,,,CSK,847199
27293129,53,9182,2014,0.0,0.0,,,CSK,847210
27299655,53,9183,2014,0.0,0.0,,,CSK,847220
27306181,53,9184,2014,0.0,0.0,,,CSK,847230
27312707,53,9185,2014,0.0,0.0,,,CSK,847290
27319233,53,9186,2014,0.0,0.0,,,CSK,847310
27325759,53,9187,2014,0.0,0.0,,,CSK,847321
27332285,53,9188,2014,0.0,0.0,,,CSK,847329
27338811,53,9189,2014,0.0,0.0,,,CSK,847330
27345337,53,9190,2014,0.0,0.0,,,CSK,847340
27351863,53,9191,2014,0.0,0.0,,,CSK,847410
27358389,53,9192,2014,0.0,0.0,,,CSK,847420
27364915,53,9193,2014,0.0,0.0,,,CSK,847431
27371441,53,9194,2014,0.0,0.0,,,CSK,847432
27377967,53,9195,2014,0.0,0.0,,,CSK,847439
27384493,53,9196,2014,0.0,0.0,,,CSK,847480
27391019,53,9197,2014,0.0,0.0,,,CSK,847490
27397545,53,9198,2014,0.0,0.0,,,CSK,847510
27404071,53,9199,2014,0.0,0.0,,,CSK,847520
27410597,53,9200,2014,0.0,0.0,,,CSK,847590
27417123,53,9201,2014,0.0,0.0,,,CSK,847611
27423649,53,9202,2014,0.0,0.0,,,CSK,847619
27430175,53,9203,2014,0.0,0.0,,,CSK,847690
27436701,53,9204,2014,0.0,0.0,,,CSK,847710
27443227,53,9205,2014,0.0,0.0,,,CSK,847720
27449753,53,9206,2014,0.0,0.0,,,CSK,847730
27456279,53,9207,2014,0.0,0.0,,,CSK,847740
27462805,53,9208,2014,0.0,0.0,,,CSK,847751
27469331,53,9209,2014,0.0,0.0,,,CSK,847759
27475857,53,9210,2014,0.0,0.0,,,CSK,847780
27482383,53,9211,2014,0.0,0.0,,,CSK,847790
27488909,53,9212,2014,0.0,0.0,,,CSK,847810
27495435,53,9213,2014,0.0,0.0,,,CSK,847890
27501961,53,9214,2014,0.0,0.0,,,CSK,847910
27508487,53,9215,2014,0.0,0.0,,,CSK,847920
27515013,53,9216,2014,0.0,0.0,,,CSK,847930
27521539,53,9217,2014,0.0,0.0,,,CSK,847940
27528065,53,9218,2014,0.0,0.0,,,CSK,847981
27534591,53,9219,2014,0.0,0.0,,,CSK,847982
27541117,53,9220,2014,0.0,0.0,,,CSK,847989
27547643,53,9221,2014,0.0,0.0,,,CSK,847990
27554169,53,9222,2014,0.0,0.0,,,CSK,848010
27560695,53,9223,2014,0.0,0.0,,,CSK,848020
27567221,53,9224,2014,0.0,0.0,,,CSK,848030
27573747,53,9225,2014,0.0,0.0,,,CSK,848041
27580273,53,9226,2014,0.0,0.0,,,CSK,848049
27586799,53,9227,2014,0.0,0.0,,,CSK,848050
27593325,53,9228,2014,0.0,0.0,,,CSK,848060
27599851,53,9229,2014,0.0,0.0,,,CSK,848071
27606377,53,9230,2014,0.0,0.0,,,CSK,848079
27612903,53,9231,2014,0.0,0.0,,,CSK,848110
27619429,53,9232,2014,0.0,0.0,,,CSK,848120
27625955,53,9233,2014,0.0,0.0,,,CSK,848130
27632481,53,9234,2014,0.0,0.0,,,CSK,848140
27639007,53,9235,2014,0.0,0.0,,,CSK,848180
27645533,53,9236,2014,0.0,0.0,,,CSK,848190
27652059,53,9237,2014,0.0,0.0,,,CSK,848210
27658585,53,9238,2014,0.0,0.0,,,CSK,848220
27665111,53,9239,2014,0.0,0.0,,,CSK,848230
27671637,53,9240,2014,0.0,0.0,,,CSK,848240
27678163,53,9241,2014,0.0,0.0,,,CSK,848250
27684689,53,9242,2014,0.0,0.0,,,CSK,848280
27691215,53,9243,2014,0.0,0.0,,,CSK,848291
27697741,53,9244,2014,0.0,0.0,,,CSK,848299
27704267,53,9245,2014,0.0,0.0,,,CSK,848310
27710793,53,9246,2014,0.0,0.0,,,CSK,848320
27717319,53,9247,2014,0.0,0.0,,,CSK,848330
27723845,53,9248,2014,0.0,0.0,,,CSK,848340
27730371,53,9249,2014,0.0,0.0,,,CSK,848350
27736897,53,9250,2014,0.0,0.0,,,CSK,848360
27743423,53,9251,2014,0.0,0.0,,,CSK,848390
27749949,53,9252,2014,0.0,0.0,,,CSK,848410
27756475,53,9253,2014,0.0,0.0,,,CSK,848490
27763001,53,9254,2014,0.0,0.0,,,CSK,848510
27769527,53,9255,2014,0.0,0.0,,,CSK,848590
27776053,53,9256,2014,0.0,0.0,,,CSK,850110
27782579,53,9257,2014,0.0,0.0,,,CSK,850120
27789105,53,9258,2014,0.0,0.0,,,CSK,850131
27795631,53,9259,2014,0.0,0.0,,,CSK,850132
27802157,53,9260,2014,0.0,0.0,,,CSK,850133
27808683,53,9261,2014,0.0,0.0,,,CSK,850134
27815209,53,9262,2014,0.0,0.0,,,CSK,850140
27821735,53,9263,2014,0.0,0.0,,,CSK,850151
27828261,53,9264,2014,0.0,0.0,,,CSK,850152
27834787,53,9265,2014,0.0,0.0,,,CSK,850153
27841313,53,9266,2014,0.0,0.0,,,CSK,850161
27847839,53,9267,2014,0.0,0.0,,,CSK,850162
27854365,53,9268,2014,0.0,0.0,,,CSK,850163
27860891,53,9269,2014,0.0,0.0,,,CSK,850164
27867417,53,9270,2014,0.0,0.0,,,CSK,850211
27873943,53,9271,2014,0.0,0.0,,,CSK,850212
27880469,53,9272,2014,0.0,0.0,,,CSK,850213
27886995,53,9273,2014,0.0,0.0,,,CSK,850220
27893521,53,9274,2014,0.0,0.0,,,CSK,850230
27900047,53,9275,2014,0.0,0.0,,,CSK,850240
27906573,53,9276,2014,0.0,0.0,,,CSK,850300
27913099,53,9277,2014,0.0,0.0,,,CSK,850410
27919625,53,9278,2014,0.0,0.0,,,CSK,850421
27926151,53,9279,2014,0.0,0.0,,,CSK,850422
27932677,53,9280,2014,0.0,0.0,,,CSK,850423
27939203,53,9281,2014,0.0,0.0,,,CSK,850431
27945729,53,9282,2014,0.0,0.0,,,CSK,850432
27952255,53,9283,2014,0.0,0.0,,,CSK,850433
27958781,53,9284,2014,0.0,0.0,,,CSK,850434
27965307,53,9285,2014,0.0,0.0,,,CSK,850440
27971833,53,9286,2014,0.0,0.0,,,CSK,850450
27978359,53,9287,2014,0.0,0.0,,,CSK,850490
27984885,53,9288,2014,0.0,0.0,,,CSK,850511
27991411,53,9289,2014,0.0,0.0,,,CSK,850519
27997937,53,9290,2014,0.0,0.0,,,CSK,850520
28004463,53,9291,2014,0.0,0.0,,,CSK,850530
28010989,53,9292,2014,0.0,0.0,,,CSK,850590
28017515,53,9293,2014,0.0,0.0,,,CSK,850611
28024041,53,9294,2014,0.0,0.0,,,CSK,850612
28030567,53,9295,2014,0.0,0.0,,,CSK,850613
28037093,53,9296,2014,0.0,0.0,,,CSK,850619
28043619,53,9297,2014,0.0,0.0,,,CSK,850620
28050145,53,9298,2014,0.0,0.0,,,CSK,850690
28056671,53,9299,2014,0.0,0.0,,,CSK,850710
28063197,53,9300,2014,0.0,0.0,,,CSK,850720
28069723,53,9301,2014,0.0,0.0,,,CSK,850730
28076249,53,9302,2014,0.0,0.0,,,CSK,850740
28082775,53,9303,2014,0.0,0.0,,,CSK,850780
28089301,53,9304,2014,0.0,0.0,,,CSK,850790
28095827,53,9305,2014,0.0,0.0,,,CSK,850810
28102353,53,9306,2014,0.0,0.0,,,CSK,850820
28108879,53,9307,2014,0.0,0.0,,,CSK,850880
28115405,53,9308,2014,0.0,0.0,,,CSK,850890
28121931,53,9309,2014,0.0,0.0,,,CSK,850910
28128457,53,9310,2014,0.0,0.0,,,CSK,850920
28134983,53,9311,2014,0.0,0.0,,,CSK,850930
28141509,53,9312,2014,0.0,0.0,,,CSK,850940
28148035,53,9313,2014,0.0,0.0,,,CSK,850980
28154561,53,9314,2014,0.0,0.0,,,CSK,850990
28161087,53,9315,2014,0.0,0.0,,,CSK,851010
28167613,53,9316,2014,0.0,0.0,,,CSK,851020
28174139,53,9317,2014,0.0,0.0,,,CSK,851090
28180665,53,9318,2014,0.0,0.0,,,CSK,851110
28187191,53,9319,2014,0.0,0.0,,,CSK,851120
28193717,53,9320,2014,0.0,0.0,,,CSK,851130
28200243,53,9321,2014,0.0,0.0,,,CSK,851140
28206769,53,9322,2014,0.0,0.0,,,CSK,851150
28213295,53,9323,2014,0.0,0.0,,,CSK,851180
28219821,53,9324,2014,0.0,0.0,,,CSK,851190
28226347,53,9325,2014,0.0,0.0,,,CSK,851210
28232873,53,9326,2014,0.0,0.0,,,CSK,851220
28239399,53,9327,2014,0.0,0.0,,,CSK,851230
28245925,53,9328,2014,0.0,0.0,,,CSK,851240
28252451,53,9329,2014,0.0,0.0,,,CSK,851290
28258977,53,9330,2014,0.0,0.0,,,CSK,851310
28265503,53,9331,2014,0.0,0.0,,,CSK,851390
28272029,53,9332,2014,0.0,0.0,,,CSK,851410
28278555,53,9333,2014,0.0,0.0,,,CSK,851420
28285081,53,9334,2014,0.0,0.0,,,CSK,851430
28291607,53,9335,2014,0.0,0.0,,,CSK,851440
28298133,53,9336,2014,0.0,0.0,,,CSK,851490
28304659,53,9337,2014,0.0,0.0,,,CSK,851511
28311185,53,9338,2014,0.0,0.0,,,CSK,851519
28317711,53,9339,2014,0.0,0.0,,,CSK,851521
28324237,53,9340,2014,0.0,0.0,,,CSK,851529
28330763,53,9341,2014,0.0,0.0,,,CSK,851531
28337289,53,9342,2014,0.0,0.0,,,CSK,851539
28343815,53,9343,2014,0.0,0.0,,,CSK,851580
28350341,53,9344,2014,0.0,0.0,,,CSK,851590
28356867,53,9345,2014,0.0,0.0,,,CSK,851610
28363393,53,9346,2014,0.0,0.0,,,CSK,851621
28369919,53,9347,2014,0.0,0.0,,,CSK,851629
28376445,53,9348,2014,0.0,0.0,,,CSK,851631
28382971,53,9349,2014,0.0,0.0,,,CSK,851632
28389497,53,9350,2014,0.0,0.0,,,CSK,851633
28396023,53,9351,2014,0.0,0.0,,,CSK,851640
28402549,53,9352,2014,0.0,0.0,,,CSK,851650
28409075,53,9353,2014,0.0,0.0,,,CSK,851660
28415601,53,9354,2014,0.0,0.0,,,CSK,851671
28422127,53,9355,2014,0.0,0.0,,,CSK,851672
28428653,53,9356,2014,0.0,0.0,,,CSK,851679
28435179,53,9357,2014,0.0,0.0,,,CSK,851680
28441705,53,9358,2014,0.0,0.0,,,CSK,851690
28448231,53,9359,2014,0.0,0.0,,,CSK,851710
28454757,53,9360,2014,0.0,0.0,,,CSK,851720
28461283,53,9361,2014,0.0,0.0,,,CSK,851730
28467809,53,9362,2014,0.0,0.0,,,CSK,851740
28474335,53,9363,2014,0.0,0.0,,,CSK,851781
28480861,53,9364,2014,0.0,0.0,,,CSK,851782
28487387,53,9365,2014,0.0,0.0,,,CSK,851790
28493913,53,9366,2014,0.0,0.0,,,CSK,851810
28500439,53,9367,2014,0.0,0.0,,,CSK,851821
28506965,53,9368,2014,0.0,0.0,,,CSK,851822
28513491,53,9369,2014,0.0,0.0,,,CSK,851829
28520017,53,9370,2014,0.0,0.0,,,CSK,851830
28526543,53,9371,2014,0.0,0.0,,,CSK,851840
28533069,53,9372,2014,0.0,0.0,,,CSK,851850
28539595,53,9373,2014,0.0,0.0,,,CSK,851890
28546121,53,9374,2014,0.0,0.0,,,CSK,851910
28552647,53,9375,2014,0.0,0.0,,,CSK,851921
28559173,53,9376,2014,0.0,0.0,,,CSK,851929
28565699,53,9377,2014,0.0,0.0,,,CSK,851931
28572225,53,9378,2014,0.0,0.0,,,CSK,851939
28578751,53,9379,2014,0.0,0.0,,,CSK,851940
28585277,53,9380,2014,0.0,0.0,,,CSK,851991
28591803,53,9381,2014,0.0,0.0,,,CSK,851999
28598329,53,9382,2014,0.0,0.0,,,CSK,852010
28604855,53,9383,2014,0.0,0.0,,,CSK,852020
28611381,53,9384,2014,0.0,0.0,,,CSK,852031
28617907,53,9385,2014,0.0,0.0,,,CSK,852039
28624433,53,9386,2014,0.0,0.0,,,CSK,852090
28630959,53,9387,2014,0.0,0.0,,,CSK,852110
28637485,53,9388,2014,0.0,0.0,,,CSK,852190
28644011,53,9389,2014,0.0,0.0,,,CSK,852210
28650537,53,9390,2014,0.0,0.0,,,CSK,852290
28657063,53,9391,2014,0.0,0.0,,,CSK,852311
28663589,53,9392,2014,0.0,0.0,,,CSK,852312
28670115,53,9393,2014,0.0,0.0,,,CSK,852313
28676641,53,9394,2014,0.0,0.0,,,CSK,852320
28683167,53,9395,2014,0.0,0.0,,,CSK,852390
28689693,53,9396,2014,0.0,0.0,,,CSK,852410
28696219,53,9397,2014,0.0,0.0,,,CSK,852421
28702745,53,9398,2014,0.0,0.0,,,CSK,852422
28709271,53,9399,2014,0.0,0.0,,,CSK,852423
28715797,53,9400,2014,0.0,0.0,,,CSK,852490
28722323,53,9401,2014,0.0,0.0,,,CSK,852510
28728849,53,9402,2014,0.0,0.0,,,CSK,852520
28735375,53,9403,2014,0.0,0.0,,,CSK,852530
28741901,53,9404,2014,0.0,0.0,,,CSK,852610
28748427,53,9405,2014,0.0,0.0,,,CSK,852691
28754953,53,9406,2014,0.0,0.0,,,CSK,852692
28761479,53,9407,2014,0.0,0.0,,,CSK,852711
28768005,53,9408,2014,0.0,0.0,,,CSK,852719
28774531,53,9409,2014,0.0,0.0,,,CSK,852721
28781057,53,9410,2014,0.0,0.0,,,CSK,852729
28787583,53,9411,2014,0.0,0.0,,,CSK,852731
28794109,53,9412,2014,0.0,0.0,,,CSK,852732
28800635,53,9413,2014,0.0,0.0,,,CSK,852739
28807161,53,9414,2014,0.0,0.0,,,CSK,852790
28813687,53,9415,2014,0.0,0.0,,,CSK,852810
28820213,53,9416,2014,0.0,0.0,,,CSK,852820
28826739,53,9417,2014,0.0,0.0,,,CSK,852910
28833265,53,9418,2014,0.0,0.0,,,CSK,852990
28839791,53,9419,2014,0.0,0.0,,,CSK,853010
28846317,53,9420,2014,0.0,0.0,,,CSK,853080
28852843,53,9421,2014,0.0,0.0,,,CSK,853090
28859369,53,9422,2014,0.0,0.0,,,CSK,853110
28865895,53,9423,2014,0.0,0.0,,,CSK,853120
28872421,53,9424,2014,0.0,0.0,,,CSK,853180
28878947,53,9425,2014,0.0,0.0,,,CSK,853190
28885473,53,9426,2014,0.0,0.0,,,CSK,853210
28891999,53,9427,2014,0.0,0.0,,,CSK,853221
28898525,53,9428,2014,0.0,0.0,,,CSK,853222
28905051,53,9429,2014,0.0,0.0,,,CSK,853223
28911577,53,9430,2014,0.0,0.0,,,CSK,853224
28918103,53,9431,2014,0.0,0.0,,,CSK,853225
28924629,53,9432,2014,0.0,0.0,,,CSK,853229
28931155,53,9433,2014,0.0,0.0,,,CSK,853230
28937681,53,9434,2014,0.0,0.0,,,CSK,853290
28944207,53,9435,2014,0.0,0.0,,,CSK,853310
28950733,53,9436,2014,0.0,0.0,,,CSK,853321
28957259,53,9437,2014,0.0,0.0,,,CSK,853329
28963785,53,9438,2014,0.0,0.0,,,CSK,853331
28970311,53,9439,2014,0.0,0.0,,,CSK,853339
28976837,53,9440,2014,0.0,0.0,,,CSK,853340
28983363,53,9441,2014,0.0,0.0,,,CSK,853390
28989889,53,9442,2014,0.0,0.0,,,CSK,853400
28996415,53,9443,2014,0.0,0.0,,,CSK,853510
29002941,53,9444,2014,0.0,0.0,,,CSK,853521
29009467,53,9445,2014,0.0,0.0,,,CSK,853529
29015993,53,9446,2014,0.0,0.0,,,CSK,853530
29022519,53,9447,2014,0.0,0.0,,,CSK,853540
29029045,53,9448,2014,0.0,0.0,,,CSK,853590
29035571,53,9449,2014,0.0,0.0,,,CSK,853610
29042097,53,9450,2014,0.0,0.0,,,CSK,853620
29048623,53,9451,2014,0.0,0.0,,,CSK,853630
29055149,53,9452,2014,0.0,0.0,,,CSK,853641
29061675,53,9453,2014,0.0,0.0,,,CSK,853649
29068201,53,9454,2014,0.0,0.0,,,CSK,853650
29074727,53,9455,2014,0.0,0.0,,,CSK,853661
29081253,53,9456,2014,0.0,0.0,,,CSK,853669
29087779,53,9457,2014,0.0,0.0,,,CSK,853690
29094305,53,9458,2014,0.0,0.0,,,CSK,853710
29100831,53,9459,2014,0.0,0.0,,,CSK,853720
29107357,53,9460,2014,0.0,0.0,,,CSK,853810
29113883,53,9461,2014,0.0,0.0,,,CSK,853890
29120409,53,9462,2014,0.0,0.0,,,CSK,853910
29126935,53,9463,2014,0.0,0.0,,,CSK,853921
29133461,53,9464,2014,0.0,0.0,,,CSK,853922
29139987,53,9465,2014,0.0,0.0,,,CSK,853929
29146513,53,9466,2014,0.0,0.0,,,CSK,853931
29153039,53,9467,2014,0.0,0.0,,,CSK,853939
29159565,53,9468,2014,0.0,0.0,,,CSK,853940
29166091,53,9469,2014,0.0,0.0,,,CSK,853990
29172617,53,9470,2014,0.0,0.0,,,CSK,854011
29179143,53,9471,2014,0.0,0.0,,,CSK,854012
29185669,53,9472,2014,0.0,0.0,,,CSK,854020
29192195,53,9473,2014,0.0,0.0,,,CSK,854030
29198721,53,9474,2014,0.0,0.0,,,CSK,854041
29205247,53,9475,2014,0.0,0.0,,,CSK,854042
29211773,53,9476,2014,0.0,0.0,,,CSK,854049
29218299,53,9477,2014,0.0,0.0,,,CSK,854081
29224825,53,9478,2014,0.0,0.0,,,CSK,854089
29231351,53,9479,2014,0.0,0.0,,,CSK,854091
29237877,53,9480,2014,0.0,0.0,,,CSK,854099
29244403,53,9481,2014,0.0,0.0,,,CSK,854110
29250929,53,9482,2014,0.0,0.0,,,CSK,854121
29257455,53,9483,2014,0.0,0.0,,,CSK,854129
29263981,53,9484,2014,0.0,0.0,,,CSK,854130
29270507,53,9485,2014,0.0,0.0,,,CSK,854140
29277033,53,9486,2014,0.0,0.0,,,CSK,854150
29283559,53,9487,2014,0.0,0.0,,,CSK,854160
29290085,53,9488,2014,0.0,0.0,,,CSK,854190
29296611,53,9489,2014,0.0,0.0,,,CSK,854211
29303137,53,9490,2014,0.0,0.0,,,CSK,854219
29309663,53,9491,2014,0.0,0.0,,,CSK,854220
29316189,53,9492,2014,0.0,0.0,,,CSK,854280
29322715,53,9493,2014,0.0,0.0,,,CSK,854290
29329241,53,9494,2014,0.0,0.0,,,CSK,854310
29335767,53,9495,2014,0.0,0.0,,,CSK,854320
29342293,53,9496,2014,0.0,0.0,,,CSK,854330
29348819,53,9497,2014,0.0,0.0,,,CSK,854380
29355345,53,9498,2014,0.0,0.0,,,CSK,854390
29361871,53,9499,2014,0.0,0.0,,,CSK,854411
29368397,53,9500,2014,0.0,0.0,,,CSK,854419
29374923,53,9501,2014,0.0,0.0,,,CSK,854420
29381449,53,9502,2014,0.0,0.0,,,CSK,854430
29387975,53,9503,2014,0.0,0.0,,,CSK,854441
29394501,53,9504,2014,0.0,0.0,,,CSK,854449
29401027,53,9505,2014,0.0,0.0,,,CSK,854451
29407553,53,9506,2014,0.0,0.0,,,CSK,854459
29414079,53,9507,2014,0.0,0.0,,,CSK,854460
29420605,53,9508,2014,0.0,0.0,,,CSK,854470
29427131,53,9509,2014,0.0,0.0,,,CSK,854511
29433657,53,9510,2014,0.0,0.0,,,CSK,854519
29440183,53,9511,2014,0.0,0.0,,,CSK,854520
29446709,53,9512,2014,0.0,0.0,,,CSK,854590
29453235,53,9513,2014,0.0,0.0,,,CSK,854610
29459761,53,9514,2014,0.0,0.0,,,CSK,854620
29466287,53,9515,2014,0.0,0.0,,,CSK,854690
29472813,53,9516,2014,0.0,0.0,,,CSK,854710
29479339,53,9517,2014,0.0,0.0,,,CSK,854720
29485865,53,9518,2014,0.0,0.0,,,CSK,854790
29492391,53,9519,2014,0.0,0.0,,,CSK,854800
29498917,53,9520,2014,0.0,0.0,,,CSK,860110
29505443,53,9521,2014,0.0,0.0,,,CSK,860120
29511969,53,9522,2014,0.0,0.0,,,CSK,860210
29518495,53,9523,2014,0.0,0.0,,,CSK,860290
29525021,53,9524,2014,0.0,0.0,,,CSK,860310
29531547,53,9525,2014,0.0,0.0,,,CSK,860390
29538073,53,9526,2014,0.0,0.0,,,CSK,860400
29544599,53,9527,2014,0.0,0.0,,,CSK,860500
29551125,53,9528,2014,0.0,0.0,,,CSK,860610
29557651,53,9529,2014,0.0,0.0,,,CSK,860620
29564177,53,9530,2014,0.0,0.0,,,CSK,860630
29570703,53,9531,2014,0.0,0.0,,,CSK,860691
29577229,53,9532,2014,0.0,0.0,,,CSK,860692
29583755,53,9533,2014,0.0,0.0,,,CSK,860699
29590281,53,9534,2014,0.0,0.0,,,CSK,860711
29596807,53,9535,2014,0.0,0.0,,,CSK,860712
29603333,53,9536,2014,0.0,0.0,,,CSK,860719
29609859,53,9537,2014,0.0,0.0,,,CSK,860721
29616385,53,9538,2014,0.0,0.0,,,CSK,860729
29622911,53,9539,2014,0.0,0.0,,,CSK,860730
29629437,53,9540,2014,0.0,0.0,,,CSK,860791
29635963,53,9541,2014,0.0,0.0,,,CSK,860799
29642489,53,9542,2014,0.0,0.0,,,CSK,860800
29649015,53,9543,2014,0.0,0.0,,,CSK,860900
29655541,53,9544,2014,0.0,0.0,,,CSK,870110
29662067,53,9545,2014,0.0,0.0,,,CSK,870120
29668593,53,9546,2014,0.0,0.0,,,CSK,870130
29675119,53,9547,2014,0.0,0.0,,,CSK,870190
29681645,53,9548,2014,0.0,0.0,,,CSK,870210
29688171,53,9549,2014,0.0,0.0,,,CSK,870290
29694697,53,9550,2014,0.0,0.0,,,CSK,870310
29701223,53,9551,2014,0.0,0.0,,,CSK,870321
29707749,53,9552,2014,0.0,0.0,,,CSK,870322
29714275,53,9553,2014,0.0,0.0,,,CSK,870323
29720801,53,9554,2014,0.0,0.0,,,CSK,870324
29727327,53,9555,2014,0.0,0.0,,,CSK,870331
29733853,53,9556,2014,0.0,0.0,,,CSK,870332
29740379,53,9557,2014,0.0,0.0,,,CSK,870333
29746905,53,9558,2014,0.0,0.0,,,CSK,870390
29753431,53,9559,2014,0.0,0.0,,,CSK,870410
29759957,53,9560,2014,0.0,0.0,,,CSK,870421
29766483,53,9561,2014,0.0,0.0,,,CSK,870422
29773009,53,9562,2014,0.0,0.0,,,CSK,870423
29779535,53,9563,2014,0.0,0.0,,,CSK,870431
29786061,53,9564,2014,0.0,0.0,,,CSK,870432
29792587,53,9565,2014,0.0,0.0,,,CSK,870490
29799113,53,9566,2014,0.0,0.0,,,CSK,870510
29805639,53,9567,2014,0.0,0.0,,,CSK,870520
29812165,53,9568,2014,0.0,0.0,,,CSK,870530
29818691,53,9569,2014,0.0,0.0,,,CSK,870540
29825217,53,9570,2014,0.0,0.0,,,CSK,870590
29831743,53,9571,2014,0.0,0.0,,,CSK,870600
29838269,53,9572,2014,0.0,0.0,,,CSK,870710
29844795,53,9573,2014,0.0,0.0,,,CSK,870790
29851321,53,9574,2014,0.0,0.0,,,CSK,870810
29857847,53,9575,2014,0.0,0.0,,,CSK,870821
29864373,53,9576,2014,0.0,0.0,,,CSK,870829
29870899,53,9577,2014,0.0,0.0,,,CSK,870831
29877425,53,9578,2014,0.0,0.0,,,CSK,870839
29883951,53,9579,2014,0.0,0.0,,,CSK,870840
29890477,53,9580,2014,0.0,0.0,,,CSK,870850
29897003,53,9581,2014,0.0,0.0,,,CSK,870860
29903529,53,9582,2014,0.0,0.0,,,CSK,870870
29910055,53,9583,2014,0.0,0.0,,,CSK,870880
29916581,53,9584,2014,0.0,0.0,,,CSK,870891
29923107,53,9585,2014,0.0,0.0,,,CSK,870892
29929633,53,9586,2014,0.0,0.0,,,CSK,870893
29936159,53,9587,2014,0.0,0.0,,,CSK,870894
29942685,53,9588,2014,0.0,0.0,,,CSK,870899
29949211,53,9589,2014,0.0,0.0,,,CSK,870911
29955737,53,9590,2014,0.0,0.0,,,CSK,870919
29962263,53,9591,2014,0.0,0.0,,,CSK,870990
29968789,53,9592,2014,0.0,0.0,,,CSK,871000
29975315,53,9593,2014,0.0,0.0,,,CSK,871110
29981841,53,9594,2014,0.0,0.0,,,CSK,871120
29988367,53,9595,2014,0.0,0.0,,,CSK,871130
29994893,53,9596,2014,0.0,0.0,,,CSK,871140
30001419,53,9597,2014,0.0,0.0,,,CSK,871150
30007945,53,9598,2014,0.0,0.0,,,CSK,871190
30014471,53,9599,2014,0.0,0.0,,,CSK,871200
30020997,53,9600,2014,0.0,0.0,,,CSK,871310
30027523,53,9601,2014,0.0,0.0,,,CSK,871390
30034049,53,9602,2014,0.0,0.0,,,CSK,871411
30040575,53,9603,2014,0.0,0.0,,,CSK,871419
30047101,53,9604,2014,0.0,0.0,,,CSK,871420
30053627,53,9605,2014,0.0,0.0,,,CSK,871491
30060153,53,9606,2014,0.0,0.0,,,CSK,871492
30066679,53,9607,2014,0.0,0.0,,,CSK,871493
30073205,53,9608,2014,0.0,0.0,,,CSK,871494
30079731,53,9609,2014,0.0,0.0,,,CSK,871495
30086257,53,9610,2014,0.0,0.0,,,CSK,871496
30092783,53,9611,2014,0.0,0.0,,,CSK,871499
30099309,53,9612,2014,0.0,0.0,,,CSK,871500
30105835,53,9613,2014,0.0,0.0,,,CSK,871610
30112361,53,9614,2014,0.0,0.0,,,CSK,871620
30118887,53,9615,2014,0.0,0.0,,,CSK,871631
30125413,53,9616,2014,0.0,0.0,,,CSK,871639
30131939,53,9617,2014,0.0,0.0,,,CSK,871640
30138465,53,9618,2014,0.0,0.0,,,CSK,871680
30144991,53,9619,2014,0.0,0.0,,,CSK,871690
30151517,53,9620,2014,0.0,0.0,,,CSK,880110
30158043,53,9621,2014,0.0,0.0,,,CSK,880190
30164569,53,9622,2014,0.0,0.0,,,CSK,880211
30171095,53,9623,2014,0.0,0.0,,,CSK,880212
30177621,53,9624,2014,0.0,0.0,,,CSK,880220
30184147,53,9625,2014,0.0,0.0,,,CSK,880230
30190673,53,9626,2014,0.0,0.0,,,CSK,880240
30197199,53,9627,2014,0.0,0.0,,,CSK,880250
30203725,53,9628,2014,0.0,0.0,,,CSK,880310
30210251,53,9629,2014,0.0,0.0,,,CSK,880320
30216777,53,9630,2014,0.0,0.0,,,CSK,880330
30223303,53,9631,2014,0.0,0.0,,,CSK,880390
30229829,53,9632,2014,0.0,0.0,,,CSK,880400
30236355,53,9633,2014,0.0,0.0,,,CSK,880510
30242881,53,9634,2014,0.0,0.0,,,CSK,880520
30249407,53,9635,2014,0.0,0.0,,,CSK,890110
30255933,53,9636,2014,0.0,0.0,,,CSK,890120
30262459,53,9637,2014,0.0,0.0,,,CSK,890130
30268985,53,9638,2014,0.0,0.0,,,CSK,890190
30275511,53,9639,2014,0.0,0.0,,,CSK,890200
30282037,53,9640,2014,0.0,0.0,,,CSK,890310
30288563,53,9641,2014,0.0,0.0,,,CSK,890391
30295089,53,9642,2014,0.0,0.0,,,CSK,890392
30301615,53,9643,2014,0.0,0.0,,,CSK,890399
30308141,53,9644,2014,0.0,0.0,,,CSK,890400
30314667,53,9645,2014,0.0,0.0,,,CSK,890510
30321193,53,9646,2014,0.0,0.0,,,CSK,890520
30327719,53,9647,2014,0.0,0.0,,,CSK,890590
30334245,53,9648,2014,0.0,0.0,,,CSK,890600
30340771,53,9649,2014,0.0,0.0,,,CSK,890710
30347297,53,9650,2014,0.0,0.0,,,CSK,890790
30353823,53,9651,2014,0.0,0.0,,,CSK,890800
30360349,53,9652,2014,0.0,0.0,,,CSK,900110
30366875,53,9653,2014,0.0,0.0,,,CSK,900120
30373401,53,9654,2014,0.0,0.0,,,CSK,900130
30379927,53,9655,2014,0.0,0.0,,,CSK,900140
30386453,53,9656,2014,0.0,0.0,,,CSK,900150
30392979,53,9657,2014,0.0,0.0,,,CSK,900190
30399505,53,9658,2014,0.0,0.0,,,CSK,900211
30406031,53,9659,2014,0.0,0.0,,,CSK,900219
30412557,53,9660,2014,0.0,0.0,,,CSK,900220
30419083,53,9661,2014,0.0,0.0,,,CSK,900290
30425609,53,9662,2014,0.0,0.0,,,CSK,900311
30432135,53,9663,2014,0.0,0.0,,,CSK,900319
30438661,53,9664,2014,0.0,0.0,,,CSK,900390
30445187,53,9665,2014,0.0,0.0,,,CSK,900410
30451713,53,9666,2014,0.0,0.0,,,CSK,900490
30458239,53,9667,2014,0.0,0.0,,,CSK,900510
30464765,53,9668,2014,0.0,0.0,,,CSK,900580
30471291,53,9669,2014,0.0,0.0,,,CSK,900590
30477817,53,9670,2014,0.0,0.0,,,CSK,900610
30484343,53,9671,2014,0.0,0.0,,,CSK,900620
30490869,53,9672,2014,0.0,0.0,,,CSK,900630
30497395,53,9673,2014,0.0,0.0,,,CSK,900640
30503921,53,9674,2014,0.0,0.0,,,CSK,900651
30510447,53,9675,2014,0.0,0.0,,,CSK,900652
30516973,53,9676,2014,0.0,0.0,,,CSK,900653
30523499,53,9677,2014,0.0,0.0,,,CSK,900659
30530025,53,9678,2014,0.0,0.0,,,CSK,900661
30536551,53,9679,2014,0.0,0.0,,,CSK,900662
30543077,53,9680,2014,0.0,0.0,,,CSK,900669
30549603,53,9681,2014,0.0,0.0,,,CSK,900691
30556129,53,9682,2014,0.0,0.0,,,CSK,900699
30562655,53,9683,2014,0.0,0.0,,,CSK,900711
30569181,53,9684,2014,0.0,0.0,,,CSK,900719
30575707,53,9685,2014,0.0,0.0,,,CSK,900721
30582233,53,9686,2014,0.0,0.0,,,CSK,900729
30588759,53,9687,2014,0.0,0.0,,,CSK,900791
30595285,53,9688,2014,0.0,0.0,,,CSK,900792
30601811,53,9689,2014,0.0,0.0,,,CSK,900810
30608337,53,9690,2014,0.0,0.0,,,CSK,900820
30614863,53,9691,2014,0.0,0.0,,,CSK,900830
30621389,53,9692,2014,0.0,0.0,,,CSK,900840
30627915,53,9693,2014,0.0,0.0,,,CSK,900890
30634441,53,9694,2014,0.0,0.0,,,CSK,900911
30640967,53,9695,2014,0.0,0.0,,,CSK,900912
30647493,53,9696,2014,0.0,0.0,,,CSK,900921
30654019,53,9697,2014,0.0,0.0,,,CSK,900922
30660545,53,9698,2014,0.0,0.0,,,CSK,900930
30667071,53,9699,2014,0.0,0.0,,,CSK,900990
30673597,53,9700,2014,0.0,0.0,,,CSK,901010
30680123,53,9701,2014,0.0,0.0,,,CSK,901020
30686649,53,9702,2014,0.0,0.0,,,CSK,901030
30693175,53,9703,2014,0.0,0.0,,,CSK,901090
30699701,53,9704,2014,0.0,0.0,,,CSK,901110
30706227,53,9705,2014,0.0,0.0,,,CSK,901120
30712753,53,9706,2014,0.0,0.0,,,CSK,901180
30719279,53,9707,2014,0.0,0.0,,,CSK,901190
30725805,53,9708,2014,0.0,0.0,,,CSK,901210
30732331,53,9709,2014,0.0,0.0,,,CSK,901290
30738857,53,9710,2014,0.0,0.0,,,CSK,901310
30745383,53,9711,2014,0.0,0.0,,,CSK,901320
30751909,53,9712,2014,0.0,0.0,,,CSK,901380
30758435,53,9713,2014,0.0,0.0,,,CSK,901390
30764961,53,9714,2014,0.0,0.0,,,CSK,901410
30771487,53,9715,2014,0.0,0.0,,,CSK,901420
30778013,53,9716,2014,0.0,0.0,,,CSK,901480
30784539,53,9717,2014,0.0,0.0,,,CSK,901490
30791065,53,9718,2014,0.0,0.0,,,CSK,901510
30797591,53,9719,2014,0.0,0.0,,,CSK,901520
30804117,53,9720,2014,0.0,0.0,,,CSK,901530
30810643,53,9721,2014,0.0,0.0,,,CSK,901540
30817169,53,9722,2014,0.0,0.0,,,CSK,901580
30823695,53,9723,2014,0.0,0.0,,,CSK,901590
30830221,53,9724,2014,0.0,0.0,,,CSK,901600
30836747,53,9725,2014,0.0,0.0,,,CSK,901710
30843273,53,9726,2014,0.0,0.0,,,CSK,901720
30849799,53,9727,2014,0.0,0.0,,,CSK,901730
30856325,53,9728,2014,0.0,0.0,,,CSK,901780
30862851,53,9729,2014,0.0,0.0,,,CSK,901790
30869377,53,9730,2014,0.0,0.0,,,CSK,901811
30875903,53,9731,2014,0.0,0.0,,,CSK,901819
30882429,53,9732,2014,0.0,0.0,,,CSK,901820
30888955,53,9733,2014,0.0,0.0,,,CSK,901831
30895481,53,9734,2014,0.0,0.0,,,CSK,901832
30902007,53,9735,2014,0.0,0.0,,,CSK,901839
30908533,53,9736,2014,0.0,0.0,,,CSK,901841
30915059,53,9737,2014,0.0,0.0,,,CSK,901849
30921585,53,9738,2014,0.0,0.0,,,CSK,901850
30928111,53,9739,2014,0.0,0.0,,,CSK,901890
30934637,53,9740,2014,0.0,0.0,,,CSK,901910
30941163,53,9741,2014,0.0,0.0,,,CSK,901920
30947689,53,9742,2014,0.0,0.0,,,CSK,902000
30954215,53,9743,2014,0.0,0.0,,,CSK,902111
30960741,53,9744,2014,0.0,0.0,,,CSK,902119
30967267,53,9745,2014,0.0,0.0,,,CSK,902121
30973793,53,9746,2014,0.0,0.0,,,CSK,902129
30980319,53,9747,2014,0.0,0.0,,,CSK,902130
30986845,53,9748,2014,0.0,0.0,,,CSK,902140
30993371,53,9749,2014,0.0,0.0,,,CSK,902150
30999897,53,9750,2014,0.0,0.0,,,CSK,902190
31006423,53,9751,2014,0.0,0.0,,,CSK,902211
31012949,53,9752,2014,0.0,0.0,,,CSK,902219
31019475,53,9753,2014,0.0,0.0,,,CSK,902221
31026001,53,9754,2014,0.0,0.0,,,CSK,902229
31032527,53,9755,2014,0.0,0.0,,,CSK,902230
31039053,53,9756,2014,0.0,0.0,,,CSK,902290
31045579,53,9757,2014,0.0,0.0,,,CSK,902300
31052105,53,9758,2014,0.0,0.0,,,CSK,902410
31058631,53,9759,2014,0.0,0.0,,,CSK,902480
31065157,53,9760,2014,0.0,0.0,,,CSK,902490
31071683,53,9761,2014,0.0,0.0,,,CSK,902511
31078209,53,9762,2014,0.0,0.0,,,CSK,902519
31084735,53,9763,2014,0.0,0.0,,,CSK,902520
31091261,53,9764,2014,0.0,0.0,,,CSK,902580
31097787,53,9765,2014,0.0,0.0,,,CSK,902590
31104313,53,9766,2014,0.0,0.0,,,CSK,902610
31110839,53,9767,2014,0.0,0.0,,,CSK,902620
31117365,53,9768,2014,0.0,0.0,,,CSK,902680
31123891,53,9769,2014,0.0,0.0,,,CSK,902690
31130417,53,9770,2014,0.0,0.0,,,CSK,902710
31136943,53,9771,2014,0.0,0.0,,,CSK,902720
31143469,53,9772,2014,0.0,0.0,,,CSK,902730
31149995,53,9773,2014,0.0,0.0,,,CSK,902740
31156521,53,9774,2014,0.0,0.0,,,CSK,902750
31163047,53,9775,2014,0.0,0.0,,,CSK,902780
31169573,53,9776,2014,0.0,0.0,,,CSK,902790
31176099,53,9777,2014,0.0,0.0,,,CSK,902810
31182625,53,9778,2014,0.0,0.0,,,CSK,902820
31189151,53,9779,2014,0.0,0.0,,,CSK,902830
31195677,53,9780,2014,0.0,0.0,,,CSK,902890
31202203,53,9781,2014,0.0,0.0,,,CSK,902910
31208729,53,9782,2014,0.0,0.0,,,CSK,902920
31215255,53,9783,2014,0.0,0.0,,,CSK,902990
31221781,53,9784,2014,0.0,0.0,,,CSK,903010
31228307,53,9785,2014,0.0,0.0,,,CSK,903020
31234833,53,9786,2014,0.0,0.0,,,CSK,903031
31241359,53,9787,2014,0.0,0.0,,,CSK,903039
31247885,53,9788,2014,0.0,0.0,,,CSK,903040
31254411,53,9789,2014,0.0,0.0,,,CSK,903081
31260937,53,9790,2014,0.0,0.0,,,CSK,903089
31267463,53,9791,2014,0.0,0.0,,,CSK,903090
31273989,53,9792,2014,0.0,0.0,,,CSK,903110
31280515,53,9793,2014,0.0,0.0,,,CSK,903120
31287041,53,9794,2014,0.0,0.0,,,CSK,903130
31293567,53,9795,2014,0.0,0.0,,,CSK,903140
31300093,53,9796,2014,0.0,0.0,,,CSK,903180
31306619,53,9797,2014,0.0,0.0,,,CSK,903190
31313145,53,9798,2014,0.0,0.0,,,CSK,903210
31319671,53,9799,2014,0.0,0.0,,,CSK,903220
31326197,53,9800,2014,0.0,0.0,,,CSK,903281
31332723,53,9801,2014,0.0,0.0,,,CSK,903289
31339249,53,9802,2014,0.0,0.0,,,CSK,903290
31345775,53,9803,2014,0.0,0.0,,,CSK,903300
31352301,53,9804,2014,0.0,0.0,,,CSK,910111
31358827,53,9805,2014,0.0,0.0,,,CSK,910112
31365353,53,9806,2014,0.0,0.0,,,CSK,910119
31371879,53,9807,2014,0.0,0.0,,,CSK,910121
31378405,53,9808,2014,0.0,0.0,,,CSK,910129
31384931,53,9809,2014,0.0,0.0,,,CSK,910191
31391457,53,9810,2014,0.0,0.0,,,CSK,910199
31397983,53,9811,2014,0.0,0.0,,,CSK,910211
31404509,53,9812,2014,0.0,0.0,,,CSK,910212
31411035,53,9813,2014,0.0,0.0,,,CSK,910219
31417561,53,9814,2014,0.0,0.0,,,CSK,910221
31424087,53,9815,2014,0.0,0.0,,,CSK,910229
31430613,53,9816,2014,0.0,0.0,,,CSK,910291
31437139,53,9817,2014,0.0,0.0,,,CSK,910299
31443665,53,9818,2014,0.0,0.0,,,CSK,910310
31450191,53,9819,2014,0.0,0.0,,,CSK,910390
31456717,53,9820,2014,0.0,0.0,,,CSK,910400
31463243,53,9821,2014,0.0,0.0,,,CSK,910511
31469769,53,9822,2014,0.0,0.0,,,CSK,910519
31476295,53,9823,2014,0.0,0.0,,,CSK,910521
31482821,53,9824,2014,0.0,0.0,,,CSK,910529
31489347,53,9825,2014,0.0,0.0,,,CSK,910591
31495873,53,9826,2014,0.0,0.0,,,CSK,910599
31502399,53,9827,2014,0.0,0.0,,,CSK,910610
31508925,53,9828,2014,0.0,0.0,,,CSK,910620
31515451,53,9829,2014,0.0,0.0,,,CSK,910690
31521977,53,9830,2014,0.0,0.0,,,CSK,910700
31528503,53,9831,2014,0.0,0.0,,,CSK,910811
31535029,53,9832,2014,0.0,0.0,,,CSK,910812
31541555,53,9833,2014,0.0,0.0,,,CSK,910819
31548081,53,9834,2014,0.0,0.0,,,CSK,910820
31554607,53,9835,2014,0.0,0.0,,,CSK,910891
31561133,53,9836,2014,0.0,0.0,,,CSK,910899
31567659,53,9837,2014,0.0,0.0,,,CSK,910911
31574185,53,9838,2014,0.0,0.0,,,CSK,910919
31580711,53,9839,2014,0.0,0.0,,,CSK,910990
31587237,53,9840,2014,0.0,0.0,,,CSK,911011
31593763,53,9841,2014,0.0,0.0,,,CSK,911012
31600289,53,9842,2014,0.0,0.0,,,CSK,911019
31606815,53,9843,2014,0.0,0.0,,,CSK,911090
31613341,53,9844,2014,0.0,0.0,,,CSK,911110
31619867,53,9845,2014,0.0,0.0,,,CSK,911120
31626393,53,9846,2014,0.0,0.0,,,CSK,911180
31632919,53,9847,2014,0.0,0.0,,,CSK,911190
31639445,53,9848,2014,0.0,0.0,,,CSK,911210
31645971,53,9849,2014,0.0,0.0,,,CSK,911280
31652497,53,9850,2014,0.0,0.0,,,CSK,911290
31659023,53,9851,2014,0.0,0.0,,,CSK,911310
31665549,53,9852,2014,0.0,0.0,,,CSK,911320
31672075,53,9853,2014,0.0,0.0,,,CSK,911390
31678601,53,9854,2014,0.0,0.0,,,CSK,911410
31685127,53,9855,2014,0.0,0.0,,,CSK,911420
31691653,53,9856,2014,0.0,0.0,,,CSK,911430
31698179,53,9857,2014,0.0,0.0,,,CSK,911440
31704705,53,9858,2014,0.0,0.0,,,CSK,911490
31711231,53,9859,2014,0.0,0.0,,,CSK,920110
31717757,53,9860,2014,0.0,0.0,,,CSK,920120
31724283,53,9861,2014,0.0,0.0,,,CSK,920190
31730809,53,9862,2014,0.0,0.0,,,CSK,920210
31737335,53,9863,2014,0.0,0.0,,,CSK,920290
31743861,53,9864,2014,0.0,0.0,,,CSK,920300
31750387,53,9865,2014,0.0,0.0,,,CSK,920410
31756913,53,9866,2014,0.0,0.0,,,CSK,920420
31763439,53,9867,2014,0.0,0.0,,,CSK,920510
31769965,53,9868,2014,0.0,0.0,,,CSK,920590
31776491,53,9869,2014,0.0,0.0,,,CSK,920600
31783017,53,9870,2014,0.0,0.0,,,CSK,920710
31789543,53,9871,2014,0.0,0.0,,,CSK,920790
31796069,53,9872,2014,0.0,0.0,,,CSK,920810
31802595,53,9873,2014,0.0,0.0,,,CSK,920890
31809121,53,9874,2014,0.0,0.0,,,CSK,920910
31815647,53,9875,2014,0.0,0.0,,,CSK,920920
31822173,53,9876,2014,0.0,0.0,,,CSK,920930
31828699,53,9877,2014,0.0,0.0,,,CSK,920991
31835225,53,9878,2014,0.0,0.0,,,CSK,920992
31841751,53,9879,2014,0.0,0.0,,,CSK,920993
31848277,53,9880,2014,0.0,0.0,,,CSK,920994
31854803,53,9881,2014,0.0,0.0,,,CSK,920999
31861329,53,9882,2014,0.0,0.0,,,CSK,930100
31867855,53,9883,2014,0.0,0.0,,,CSK,930200
31874381,53,9884,2014,0.0,0.0,,,CSK,930310
31880907,53,9885,2014,0.0,0.0,,,CSK,930320
31887433,53,9886,2014,0.0,0.0,,,CSK,930330
31893959,53,9887,2014,0.0,0.0,,,CSK,930390
31900485,53,9888,2014,0.0,0.0,,,CSK,930400
31907011,53,9889,2014,0.0,0.0,,,CSK,930510
31913537,53,9890,2014,0.0,0.0,,,CSK,930521
31920063,53,9891,2014,0.0,0.0,,,CSK,930529
31926589,53,9892,2014,0.0,0.0,,,CSK,930590
31933115,53,9893,2014,0.0,0.0,,,CSK,930610
31939641,53,9894,2014,0.0,0.0,,,CSK,930621
31946167,53,9895,2014,0.0,0.0,,,CSK,930629
31952693,53,9896,2014,0.0,0.0,,,CSK,930630
31959219,53,9897,2014,0.0,0.0,,,CSK,930690
31965745,53,9898,2014,0.0,0.0,,,CSK,930700
31972271,53,9899,2014,0.0,0.0,,,CSK,940110
31978797,53,9900,2014,0.0,0.0,,,CSK,940120
31985323,53,9901,2014,0.0,0.0,,,CSK,940130
31991849,53,9902,2014,0.0,0.0,,,CSK,940140
31998375,53,9903,2014,0.0,0.0,,,CSK,940150
32004901,53,9904,2014,0.0,0.0,,,CSK,940161
32011427,53,9905,2014,0.0,0.0,,,CSK,940169
32017953,53,9906,2014,0.0,0.0,,,CSK,940171
32024479,53,9907,2014,0.0,0.0,,,CSK,940179
32031005,53,9908,2014,0.0,0.0,,,CSK,940180
32037531,53,9909,2014,0.0,0.0,,,CSK,940190
32044057,53,9910,2014,0.0,0.0,,,CSK,940210
32050583,53,9911,2014,0.0,0.0,,,CSK,940290
32057109,53,9912,2014,0.0,0.0,,,CSK,940310
32063635,53,9913,2014,0.0,0.0,,,CSK,940320
32070161,53,9914,2014,0.0,0.0,,,CSK,940330
32076687,53,9915,2014,0.0,0.0,,,CSK,940340
32083213,53,9916,2014,0.0,0.0,,,CSK,940350
32089739,53,9917,2014,0.0,0.0,,,CSK,940360
32096265,53,9918,2014,0.0,0.0,,,CSK,940370
32102791,53,9919,2014,0.0,0.0,,,CSK,940380
32109317,53,9920,2014,0.0,0.0,,,CSK,940390
32115843,53,9921,2014,0.0,0.0,,,CSK,940410
32122369,53,9922,2014,0.0,0.0,,,CSK,940421
32128895,53,9923,2014,0.0,0.0,,,CSK,940429
32135421,53,9924,2014,0.0,0.0,,,CSK,940430
32141947,53,9925,2014,0.0,0.0,,,CSK,940490
32148473,53,9926,2014,0.0,0.0,,,CSK,940510
32154999,53,9927,2014,0.0,0.0,,,CSK,940520
32161525,53,9928,2014,0.0,0.0,,,CSK,940530
32168051,53,9929,2014,0.0,0.0,,,CSK,940540
32174577,53,9930,2014,0.0,0.0,,,CSK,940550
32181103,53,9931,2014,0.0,0.0,,,CSK,940560
32187629,53,9932,2014,0.0,0.0,,,CSK,940591
32194155,53,9933,2014,0.0,0.0,,,CSK,940592
32200681,53,9934,2014,0.0,0.0,,,CSK,940599
32207207,53,9935,2014,0.0,0.0,,,CSK,940600
32213733,53,9936,2014,0.0,0.0,,,CSK,950100
32220259,53,9937,2014,0.0,0.0,,,CSK,950210
32226785,53,9938,2014,0.0,0.0,,,CSK,950291
32233311,53,9939,2014,0.0,0.0,,,CSK,950299
32239837,53,9940,2014,0.0,0.0,,,CSK,950310
32246363,53,9941,2014,0.0,0.0,,,CSK,950320
32252889,53,9942,2014,0.0,0.0,,,CSK,950330
32259415,53,9943,2014,0.0,0.0,,,CSK,950341
32265941,53,9944,2014,0.0,0.0,,,CSK,950349
32272467,53,9945,2014,0.0,0.0,,,CSK,950350
32278993,53,9946,2014,0.0,0.0,,,CSK,950360
32285519,53,9947,2014,0.0,0.0,,,CSK,950370
32292045,53,9948,2014,0.0,0.0,,,CSK,950380
32298571,53,9949,2014,0.0,0.0,,,CSK,950390
32305097,53,9950,2014,0.0,0.0,,,CSK,950410
32311623,53,9951,2014,0.0,0.0,,,CSK,950420
32318149,53,9952,2014,0.0,0.0,,,CSK,950430
32324675,53,9953,2014,0.0,0.0,,,CSK,950440
32331201,53,9954,2014,0.0,0.0,,,CSK,950490
32337727,53,9955,2014,0.0,0.0,,,CSK,950510
32344253,53,9956,2014,0.0,0.0,,,CSK,950590
32350779,53,9957,2014,0.0,0.0,,,CSK,950611
32357305,53,9958,2014,0.0,0.0,,,CSK,950612
32363831,53,9959,2014,0.0,0.0,,,CSK,950619
32370357,53,9960,2014,0.0,0.0,,,CSK,950621
32376883,53,9961,2014,0.0,0.0,,,CSK,950629
32383409,53,9962,2014,0.0,0.0,,,CSK,950631
32389935,53,9963,2014,0.0,0.0,,,CSK,950632
32396461,53,9964,2014,0.0,0.0,,,CSK,950639
32402987,53,9965,2014,0.0,0.0,,,CSK,950640
32409513,53,9966,2014,0.0,0.0,,,CSK,950651
32416039,53,9967,2014,0.0,0.0,,,CSK,950659
32422565,53,9968,2014,0.0,0.0,,,CSK,950661
32429091,53,9969,2014,0.0,0.0,,,CSK,950662
32435617,53,9970,2014,0.0,0.0,,,CSK,950669
32442143,53,9971,2014,0.0,0.0,,,CSK,950670
32448669,53,9972,2014,0.0,0.0,,,CSK,950691
32455195,53,9973,2014,0.0,0.0,,,CSK,950699
32461721,53,9974,2014,0.0,0.0,,,CSK,950710
32468247,53,9975,2014,0.0,0.0,,,CSK,950720
32474773,53,9976,2014,0.0,0.0,,,CSK,950730
32481299,53,9977,2014,0.0,0.0,,,CSK,950790
32487825,53,9978,2014,0.0,0.0,,,CSK,950800
32494351,53,9979,2014,0.0,0.0,,,CSK,960110
32500877,53,9980,2014,0.0,0.0,,,CSK,960190
32507403,53,9981,2014,0.0,0.0,,,CSK,960200
32513929,53,9982,2014,0.0,0.0,,,CSK,960310
32520455,53,9983,2014,0.0,0.0,,,CSK,960321
32526981,53,9984,2014,0.0,0.0,,,CSK,960329
32533507,53,9985,2014,0.0,0.0,,,CSK,960330
32540033,53,9986,2014,0.0,0.0,,,CSK,960340
32546559,53,9987,2014,0.0,0.0,,,CSK,960350
32553085,53,9988,2014,0.0,0.0,,,CSK,960390
32559611,53,9989,2014,0.0,0.0,,,CSK,960400
32566137,53,9990,2014,0.0,0.0,,,CSK,960500
32572663,53,9991,2014,0.0,0.0,,,CSK,960610
32579189,53,9992,2014,0.0,0.0,,,CSK,960621
32585715,53,9993,2014,0.0,0.0,,,CSK,960622
32592241,53,9994,2014,0.0,0.0,,,CSK,960629
32598767,53,9995,2014,0.0,0.0,,,CSK,960630
32605293,53,9996,2014,0.0,0.0,,,CSK,960711
32611819,53,9997,2014,0.0,0.0,,,CSK,960719
32618345,53,9998,2014,0.0,0.0,,,CSK,960720
32624871,53,9999,2014,0.0,0.0,,,CSK,960810
32631397,53,10000,2014,0.0,0.0,,,CSK,960820
32637923,53,10001,2014,0.0,0.0,,,CSK,960831
32644449,53,10002,2014,0.0,0.0,,,CSK,960839
32650975,53,10003,2014,0.0,0.0,,,CSK,960840
32657501,53,10004,2014,0.0,0.0,,,CSK,960850
32664027,53,10005,2014,0.0,0.0,,,CSK,960860
32670553,53,10006,2014,0.0,0.0,,,CSK,960891
32677079,53,10007,2014,0.0,0.0,,,CSK,960899
32683605,53,10008,2014,0.0,0.0,,,CSK,960910
32690131,53,10009,2014,0.0,0.0,,,CSK,960920
32696657,53,10010,2014,0.0,0.0,,,CSK,960990
32703183,53,10011,2014,0.0,0.0,,,CSK,961000
32709709,53,10012,2014,0.0,0.0,,,CSK,961100
32716235,53,10013,2014,0.0,0.0,,,CSK,961210
32722761,53,10014,2014,0.0,0.0,,,CSK,961220
32729287,53,10015,2014,0.0,0.0,,,CSK,961310
32735813,53,10016,2014,0.0,0.0,,,CSK,961320
32742339,53,10017,2014,0.0,0.0,,,CSK,961330
32748865,53,10018,2014,0.0,0.0,,,CSK,961380
32755391,53,10019,2014,0.0,0.0,,,CSK,961390
32761917,53,10020,2014,0.0,0.0,,,CSK,961410
32768443,53,10021,2014,0.0,0.0,,,CSK,961420
32774969,53,10022,2014,0.0,0.0,,,CSK,961490
32781495,53,10023,2014,0.0,0.0,,,CSK,961511
32788021,53,10024,2014,0.0,0.0,,,CSK,961519
32794547,53,10025,2014,0.0,0.0,,,CSK,961590
32801073,53,10026,2014,0.0,0.0,,,CSK,961610
32807599,53,10027,2014,0.0,0.0,,,CSK,961620
32814125,53,10028,2014,0.0,0.0,,,CSK,961700
32820651,53,10029,2014,0.0,0.0,,,CSK,961800
32827177,53,10030,2014,0.0,0.0,,,CSK,970110
32833703,53,10031,2014,0.0,0.0,,,CSK,970190
32840229,53,10032,2014,0.0,0.0,,,CSK,970200
32846755,53,10033,2014,0.0,0.0,,,CSK,970300
32853281,53,10034,2014,0.0,0.0,,,CSK,970400
32859807,53,10035,2014,0.0,0.0,,,CSK,970500
32866333,53,10036,2014,0.0,0.0,,,CSK,970600
32872859,53,10037,2014,0.0,0.0,,,CSK,999999
32879385,53,10038,2014,0.0,0.0,,,CSK,9999AA
32885911,53,10039,2014,0.0,0.0,,,CSK,XXXXXX
