,location_id,product_id,year,export_value,import_value,hs_eci,hs_coi,location_code,hs_product_code
6193,238,5000,2000,,,,,VIR,010111
12719,238,5001,2000,,,,,VIR,010119
19245,238,5002,2000,,,,,VIR,010120
25771,238,5003,2000,,,,,VIR,010210
32297,238,5004,2000,,,,,VIR,010290
38823,238,5005,2000,,,,,VIR,010310
45349,238,5006,2000,,,,,VIR,010391
51875,238,5007,2000,,,,,VIR,010392
58401,238,5008,2000,,,,,VIR,010410
64927,238,5009,2000,,,,,VIR,010420
71453,238,5010,2000,,,,,VIR,010511
77979,238,5011,2000,,,,,VIR,010519
84505,238,5012,2000,,,,,VIR,010591
91031,238,5013,2000,,,,,VIR,010599
97557,238,5014,2000,,,,,VIR,010600
104083,238,5015,2000,,,,,VIR,020110
110609,238,5016,2000,,,,,VIR,020120
117135,238,5017,2000,,,,,VIR,020130
123661,238,5018,2000,,,,,VIR,020210
130187,238,5019,2000,,,,,VIR,020220
136713,238,5020,2000,,,,,VIR,020230
143239,238,5021,2000,,,,,VIR,020311
149765,238,5022,2000,,,,,VIR,020312
156291,238,5023,2000,,,,,VIR,020319
162817,238,5024,2000,,,,,VIR,020321
169343,238,5025,2000,,,,,VIR,020322
175869,238,5026,2000,,,,,VIR,020329
182395,238,5027,2000,,,,,VIR,020410
188921,238,5028,2000,,,,,VIR,020421
195447,238,5029,2000,,,,,VIR,020422
201973,238,5030,2000,,,,,VIR,020423
208499,238,5031,2000,,,,,VIR,020430
215025,238,5032,2000,,,,,VIR,020441
221551,238,5033,2000,,,,,VIR,020442
228077,238,5034,2000,,,,,VIR,020443
234603,238,5035,2000,,,,,VIR,020450
241129,238,5036,2000,,,,,VIR,020500
247655,238,5037,2000,,,,,VIR,020610
254181,238,5038,2000,,,,,VIR,020621
260707,238,5039,2000,,,,,VIR,020622
267233,238,5040,2000,,,,,VIR,020629
273759,238,5041,2000,,,,,VIR,020630
280285,238,5042,2000,,,,,VIR,020641
286811,238,5043,2000,,,,,VIR,020649
293337,238,5044,2000,,,,,VIR,020680
299863,238,5045,2000,,,,,VIR,020690
306389,238,5046,2000,,,,,VIR,020710
312915,238,5047,2000,,,,,VIR,020721
319441,238,5048,2000,,,,,VIR,020722
325967,238,5049,2000,,,,,VIR,020723
332493,238,5050,2000,,,,,VIR,020731
339019,238,5051,2000,,,,,VIR,020739
345545,238,5052,2000,,,,,VIR,020741
352071,238,5053,2000,,,,,VIR,020742
358597,238,5054,2000,,,,,VIR,020743
365123,238,5055,2000,,,,,VIR,020750
371649,238,5056,2000,,,,,VIR,020810
378175,238,5057,2000,,,,,VIR,020820
384701,238,5058,2000,,,,,VIR,020890
391227,238,5059,2000,,,,,VIR,020900
397753,238,5060,2000,,,,,VIR,021011
404279,238,5061,2000,,,,,VIR,021012
410805,238,5062,2000,,,,,VIR,021019
417331,238,5063,2000,,,,,VIR,021020
423857,238,5064,2000,,,,,VIR,021090
430383,238,5065,2000,,,,,VIR,030110
436909,238,5066,2000,,,,,VIR,030191
443435,238,5067,2000,,,,,VIR,030192
449961,238,5068,2000,,,,,VIR,030193
456487,238,5069,2000,,,,,VIR,030199
463013,238,5070,2000,,,,,VIR,030211
469539,238,5071,2000,,,,,VIR,030212
476065,238,5072,2000,,,,,VIR,030219
482591,238,5073,2000,,,,,VIR,030221
489117,238,5074,2000,,,,,VIR,030222
495643,238,5075,2000,,,,,VIR,030223
502169,238,5076,2000,,,,,VIR,030229
508695,238,5077,2000,,,,,VIR,030231
515221,238,5078,2000,,,,,VIR,030232
521747,238,5079,2000,,,,,VIR,030233
528273,238,5080,2000,,,,,VIR,030239
534799,238,5081,2000,,,,,VIR,030240
541325,238,5082,2000,,,,,VIR,030250
547851,238,5083,2000,,,,,VIR,030261
554377,238,5084,2000,,,,,VIR,030262
560903,238,5085,2000,,,,,VIR,030263
567429,238,5086,2000,,,,,VIR,030264
573955,238,5087,2000,,,,,VIR,030265
580481,238,5088,2000,,,,,VIR,030266
587007,238,5089,2000,,,,,VIR,030269
593533,238,5090,2000,,,,,VIR,030270
600059,238,5091,2000,,,,,VIR,030310
606585,238,5092,2000,,,,,VIR,030321
613111,238,5093,2000,,,,,VIR,030322
619637,238,5094,2000,,,,,VIR,030329
626163,238,5095,2000,,,,,VIR,030331
632689,238,5096,2000,,,,,VIR,030332
639215,238,5097,2000,,,,,VIR,030333
645741,238,5098,2000,,,,,VIR,030339
652267,238,5099,2000,,,,,VIR,030341
658793,238,5100,2000,,,,,VIR,030342
665319,238,5101,2000,,,,,VIR,030343
671845,238,5102,2000,,,,,VIR,030349
678371,238,5103,2000,,,,,VIR,030350
684897,238,5104,2000,,,,,VIR,030360
691423,238,5105,2000,,,,,VIR,030371
697949,238,5106,2000,,,,,VIR,030372
704475,238,5107,2000,,,,,VIR,030373
711001,238,5108,2000,,,,,VIR,030374
717527,238,5109,2000,,,,,VIR,030375
724053,238,5110,2000,,,,,VIR,030376
730579,238,5111,2000,,,,,VIR,030377
737105,238,5112,2000,,,,,VIR,030378
743631,238,5113,2000,,,,,VIR,030379
750157,238,5114,2000,,,,,VIR,030380
756683,238,5115,2000,,,,,VIR,030410
763209,238,5116,2000,,,,,VIR,030420
769735,238,5117,2000,,,,,VIR,030490
776261,238,5118,2000,,,,,VIR,030510
782787,238,5119,2000,,,,,VIR,030520
789313,238,5120,2000,,,,,VIR,030530
795839,238,5121,2000,,,,,VIR,030541
802365,238,5122,2000,,,,,VIR,030542
808891,238,5123,2000,,,,,VIR,030549
815417,238,5124,2000,,,,,VIR,030551
821943,238,5125,2000,,,,,VIR,030559
828469,238,5126,2000,,,,,VIR,030561
834995,238,5127,2000,,,,,VIR,030562
841521,238,5128,2000,,,,,VIR,030563
848047,238,5129,2000,,,,,VIR,030569
854573,238,5130,2000,,,,,VIR,030611
861099,238,5131,2000,,,,,VIR,030612
867625,238,5132,2000,,,,,VIR,030613
874151,238,5133,2000,,,,,VIR,030614
880677,238,5134,2000,,,,,VIR,030619
887203,238,5135,2000,,,,,VIR,030621
893729,238,5136,2000,,,,,VIR,030622
900255,238,5137,2000,,,,,VIR,030623
906781,238,5138,2000,,,,,VIR,030624
913307,238,5139,2000,,,,,VIR,030629
919833,238,5140,2000,,,,,VIR,030710
926359,238,5141,2000,,,,,VIR,030721
932885,238,5142,2000,,,,,VIR,030729
939411,238,5143,2000,,,,,VIR,030731
945937,238,5144,2000,,,,,VIR,030739
952463,238,5145,2000,,,,,VIR,030741
958989,238,5146,2000,,,,,VIR,030749
965515,238,5147,2000,,,,,VIR,030751
972041,238,5148,2000,,,,,VIR,030759
978567,238,5149,2000,,,,,VIR,030760
985093,238,5150,2000,,,,,VIR,030791
991619,238,5151,2000,,,,,VIR,030799
998145,238,5152,2000,,,,,VIR,040110
1004671,238,5153,2000,,,,,VIR,040120
1011197,238,5154,2000,,,,,VIR,040130
1017723,238,5155,2000,,,,,VIR,040210
1024249,238,5156,2000,,,,,VIR,040221
1030775,238,5157,2000,,,,,VIR,040229
1037301,238,5158,2000,,,,,VIR,040291
1043827,238,5159,2000,,,,,VIR,040299
1050353,238,5160,2000,,,,,VIR,040310
1056879,238,5161,2000,,,,,VIR,040390
1063405,238,5162,2000,,,,,VIR,040410
1069931,238,5163,2000,,,,,VIR,040490
1076457,238,5164,2000,,,,,VIR,040500
1082983,238,5165,2000,,,,,VIR,040610
1089509,238,5166,2000,,,,,VIR,040620
1096035,238,5167,2000,,,,,VIR,040630
1102561,238,5168,2000,,,,,VIR,040640
1109087,238,5169,2000,,,,,VIR,040690
1115613,238,5170,2000,,,,,VIR,040700
1122139,238,5171,2000,,,,,VIR,040811
1128665,238,5172,2000,,,,,VIR,040819
1135191,238,5173,2000,,,,,VIR,040891
1141717,238,5174,2000,,,,,VIR,040899
1148243,238,5175,2000,,,,,VIR,040900
1154769,238,5176,2000,,,,,VIR,041000
1161295,238,5177,2000,,,,,VIR,050100
1167821,238,5178,2000,,,,,VIR,050210
1174347,238,5179,2000,,,,,VIR,050290
1180873,238,5180,2000,,,,,VIR,050300
1187399,238,5181,2000,,,,,VIR,050400
1193925,238,5182,2000,,,,,VIR,050510
1200451,238,5183,2000,,,,,VIR,050590
1206977,238,5184,2000,,,,,VIR,050610
1213503,238,5185,2000,,,,,VIR,050690
1220029,238,5186,2000,,,,,VIR,050710
1226555,238,5187,2000,,,,,VIR,050790
1233081,238,5188,2000,,,,,VIR,050800
1239607,238,5189,2000,,,,,VIR,050900
1246133,238,5190,2000,,,,,VIR,051000
1252659,238,5191,2000,,,,,VIR,051110
1259185,238,5192,2000,,,,,VIR,051191
1265711,238,5193,2000,,,,,VIR,051199
1272237,238,5194,2000,,,,,VIR,060110
1278763,238,5195,2000,,,,,VIR,060120
1285289,238,5196,2000,,,,,VIR,060210
1291815,238,5197,2000,,,,,VIR,060220
1298341,238,5198,2000,,,,,VIR,060230
1304867,238,5199,2000,,,,,VIR,060240
1311393,238,5200,2000,,,,,VIR,060291
1317919,238,5201,2000,,,,,VIR,060299
1324445,238,5202,2000,,,,,VIR,060310
1330971,238,5203,2000,,,,,VIR,060390
1337497,238,5204,2000,,,,,VIR,060410
1344023,238,5205,2000,,,,,VIR,060491
1350549,238,5206,2000,,,,,VIR,060499
1357075,238,5207,2000,,,,,VIR,070110
1363601,238,5208,2000,,,,,VIR,070190
1370127,238,5209,2000,,,,,VIR,070200
1376653,238,5210,2000,,,,,VIR,070310
1383179,238,5211,2000,,,,,VIR,070320
1389705,238,5212,2000,,,,,VIR,070390
1396231,238,5213,2000,,,,,VIR,070410
1402757,238,5214,2000,,,,,VIR,070420
1409283,238,5215,2000,,,,,VIR,070490
1415809,238,5216,2000,,,,,VIR,070511
1422335,238,5217,2000,,,,,VIR,070519
1428861,238,5218,2000,,,,,VIR,070521
1435387,238,5219,2000,,,,,VIR,070529
1441913,238,5220,2000,,,,,VIR,070610
1448439,238,5221,2000,,,,,VIR,070690
1454965,238,5222,2000,,,,,VIR,070700
1461491,238,5223,2000,,,,,VIR,070810
1468017,238,5224,2000,,,,,VIR,070820
1474543,238,5225,2000,,,,,VIR,070890
1481069,238,5226,2000,,,,,VIR,070910
1487595,238,5227,2000,,,,,VIR,070920
1494121,238,5228,2000,,,,,VIR,070930
1500647,238,5229,2000,,,,,VIR,070940
1507173,238,5230,2000,,,,,VIR,070951
1513699,238,5231,2000,,,,,VIR,070952
1520225,238,5232,2000,,,,,VIR,070960
1526751,238,5233,2000,,,,,VIR,070970
1533277,238,5234,2000,,,,,VIR,070990
1539803,238,5235,2000,,,,,VIR,071010
1546329,238,5236,2000,,,,,VIR,071021
1552855,238,5237,2000,,,,,VIR,071022
1559381,238,5238,2000,,,,,VIR,071029
1565907,238,5239,2000,,,,,VIR,071030
1572433,238,5240,2000,,,,,VIR,071040
1578959,238,5241,2000,,,,,VIR,071080
1585485,238,5242,2000,,,,,VIR,071090
1592011,238,5243,2000,,,,,VIR,071110
1598537,238,5244,2000,,,,,VIR,071120
1605063,238,5245,2000,,,,,VIR,071130
1611589,238,5246,2000,,,,,VIR,071140
1618115,238,5247,2000,,,,,VIR,071190
1624641,238,5248,2000,,,,,VIR,071210
1631167,238,5249,2000,,,,,VIR,071220
1637693,238,5250,2000,,,,,VIR,071230
1644219,238,5251,2000,,,,,VIR,071290
1650745,238,5252,2000,,,,,VIR,071310
1657271,238,5253,2000,,,,,VIR,071320
1663797,238,5254,2000,,,,,VIR,071331
1670323,238,5255,2000,,,,,VIR,071332
1676849,238,5256,2000,,,,,VIR,071333
1683375,238,5257,2000,,,,,VIR,071339
1689901,238,5258,2000,,,,,VIR,071340
1696427,238,5259,2000,,,,,VIR,071350
1702953,238,5260,2000,,,,,VIR,071390
1709479,238,5261,2000,,,,,VIR,071410
1716005,238,5262,2000,,,,,VIR,071420
1722531,238,5263,2000,,,,,VIR,071490
1729057,238,5264,2000,,,,,VIR,080110
1735583,238,5265,2000,,,,,VIR,080120
1742109,238,5266,2000,,,,,VIR,080130
1748635,238,5267,2000,,,,,VIR,080211
1755161,238,5268,2000,,,,,VIR,080212
1761687,238,5269,2000,,,,,VIR,080221
1768213,238,5270,2000,,,,,VIR,080222
1774739,238,5271,2000,,,,,VIR,080231
1781265,238,5272,2000,,,,,VIR,080232
1787791,238,5273,2000,,,,,VIR,080240
1794317,238,5274,2000,,,,,VIR,080250
1800843,238,5275,2000,,,,,VIR,080290
1807369,238,5276,2000,,,,,VIR,080300
1813895,238,5277,2000,,,,,VIR,080410
1820421,238,5278,2000,,,,,VIR,080420
1826947,238,5279,2000,,,,,VIR,080430
1833473,238,5280,2000,,,,,VIR,080440
1839999,238,5281,2000,,,,,VIR,080450
1846525,238,5282,2000,,,,,VIR,080510
1853051,238,5283,2000,,,,,VIR,080520
1859577,238,5284,2000,,,,,VIR,080530
1866103,238,5285,2000,,,,,VIR,080540
1872629,238,5286,2000,,,,,VIR,080590
1879155,238,5287,2000,,,,,VIR,080610
1885681,238,5288,2000,,,,,VIR,080620
1892207,238,5289,2000,,,,,VIR,080710
1898733,238,5290,2000,,,,,VIR,080720
1905259,238,5291,2000,,,,,VIR,080810
1911785,238,5292,2000,,,,,VIR,080820
1918311,238,5293,2000,,,,,VIR,080910
1924837,238,5294,2000,,,,,VIR,080920
1931363,238,5295,2000,,,,,VIR,080930
1937889,238,5296,2000,,,,,VIR,080940
1944415,238,5297,2000,,,,,VIR,081010
1950941,238,5298,2000,,,,,VIR,081020
1957467,238,5299,2000,,,,,VIR,081030
1963993,238,5300,2000,,,,,VIR,081040
1970519,238,5301,2000,,,,,VIR,081090
1977045,238,5302,2000,,,,,VIR,081110
1983571,238,5303,2000,,,,,VIR,081120
1990097,238,5304,2000,,,,,VIR,081190
1996623,238,5305,2000,,,,,VIR,081210
2003149,238,5306,2000,,,,,VIR,081220
2009675,238,5307,2000,,,,,VIR,081290
2016201,238,5308,2000,,,,,VIR,081310
2022727,238,5309,2000,,,,,VIR,081320
2029253,238,5310,2000,,,,,VIR,081330
2035779,238,5311,2000,,,,,VIR,081340
2042305,238,5312,2000,,,,,VIR,081350
2048831,238,5313,2000,,,,,VIR,081400
2055357,238,5314,2000,,,,,VIR,090111
2061883,238,5315,2000,,,,,VIR,090112
2068409,238,5316,2000,,,,,VIR,090121
2074935,238,5317,2000,,,,,VIR,090122
2081461,238,5318,2000,,,,,VIR,090130
2087987,238,5319,2000,,,,,VIR,090140
2094513,238,5320,2000,,,,,VIR,090210
2101039,238,5321,2000,,,,,VIR,090220
2107565,238,5322,2000,,,,,VIR,090230
2114091,238,5323,2000,,,,,VIR,090240
2120617,238,5324,2000,,,,,VIR,090300
2127143,238,5325,2000,,,,,VIR,090411
2133669,238,5326,2000,,,,,VIR,090412
2140195,238,5327,2000,,,,,VIR,090420
2146721,238,5328,2000,,,,,VIR,090500
2153247,238,5329,2000,,,,,VIR,090610
2159773,238,5330,2000,,,,,VIR,090620
2166299,238,5331,2000,,,,,VIR,090700
2172825,238,5332,2000,,,,,VIR,090810
2179351,238,5333,2000,,,,,VIR,090820
2185877,238,5334,2000,,,,,VIR,090830
2192403,238,5335,2000,,,,,VIR,090910
2198929,238,5336,2000,,,,,VIR,090920
2205455,238,5337,2000,,,,,VIR,090930
2211981,238,5338,2000,,,,,VIR,090940
2218507,238,5339,2000,,,,,VIR,090950
2225033,238,5340,2000,,,,,VIR,091010
2231559,238,5341,2000,,,,,VIR,091020
2238085,238,5342,2000,,,,,VIR,091030
2244611,238,5343,2000,,,,,VIR,091040
2251137,238,5344,2000,,,,,VIR,091050
2257663,238,5345,2000,,,,,VIR,091091
2264189,238,5346,2000,,,,,VIR,091099
2270715,238,5347,2000,,,,,VIR,100110
2277241,238,5348,2000,,,,,VIR,100190
2283767,238,5349,2000,,,,,VIR,100200
2290293,238,5350,2000,,,,,VIR,100300
2296819,238,5351,2000,,,,,VIR,100400
2303345,238,5352,2000,,,,,VIR,100510
2309871,238,5353,2000,,,,,VIR,100590
2316397,238,5354,2000,,,,,VIR,100610
2322923,238,5355,2000,,,,,VIR,100620
2329449,238,5356,2000,,,,,VIR,100630
2335975,238,5357,2000,,,,,VIR,100640
2342501,238,5358,2000,,,,,VIR,100700
2349027,238,5359,2000,,,,,VIR,100810
2355553,238,5360,2000,,,,,VIR,100820
2362079,238,5361,2000,,,,,VIR,100830
2368605,238,5362,2000,,,,,VIR,100890
2375131,238,5363,2000,,,,,VIR,110100
2381657,238,5364,2000,,,,,VIR,110210
2388183,238,5365,2000,,,,,VIR,110220
2394709,238,5366,2000,,,,,VIR,110230
2401235,238,5367,2000,,,,,VIR,110290
2407761,238,5368,2000,,,,,VIR,110311
2414287,238,5369,2000,,,,,VIR,110312
2420813,238,5370,2000,,,,,VIR,110313
2427339,238,5371,2000,,,,,VIR,110314
2433865,238,5372,2000,,,,,VIR,110319
2440391,238,5373,2000,,,,,VIR,110321
2446917,238,5374,2000,,,,,VIR,110329
2453443,238,5375,2000,,,,,VIR,110411
2459969,238,5376,2000,,,,,VIR,110412
2466495,238,5377,2000,,,,,VIR,110419
2473021,238,5378,2000,,,,,VIR,110421
2479547,238,5379,2000,,,,,VIR,110422
2486073,238,5380,2000,,,,,VIR,110423
2492599,238,5381,2000,,,,,VIR,110429
2499125,238,5382,2000,,,,,VIR,110430
2505651,238,5383,2000,,,,,VIR,110510
2512177,238,5384,2000,,,,,VIR,110520
2518703,238,5385,2000,,,,,VIR,110610
2525229,238,5386,2000,,,,,VIR,110620
2531755,238,5387,2000,,,,,VIR,110630
2538281,238,5388,2000,,,,,VIR,110710
2544807,238,5389,2000,,,,,VIR,110720
2551333,238,5390,2000,,,,,VIR,110811
2557859,238,5391,2000,,,,,VIR,110812
2564385,238,5392,2000,,,,,VIR,110813
2570911,238,5393,2000,,,,,VIR,110814
2577437,238,5394,2000,,,,,VIR,110819
2583963,238,5395,2000,,,,,VIR,110820
2590489,238,5396,2000,,,,,VIR,110900
2597015,238,5397,2000,,,,,VIR,120100
2603541,238,5398,2000,,,,,VIR,120210
2610067,238,5399,2000,,,,,VIR,120220
2616593,238,5400,2000,,,,,VIR,120300
2623119,238,5401,2000,,,,,VIR,120400
2629645,238,5402,2000,,,,,VIR,120500
2636171,238,5403,2000,,,,,VIR,120600
2642697,238,5404,2000,,,,,VIR,120710
2649223,238,5405,2000,,,,,VIR,120720
2655749,238,5406,2000,,,,,VIR,120730
2662275,238,5407,2000,,,,,VIR,120740
2668801,238,5408,2000,,,,,VIR,120750
2675327,238,5409,2000,,,,,VIR,120760
2681853,238,5410,2000,,,,,VIR,120791
2688379,238,5411,2000,,,,,VIR,120792
2694905,238,5412,2000,,,,,VIR,120799
2701431,238,5413,2000,,,,,VIR,120810
2707957,238,5414,2000,,,,,VIR,120890
2714483,238,5415,2000,,,,,VIR,120911
2721009,238,5416,2000,,,,,VIR,120919
2727535,238,5417,2000,,,,,VIR,120921
2734061,238,5418,2000,,,,,VIR,120922
2740587,238,5419,2000,,,,,VIR,120923
2747113,238,5420,2000,,,,,VIR,120924
2753639,238,5421,2000,,,,,VIR,120925
2760165,238,5422,2000,,,,,VIR,120926
2766691,238,5423,2000,,,,,VIR,120929
2773217,238,5424,2000,,,,,VIR,120930
2779743,238,5425,2000,,,,,VIR,120991
2786269,238,5426,2000,,,,,VIR,120999
2792795,238,5427,2000,,,,,VIR,121010
2799321,238,5428,2000,,,,,VIR,121020
2805847,238,5429,2000,,,,,VIR,121110
2812373,238,5430,2000,,,,,VIR,121120
2818899,238,5431,2000,,,,,VIR,121190
2825425,238,5432,2000,,,,,VIR,121210
2831951,238,5433,2000,,,,,VIR,121220
2838477,238,5434,2000,,,,,VIR,121230
2845003,238,5435,2000,,,,,VIR,121291
2851529,238,5436,2000,,,,,VIR,121292
2858055,238,5437,2000,,,,,VIR,121299
2864581,238,5438,2000,,,,,VIR,121300
2871107,238,5439,2000,,,,,VIR,121410
2877633,238,5440,2000,,,,,VIR,121490
2884159,238,5441,2000,,,,,VIR,130110
2890685,238,5442,2000,,,,,VIR,130120
2897211,238,5443,2000,,,,,VIR,130190
2903737,238,5444,2000,,,,,VIR,130211
2910263,238,5445,2000,,,,,VIR,130212
2916789,238,5446,2000,,,,,VIR,130213
2923315,238,5447,2000,,,,,VIR,130214
2929841,238,5448,2000,,,,,VIR,130219
2936367,238,5449,2000,,,,,VIR,130220
2942893,238,5450,2000,,,,,VIR,130231
2949419,238,5451,2000,,,,,VIR,130232
2955945,238,5452,2000,,,,,VIR,130239
2962471,238,5453,2000,,,,,VIR,140110
2968997,238,5454,2000,,,,,VIR,140120
2975523,238,5455,2000,,,,,VIR,140190
2982049,238,5456,2000,,,,,VIR,140210
2988575,238,5457,2000,,,,,VIR,140291
2995101,238,5458,2000,,,,,VIR,140299
3001627,238,5459,2000,,,,,VIR,140310
3008153,238,5460,2000,,,,,VIR,140390
3014679,238,5461,2000,,,,,VIR,140410
3021205,238,5462,2000,,,,,VIR,140420
3027731,238,5463,2000,,,,,VIR,140490
3034257,238,5464,2000,,,,,VIR,150100
3040783,238,5465,2000,,,,,VIR,150200
3047309,238,5466,2000,,,,,VIR,150300
3053835,238,5467,2000,,,,,VIR,150410
3060361,238,5468,2000,,,,,VIR,150420
3066887,238,5469,2000,,,,,VIR,150430
3073413,238,5470,2000,,,,,VIR,150510
3079939,238,5471,2000,,,,,VIR,150590
3086465,238,5472,2000,,,,,VIR,150600
3092991,238,5473,2000,,,,,VIR,150710
3099517,238,5474,2000,,,,,VIR,150790
3106043,238,5475,2000,,,,,VIR,150810
3112569,238,5476,2000,,,,,VIR,150890
3119095,238,5477,2000,,,,,VIR,150910
3125621,238,5478,2000,,,,,VIR,150990
3132147,238,5479,2000,,,,,VIR,151000
3138673,238,5480,2000,,,,,VIR,151110
3145199,238,5481,2000,,,,,VIR,151190
3151725,238,5482,2000,,,,,VIR,151211
3158251,238,5483,2000,,,,,VIR,151219
3164777,238,5484,2000,,,,,VIR,151221
3171303,238,5485,2000,,,,,VIR,151229
3177829,238,5486,2000,,,,,VIR,151311
3184355,238,5487,2000,,,,,VIR,151319
3190881,238,5488,2000,,,,,VIR,151321
3197407,238,5489,2000,,,,,VIR,151329
3203933,238,5490,2000,,,,,VIR,151410
3210459,238,5491,2000,,,,,VIR,151490
3216985,238,5492,2000,,,,,VIR,151511
3223511,238,5493,2000,,,,,VIR,151519
3230037,238,5494,2000,,,,,VIR,151521
3236563,238,5495,2000,,,,,VIR,151529
3243089,238,5496,2000,,,,,VIR,151530
3249615,238,5497,2000,,,,,VIR,151540
3256141,238,5498,2000,,,,,VIR,151550
3262667,238,5499,2000,,,,,VIR,151560
3269193,238,5500,2000,,,,,VIR,151590
3275719,238,5501,2000,,,,,VIR,151610
3282245,238,5502,2000,,,,,VIR,151620
3288771,238,5503,2000,,,,,VIR,151710
3295297,238,5504,2000,,,,,VIR,151790
3301823,238,5505,2000,,,,,VIR,151800
3308349,238,5506,2000,,,,,VIR,151911
3314875,238,5507,2000,,,,,VIR,151912
3321401,238,5508,2000,,,,,VIR,151913
3327927,238,5509,2000,,,,,VIR,151919
3334453,238,5510,2000,,,,,VIR,151920
3340979,238,5511,2000,,,,,VIR,151930
3347505,238,5512,2000,,,,,VIR,152010
3354031,238,5513,2000,,,,,VIR,152090
3360557,238,5514,2000,,,,,VIR,152110
3367083,238,5515,2000,,,,,VIR,152190
3373609,238,5516,2000,,,,,VIR,152200
3380135,238,5517,2000,,,,,VIR,160100
3386661,238,5518,2000,,,,,VIR,160210
3393187,238,5519,2000,,,,,VIR,160220
3399713,238,5520,2000,,,,,VIR,160231
3406239,238,5521,2000,,,,,VIR,160239
3412765,238,5522,2000,,,,,VIR,160241
3419291,238,5523,2000,,,,,VIR,160242
3425817,238,5524,2000,,,,,VIR,160249
3432343,238,5525,2000,,,,,VIR,160250
3438869,238,5526,2000,,,,,VIR,160290
3445395,238,5527,2000,,,,,VIR,160300
3451921,238,5528,2000,,,,,VIR,160411
3458447,238,5529,2000,,,,,VIR,160412
3464973,238,5530,2000,,,,,VIR,160413
3471499,238,5531,2000,,,,,VIR,160414
3478025,238,5532,2000,,,,,VIR,160415
3484551,238,5533,2000,,,,,VIR,160416
3491077,238,5534,2000,,,,,VIR,160419
3497603,238,5535,2000,,,,,VIR,160420
3504129,238,5536,2000,,,,,VIR,160430
3510655,238,5537,2000,,,,,VIR,160510
3517181,238,5538,2000,,,,,VIR,160520
3523707,238,5539,2000,,,,,VIR,160530
3530233,238,5540,2000,,,,,VIR,160540
3536759,238,5541,2000,,,,,VIR,160590
3543285,238,5542,2000,,,,,VIR,170111
3549811,238,5543,2000,,,,,VIR,170112
3556337,238,5544,2000,,,,,VIR,170191
3562863,238,5545,2000,,,,,VIR,170199
3569389,238,5546,2000,,,,,VIR,170210
3575915,238,5547,2000,,,,,VIR,170220
3582441,238,5548,2000,,,,,VIR,170230
3588967,238,5549,2000,,,,,VIR,170240
3595493,238,5550,2000,,,,,VIR,170250
3602019,238,5551,2000,,,,,VIR,170260
3608545,238,5552,2000,,,,,VIR,170290
3615071,238,5553,2000,,,,,VIR,170310
3621597,238,5554,2000,,,,,VIR,170390
3628123,238,5555,2000,,,,,VIR,170410
3634649,238,5556,2000,,,,,VIR,170490
3641175,238,5557,2000,,,,,VIR,180100
3647701,238,5558,2000,,,,,VIR,180200
3654227,238,5559,2000,,,,,VIR,180310
3660753,238,5560,2000,,,,,VIR,180320
3667279,238,5561,2000,,,,,VIR,180400
3673805,238,5562,2000,,,,,VIR,180500
3680331,238,5563,2000,,,,,VIR,180610
3686857,238,5564,2000,,,,,VIR,180620
3693383,238,5565,2000,,,,,VIR,180631
3699909,238,5566,2000,,,,,VIR,180632
3706435,238,5567,2000,,,,,VIR,180690
3712961,238,5568,2000,,,,,VIR,190110
3719487,238,5569,2000,,,,,VIR,190120
3726013,238,5570,2000,,,,,VIR,190190
3732539,238,5571,2000,,,,,VIR,190211
3739065,238,5572,2000,,,,,VIR,190219
3745591,238,5573,2000,,,,,VIR,190220
3752117,238,5574,2000,,,,,VIR,190230
3758643,238,5575,2000,,,,,VIR,190240
3765169,238,5576,2000,,,,,VIR,190300
3771695,238,5577,2000,,,,,VIR,190410
3778221,238,5578,2000,,,,,VIR,190490
3784747,238,5579,2000,,,,,VIR,190510
3791273,238,5580,2000,,,,,VIR,190520
3797799,238,5581,2000,,,,,VIR,190530
3804325,238,5582,2000,,,,,VIR,190540
3810851,238,5583,2000,,,,,VIR,190590
3817377,238,5584,2000,,,,,VIR,200110
3823903,238,5585,2000,,,,,VIR,200120
3830429,238,5586,2000,,,,,VIR,200190
3836955,238,5587,2000,,,,,VIR,200210
3843481,238,5588,2000,,,,,VIR,200290
3850007,238,5589,2000,,,,,VIR,200310
3856533,238,5590,2000,,,,,VIR,200320
3863059,238,5591,2000,,,,,VIR,200410
3869585,238,5592,2000,,,,,VIR,200490
3876111,238,5593,2000,,,,,VIR,200510
3882637,238,5594,2000,,,,,VIR,200520
3889163,238,5595,2000,,,,,VIR,200530
3895689,238,5596,2000,,,,,VIR,200540
3902215,238,5597,2000,,,,,VIR,200551
3908741,238,5598,2000,,,,,VIR,200559
3915267,238,5599,2000,,,,,VIR,200560
3921793,238,5600,2000,,,,,VIR,200570
3928319,238,5601,2000,,,,,VIR,200580
3934845,238,5602,2000,,,,,VIR,200590
3941371,238,5603,2000,,,,,VIR,200600
3947897,238,5604,2000,,,,,VIR,200710
3954423,238,5605,2000,,,,,VIR,200791
3960949,238,5606,2000,,,,,VIR,200799
3967475,238,5607,2000,,,,,VIR,200811
3974001,238,5608,2000,,,,,VIR,200819
3980527,238,5609,2000,,,,,VIR,200820
3987053,238,5610,2000,,,,,VIR,200830
3993579,238,5611,2000,,,,,VIR,200840
4000105,238,5612,2000,,,,,VIR,200850
4006631,238,5613,2000,,,,,VIR,200860
4013157,238,5614,2000,,,,,VIR,200870
4019683,238,5615,2000,,,,,VIR,200880
4026209,238,5616,2000,,,,,VIR,200891
4032735,238,5617,2000,,,,,VIR,200892
4039261,238,5618,2000,,,,,VIR,200899
4045787,238,5619,2000,,,,,VIR,200911
4052313,238,5620,2000,,,,,VIR,200919
4058839,238,5621,2000,,,,,VIR,200920
4065365,238,5622,2000,,,,,VIR,200930
4071891,238,5623,2000,,,,,VIR,200940
4078417,238,5624,2000,,,,,VIR,200950
4084943,238,5625,2000,,,,,VIR,200960
4091469,238,5626,2000,,,,,VIR,200970
4097995,238,5627,2000,,,,,VIR,200980
4104521,238,5628,2000,,,,,VIR,200990
4111047,238,5629,2000,,,,,VIR,210110
4117573,238,5630,2000,,,,,VIR,210120
4124099,238,5631,2000,,,,,VIR,210130
4130625,238,5632,2000,,,,,VIR,210210
4137151,238,5633,2000,,,,,VIR,210220
4143677,238,5634,2000,,,,,VIR,210230
4150203,238,5635,2000,,,,,VIR,210310
4156729,238,5636,2000,,,,,VIR,210320
4163255,238,5637,2000,,,,,VIR,210330
4169781,238,5638,2000,,,,,VIR,210390
4176307,238,5639,2000,,,,,VIR,210410
4182833,238,5640,2000,,,,,VIR,210420
4189359,238,5641,2000,,,,,VIR,210500
4195885,238,5642,2000,,,,,VIR,210610
4202411,238,5643,2000,,,,,VIR,210690
4208937,238,5644,2000,,,,,VIR,220110
4215463,238,5645,2000,,,,,VIR,220190
4221989,238,5646,2000,,,,,VIR,220210
4228515,238,5647,2000,,,,,VIR,220290
4235041,238,5648,2000,,,,,VIR,220300
4241567,238,5649,2000,,,,,VIR,220410
4248093,238,5650,2000,,,,,VIR,220421
4254619,238,5651,2000,,,,,VIR,220429
4261145,238,5652,2000,,,,,VIR,220430
4267671,238,5653,2000,,,,,VIR,220510
4274197,238,5654,2000,,,,,VIR,220590
4280723,238,5655,2000,,,,,VIR,220600
4287249,238,5656,2000,,,,,VIR,220710
4293775,238,5657,2000,,,,,VIR,220720
4300301,238,5658,2000,,,,,VIR,220810
4306827,238,5659,2000,,,,,VIR,220820
4313353,238,5660,2000,,,,,VIR,220830
4319879,238,5661,2000,,,,,VIR,220840
4326405,238,5662,2000,,,,,VIR,220850
4332931,238,5663,2000,,,,,VIR,220890
4339457,238,5664,2000,,,,,VIR,220900
4345983,238,5665,2000,,,,,VIR,230110
4352509,238,5666,2000,,,,,VIR,230120
4359035,238,5667,2000,,,,,VIR,230210
4365561,238,5668,2000,,,,,VIR,230220
4372087,238,5669,2000,,,,,VIR,230230
4378613,238,5670,2000,,,,,VIR,230240
4385139,238,5671,2000,,,,,VIR,230250
4391665,238,5672,2000,,,,,VIR,230310
4398191,238,5673,2000,,,,,VIR,230320
4404717,238,5674,2000,,,,,VIR,230330
4411243,238,5675,2000,,,,,VIR,230400
4417769,238,5676,2000,,,,,VIR,230500
4424295,238,5677,2000,,,,,VIR,230610
4430821,238,5678,2000,,,,,VIR,230620
4437347,238,5679,2000,,,,,VIR,230630
4443873,238,5680,2000,,,,,VIR,230640
4450399,238,5681,2000,,,,,VIR,230650
4456925,238,5682,2000,,,,,VIR,230660
4463451,238,5683,2000,,,,,VIR,230690
4469977,238,5684,2000,,,,,VIR,230700
4476503,238,5685,2000,,,,,VIR,230810
4483029,238,5686,2000,,,,,VIR,230890
4489555,238,5687,2000,,,,,VIR,230910
4496081,238,5688,2000,,,,,VIR,230990
4502607,238,5689,2000,,,,,VIR,240110
4509133,238,5690,2000,,,,,VIR,240120
4515659,238,5691,2000,,,,,VIR,240130
4522185,238,5692,2000,,,,,VIR,240210
4528711,238,5693,2000,,,,,VIR,240220
4535237,238,5694,2000,,,,,VIR,240290
4541763,238,5695,2000,,,,,VIR,240310
4548289,238,5696,2000,,,,,VIR,240391
4554815,238,5697,2000,,,,,VIR,240399
4561341,238,5698,2000,,,,,VIR,250100
4567867,238,5699,2000,,,,,VIR,250200
4574393,238,5700,2000,,,,,VIR,250310
4580919,238,5701,2000,,,,,VIR,250390
4587445,238,5702,2000,,,,,VIR,250410
4593971,238,5703,2000,,,,,VIR,250490
4600497,238,5704,2000,,,,,VIR,250510
4607023,238,5705,2000,,,,,VIR,250590
4613549,238,5706,2000,,,,,VIR,250610
4620075,238,5707,2000,,,,,VIR,250621
4626601,238,5708,2000,,,,,VIR,250629
4633127,238,5709,2000,,,,,VIR,250700
4639653,238,5710,2000,,,,,VIR,250810
4646179,238,5711,2000,,,,,VIR,250820
4652705,238,5712,2000,,,,,VIR,250830
4659231,238,5713,2000,,,,,VIR,250840
4665757,238,5714,2000,,,,,VIR,250850
4672283,238,5715,2000,,,,,VIR,250860
4678809,238,5716,2000,,,,,VIR,250870
4685335,238,5717,2000,,,,,VIR,250900
4691861,238,5718,2000,,,,,VIR,251010
4698387,238,5719,2000,,,,,VIR,251020
4704913,238,5720,2000,,,,,VIR,251110
4711439,238,5721,2000,,,,,VIR,251120
4717965,238,5722,2000,,,,,VIR,251200
4724491,238,5723,2000,,,,,VIR,251311
4731017,238,5724,2000,,,,,VIR,251319
4737543,238,5725,2000,,,,,VIR,251321
4744069,238,5726,2000,,,,,VIR,251329
4750595,238,5727,2000,,,,,VIR,251400
4757121,238,5728,2000,,,,,VIR,251511
4763647,238,5729,2000,,,,,VIR,251512
4770173,238,5730,2000,,,,,VIR,251520
4776699,238,5731,2000,,,,,VIR,251611
4783225,238,5732,2000,,,,,VIR,251612
4789751,238,5733,2000,,,,,VIR,251621
4796277,238,5734,2000,,,,,VIR,251622
4802803,238,5735,2000,,,,,VIR,251690
4809329,238,5736,2000,,,,,VIR,251710
4815855,238,5737,2000,,,,,VIR,251720
4822381,238,5738,2000,,,,,VIR,251730
4828907,238,5739,2000,,,,,VIR,251741
4835433,238,5740,2000,,,,,VIR,251749
4841959,238,5741,2000,,,,,VIR,251810
4848485,238,5742,2000,,,,,VIR,251820
4855011,238,5743,2000,,,,,VIR,251830
4861537,238,5744,2000,,,,,VIR,251910
4868063,238,5745,2000,,,,,VIR,251990
4874589,238,5746,2000,,,,,VIR,252010
4881115,238,5747,2000,,,,,VIR,252020
4887641,238,5748,2000,,,,,VIR,252100
4894167,238,5749,2000,,,,,VIR,252210
4900693,238,5750,2000,,,,,VIR,252220
4907219,238,5751,2000,,,,,VIR,252230
4913745,238,5752,2000,,,,,VIR,252310
4920271,238,5753,2000,,,,,VIR,252321
4926797,238,5754,2000,,,,,VIR,252329
4933323,238,5755,2000,,,,,VIR,252330
4939849,238,5756,2000,,,,,VIR,252390
4946375,238,5757,2000,,,,,VIR,252400
4952901,238,5758,2000,,,,,VIR,252510
4959427,238,5759,2000,,,,,VIR,252520
4965953,238,5760,2000,,,,,VIR,252530
4972479,238,5761,2000,,,,,VIR,252610
4979005,238,5762,2000,,,,,VIR,252620
4985531,238,5763,2000,,,,,VIR,252700
4992057,238,5764,2000,,,,,VIR,252810
4998583,238,5765,2000,,,,,VIR,252890
5005109,238,5766,2000,,,,,VIR,252910
5011635,238,5767,2000,,,,,VIR,252921
5018161,238,5768,2000,,,,,VIR,252922
5024687,238,5769,2000,,,,,VIR,252930
5031213,238,5770,2000,,,,,VIR,253010
5037739,238,5771,2000,,,,,VIR,253020
5044265,238,5772,2000,,,,,VIR,253030
5050791,238,5773,2000,,,,,VIR,253040
5057317,238,5774,2000,,,,,VIR,253090
5063843,238,5775,2000,,,,,VIR,260111
5070369,238,5776,2000,,,,,VIR,260112
5076895,238,5777,2000,,,,,VIR,260120
5083421,238,5778,2000,,,,,VIR,260200
5089947,238,5779,2000,,,,,VIR,260300
5096473,238,5780,2000,,,,,VIR,260400
5102999,238,5781,2000,,,,,VIR,260500
5109525,238,5782,2000,,,,,VIR,260600
5116051,238,5783,2000,,,,,VIR,260700
5122577,238,5784,2000,,,,,VIR,260800
5129103,238,5785,2000,,,,,VIR,260900
5135629,238,5786,2000,,,,,VIR,261000
5142155,238,5787,2000,,,,,VIR,261100
5148681,238,5788,2000,,,,,VIR,261210
5155207,238,5789,2000,,,,,VIR,261220
5161733,238,5790,2000,,,,,VIR,261310
5168259,238,5791,2000,,,,,VIR,261390
5174785,238,5792,2000,,,,,VIR,261400
5181311,238,5793,2000,,,,,VIR,261510
5187837,238,5794,2000,,,,,VIR,261590
5194363,238,5795,2000,,,,,VIR,261610
5200889,238,5796,2000,,,,,VIR,261690
5207415,238,5797,2000,,,,,VIR,261710
5213941,238,5798,2000,,,,,VIR,261790
5220467,238,5799,2000,,,,,VIR,261800
5226993,238,5800,2000,,,,,VIR,261900
5233519,238,5801,2000,,,,,VIR,262011
5240045,238,5802,2000,,,,,VIR,262019
5246571,238,5803,2000,,,,,VIR,262020
5253097,238,5804,2000,,,,,VIR,262030
5259623,238,5805,2000,,,,,VIR,262040
5266149,238,5806,2000,,,,,VIR,262050
5272675,238,5807,2000,,,,,VIR,262090
5279201,238,5808,2000,,,,,VIR,262100
5285727,238,5809,2000,,,,,VIR,270111
5292253,238,5810,2000,,,,,VIR,270112
5298779,238,5811,2000,,,,,VIR,270119
5305305,238,5812,2000,,,,,VIR,270120
5311831,238,5813,2000,,,,,VIR,270210
5318357,238,5814,2000,,,,,VIR,270220
5324883,238,5815,2000,,,,,VIR,270300
5331409,238,5816,2000,,,,,VIR,270400
5337935,238,5817,2000,,,,,VIR,270500
5344461,238,5818,2000,,,,,VIR,270600
5350987,238,5819,2000,,,,,VIR,270710
5357513,238,5820,2000,,,,,VIR,270720
5364039,238,5821,2000,,,,,VIR,270730
5370565,238,5822,2000,,,,,VIR,270740
5377091,238,5823,2000,,,,,VIR,270750
5383617,238,5824,2000,,,,,VIR,270760
5390143,238,5825,2000,,,,,VIR,270791
5396669,238,5826,2000,,,,,VIR,270799
5403195,238,5827,2000,,,,,VIR,270810
5409721,238,5828,2000,,,,,VIR,270820
5416247,238,5829,2000,,,,,VIR,270900
5422773,238,5830,2000,,,,,VIR,271000
5429299,238,5831,2000,,,,,VIR,271011
5435825,238,5832,2000,,,,,VIR,271012
5442351,238,5833,2000,,,,,VIR,271013
5448877,238,5834,2000,,,,,VIR,271014
5455403,238,5835,2000,,,,,VIR,271015
5461929,238,5836,2000,,,,,VIR,271016
5468455,238,5837,2000,,,,,VIR,271019
5474981,238,5838,2000,,,,,VIR,271021
5481507,238,5839,2000,,,,,VIR,271022
5488033,238,5840,2000,,,,,VIR,271025
5494559,238,5841,2000,,,,,VIR,271026
5501085,238,5842,2000,,,,,VIR,271027
5507611,238,5843,2000,,,,,VIR,271029
5514137,238,5844,2000,,,,,VIR,271091
5520663,238,5845,2000,,,,,VIR,271093
5527189,238,5846,2000,,,,,VIR,271094
5533715,238,5847,2000,,,,,VIR,271095
5540241,238,5848,2000,,,,,VIR,271096
5546767,238,5849,2000,,,,,VIR,271099
5553293,238,5850,2000,,,,,VIR,271111
5559819,238,5851,2000,,,,,VIR,271112
5566345,238,5852,2000,,,,,VIR,271113
5572871,238,5853,2000,,,,,VIR,271114
5579397,238,5854,2000,,,,,VIR,271119
5585923,238,5855,2000,,,,,VIR,271121
5592449,238,5856,2000,,,,,VIR,271129
5598975,238,5857,2000,,,,,VIR,271210
5605501,238,5858,2000,,,,,VIR,271220
5612027,238,5859,2000,,,,,VIR,271290
5618553,238,5860,2000,,,,,VIR,271311
5625079,238,5861,2000,,,,,VIR,271312
5631605,238,5862,2000,,,,,VIR,271320
5638131,238,5863,2000,,,,,VIR,271390
5644657,238,5864,2000,,,,,VIR,271410
5651183,238,5865,2000,,,,,VIR,271490
5657709,238,5866,2000,,,,,VIR,271500
5664235,238,5867,2000,,,,,VIR,271600
5670761,238,5868,2000,,,,,VIR,280110
5677287,238,5869,2000,,,,,VIR,280120
5683813,238,5870,2000,,,,,VIR,280130
5690339,238,5871,2000,,,,,VIR,280200
5696865,238,5872,2000,,,,,VIR,280300
5703391,238,5873,2000,,,,,VIR,280410
5709917,238,5874,2000,,,,,VIR,280421
5716443,238,5875,2000,,,,,VIR,280429
5722969,238,5876,2000,,,,,VIR,280430
5729495,238,5877,2000,,,,,VIR,280440
5736021,238,5878,2000,,,,,VIR,280450
5742547,238,5879,2000,,,,,VIR,280461
5749073,238,5880,2000,,,,,VIR,280469
5755599,238,5881,2000,,,,,VIR,280470
5762125,238,5882,2000,,,,,VIR,280480
5768651,238,5883,2000,,,,,VIR,280490
5775177,238,5884,2000,,,,,VIR,280511
5781703,238,5885,2000,,,,,VIR,280519
5788229,238,5886,2000,,,,,VIR,280521
5794755,238,5887,2000,,,,,VIR,280522
5801281,238,5888,2000,,,,,VIR,280530
5807807,238,5889,2000,,,,,VIR,280540
5814333,238,5890,2000,,,,,VIR,280610
5820859,238,5891,2000,,,,,VIR,280620
5827385,238,5892,2000,,,,,VIR,280700
5833911,238,5893,2000,,,,,VIR,280800
5840437,238,5894,2000,,,,,VIR,280910
5846963,238,5895,2000,,,,,VIR,280920
5853489,238,5896,2000,,,,,VIR,281000
5860015,238,5897,2000,,,,,VIR,281111
5866541,238,5898,2000,,,,,VIR,281119
5873067,238,5899,2000,,,,,VIR,281121
5879593,238,5900,2000,,,,,VIR,281122
5886119,238,5901,2000,,,,,VIR,281123
5892645,238,5902,2000,,,,,VIR,281129
5899171,238,5903,2000,,,,,VIR,281210
5905697,238,5904,2000,,,,,VIR,281290
5912223,238,5905,2000,,,,,VIR,281310
5918749,238,5906,2000,,,,,VIR,281390
5925275,238,5907,2000,,,,,VIR,281410
5931801,238,5908,2000,,,,,VIR,281420
5938327,238,5909,2000,,,,,VIR,281511
5944853,238,5910,2000,,,,,VIR,281512
5951379,238,5911,2000,,,,,VIR,281520
5957905,238,5912,2000,,,,,VIR,281530
5964431,238,5913,2000,,,,,VIR,281610
5970957,238,5914,2000,,,,,VIR,281620
5977483,238,5915,2000,,,,,VIR,281630
5984009,238,5916,2000,,,,,VIR,281700
5990535,238,5917,2000,,,,,VIR,281810
5997061,238,5918,2000,,,,,VIR,281820
6003587,238,5919,2000,,,,,VIR,281830
6010113,238,5920,2000,,,,,VIR,281910
6016639,238,5921,2000,,,,,VIR,281990
6023165,238,5922,2000,,,,,VIR,282010
6029691,238,5923,2000,,,,,VIR,282090
6036217,238,5924,2000,,,,,VIR,282110
6042743,238,5925,2000,,,,,VIR,282120
6049269,238,5926,2000,,,,,VIR,282200
6055795,238,5927,2000,,,,,VIR,282300
6062321,238,5928,2000,,,,,VIR,282410
6068847,238,5929,2000,,,,,VIR,282420
6075373,238,5930,2000,,,,,VIR,282490
6081899,238,5931,2000,,,,,VIR,282510
6088425,238,5932,2000,,,,,VIR,282520
6094951,238,5933,2000,,,,,VIR,282530
6101477,238,5934,2000,,,,,VIR,282540
6108003,238,5935,2000,,,,,VIR,282550
6114529,238,5936,2000,,,,,VIR,282560
6121055,238,5937,2000,,,,,VIR,282570
6127581,238,5938,2000,,,,,VIR,282580
6134107,238,5939,2000,,,,,VIR,282590
6140633,238,5940,2000,,,,,VIR,282611
6147159,238,5941,2000,,,,,VIR,282612
6153685,238,5942,2000,,,,,VIR,282619
6160211,238,5943,2000,,,,,VIR,282620
6166737,238,5944,2000,,,,,VIR,282630
6173263,238,5945,2000,,,,,VIR,282690
6179789,238,5946,2000,,,,,VIR,282710
6186315,238,5947,2000,,,,,VIR,282720
6192841,238,5948,2000,,,,,VIR,282731
6199367,238,5949,2000,,,,,VIR,282732
6205893,238,5950,2000,,,,,VIR,282733
6212419,238,5951,2000,,,,,VIR,282734
6218945,238,5952,2000,,,,,VIR,282735
6225471,238,5953,2000,,,,,VIR,282736
6231997,238,5954,2000,,,,,VIR,282737
6238523,238,5955,2000,,,,,VIR,282738
6245049,238,5956,2000,,,,,VIR,282739
6251575,238,5957,2000,,,,,VIR,282741
6258101,238,5958,2000,,,,,VIR,282749
6264627,238,5959,2000,,,,,VIR,282751
6271153,238,5960,2000,,,,,VIR,282759
6277679,238,5961,2000,,,,,VIR,282760
6284205,238,5962,2000,,,,,VIR,282810
6290731,238,5963,2000,,,,,VIR,282890
6297257,238,5964,2000,,,,,VIR,282911
6303783,238,5965,2000,,,,,VIR,282919
6310309,238,5966,2000,,,,,VIR,282990
6316835,238,5967,2000,,,,,VIR,283010
6323361,238,5968,2000,,,,,VIR,283020
6329887,238,5969,2000,,,,,VIR,283030
6336413,238,5970,2000,,,,,VIR,283090
6342939,238,5971,2000,,,,,VIR,283110
6349465,238,5972,2000,,,,,VIR,283190
6355991,238,5973,2000,,,,,VIR,283210
6362517,238,5974,2000,,,,,VIR,283220
6369043,238,5975,2000,,,,,VIR,283230
6375569,238,5976,2000,,,,,VIR,283311
6382095,238,5977,2000,,,,,VIR,283319
6388621,238,5978,2000,,,,,VIR,283321
6395147,238,5979,2000,,,,,VIR,283322
6401673,238,5980,2000,,,,,VIR,283323
6408199,238,5981,2000,,,,,VIR,283324
6414725,238,5982,2000,,,,,VIR,283325
6421251,238,5983,2000,,,,,VIR,283326
6427777,238,5984,2000,,,,,VIR,283327
6434303,238,5985,2000,,,,,VIR,283329
6440829,238,5986,2000,,,,,VIR,283330
6447355,238,5987,2000,,,,,VIR,283340
6453881,238,5988,2000,,,,,VIR,283410
6460407,238,5989,2000,,,,,VIR,283421
6466933,238,5990,2000,,,,,VIR,283422
6473459,238,5991,2000,,,,,VIR,283429
6479985,238,5992,2000,,,,,VIR,283510
6486511,238,5993,2000,,,,,VIR,283521
6493037,238,5994,2000,,,,,VIR,283522
6499563,238,5995,2000,,,,,VIR,283523
6506089,238,5996,2000,,,,,VIR,283524
6512615,238,5997,2000,,,,,VIR,283525
6519141,238,5998,2000,,,,,VIR,283526
6525667,238,5999,2000,,,,,VIR,283529
6532193,238,6000,2000,,,,,VIR,283531
6538719,238,6001,2000,,,,,VIR,283539
6545245,238,6002,2000,,,,,VIR,283610
6551771,238,6003,2000,,,,,VIR,283620
6558297,238,6004,2000,,,,,VIR,283630
6564823,238,6005,2000,,,,,VIR,283640
6571349,238,6006,2000,,,,,VIR,283650
6577875,238,6007,2000,,,,,VIR,283660
6584401,238,6008,2000,,,,,VIR,283670
6590927,238,6009,2000,,,,,VIR,283691
6597453,238,6010,2000,,,,,VIR,283692
6603979,238,6011,2000,,,,,VIR,283693
6610505,238,6012,2000,,,,,VIR,283699
6617031,238,6013,2000,,,,,VIR,283711
6623557,238,6014,2000,,,,,VIR,283719
6630083,238,6015,2000,,,,,VIR,283720
6636609,238,6016,2000,,,,,VIR,283800
6643135,238,6017,2000,,,,,VIR,283911
6649661,238,6018,2000,,,,,VIR,283919
6656187,238,6019,2000,,,,,VIR,283920
6662713,238,6020,2000,,,,,VIR,283990
6669239,238,6021,2000,,,,,VIR,284011
6675765,238,6022,2000,,,,,VIR,284019
6682291,238,6023,2000,,,,,VIR,284020
6688817,238,6024,2000,,,,,VIR,284030
6695343,238,6025,2000,,,,,VIR,284110
6701869,238,6026,2000,,,,,VIR,284120
6708395,238,6027,2000,,,,,VIR,284130
6714921,238,6028,2000,,,,,VIR,284140
6721447,238,6029,2000,,,,,VIR,284150
6727973,238,6030,2000,,,,,VIR,284160
6734499,238,6031,2000,,,,,VIR,284170
6741025,238,6032,2000,,,,,VIR,284180
6747551,238,6033,2000,,,,,VIR,284190
6754077,238,6034,2000,,,,,VIR,284210
6760603,238,6035,2000,,,,,VIR,284290
6767129,238,6036,2000,,,,,VIR,284310
6773655,238,6037,2000,,,,,VIR,284321
6780181,238,6038,2000,,,,,VIR,284329
6786707,238,6039,2000,,,,,VIR,284330
6793233,238,6040,2000,,,,,VIR,284390
6799759,238,6041,2000,,,,,VIR,284410
6806285,238,6042,2000,,,,,VIR,284420
6812811,238,6043,2000,,,,,VIR,284430
6819337,238,6044,2000,,,,,VIR,284440
6825863,238,6045,2000,,,,,VIR,284450
6832389,238,6046,2000,,,,,VIR,284510
6838915,238,6047,2000,,,,,VIR,284590
6845441,238,6048,2000,,,,,VIR,284610
6851967,238,6049,2000,,,,,VIR,284690
6858493,238,6050,2000,,,,,VIR,284700
6865019,238,6051,2000,,,,,VIR,284810
6871545,238,6052,2000,,,,,VIR,284890
6878071,238,6053,2000,,,,,VIR,284910
6884597,238,6054,2000,,,,,VIR,284920
6891123,238,6055,2000,,,,,VIR,284990
6897649,238,6056,2000,,,,,VIR,285000
6904175,238,6057,2000,,,,,VIR,285100
6910701,238,6058,2000,,,,,VIR,290110
6917227,238,6059,2000,,,,,VIR,290121
6923753,238,6060,2000,,,,,VIR,290122
6930279,238,6061,2000,,,,,VIR,290123
6936805,238,6062,2000,,,,,VIR,290124
6943331,238,6063,2000,,,,,VIR,290129
6949857,238,6064,2000,,,,,VIR,290211
6956383,238,6065,2000,,,,,VIR,290219
6962909,238,6066,2000,,,,,VIR,290220
6969435,238,6067,2000,,,,,VIR,290230
6975961,238,6068,2000,,,,,VIR,290241
6982487,238,6069,2000,,,,,VIR,290242
6989013,238,6070,2000,,,,,VIR,290243
6995539,238,6071,2000,,,,,VIR,290244
7002065,238,6072,2000,,,,,VIR,290250
7008591,238,6073,2000,,,,,VIR,290260
7015117,238,6074,2000,,,,,VIR,290270
7021643,238,6075,2000,,,,,VIR,290290
7028169,238,6076,2000,,,,,VIR,290311
7034695,238,6077,2000,,,,,VIR,290312
7041221,238,6078,2000,,,,,VIR,290313
7047747,238,6079,2000,,,,,VIR,290314
7054273,238,6080,2000,,,,,VIR,290315
7060799,238,6081,2000,,,,,VIR,290316
7067325,238,6082,2000,,,,,VIR,290319
7073851,238,6083,2000,,,,,VIR,290321
7080377,238,6084,2000,,,,,VIR,290322
7086903,238,6085,2000,,,,,VIR,290323
7093429,238,6086,2000,,,,,VIR,290329
7099955,238,6087,2000,,,,,VIR,290330
7106481,238,6088,2000,,,,,VIR,290340
7113007,238,6089,2000,,,,,VIR,290351
7119533,238,6090,2000,,,,,VIR,290359
7126059,238,6091,2000,,,,,VIR,290361
7132585,238,6092,2000,,,,,VIR,290362
7139111,238,6093,2000,,,,,VIR,290369
7145637,238,6094,2000,,,,,VIR,290410
7152163,238,6095,2000,,,,,VIR,290420
7158689,238,6096,2000,,,,,VIR,290490
7165215,238,6097,2000,,,,,VIR,290511
7171741,238,6098,2000,,,,,VIR,290512
7178267,238,6099,2000,,,,,VIR,290513
7184793,238,6100,2000,,,,,VIR,290514
7191319,238,6101,2000,,,,,VIR,290515
7197845,238,6102,2000,,,,,VIR,290516
7204371,238,6103,2000,,,,,VIR,290517
7210897,238,6104,2000,,,,,VIR,290519
7217423,238,6105,2000,,,,,VIR,290521
7223949,238,6106,2000,,,,,VIR,290522
7230475,238,6107,2000,,,,,VIR,290529
7237001,238,6108,2000,,,,,VIR,290531
7243527,238,6109,2000,,,,,VIR,290532
7250053,238,6110,2000,,,,,VIR,290539
7256579,238,6111,2000,,,,,VIR,290541
7263105,238,6112,2000,,,,,VIR,290542
7269631,238,6113,2000,,,,,VIR,290543
7276157,238,6114,2000,,,,,VIR,290544
7282683,238,6115,2000,,,,,VIR,290549
7289209,238,6116,2000,,,,,VIR,290550
7295735,238,6117,2000,,,,,VIR,290611
7302261,238,6118,2000,,,,,VIR,290612
7308787,238,6119,2000,,,,,VIR,290613
7315313,238,6120,2000,,,,,VIR,290614
7321839,238,6121,2000,,,,,VIR,290619
7328365,238,6122,2000,,,,,VIR,290621
7334891,238,6123,2000,,,,,VIR,290629
7341417,238,6124,2000,,,,,VIR,290711
7347943,238,6125,2000,,,,,VIR,290712
7354469,238,6126,2000,,,,,VIR,290713
7360995,238,6127,2000,,,,,VIR,290714
7367521,238,6128,2000,,,,,VIR,290715
7374047,238,6129,2000,,,,,VIR,290719
7380573,238,6130,2000,,,,,VIR,290721
7387099,238,6131,2000,,,,,VIR,290722
7393625,238,6132,2000,,,,,VIR,290723
7400151,238,6133,2000,,,,,VIR,290729
7406677,238,6134,2000,,,,,VIR,290730
7413203,238,6135,2000,,,,,VIR,290810
7419729,238,6136,2000,,,,,VIR,290820
7426255,238,6137,2000,,,,,VIR,290890
7432781,238,6138,2000,,,,,VIR,290911
7439307,238,6139,2000,,,,,VIR,290919
7445833,238,6140,2000,,,,,VIR,290920
7452359,238,6141,2000,,,,,VIR,290930
7458885,238,6142,2000,,,,,VIR,290941
7465411,238,6143,2000,,,,,VIR,290942
7471937,238,6144,2000,,,,,VIR,290943
7478463,238,6145,2000,,,,,VIR,290944
7484989,238,6146,2000,,,,,VIR,290949
7491515,238,6147,2000,,,,,VIR,290950
7498041,238,6148,2000,,,,,VIR,290960
7504567,238,6149,2000,,,,,VIR,291010
7511093,238,6150,2000,,,,,VIR,291020
7517619,238,6151,2000,,,,,VIR,291030
7524145,238,6152,2000,,,,,VIR,291090
7530671,238,6153,2000,,,,,VIR,291100
7537197,238,6154,2000,,,,,VIR,291211
7543723,238,6155,2000,,,,,VIR,291212
7550249,238,6156,2000,,,,,VIR,291213
7556775,238,6157,2000,,,,,VIR,291219
7563301,238,6158,2000,,,,,VIR,291221
7569827,238,6159,2000,,,,,VIR,291229
7576353,238,6160,2000,,,,,VIR,291230
7582879,238,6161,2000,,,,,VIR,291241
7589405,238,6162,2000,,,,,VIR,291242
7595931,238,6163,2000,,,,,VIR,291249
7602457,238,6164,2000,,,,,VIR,291250
7608983,238,6165,2000,,,,,VIR,291260
7615509,238,6166,2000,,,,,VIR,291300
7622035,238,6167,2000,,,,,VIR,291411
7628561,238,6168,2000,,,,,VIR,291412
7635087,238,6169,2000,,,,,VIR,291413
7641613,238,6170,2000,,,,,VIR,291419
7648139,238,6171,2000,,,,,VIR,291421
7654665,238,6172,2000,,,,,VIR,291422
7661191,238,6173,2000,,,,,VIR,291423
7667717,238,6174,2000,,,,,VIR,291429
7674243,238,6175,2000,,,,,VIR,291430
7680769,238,6176,2000,,,,,VIR,291441
7687295,238,6177,2000,,,,,VIR,291449
7693821,238,6178,2000,,,,,VIR,291450
7700347,238,6179,2000,,,,,VIR,291461
7706873,238,6180,2000,,,,,VIR,291469
7713399,238,6181,2000,,,,,VIR,291470
7719925,238,6182,2000,,,,,VIR,291511
7726451,238,6183,2000,,,,,VIR,291512
7732977,238,6184,2000,,,,,VIR,291513
7739503,238,6185,2000,,,,,VIR,291521
7746029,238,6186,2000,,,,,VIR,291522
7752555,238,6187,2000,,,,,VIR,291523
7759081,238,6188,2000,,,,,VIR,291524
7765607,238,6189,2000,,,,,VIR,291529
7772133,238,6190,2000,,,,,VIR,291531
7778659,238,6191,2000,,,,,VIR,291532
7785185,238,6192,2000,,,,,VIR,291533
7791711,238,6193,2000,,,,,VIR,291534
7798237,238,6194,2000,,,,,VIR,291535
7804763,238,6195,2000,,,,,VIR,291539
7811289,238,6196,2000,,,,,VIR,291540
7817815,238,6197,2000,,,,,VIR,291550
7824341,238,6198,2000,,,,,VIR,291560
7830867,238,6199,2000,,,,,VIR,291570
7837393,238,6200,2000,,,,,VIR,291590
7843919,238,6201,2000,,,,,VIR,291611
7850445,238,6202,2000,,,,,VIR,291612
7856971,238,6203,2000,,,,,VIR,291613
7863497,238,6204,2000,,,,,VIR,291614
7870023,238,6205,2000,,,,,VIR,291615
7876549,238,6206,2000,,,,,VIR,291619
7883075,238,6207,2000,,,,,VIR,291620
7889601,238,6208,2000,,,,,VIR,291631
7896127,238,6209,2000,,,,,VIR,291632
7902653,238,6210,2000,,,,,VIR,291633
7909179,238,6211,2000,,,,,VIR,291639
7915705,238,6212,2000,,,,,VIR,291711
7922231,238,6213,2000,,,,,VIR,291712
7928757,238,6214,2000,,,,,VIR,291713
7935283,238,6215,2000,,,,,VIR,291714
7941809,238,6216,2000,,,,,VIR,291719
7948335,238,6217,2000,,,,,VIR,291720
7954861,238,6218,2000,,,,,VIR,291731
7961387,238,6219,2000,,,,,VIR,291732
7967913,238,6220,2000,,,,,VIR,291733
7974439,238,6221,2000,,,,,VIR,291734
7980965,238,6222,2000,,,,,VIR,291735
7987491,238,6223,2000,,,,,VIR,291736
7994017,238,6224,2000,,,,,VIR,291737
8000543,238,6225,2000,,,,,VIR,291739
8007069,238,6226,2000,,,,,VIR,291811
8013595,238,6227,2000,,,,,VIR,291812
8020121,238,6228,2000,,,,,VIR,291813
8026647,238,6229,2000,,,,,VIR,291814
8033173,238,6230,2000,,,,,VIR,291815
8039699,238,6231,2000,,,,,VIR,291816
8046225,238,6232,2000,,,,,VIR,291817
8052751,238,6233,2000,,,,,VIR,291819
8059277,238,6234,2000,,,,,VIR,291821
8065803,238,6235,2000,,,,,VIR,291822
8072329,238,6236,2000,,,,,VIR,291823
8078855,238,6237,2000,,,,,VIR,291829
8085381,238,6238,2000,,,,,VIR,291830
8091907,238,6239,2000,,,,,VIR,291890
8098433,238,6240,2000,,,,,VIR,291900
8104959,238,6241,2000,,,,,VIR,292010
8111485,238,6242,2000,,,,,VIR,292090
8118011,238,6243,2000,,,,,VIR,292111
8124537,238,6244,2000,,,,,VIR,292112
8131063,238,6245,2000,,,,,VIR,292119
8137589,238,6246,2000,,,,,VIR,292121
8144115,238,6247,2000,,,,,VIR,292122
8150641,238,6248,2000,,,,,VIR,292129
8157167,238,6249,2000,,,,,VIR,292130
8163693,238,6250,2000,,,,,VIR,292141
8170219,238,6251,2000,,,,,VIR,292142
8176745,238,6252,2000,,,,,VIR,292143
8183271,238,6253,2000,,,,,VIR,292144
8189797,238,6254,2000,,,,,VIR,292145
8196323,238,6255,2000,,,,,VIR,292149
8202849,238,6256,2000,,,,,VIR,292151
8209375,238,6257,2000,,,,,VIR,292159
8215901,238,6258,2000,,,,,VIR,292211
8222427,238,6259,2000,,,,,VIR,292212
8228953,238,6260,2000,,,,,VIR,292213
8235479,238,6261,2000,,,,,VIR,292219
8242005,238,6262,2000,,,,,VIR,292221
8248531,238,6263,2000,,,,,VIR,292222
8255057,238,6264,2000,,,,,VIR,292229
8261583,238,6265,2000,,,,,VIR,292230
8268109,238,6266,2000,,,,,VIR,292241
8274635,238,6267,2000,,,,,VIR,292242
8281161,238,6268,2000,,,,,VIR,292249
8287687,238,6269,2000,,,,,VIR,292250
8294213,238,6270,2000,,,,,VIR,292310
8300739,238,6271,2000,,,,,VIR,292320
8307265,238,6272,2000,,,,,VIR,292390
8313791,238,6273,2000,,,,,VIR,292410
8320317,238,6274,2000,,,,,VIR,292421
8326843,238,6275,2000,,,,,VIR,292429
8333369,238,6276,2000,,,,,VIR,292511
8339895,238,6277,2000,,,,,VIR,292519
8346421,238,6278,2000,,,,,VIR,292520
8352947,238,6279,2000,,,,,VIR,292610
8359473,238,6280,2000,,,,,VIR,292620
8365999,238,6281,2000,,,,,VIR,292690
8372525,238,6282,2000,,,,,VIR,292700
8379051,238,6283,2000,,,,,VIR,292800
8385577,238,6284,2000,,,,,VIR,292910
8392103,238,6285,2000,,,,,VIR,292990
8398629,238,6286,2000,,,,,VIR,293010
8405155,238,6287,2000,,,,,VIR,293020
8411681,238,6288,2000,,,,,VIR,293030
8418207,238,6289,2000,,,,,VIR,293040
8424733,238,6290,2000,,,,,VIR,293090
8431259,238,6291,2000,,,,,VIR,293100
8437785,238,6292,2000,,,,,VIR,293211
8444311,238,6293,2000,,,,,VIR,293212
8450837,238,6294,2000,,,,,VIR,293213
8457363,238,6295,2000,,,,,VIR,293219
8463889,238,6296,2000,,,,,VIR,293221
8470415,238,6297,2000,,,,,VIR,293229
8476941,238,6298,2000,,,,,VIR,293290
8483467,238,6299,2000,,,,,VIR,293311
8489993,238,6300,2000,,,,,VIR,293319
8496519,238,6301,2000,,,,,VIR,293321
8503045,238,6302,2000,,,,,VIR,293329
8509571,238,6303,2000,,,,,VIR,293331
8516097,238,6304,2000,,,,,VIR,293339
8522623,238,6305,2000,,,,,VIR,293340
8529149,238,6306,2000,,,,,VIR,293351
8535675,238,6307,2000,,,,,VIR,293359
8542201,238,6308,2000,,,,,VIR,293361
8548727,238,6309,2000,,,,,VIR,293369
8555253,238,6310,2000,,,,,VIR,293371
8561779,238,6311,2000,,,,,VIR,293379
8568305,238,6312,2000,,,,,VIR,293390
8574831,238,6313,2000,,,,,VIR,293410
8581357,238,6314,2000,,,,,VIR,293420
8587883,238,6315,2000,,,,,VIR,293430
8594409,238,6316,2000,,,,,VIR,293490
8600935,238,6317,2000,,,,,VIR,293500
8607461,238,6318,2000,,,,,VIR,293610
8613987,238,6319,2000,,,,,VIR,293621
8620513,238,6320,2000,,,,,VIR,293622
8627039,238,6321,2000,,,,,VIR,293623
8633565,238,6322,2000,,,,,VIR,293624
8640091,238,6323,2000,,,,,VIR,293625
8646617,238,6324,2000,,,,,VIR,293626
8653143,238,6325,2000,,,,,VIR,293627
8659669,238,6326,2000,,,,,VIR,293628
8666195,238,6327,2000,,,,,VIR,293629
8672721,238,6328,2000,,,,,VIR,293690
8679247,238,6329,2000,,,,,VIR,293710
8685773,238,6330,2000,,,,,VIR,293721
8692299,238,6331,2000,,,,,VIR,293722
8698825,238,6332,2000,,,,,VIR,293729
8705351,238,6333,2000,,,,,VIR,293791
8711877,238,6334,2000,,,,,VIR,293792
8718403,238,6335,2000,,,,,VIR,293799
8724929,238,6336,2000,,,,,VIR,293810
8731455,238,6337,2000,,,,,VIR,293890
8737981,238,6338,2000,,,,,VIR,293910
8744507,238,6339,2000,,,,,VIR,293921
8751033,238,6340,2000,,,,,VIR,293929
8757559,238,6341,2000,,,,,VIR,293930
8764085,238,6342,2000,,,,,VIR,293940
8770611,238,6343,2000,,,,,VIR,293950
8777137,238,6344,2000,,,,,VIR,293960
8783663,238,6345,2000,,,,,VIR,293970
8790189,238,6346,2000,,,,,VIR,293990
8796715,238,6347,2000,,,,,VIR,294000
8803241,238,6348,2000,,,,,VIR,294110
8809767,238,6349,2000,,,,,VIR,294120
8816293,238,6350,2000,,,,,VIR,294130
8822819,238,6351,2000,,,,,VIR,294140
8829345,238,6352,2000,,,,,VIR,294150
8835871,238,6353,2000,,,,,VIR,294190
8842397,238,6354,2000,,,,,VIR,294200
8848923,238,6355,2000,,,,,VIR,300110
8855449,238,6356,2000,,,,,VIR,300120
8861975,238,6357,2000,,,,,VIR,300190
8868501,238,6358,2000,,,,,VIR,300210
8875027,238,6359,2000,,,,,VIR,300220
8881553,238,6360,2000,,,,,VIR,300231
8888079,238,6361,2000,,,,,VIR,300239
8894605,238,6362,2000,,,,,VIR,300290
8901131,238,6363,2000,,,,,VIR,300310
8907657,238,6364,2000,,,,,VIR,300320
8914183,238,6365,2000,,,,,VIR,300331
8920709,238,6366,2000,,,,,VIR,300339
8927235,238,6367,2000,,,,,VIR,300340
8933761,238,6368,2000,,,,,VIR,300390
8940287,238,6369,2000,,,,,VIR,300410
8946813,238,6370,2000,,,,,VIR,300420
8953339,238,6371,2000,,,,,VIR,300431
8959865,238,6372,2000,,,,,VIR,300432
8966391,238,6373,2000,,,,,VIR,300439
8972917,238,6374,2000,,,,,VIR,300440
8979443,238,6375,2000,,,,,VIR,300450
8985969,238,6376,2000,,,,,VIR,300490
8992495,238,6377,2000,,,,,VIR,300510
8999021,238,6378,2000,,,,,VIR,300590
9005547,238,6379,2000,,,,,VIR,300610
9012073,238,6380,2000,,,,,VIR,300620
9018599,238,6381,2000,,,,,VIR,300630
9025125,238,6382,2000,,,,,VIR,300640
9031651,238,6383,2000,,,,,VIR,300650
9038177,238,6384,2000,,,,,VIR,300660
9044703,238,6385,2000,,,,,VIR,310100
9051229,238,6386,2000,,,,,VIR,310210
9057755,238,6387,2000,,,,,VIR,310221
9064281,238,6388,2000,,,,,VIR,310229
9070807,238,6389,2000,,,,,VIR,310230
9077333,238,6390,2000,,,,,VIR,310240
9083859,238,6391,2000,,,,,VIR,310250
9090385,238,6392,2000,,,,,VIR,310260
9096911,238,6393,2000,,,,,VIR,310270
9103437,238,6394,2000,,,,,VIR,310280
9109963,238,6395,2000,,,,,VIR,310290
9116489,238,6396,2000,,,,,VIR,310310
9123015,238,6397,2000,,,,,VIR,310320
9129541,238,6398,2000,,,,,VIR,310390
9136067,238,6399,2000,,,,,VIR,310410
9142593,238,6400,2000,,,,,VIR,310420
9149119,238,6401,2000,,,,,VIR,310430
9155645,238,6402,2000,,,,,VIR,310490
9162171,238,6403,2000,,,,,VIR,310510
9168697,238,6404,2000,,,,,VIR,310520
9175223,238,6405,2000,,,,,VIR,310530
9181749,238,6406,2000,,,,,VIR,310540
9188275,238,6407,2000,,,,,VIR,310551
9194801,238,6408,2000,,,,,VIR,310559
9201327,238,6409,2000,,,,,VIR,310560
9207853,238,6410,2000,,,,,VIR,310590
9214379,238,6411,2000,,,,,VIR,320110
9220905,238,6412,2000,,,,,VIR,320120
9227431,238,6413,2000,,,,,VIR,320130
9233957,238,6414,2000,,,,,VIR,320190
9240483,238,6415,2000,,,,,VIR,320210
9247009,238,6416,2000,,,,,VIR,320290
9253535,238,6417,2000,,,,,VIR,320300
9260061,238,6418,2000,,,,,VIR,320411
9266587,238,6419,2000,,,,,VIR,320412
9273113,238,6420,2000,,,,,VIR,320413
9279639,238,6421,2000,,,,,VIR,320414
9286165,238,6422,2000,,,,,VIR,320415
9292691,238,6423,2000,,,,,VIR,320416
9299217,238,6424,2000,,,,,VIR,320417
9305743,238,6425,2000,,,,,VIR,320419
9312269,238,6426,2000,,,,,VIR,320420
9318795,238,6427,2000,,,,,VIR,320490
9325321,238,6428,2000,,,,,VIR,320500
9331847,238,6429,2000,,,,,VIR,320610
9338373,238,6430,2000,,,,,VIR,320620
9344899,238,6431,2000,,,,,VIR,320630
9351425,238,6432,2000,,,,,VIR,320641
9357951,238,6433,2000,,,,,VIR,320642
9364477,238,6434,2000,,,,,VIR,320643
9371003,238,6435,2000,,,,,VIR,320649
9377529,238,6436,2000,,,,,VIR,320650
9384055,238,6437,2000,,,,,VIR,320710
9390581,238,6438,2000,,,,,VIR,320720
9397107,238,6439,2000,,,,,VIR,320730
9403633,238,6440,2000,,,,,VIR,320740
9410159,238,6441,2000,,,,,VIR,320810
9416685,238,6442,2000,,,,,VIR,320820
9423211,238,6443,2000,,,,,VIR,320890
9429737,238,6444,2000,,,,,VIR,320910
9436263,238,6445,2000,,,,,VIR,320990
9442789,238,6446,2000,,,,,VIR,321000
9449315,238,6447,2000,,,,,VIR,321100
9455841,238,6448,2000,,,,,VIR,321210
9462367,238,6449,2000,,,,,VIR,321290
9468893,238,6450,2000,,,,,VIR,321310
9475419,238,6451,2000,,,,,VIR,321390
9481945,238,6452,2000,,,,,VIR,321410
9488471,238,6453,2000,,,,,VIR,321490
9494997,238,6454,2000,,,,,VIR,321511
9501523,238,6455,2000,,,,,VIR,321519
9508049,238,6456,2000,,,,,VIR,321590
9514575,238,6457,2000,,,,,VIR,330111
9521101,238,6458,2000,,,,,VIR,330112
9527627,238,6459,2000,,,,,VIR,330113
9534153,238,6460,2000,,,,,VIR,330114
9540679,238,6461,2000,,,,,VIR,330119
9547205,238,6462,2000,,,,,VIR,330121
9553731,238,6463,2000,,,,,VIR,330122
9560257,238,6464,2000,,,,,VIR,330123
9566783,238,6465,2000,,,,,VIR,330124
9573309,238,6466,2000,,,,,VIR,330125
9579835,238,6467,2000,,,,,VIR,330126
9586361,238,6468,2000,,,,,VIR,330129
9592887,238,6469,2000,,,,,VIR,330130
9599413,238,6470,2000,,,,,VIR,330190
9605939,238,6471,2000,,,,,VIR,330210
9612465,238,6472,2000,,,,,VIR,330290
9618991,238,6473,2000,,,,,VIR,330300
9625517,238,6474,2000,,,,,VIR,330410
9632043,238,6475,2000,,,,,VIR,330420
9638569,238,6476,2000,,,,,VIR,330430
9645095,238,6477,2000,,,,,VIR,330491
9651621,238,6478,2000,,,,,VIR,330499
9658147,238,6479,2000,,,,,VIR,330510
9664673,238,6480,2000,,,,,VIR,330520
9671199,238,6481,2000,,,,,VIR,330530
9677725,238,6482,2000,,,,,VIR,330590
9684251,238,6483,2000,,,,,VIR,330610
9690777,238,6484,2000,,,,,VIR,330690
9697303,238,6485,2000,,,,,VIR,330710
9703829,238,6486,2000,,,,,VIR,330720
9710355,238,6487,2000,,,,,VIR,330730
9716881,238,6488,2000,,,,,VIR,330741
9723407,238,6489,2000,,,,,VIR,330749
9729933,238,6490,2000,,,,,VIR,330790
9736459,238,6491,2000,,,,,VIR,340111
9742985,238,6492,2000,,,,,VIR,340119
9749511,238,6493,2000,,,,,VIR,340120
9756037,238,6494,2000,,,,,VIR,340211
9762563,238,6495,2000,,,,,VIR,340212
9769089,238,6496,2000,,,,,VIR,340213
9775615,238,6497,2000,,,,,VIR,340219
9782141,238,6498,2000,,,,,VIR,340220
9788667,238,6499,2000,,,,,VIR,340290
9795193,238,6500,2000,,,,,VIR,340311
9801719,238,6501,2000,,,,,VIR,340319
9808245,238,6502,2000,,,,,VIR,340391
9814771,238,6503,2000,,,,,VIR,340399
9821297,238,6504,2000,,,,,VIR,340410
9827823,238,6505,2000,,,,,VIR,340420
9834349,238,6506,2000,,,,,VIR,340490
9840875,238,6507,2000,,,,,VIR,340510
9847401,238,6508,2000,,,,,VIR,340520
9853927,238,6509,2000,,,,,VIR,340530
9860453,238,6510,2000,,,,,VIR,340540
9866979,238,6511,2000,,,,,VIR,340590
9873505,238,6512,2000,,,,,VIR,340600
9880031,238,6513,2000,,,,,VIR,340700
9886557,238,6514,2000,,,,,VIR,350110
9893083,238,6515,2000,,,,,VIR,350190
9899609,238,6516,2000,,,,,VIR,350210
9906135,238,6517,2000,,,,,VIR,350290
9912661,238,6518,2000,,,,,VIR,350300
9919187,238,6519,2000,,,,,VIR,350400
9925713,238,6520,2000,,,,,VIR,350510
9932239,238,6521,2000,,,,,VIR,350520
9938765,238,6522,2000,,,,,VIR,350610
9945291,238,6523,2000,,,,,VIR,350691
9951817,238,6524,2000,,,,,VIR,350699
9958343,238,6525,2000,,,,,VIR,350710
9964869,238,6526,2000,,,,,VIR,350790
9971395,238,6527,2000,,,,,VIR,360100
9977921,238,6528,2000,,,,,VIR,360200
9984447,238,6529,2000,,,,,VIR,360300
9990973,238,6530,2000,,,,,VIR,360410
9997499,238,6531,2000,,,,,VIR,360490
10004025,238,6532,2000,,,,,VIR,360500
10010551,238,6533,2000,,,,,VIR,360610
10017077,238,6534,2000,,,,,VIR,360690
10023603,238,6535,2000,,,,,VIR,370110
10030129,238,6536,2000,,,,,VIR,370120
10036655,238,6537,2000,,,,,VIR,370130
10043181,238,6538,2000,,,,,VIR,370191
10049707,238,6539,2000,,,,,VIR,370199
10056233,238,6540,2000,,,,,VIR,370210
10062759,238,6541,2000,,,,,VIR,370220
10069285,238,6542,2000,,,,,VIR,370231
10075811,238,6543,2000,,,,,VIR,370232
10082337,238,6544,2000,,,,,VIR,370239
10088863,238,6545,2000,,,,,VIR,370241
10095389,238,6546,2000,,,,,VIR,370242
10101915,238,6547,2000,,,,,VIR,370243
10108441,238,6548,2000,,,,,VIR,370244
10114967,238,6549,2000,,,,,VIR,370251
10121493,238,6550,2000,,,,,VIR,370252
10128019,238,6551,2000,,,,,VIR,370253
10134545,238,6552,2000,,,,,VIR,370254
10141071,238,6553,2000,,,,,VIR,370255
10147597,238,6554,2000,,,,,VIR,370256
10154123,238,6555,2000,,,,,VIR,370291
10160649,238,6556,2000,,,,,VIR,370292
10167175,238,6557,2000,,,,,VIR,370293
10173701,238,6558,2000,,,,,VIR,370294
10180227,238,6559,2000,,,,,VIR,370295
10186753,238,6560,2000,,,,,VIR,370310
10193279,238,6561,2000,,,,,VIR,370320
10199805,238,6562,2000,,,,,VIR,370390
10206331,238,6563,2000,,,,,VIR,370400
10212857,238,6564,2000,,,,,VIR,370510
10219383,238,6565,2000,,,,,VIR,370520
10225909,238,6566,2000,,,,,VIR,370590
10232435,238,6567,2000,,,,,VIR,370610
10238961,238,6568,2000,,,,,VIR,370690
10245487,238,6569,2000,,,,,VIR,370710
10252013,238,6570,2000,,,,,VIR,370790
10258539,238,6571,2000,,,,,VIR,380110
10265065,238,6572,2000,,,,,VIR,380120
10271591,238,6573,2000,,,,,VIR,380130
10278117,238,6574,2000,,,,,VIR,380190
10284643,238,6575,2000,,,,,VIR,380210
10291169,238,6576,2000,,,,,VIR,380290
10297695,238,6577,2000,,,,,VIR,380300
10304221,238,6578,2000,,,,,VIR,380400
10310747,238,6579,2000,,,,,VIR,380510
10317273,238,6580,2000,,,,,VIR,380520
10323799,238,6581,2000,,,,,VIR,380590
10330325,238,6582,2000,,,,,VIR,380610
10336851,238,6583,2000,,,,,VIR,380620
10343377,238,6584,2000,,,,,VIR,380630
10349903,238,6585,2000,,,,,VIR,380690
10356429,238,6586,2000,,,,,VIR,380700
10362955,238,6587,2000,,,,,VIR,380810
10369481,238,6588,2000,,,,,VIR,380820
10376007,238,6589,2000,,,,,VIR,380830
10382533,238,6590,2000,,,,,VIR,380840
10389059,238,6591,2000,,,,,VIR,380890
10395585,238,6592,2000,,,,,VIR,380910
10402111,238,6593,2000,,,,,VIR,380991
10408637,238,6594,2000,,,,,VIR,380992
10415163,238,6595,2000,,,,,VIR,380993
10421689,238,6596,2000,,,,,VIR,380999
10428215,238,6597,2000,,,,,VIR,381010
10434741,238,6598,2000,,,,,VIR,381090
10441267,238,6599,2000,,,,,VIR,381111
10447793,238,6600,2000,,,,,VIR,381119
10454319,238,6601,2000,,,,,VIR,381121
10460845,238,6602,2000,,,,,VIR,381129
10467371,238,6603,2000,,,,,VIR,381190
10473897,238,6604,2000,,,,,VIR,381210
10480423,238,6605,2000,,,,,VIR,381220
10486949,238,6606,2000,,,,,VIR,381230
10493475,238,6607,2000,,,,,VIR,381300
10500001,238,6608,2000,,,,,VIR,381400
10506527,238,6609,2000,,,,,VIR,381511
10513053,238,6610,2000,,,,,VIR,381512
10519579,238,6611,2000,,,,,VIR,381519
10526105,238,6612,2000,,,,,VIR,381590
10532631,238,6613,2000,,,,,VIR,381600
10539157,238,6614,2000,,,,,VIR,381710
10545683,238,6615,2000,,,,,VIR,381720
10552209,238,6616,2000,,,,,VIR,381800
10558735,238,6617,2000,,,,,VIR,381900
10565261,238,6618,2000,,,,,VIR,382000
10571787,238,6619,2000,,,,,VIR,382100
10578313,238,6620,2000,,,,,VIR,382200
10584839,238,6621,2000,,,,,VIR,382310
10591365,238,6622,2000,,,,,VIR,382320
10597891,238,6623,2000,,,,,VIR,382330
10604417,238,6624,2000,,,,,VIR,382340
10610943,238,6625,2000,,,,,VIR,382350
10617469,238,6626,2000,,,,,VIR,382360
10623995,238,6627,2000,,,,,VIR,382390
10630521,238,6628,2000,,,,,VIR,390110
10637047,238,6629,2000,,,,,VIR,390120
10643573,238,6630,2000,,,,,VIR,390130
10650099,238,6631,2000,,,,,VIR,390190
10656625,238,6632,2000,,,,,VIR,390210
10663151,238,6633,2000,,,,,VIR,390220
10669677,238,6634,2000,,,,,VIR,390230
10676203,238,6635,2000,,,,,VIR,390290
10682729,238,6636,2000,,,,,VIR,390311
10689255,238,6637,2000,,,,,VIR,390319
10695781,238,6638,2000,,,,,VIR,390320
10702307,238,6639,2000,,,,,VIR,390330
10708833,238,6640,2000,,,,,VIR,390390
10715359,238,6641,2000,,,,,VIR,390410
10721885,238,6642,2000,,,,,VIR,390421
10728411,238,6643,2000,,,,,VIR,390422
10734937,238,6644,2000,,,,,VIR,390430
10741463,238,6645,2000,,,,,VIR,390440
10747989,238,6646,2000,,,,,VIR,390450
10754515,238,6647,2000,,,,,VIR,390461
10761041,238,6648,2000,,,,,VIR,390469
10767567,238,6649,2000,,,,,VIR,390490
10774093,238,6650,2000,,,,,VIR,390511
10780619,238,6651,2000,,,,,VIR,390519
10787145,238,6652,2000,,,,,VIR,390520
10793671,238,6653,2000,,,,,VIR,390590
10800197,238,6654,2000,,,,,VIR,390610
10806723,238,6655,2000,,,,,VIR,390690
10813249,238,6656,2000,,,,,VIR,390710
10819775,238,6657,2000,,,,,VIR,390720
10826301,238,6658,2000,,,,,VIR,390730
10832827,238,6659,2000,,,,,VIR,390740
10839353,238,6660,2000,,,,,VIR,390750
10845879,238,6661,2000,,,,,VIR,390760
10852405,238,6662,2000,,,,,VIR,390791
10858931,238,6663,2000,,,,,VIR,390799
10865457,238,6664,2000,,,,,VIR,390810
10871983,238,6665,2000,,,,,VIR,390890
10878509,238,6666,2000,,,,,VIR,390910
10885035,238,6667,2000,,,,,VIR,390920
10891561,238,6668,2000,,,,,VIR,390930
10898087,238,6669,2000,,,,,VIR,390940
10904613,238,6670,2000,,,,,VIR,390950
10911139,238,6671,2000,,,,,VIR,391000
10917665,238,6672,2000,,,,,VIR,391110
10924191,238,6673,2000,,,,,VIR,391190
10930717,238,6674,2000,,,,,VIR,391211
10937243,238,6675,2000,,,,,VIR,391212
10943769,238,6676,2000,,,,,VIR,391220
10950295,238,6677,2000,,,,,VIR,391231
10956821,238,6678,2000,,,,,VIR,391239
10963347,238,6679,2000,,,,,VIR,391290
10969873,238,6680,2000,,,,,VIR,391310
10976399,238,6681,2000,,,,,VIR,391390
10982925,238,6682,2000,,,,,VIR,391400
10989451,238,6683,2000,,,,,VIR,391510
10995977,238,6684,2000,,,,,VIR,391520
11002503,238,6685,2000,,,,,VIR,391530
11009029,238,6686,2000,,,,,VIR,391590
11015555,238,6687,2000,,,,,VIR,391610
11022081,238,6688,2000,,,,,VIR,391620
11028607,238,6689,2000,,,,,VIR,391690
11035133,238,6690,2000,,,,,VIR,391710
11041659,238,6691,2000,,,,,VIR,391721
11048185,238,6692,2000,,,,,VIR,391722
11054711,238,6693,2000,,,,,VIR,391723
11061237,238,6694,2000,,,,,VIR,391729
11067763,238,6695,2000,,,,,VIR,391731
11074289,238,6696,2000,,,,,VIR,391732
11080815,238,6697,2000,,,,,VIR,391733
11087341,238,6698,2000,,,,,VIR,391739
11093867,238,6699,2000,,,,,VIR,391740
11100393,238,6700,2000,,,,,VIR,391810
11106919,238,6701,2000,,,,,VIR,391890
11113445,238,6702,2000,,,,,VIR,391910
11119971,238,6703,2000,,,,,VIR,391990
11126497,238,6704,2000,,,,,VIR,392010
11133023,238,6705,2000,,,,,VIR,392020
11139549,238,6706,2000,,,,,VIR,392030
11146075,238,6707,2000,,,,,VIR,392041
11152601,238,6708,2000,,,,,VIR,392042
11159127,238,6709,2000,,,,,VIR,392051
11165653,238,6710,2000,,,,,VIR,392059
11172179,238,6711,2000,,,,,VIR,392061
11178705,238,6712,2000,,,,,VIR,392062
11185231,238,6713,2000,,,,,VIR,392063
11191757,238,6714,2000,,,,,VIR,392069
11198283,238,6715,2000,,,,,VIR,392071
11204809,238,6716,2000,,,,,VIR,392072
11211335,238,6717,2000,,,,,VIR,392073
11217861,238,6718,2000,,,,,VIR,392079
11224387,238,6719,2000,,,,,VIR,392091
11230913,238,6720,2000,,,,,VIR,392092
11237439,238,6721,2000,,,,,VIR,392093
11243965,238,6722,2000,,,,,VIR,392094
11250491,238,6723,2000,,,,,VIR,392099
11257017,238,6724,2000,,,,,VIR,392111
11263543,238,6725,2000,,,,,VIR,392112
11270069,238,6726,2000,,,,,VIR,392113
11276595,238,6727,2000,,,,,VIR,392114
11283121,238,6728,2000,,,,,VIR,392119
11289647,238,6729,2000,,,,,VIR,392190
11296173,238,6730,2000,,,,,VIR,392210
11302699,238,6731,2000,,,,,VIR,392220
11309225,238,6732,2000,,,,,VIR,392290
11315751,238,6733,2000,,,,,VIR,392310
11322277,238,6734,2000,,,,,VIR,392321
11328803,238,6735,2000,,,,,VIR,392329
11335329,238,6736,2000,,,,,VIR,392330
11341855,238,6737,2000,,,,,VIR,392340
11348381,238,6738,2000,,,,,VIR,392350
11354907,238,6739,2000,,,,,VIR,392390
11361433,238,6740,2000,,,,,VIR,392410
11367959,238,6741,2000,,,,,VIR,392490
11374485,238,6742,2000,,,,,VIR,392510
11381011,238,6743,2000,,,,,VIR,392520
11387537,238,6744,2000,,,,,VIR,392530
11394063,238,6745,2000,,,,,VIR,392590
11400589,238,6746,2000,,,,,VIR,392610
11407115,238,6747,2000,,,,,VIR,392620
11413641,238,6748,2000,,,,,VIR,392630
11420167,238,6749,2000,,,,,VIR,392640
11426693,238,6750,2000,,,,,VIR,392690
11433219,238,6751,2000,,,,,VIR,400110
11439745,238,6752,2000,,,,,VIR,400121
11446271,238,6753,2000,,,,,VIR,400122
11452797,238,6754,2000,,,,,VIR,400129
11459323,238,6755,2000,,,,,VIR,400130
11465849,238,6756,2000,,,,,VIR,400211
11472375,238,6757,2000,,,,,VIR,400219
11478901,238,6758,2000,,,,,VIR,400220
11485427,238,6759,2000,,,,,VIR,400231
11491953,238,6760,2000,,,,,VIR,400239
11498479,238,6761,2000,,,,,VIR,400241
11505005,238,6762,2000,,,,,VIR,400249
11511531,238,6763,2000,,,,,VIR,400251
11518057,238,6764,2000,,,,,VIR,400259
11524583,238,6765,2000,,,,,VIR,400260
11531109,238,6766,2000,,,,,VIR,400270
11537635,238,6767,2000,,,,,VIR,400280
11544161,238,6768,2000,,,,,VIR,400291
11550687,238,6769,2000,,,,,VIR,400299
11557213,238,6770,2000,,,,,VIR,400300
11563739,238,6771,2000,,,,,VIR,400400
11570265,238,6772,2000,,,,,VIR,400510
11576791,238,6773,2000,,,,,VIR,400520
11583317,238,6774,2000,,,,,VIR,400591
11589843,238,6775,2000,,,,,VIR,400599
11596369,238,6776,2000,,,,,VIR,400610
11602895,238,6777,2000,,,,,VIR,400690
11609421,238,6778,2000,,,,,VIR,400700
11615947,238,6779,2000,,,,,VIR,400811
11622473,238,6780,2000,,,,,VIR,400819
11628999,238,6781,2000,,,,,VIR,400821
11635525,238,6782,2000,,,,,VIR,400829
11642051,238,6783,2000,,,,,VIR,400910
11648577,238,6784,2000,,,,,VIR,400920
11655103,238,6785,2000,,,,,VIR,400930
11661629,238,6786,2000,,,,,VIR,400940
11668155,238,6787,2000,,,,,VIR,400950
11674681,238,6788,2000,,,,,VIR,401010
11681207,238,6789,2000,,,,,VIR,401091
11687733,238,6790,2000,,,,,VIR,401099
11694259,238,6791,2000,,,,,VIR,401110
11700785,238,6792,2000,,,,,VIR,401120
11707311,238,6793,2000,,,,,VIR,401130
11713837,238,6794,2000,,,,,VIR,401140
11720363,238,6795,2000,,,,,VIR,401150
11726889,238,6796,2000,,,,,VIR,401191
11733415,238,6797,2000,,,,,VIR,401199
11739941,238,6798,2000,,,,,VIR,401210
11746467,238,6799,2000,,,,,VIR,401220
11752993,238,6800,2000,,,,,VIR,401290
11759519,238,6801,2000,,,,,VIR,401310
11766045,238,6802,2000,,,,,VIR,401320
11772571,238,6803,2000,,,,,VIR,401390
11779097,238,6804,2000,,,,,VIR,401410
11785623,238,6805,2000,,,,,VIR,401490
11792149,238,6806,2000,,,,,VIR,401511
11798675,238,6807,2000,,,,,VIR,401519
11805201,238,6808,2000,,,,,VIR,401590
11811727,238,6809,2000,,,,,VIR,401610
11818253,238,6810,2000,,,,,VIR,401691
11824779,238,6811,2000,,,,,VIR,401692
11831305,238,6812,2000,,,,,VIR,401693
11837831,238,6813,2000,,,,,VIR,401694
11844357,238,6814,2000,,,,,VIR,401695
11850883,238,6815,2000,,,,,VIR,401699
11857409,238,6816,2000,,,,,VIR,401700
11863935,238,6817,2000,,,,,VIR,410110
11870461,238,6818,2000,,,,,VIR,410121
11876987,238,6819,2000,,,,,VIR,410122
11883513,238,6820,2000,,,,,VIR,410129
11890039,238,6821,2000,,,,,VIR,410130
11896565,238,6822,2000,,,,,VIR,410140
11903091,238,6823,2000,,,,,VIR,410210
11909617,238,6824,2000,,,,,VIR,410221
11916143,238,6825,2000,,,,,VIR,410229
11922669,238,6826,2000,,,,,VIR,410310
11929195,238,6827,2000,,,,,VIR,410320
11935721,238,6828,2000,,,,,VIR,410390
11942247,238,6829,2000,,,,,VIR,410410
11948773,238,6830,2000,,,,,VIR,410421
11955299,238,6831,2000,,,,,VIR,410422
11961825,238,6832,2000,,,,,VIR,410429
11968351,238,6833,2000,,,,,VIR,410431
11974877,238,6834,2000,,,,,VIR,410439
11981403,238,6835,2000,,,,,VIR,410511
11987929,238,6836,2000,,,,,VIR,410512
11994455,238,6837,2000,,,,,VIR,410519
12000981,238,6838,2000,,,,,VIR,410520
12007507,238,6839,2000,,,,,VIR,410611
12014033,238,6840,2000,,,,,VIR,410612
12020559,238,6841,2000,,,,,VIR,410619
12027085,238,6842,2000,,,,,VIR,410620
12033611,238,6843,2000,,,,,VIR,410710
12040137,238,6844,2000,,,,,VIR,410721
12046663,238,6845,2000,,,,,VIR,410729
12053189,238,6846,2000,,,,,VIR,410790
12059715,238,6847,2000,,,,,VIR,410800
12066241,238,6848,2000,,,,,VIR,410900
12072767,238,6849,2000,,,,,VIR,411000
12079293,238,6850,2000,,,,,VIR,411100
12085819,238,6851,2000,,,,,VIR,420100
12092345,238,6852,2000,,,,,VIR,420211
12098871,238,6853,2000,,,,,VIR,420212
12105397,238,6854,2000,,,,,VIR,420219
12111923,238,6855,2000,,,,,VIR,420221
12118449,238,6856,2000,,,,,VIR,420222
12124975,238,6857,2000,,,,,VIR,420229
12131501,238,6858,2000,,,,,VIR,420231
12138027,238,6859,2000,,,,,VIR,420232
12144553,238,6860,2000,,,,,VIR,420239
12151079,238,6861,2000,,,,,VIR,420291
12157605,238,6862,2000,,,,,VIR,420292
12164131,238,6863,2000,,,,,VIR,420299
12170657,238,6864,2000,,,,,VIR,420310
12177183,238,6865,2000,,,,,VIR,420321
12183709,238,6866,2000,,,,,VIR,420329
12190235,238,6867,2000,,,,,VIR,420330
12196761,238,6868,2000,,,,,VIR,420340
12203287,238,6869,2000,,,,,VIR,420400
12209813,238,6870,2000,,,,,VIR,420500
12216339,238,6871,2000,,,,,VIR,420610
12222865,238,6872,2000,,,,,VIR,420690
12229391,238,6873,2000,,,,,VIR,430110
12235917,238,6874,2000,,,,,VIR,430120
12242443,238,6875,2000,,,,,VIR,430130
12248969,238,6876,2000,,,,,VIR,430140
12255495,238,6877,2000,,,,,VIR,430150
12262021,238,6878,2000,,,,,VIR,430160
12268547,238,6879,2000,,,,,VIR,430170
12275073,238,6880,2000,,,,,VIR,430180
12281599,238,6881,2000,,,,,VIR,430190
12288125,238,6882,2000,,,,,VIR,430211
12294651,238,6883,2000,,,,,VIR,430212
12301177,238,6884,2000,,,,,VIR,430213
12307703,238,6885,2000,,,,,VIR,430219
12314229,238,6886,2000,,,,,VIR,430220
12320755,238,6887,2000,,,,,VIR,430230
12327281,238,6888,2000,,,,,VIR,430310
12333807,238,6889,2000,,,,,VIR,430390
12340333,238,6890,2000,,,,,VIR,430400
12346859,238,6891,2000,,,,,VIR,440110
12353385,238,6892,2000,,,,,VIR,440121
12359911,238,6893,2000,,,,,VIR,440122
12366437,238,6894,2000,,,,,VIR,440130
12372963,238,6895,2000,,,,,VIR,440200
12379489,238,6896,2000,,,,,VIR,440310
12386015,238,6897,2000,,,,,VIR,440320
12392541,238,6898,2000,,,,,VIR,440331
12399067,238,6899,2000,,,,,VIR,440332
12405593,238,6900,2000,,,,,VIR,440333
12412119,238,6901,2000,,,,,VIR,440334
12418645,238,6902,2000,,,,,VIR,440335
12425171,238,6903,2000,,,,,VIR,440391
12431697,238,6904,2000,,,,,VIR,440392
12438223,238,6905,2000,,,,,VIR,440399
12444749,238,6906,2000,,,,,VIR,440410
12451275,238,6907,2000,,,,,VIR,440420
12457801,238,6908,2000,,,,,VIR,440500
12464327,238,6909,2000,,,,,VIR,440610
12470853,238,6910,2000,,,,,VIR,440690
12477379,238,6911,2000,,,,,VIR,440710
12483905,238,6912,2000,,,,,VIR,440721
12490431,238,6913,2000,,,,,VIR,440722
12496957,238,6914,2000,,,,,VIR,440723
12503483,238,6915,2000,,,,,VIR,440791
12510009,238,6916,2000,,,,,VIR,440792
12516535,238,6917,2000,,,,,VIR,440799
12523061,238,6918,2000,,,,,VIR,440810
12529587,238,6919,2000,,,,,VIR,440820
12536113,238,6920,2000,,,,,VIR,440890
12542639,238,6921,2000,,,,,VIR,440910
12549165,238,6922,2000,,,,,VIR,440920
12555691,238,6923,2000,,,,,VIR,441010
12562217,238,6924,2000,,,,,VIR,441090
12568743,238,6925,2000,,,,,VIR,441111
12575269,238,6926,2000,,,,,VIR,441119
12581795,238,6927,2000,,,,,VIR,441121
12588321,238,6928,2000,,,,,VIR,441129
12594847,238,6929,2000,,,,,VIR,441131
12601373,238,6930,2000,,,,,VIR,441139
12607899,238,6931,2000,,,,,VIR,441191
12614425,238,6932,2000,,,,,VIR,441199
12620951,238,6933,2000,,,,,VIR,441211
12627477,238,6934,2000,,,,,VIR,441212
12634003,238,6935,2000,,,,,VIR,441219
12640529,238,6936,2000,,,,,VIR,441221
12647055,238,6937,2000,,,,,VIR,441229
12653581,238,6938,2000,,,,,VIR,441291
12660107,238,6939,2000,,,,,VIR,441299
12666633,238,6940,2000,,,,,VIR,441300
12673159,238,6941,2000,,,,,VIR,441400
12679685,238,6942,2000,,,,,VIR,441510
12686211,238,6943,2000,,,,,VIR,441520
12692737,238,6944,2000,,,,,VIR,441600
12699263,238,6945,2000,,,,,VIR,441700
12705789,238,6946,2000,,,,,VIR,441810
12712315,238,6947,2000,,,,,VIR,441820
12718841,238,6948,2000,,,,,VIR,441830
12725367,238,6949,2000,,,,,VIR,441840
12731893,238,6950,2000,,,,,VIR,441850
12738419,238,6951,2000,,,,,VIR,441890
12744945,238,6952,2000,,,,,VIR,441900
12751471,238,6953,2000,,,,,VIR,442010
12757997,238,6954,2000,,,,,VIR,442090
12764523,238,6955,2000,,,,,VIR,442110
12771049,238,6956,2000,,,,,VIR,442190
12777575,238,6957,2000,,,,,VIR,450110
12784101,238,6958,2000,,,,,VIR,450190
12790627,238,6959,2000,,,,,VIR,450200
12797153,238,6960,2000,,,,,VIR,450310
12803679,238,6961,2000,,,,,VIR,450390
12810205,238,6962,2000,,,,,VIR,450410
12816731,238,6963,2000,,,,,VIR,450490
12823257,238,6964,2000,,,,,VIR,460110
12829783,238,6965,2000,,,,,VIR,460120
12836309,238,6966,2000,,,,,VIR,460191
12842835,238,6967,2000,,,,,VIR,460199
12849361,238,6968,2000,,,,,VIR,460210
12855887,238,6969,2000,,,,,VIR,460290
12862413,238,6970,2000,,,,,VIR,470100
12868939,238,6971,2000,,,,,VIR,470200
12875465,238,6972,2000,,,,,VIR,470311
12881991,238,6973,2000,,,,,VIR,470319
12888517,238,6974,2000,,,,,VIR,470321
12895043,238,6975,2000,,,,,VIR,470329
12901569,238,6976,2000,,,,,VIR,470411
12908095,238,6977,2000,,,,,VIR,470419
12914621,238,6978,2000,,,,,VIR,470421
12921147,238,6979,2000,,,,,VIR,470429
12927673,238,6980,2000,,,,,VIR,470500
12934199,238,6981,2000,,,,,VIR,470610
12940725,238,6982,2000,,,,,VIR,470691
12947251,238,6983,2000,,,,,VIR,470692
12953777,238,6984,2000,,,,,VIR,470693
12960303,238,6985,2000,,,,,VIR,470710
12966829,238,6986,2000,,,,,VIR,470720
12973355,238,6987,2000,,,,,VIR,470730
12979881,238,6988,2000,,,,,VIR,470790
12986407,238,6989,2000,,,,,VIR,480100
12992933,238,6990,2000,,,,,VIR,480210
12999459,238,6991,2000,,,,,VIR,480220
13005985,238,6992,2000,,,,,VIR,480230
13012511,238,6993,2000,,,,,VIR,480240
13019037,238,6994,2000,,,,,VIR,480251
13025563,238,6995,2000,,,,,VIR,480252
13032089,238,6996,2000,,,,,VIR,480253
13038615,238,6997,2000,,,,,VIR,480260
13045141,238,6998,2000,,,,,VIR,480300
13051667,238,6999,2000,,,,,VIR,480411
13058193,238,7000,2000,,,,,VIR,480419
13064719,238,7001,2000,,,,,VIR,480421
13071245,238,7002,2000,,,,,VIR,480429
13077771,238,7003,2000,,,,,VIR,480431
13084297,238,7004,2000,,,,,VIR,480439
13090823,238,7005,2000,,,,,VIR,480441
13097349,238,7006,2000,,,,,VIR,480442
13103875,238,7007,2000,,,,,VIR,480449
13110401,238,7008,2000,,,,,VIR,480451
13116927,238,7009,2000,,,,,VIR,480452
13123453,238,7010,2000,,,,,VIR,480459
13129979,238,7011,2000,,,,,VIR,480510
13136505,238,7012,2000,,,,,VIR,480521
13143031,238,7013,2000,,,,,VIR,480522
13149557,238,7014,2000,,,,,VIR,480523
13156083,238,7015,2000,,,,,VIR,480529
13162609,238,7016,2000,,,,,VIR,480530
13169135,238,7017,2000,,,,,VIR,480540
13175661,238,7018,2000,,,,,VIR,480550
13182187,238,7019,2000,,,,,VIR,480560
13188713,238,7020,2000,,,,,VIR,480570
13195239,238,7021,2000,,,,,VIR,480580
13201765,238,7022,2000,,,,,VIR,480610
13208291,238,7023,2000,,,,,VIR,480620
13214817,238,7024,2000,,,,,VIR,480630
13221343,238,7025,2000,,,,,VIR,480640
13227869,238,7026,2000,,,,,VIR,480710
13234395,238,7027,2000,,,,,VIR,480791
13240921,238,7028,2000,,,,,VIR,480799
13247447,238,7029,2000,,,,,VIR,480810
13253973,238,7030,2000,,,,,VIR,480820
13260499,238,7031,2000,,,,,VIR,480830
13267025,238,7032,2000,,,,,VIR,480890
13273551,238,7033,2000,,,,,VIR,480910
13280077,238,7034,2000,,,,,VIR,480920
13286603,238,7035,2000,,,,,VIR,480990
13293129,238,7036,2000,,,,,VIR,481011
13299655,238,7037,2000,,,,,VIR,481012
13306181,238,7038,2000,,,,,VIR,481021
13312707,238,7039,2000,,,,,VIR,481029
13319233,238,7040,2000,,,,,VIR,481031
13325759,238,7041,2000,,,,,VIR,481032
13332285,238,7042,2000,,,,,VIR,481039
13338811,238,7043,2000,,,,,VIR,481091
13345337,238,7044,2000,,,,,VIR,481099
13351863,238,7045,2000,,,,,VIR,481110
13358389,238,7046,2000,,,,,VIR,481121
13364915,238,7047,2000,,,,,VIR,481129
13371441,238,7048,2000,,,,,VIR,481131
13377967,238,7049,2000,,,,,VIR,481139
13384493,238,7050,2000,,,,,VIR,481140
13391019,238,7051,2000,,,,,VIR,481190
13397545,238,7052,2000,,,,,VIR,481200
13404071,238,7053,2000,,,,,VIR,481310
13410597,238,7054,2000,,,,,VIR,481320
13417123,238,7055,2000,,,,,VIR,481390
13423649,238,7056,2000,,,,,VIR,481410
13430175,238,7057,2000,,,,,VIR,481420
13436701,238,7058,2000,,,,,VIR,481430
13443227,238,7059,2000,,,,,VIR,481490
13449753,238,7060,2000,,,,,VIR,481500
13456279,238,7061,2000,,,,,VIR,481610
13462805,238,7062,2000,,,,,VIR,481620
13469331,238,7063,2000,,,,,VIR,481630
13475857,238,7064,2000,,,,,VIR,481690
13482383,238,7065,2000,,,,,VIR,481710
13488909,238,7066,2000,,,,,VIR,481720
13495435,238,7067,2000,,,,,VIR,481730
13501961,238,7068,2000,,,,,VIR,481810
13508487,238,7069,2000,,,,,VIR,481820
13515013,238,7070,2000,,,,,VIR,481830
13521539,238,7071,2000,,,,,VIR,481840
13528065,238,7072,2000,,,,,VIR,481850
13534591,238,7073,2000,,,,,VIR,481890
13541117,238,7074,2000,,,,,VIR,481910
13547643,238,7075,2000,,,,,VIR,481920
13554169,238,7076,2000,,,,,VIR,481930
13560695,238,7077,2000,,,,,VIR,481940
13567221,238,7078,2000,,,,,VIR,481950
13573747,238,7079,2000,,,,,VIR,481960
13580273,238,7080,2000,,,,,VIR,482010
13586799,238,7081,2000,,,,,VIR,482020
13593325,238,7082,2000,,,,,VIR,482030
13599851,238,7083,2000,,,,,VIR,482040
13606377,238,7084,2000,,,,,VIR,482050
13612903,238,7085,2000,,,,,VIR,482090
13619429,238,7086,2000,,,,,VIR,482110
13625955,238,7087,2000,,,,,VIR,482190
13632481,238,7088,2000,,,,,VIR,482210
13639007,238,7089,2000,,,,,VIR,482290
13645533,238,7090,2000,,,,,VIR,482311
13652059,238,7091,2000,,,,,VIR,482319
13658585,238,7092,2000,,,,,VIR,482320
13665111,238,7093,2000,,,,,VIR,482330
13671637,238,7094,2000,,,,,VIR,482340
13678163,238,7095,2000,,,,,VIR,482351
13684689,238,7096,2000,,,,,VIR,482359
13691215,238,7097,2000,,,,,VIR,482360
13697741,238,7098,2000,,,,,VIR,482370
13704267,238,7099,2000,,,,,VIR,482390
13710793,238,7100,2000,,,,,VIR,490110
13717319,238,7101,2000,,,,,VIR,490191
13723845,238,7102,2000,,,,,VIR,490199
13730371,238,7103,2000,,,,,VIR,490210
13736897,238,7104,2000,,,,,VIR,490290
13743423,238,7105,2000,,,,,VIR,490300
13749949,238,7106,2000,,,,,VIR,490400
13756475,238,7107,2000,,,,,VIR,490510
13763001,238,7108,2000,,,,,VIR,490591
13769527,238,7109,2000,,,,,VIR,490599
13776053,238,7110,2000,,,,,VIR,490600
13782579,238,7111,2000,,,,,VIR,490700
13789105,238,7112,2000,,,,,VIR,490810
13795631,238,7113,2000,,,,,VIR,490890
13802157,238,7114,2000,,,,,VIR,490900
13808683,238,7115,2000,,,,,VIR,491000
13815209,238,7116,2000,,,,,VIR,491110
13821735,238,7117,2000,,,,,VIR,491191
13828261,238,7118,2000,,,,,VIR,491199
13834787,238,7119,2000,,,,,VIR,500100
13841313,238,7120,2000,,,,,VIR,500200
13847839,238,7121,2000,,,,,VIR,500310
13854365,238,7122,2000,,,,,VIR,500390
13860891,238,7123,2000,,,,,VIR,500400
13867417,238,7124,2000,,,,,VIR,500500
13873943,238,7125,2000,,,,,VIR,500600
13880469,238,7126,2000,,,,,VIR,500710
13886995,238,7127,2000,,,,,VIR,500720
13893521,238,7128,2000,,,,,VIR,500790
13900047,238,7129,2000,,,,,VIR,510111
13906573,238,7130,2000,,,,,VIR,510119
13913099,238,7131,2000,,,,,VIR,510121
13919625,238,7132,2000,,,,,VIR,510129
13926151,238,7133,2000,,,,,VIR,510130
13932677,238,7134,2000,,,,,VIR,510210
13939203,238,7135,2000,,,,,VIR,510220
13945729,238,7136,2000,,,,,VIR,510310
13952255,238,7137,2000,,,,,VIR,510320
13958781,238,7138,2000,,,,,VIR,510330
13965307,238,7139,2000,,,,,VIR,510400
13971833,238,7140,2000,,,,,VIR,510510
13978359,238,7141,2000,,,,,VIR,510521
13984885,238,7142,2000,,,,,VIR,510529
13991411,238,7143,2000,,,,,VIR,510530
13997937,238,7144,2000,,,,,VIR,510540
14004463,238,7145,2000,,,,,VIR,510610
14010989,238,7146,2000,,,,,VIR,510620
14017515,238,7147,2000,,,,,VIR,510710
14024041,238,7148,2000,,,,,VIR,510720
14030567,238,7149,2000,,,,,VIR,510810
14037093,238,7150,2000,,,,,VIR,510820
14043619,238,7151,2000,,,,,VIR,510910
14050145,238,7152,2000,,,,,VIR,510990
14056671,238,7153,2000,,,,,VIR,511000
14063197,238,7154,2000,,,,,VIR,511111
14069723,238,7155,2000,,,,,VIR,511119
14076249,238,7156,2000,,,,,VIR,511120
14082775,238,7157,2000,,,,,VIR,511130
14089301,238,7158,2000,,,,,VIR,511190
14095827,238,7159,2000,,,,,VIR,511211
14102353,238,7160,2000,,,,,VIR,511219
14108879,238,7161,2000,,,,,VIR,511220
14115405,238,7162,2000,,,,,VIR,511230
14121931,238,7163,2000,,,,,VIR,511290
14128457,238,7164,2000,,,,,VIR,511300
14134983,238,7165,2000,,,,,VIR,520100
14141509,238,7166,2000,,,,,VIR,520210
14148035,238,7167,2000,,,,,VIR,520291
14154561,238,7168,2000,,,,,VIR,520299
14161087,238,7169,2000,,,,,VIR,520300
14167613,238,7170,2000,,,,,VIR,520411
14174139,238,7171,2000,,,,,VIR,520419
14180665,238,7172,2000,,,,,VIR,520420
14187191,238,7173,2000,,,,,VIR,520511
14193717,238,7174,2000,,,,,VIR,520512
14200243,238,7175,2000,,,,,VIR,520513
14206769,238,7176,2000,,,,,VIR,520514
14213295,238,7177,2000,,,,,VIR,520515
14219821,238,7178,2000,,,,,VIR,520521
14226347,238,7179,2000,,,,,VIR,520522
14232873,238,7180,2000,,,,,VIR,520523
14239399,238,7181,2000,,,,,VIR,520524
14245925,238,7182,2000,,,,,VIR,520525
14252451,238,7183,2000,,,,,VIR,520531
14258977,238,7184,2000,,,,,VIR,520532
14265503,238,7185,2000,,,,,VIR,520533
14272029,238,7186,2000,,,,,VIR,520534
14278555,238,7187,2000,,,,,VIR,520535
14285081,238,7188,2000,,,,,VIR,520541
14291607,238,7189,2000,,,,,VIR,520542
14298133,238,7190,2000,,,,,VIR,520543
14304659,238,7191,2000,,,,,VIR,520544
14311185,238,7192,2000,,,,,VIR,520545
14317711,238,7193,2000,,,,,VIR,520611
14324237,238,7194,2000,,,,,VIR,520612
14330763,238,7195,2000,,,,,VIR,520613
14337289,238,7196,2000,,,,,VIR,520614
14343815,238,7197,2000,,,,,VIR,520615
14350341,238,7198,2000,,,,,VIR,520621
14356867,238,7199,2000,,,,,VIR,520622
14363393,238,7200,2000,,,,,VIR,520623
14369919,238,7201,2000,,,,,VIR,520624
14376445,238,7202,2000,,,,,VIR,520625
14382971,238,7203,2000,,,,,VIR,520631
14389497,238,7204,2000,,,,,VIR,520632
14396023,238,7205,2000,,,,,VIR,520633
14402549,238,7206,2000,,,,,VIR,520634
14409075,238,7207,2000,,,,,VIR,520635
14415601,238,7208,2000,,,,,VIR,520641
14422127,238,7209,2000,,,,,VIR,520642
14428653,238,7210,2000,,,,,VIR,520643
14435179,238,7211,2000,,,,,VIR,520644
14441705,238,7212,2000,,,,,VIR,520645
14448231,238,7213,2000,,,,,VIR,520710
14454757,238,7214,2000,,,,,VIR,520790
14461283,238,7215,2000,,,,,VIR,520811
14467809,238,7216,2000,,,,,VIR,520812
14474335,238,7217,2000,,,,,VIR,520813
14480861,238,7218,2000,,,,,VIR,520819
14487387,238,7219,2000,,,,,VIR,520821
14493913,238,7220,2000,,,,,VIR,520822
14500439,238,7221,2000,,,,,VIR,520823
14506965,238,7222,2000,,,,,VIR,520829
14513491,238,7223,2000,,,,,VIR,520831
14520017,238,7224,2000,,,,,VIR,520832
14526543,238,7225,2000,,,,,VIR,520833
14533069,238,7226,2000,,,,,VIR,520839
14539595,238,7227,2000,,,,,VIR,520841
14546121,238,7228,2000,,,,,VIR,520842
14552647,238,7229,2000,,,,,VIR,520843
14559173,238,7230,2000,,,,,VIR,520849
14565699,238,7231,2000,,,,,VIR,520851
14572225,238,7232,2000,,,,,VIR,520852
14578751,238,7233,2000,,,,,VIR,520853
14585277,238,7234,2000,,,,,VIR,520859
14591803,238,7235,2000,,,,,VIR,520911
14598329,238,7236,2000,,,,,VIR,520912
14604855,238,7237,2000,,,,,VIR,520919
14611381,238,7238,2000,,,,,VIR,520921
14617907,238,7239,2000,,,,,VIR,520922
14624433,238,7240,2000,,,,,VIR,520929
14630959,238,7241,2000,,,,,VIR,520931
14637485,238,7242,2000,,,,,VIR,520932
14644011,238,7243,2000,,,,,VIR,520939
14650537,238,7244,2000,,,,,VIR,520941
14657063,238,7245,2000,,,,,VIR,520942
14663589,238,7246,2000,,,,,VIR,520943
14670115,238,7247,2000,,,,,VIR,520949
14676641,238,7248,2000,,,,,VIR,520951
14683167,238,7249,2000,,,,,VIR,520952
14689693,238,7250,2000,,,,,VIR,520959
14696219,238,7251,2000,,,,,VIR,521011
14702745,238,7252,2000,,,,,VIR,521012
14709271,238,7253,2000,,,,,VIR,521019
14715797,238,7254,2000,,,,,VIR,521021
14722323,238,7255,2000,,,,,VIR,521022
14728849,238,7256,2000,,,,,VIR,521029
14735375,238,7257,2000,,,,,VIR,521031
14741901,238,7258,2000,,,,,VIR,521032
14748427,238,7259,2000,,,,,VIR,521039
14754953,238,7260,2000,,,,,VIR,521041
14761479,238,7261,2000,,,,,VIR,521042
14768005,238,7262,2000,,,,,VIR,521049
14774531,238,7263,2000,,,,,VIR,521051
14781057,238,7264,2000,,,,,VIR,521052
14787583,238,7265,2000,,,,,VIR,521059
14794109,238,7266,2000,,,,,VIR,521111
14800635,238,7267,2000,,,,,VIR,521112
14807161,238,7268,2000,,,,,VIR,521119
14813687,238,7269,2000,,,,,VIR,521121
14820213,238,7270,2000,,,,,VIR,521122
14826739,238,7271,2000,,,,,VIR,521129
14833265,238,7272,2000,,,,,VIR,521131
14839791,238,7273,2000,,,,,VIR,521132
14846317,238,7274,2000,,,,,VIR,521139
14852843,238,7275,2000,,,,,VIR,521141
14859369,238,7276,2000,,,,,VIR,521142
14865895,238,7277,2000,,,,,VIR,521143
14872421,238,7278,2000,,,,,VIR,521149
14878947,238,7279,2000,,,,,VIR,521151
14885473,238,7280,2000,,,,,VIR,521152
14891999,238,7281,2000,,,,,VIR,521159
14898525,238,7282,2000,,,,,VIR,521211
14905051,238,7283,2000,,,,,VIR,521212
14911577,238,7284,2000,,,,,VIR,521213
14918103,238,7285,2000,,,,,VIR,521214
14924629,238,7286,2000,,,,,VIR,521215
14931155,238,7287,2000,,,,,VIR,521221
14937681,238,7288,2000,,,,,VIR,521222
14944207,238,7289,2000,,,,,VIR,521223
14950733,238,7290,2000,,,,,VIR,521224
14957259,238,7291,2000,,,,,VIR,521225
14963785,238,7292,2000,,,,,VIR,530110
14970311,238,7293,2000,,,,,VIR,530121
14976837,238,7294,2000,,,,,VIR,530129
14983363,238,7295,2000,,,,,VIR,530130
14989889,238,7296,2000,,,,,VIR,530210
14996415,238,7297,2000,,,,,VIR,530290
15002941,238,7298,2000,,,,,VIR,530310
15009467,238,7299,2000,,,,,VIR,530390
15015993,238,7300,2000,,,,,VIR,530410
15022519,238,7301,2000,,,,,VIR,530490
15029045,238,7302,2000,,,,,VIR,530511
15035571,238,7303,2000,,,,,VIR,530519
15042097,238,7304,2000,,,,,VIR,530521
15048623,238,7305,2000,,,,,VIR,530529
15055149,238,7306,2000,,,,,VIR,530591
15061675,238,7307,2000,,,,,VIR,530599
15068201,238,7308,2000,,,,,VIR,530610
15074727,238,7309,2000,,,,,VIR,530620
15081253,238,7310,2000,,,,,VIR,530710
15087779,238,7311,2000,,,,,VIR,530720
15094305,238,7312,2000,,,,,VIR,530810
15100831,238,7313,2000,,,,,VIR,530820
15107357,238,7314,2000,,,,,VIR,530830
15113883,238,7315,2000,,,,,VIR,530890
15120409,238,7316,2000,,,,,VIR,530911
15126935,238,7317,2000,,,,,VIR,530919
15133461,238,7318,2000,,,,,VIR,530921
15139987,238,7319,2000,,,,,VIR,530929
15146513,238,7320,2000,,,,,VIR,531010
15153039,238,7321,2000,,,,,VIR,531090
15159565,238,7322,2000,,,,,VIR,531100
15166091,238,7323,2000,,,,,VIR,540110
15172617,238,7324,2000,,,,,VIR,540120
15179143,238,7325,2000,,,,,VIR,540210
15185669,238,7326,2000,,,,,VIR,540220
15192195,238,7327,2000,,,,,VIR,540231
15198721,238,7328,2000,,,,,VIR,540232
15205247,238,7329,2000,,,,,VIR,540233
15211773,238,7330,2000,,,,,VIR,540239
15218299,238,7331,2000,,,,,VIR,540241
15224825,238,7332,2000,,,,,VIR,540242
15231351,238,7333,2000,,,,,VIR,540243
15237877,238,7334,2000,,,,,VIR,540249
15244403,238,7335,2000,,,,,VIR,540251
15250929,238,7336,2000,,,,,VIR,540252
15257455,238,7337,2000,,,,,VIR,540259
15263981,238,7338,2000,,,,,VIR,540261
15270507,238,7339,2000,,,,,VIR,540262
15277033,238,7340,2000,,,,,VIR,540269
15283559,238,7341,2000,,,,,VIR,540310
15290085,238,7342,2000,,,,,VIR,540320
15296611,238,7343,2000,,,,,VIR,540331
15303137,238,7344,2000,,,,,VIR,540332
15309663,238,7345,2000,,,,,VIR,540333
15316189,238,7346,2000,,,,,VIR,540339
15322715,238,7347,2000,,,,,VIR,540341
15329241,238,7348,2000,,,,,VIR,540342
15335767,238,7349,2000,,,,,VIR,540349
15342293,238,7350,2000,,,,,VIR,540410
15348819,238,7351,2000,,,,,VIR,540490
15355345,238,7352,2000,,,,,VIR,540500
15361871,238,7353,2000,,,,,VIR,540610
15368397,238,7354,2000,,,,,VIR,540620
15374923,238,7355,2000,,,,,VIR,540710
15381449,238,7356,2000,,,,,VIR,540720
15387975,238,7357,2000,,,,,VIR,540730
15394501,238,7358,2000,,,,,VIR,540741
15401027,238,7359,2000,,,,,VIR,540742
15407553,238,7360,2000,,,,,VIR,540743
15414079,238,7361,2000,,,,,VIR,540744
15420605,238,7362,2000,,,,,VIR,540751
15427131,238,7363,2000,,,,,VIR,540752
15433657,238,7364,2000,,,,,VIR,540753
15440183,238,7365,2000,,,,,VIR,540754
15446709,238,7366,2000,,,,,VIR,540760
15453235,238,7367,2000,,,,,VIR,540771
15459761,238,7368,2000,,,,,VIR,540772
15466287,238,7369,2000,,,,,VIR,540773
15472813,238,7370,2000,,,,,VIR,540774
15479339,238,7371,2000,,,,,VIR,540781
15485865,238,7372,2000,,,,,VIR,540782
15492391,238,7373,2000,,,,,VIR,540783
15498917,238,7374,2000,,,,,VIR,540784
15505443,238,7375,2000,,,,,VIR,540791
15511969,238,7376,2000,,,,,VIR,540792
15518495,238,7377,2000,,,,,VIR,540793
15525021,238,7378,2000,,,,,VIR,540794
15531547,238,7379,2000,,,,,VIR,540810
15538073,238,7380,2000,,,,,VIR,540821
15544599,238,7381,2000,,,,,VIR,540822
15551125,238,7382,2000,,,,,VIR,540823
15557651,238,7383,2000,,,,,VIR,540824
15564177,238,7384,2000,,,,,VIR,540831
15570703,238,7385,2000,,,,,VIR,540832
15577229,238,7386,2000,,,,,VIR,540833
15583755,238,7387,2000,,,,,VIR,540834
15590281,238,7388,2000,,,,,VIR,550110
15596807,238,7389,2000,,,,,VIR,550120
15603333,238,7390,2000,,,,,VIR,550130
15609859,238,7391,2000,,,,,VIR,550190
15616385,238,7392,2000,,,,,VIR,550200
15622911,238,7393,2000,,,,,VIR,550310
15629437,238,7394,2000,,,,,VIR,550320
15635963,238,7395,2000,,,,,VIR,550330
15642489,238,7396,2000,,,,,VIR,550340
15649015,238,7397,2000,,,,,VIR,550390
15655541,238,7398,2000,,,,,VIR,550410
15662067,238,7399,2000,,,,,VIR,550490
15668593,238,7400,2000,,,,,VIR,550510
15675119,238,7401,2000,,,,,VIR,550520
15681645,238,7402,2000,,,,,VIR,550610
15688171,238,7403,2000,,,,,VIR,550620
15694697,238,7404,2000,,,,,VIR,550630
15701223,238,7405,2000,,,,,VIR,550690
15707749,238,7406,2000,,,,,VIR,550700
15714275,238,7407,2000,,,,,VIR,550810
15720801,238,7408,2000,,,,,VIR,550820
15727327,238,7409,2000,,,,,VIR,550911
15733853,238,7410,2000,,,,,VIR,550912
15740379,238,7411,2000,,,,,VIR,550921
15746905,238,7412,2000,,,,,VIR,550922
15753431,238,7413,2000,,,,,VIR,550931
15759957,238,7414,2000,,,,,VIR,550932
15766483,238,7415,2000,,,,,VIR,550941
15773009,238,7416,2000,,,,,VIR,550942
15779535,238,7417,2000,,,,,VIR,550951
15786061,238,7418,2000,,,,,VIR,550952
15792587,238,7419,2000,,,,,VIR,550953
15799113,238,7420,2000,,,,,VIR,550959
15805639,238,7421,2000,,,,,VIR,550961
15812165,238,7422,2000,,,,,VIR,550962
15818691,238,7423,2000,,,,,VIR,550969
15825217,238,7424,2000,,,,,VIR,550991
15831743,238,7425,2000,,,,,VIR,550992
15838269,238,7426,2000,,,,,VIR,550999
15844795,238,7427,2000,,,,,VIR,551011
15851321,238,7428,2000,,,,,VIR,551012
15857847,238,7429,2000,,,,,VIR,551020
15864373,238,7430,2000,,,,,VIR,551030
15870899,238,7431,2000,,,,,VIR,551090
15877425,238,7432,2000,,,,,VIR,551110
15883951,238,7433,2000,,,,,VIR,551120
15890477,238,7434,2000,,,,,VIR,551130
15897003,238,7435,2000,,,,,VIR,551211
15903529,238,7436,2000,,,,,VIR,551219
15910055,238,7437,2000,,,,,VIR,551221
15916581,238,7438,2000,,,,,VIR,551229
15923107,238,7439,2000,,,,,VIR,551291
15929633,238,7440,2000,,,,,VIR,551299
15936159,238,7441,2000,,,,,VIR,551311
15942685,238,7442,2000,,,,,VIR,551312
15949211,238,7443,2000,,,,,VIR,551313
15955737,238,7444,2000,,,,,VIR,551319
15962263,238,7445,2000,,,,,VIR,551321
15968789,238,7446,2000,,,,,VIR,551322
15975315,238,7447,2000,,,,,VIR,551323
15981841,238,7448,2000,,,,,VIR,551329
15988367,238,7449,2000,,,,,VIR,551331
15994893,238,7450,2000,,,,,VIR,551332
16001419,238,7451,2000,,,,,VIR,551333
16007945,238,7452,2000,,,,,VIR,551339
16014471,238,7453,2000,,,,,VIR,551341
16020997,238,7454,2000,,,,,VIR,551342
16027523,238,7455,2000,,,,,VIR,551343
16034049,238,7456,2000,,,,,VIR,551349
16040575,238,7457,2000,,,,,VIR,551411
16047101,238,7458,2000,,,,,VIR,551412
16053627,238,7459,2000,,,,,VIR,551413
16060153,238,7460,2000,,,,,VIR,551419
16066679,238,7461,2000,,,,,VIR,551421
16073205,238,7462,2000,,,,,VIR,551422
16079731,238,7463,2000,,,,,VIR,551423
16086257,238,7464,2000,,,,,VIR,551429
16092783,238,7465,2000,,,,,VIR,551431
16099309,238,7466,2000,,,,,VIR,551432
16105835,238,7467,2000,,,,,VIR,551433
16112361,238,7468,2000,,,,,VIR,551439
16118887,238,7469,2000,,,,,VIR,551441
16125413,238,7470,2000,,,,,VIR,551442
16131939,238,7471,2000,,,,,VIR,551443
16138465,238,7472,2000,,,,,VIR,551449
16144991,238,7473,2000,,,,,VIR,551511
16151517,238,7474,2000,,,,,VIR,551512
16158043,238,7475,2000,,,,,VIR,551513
16164569,238,7476,2000,,,,,VIR,551519
16171095,238,7477,2000,,,,,VIR,551521
16177621,238,7478,2000,,,,,VIR,551522
16184147,238,7479,2000,,,,,VIR,551529
16190673,238,7480,2000,,,,,VIR,551591
16197199,238,7481,2000,,,,,VIR,551592
16203725,238,7482,2000,,,,,VIR,551599
16210251,238,7483,2000,,,,,VIR,551611
16216777,238,7484,2000,,,,,VIR,551612
16223303,238,7485,2000,,,,,VIR,551613
16229829,238,7486,2000,,,,,VIR,551614
16236355,238,7487,2000,,,,,VIR,551621
16242881,238,7488,2000,,,,,VIR,551622
16249407,238,7489,2000,,,,,VIR,551623
16255933,238,7490,2000,,,,,VIR,551624
16262459,238,7491,2000,,,,,VIR,551631
16268985,238,7492,2000,,,,,VIR,551632
16275511,238,7493,2000,,,,,VIR,551633
16282037,238,7494,2000,,,,,VIR,551634
16288563,238,7495,2000,,,,,VIR,551641
16295089,238,7496,2000,,,,,VIR,551642
16301615,238,7497,2000,,,,,VIR,551643
16308141,238,7498,2000,,,,,VIR,551644
16314667,238,7499,2000,,,,,VIR,551691
16321193,238,7500,2000,,,,,VIR,551692
16327719,238,7501,2000,,,,,VIR,551693
16334245,238,7502,2000,,,,,VIR,551694
16340771,238,7503,2000,,,,,VIR,560110
16347297,238,7504,2000,,,,,VIR,560121
16353823,238,7505,2000,,,,,VIR,560122
16360349,238,7506,2000,,,,,VIR,560129
16366875,238,7507,2000,,,,,VIR,560130
16373401,238,7508,2000,,,,,VIR,560210
16379927,238,7509,2000,,,,,VIR,560221
16386453,238,7510,2000,,,,,VIR,560229
16392979,238,7511,2000,,,,,VIR,560290
16399505,238,7512,2000,,,,,VIR,560300
16406031,238,7513,2000,,,,,VIR,560410
16412557,238,7514,2000,,,,,VIR,560420
16419083,238,7515,2000,,,,,VIR,560490
16425609,238,7516,2000,,,,,VIR,560500
16432135,238,7517,2000,,,,,VIR,560600
16438661,238,7518,2000,,,,,VIR,560710
16445187,238,7519,2000,,,,,VIR,560721
16451713,238,7520,2000,,,,,VIR,560729
16458239,238,7521,2000,,,,,VIR,560730
16464765,238,7522,2000,,,,,VIR,560741
16471291,238,7523,2000,,,,,VIR,560749
16477817,238,7524,2000,,,,,VIR,560750
16484343,238,7525,2000,,,,,VIR,560790
16490869,238,7526,2000,,,,,VIR,560811
16497395,238,7527,2000,,,,,VIR,560819
16503921,238,7528,2000,,,,,VIR,560890
16510447,238,7529,2000,,,,,VIR,560900
16516973,238,7530,2000,,,,,VIR,570110
16523499,238,7531,2000,,,,,VIR,570190
16530025,238,7532,2000,,,,,VIR,570210
16536551,238,7533,2000,,,,,VIR,570220
16543077,238,7534,2000,,,,,VIR,570231
16549603,238,7535,2000,,,,,VIR,570232
16556129,238,7536,2000,,,,,VIR,570239
16562655,238,7537,2000,,,,,VIR,570241
16569181,238,7538,2000,,,,,VIR,570242
16575707,238,7539,2000,,,,,VIR,570249
16582233,238,7540,2000,,,,,VIR,570251
16588759,238,7541,2000,,,,,VIR,570252
16595285,238,7542,2000,,,,,VIR,570259
16601811,238,7543,2000,,,,,VIR,570291
16608337,238,7544,2000,,,,,VIR,570292
16614863,238,7545,2000,,,,,VIR,570299
16621389,238,7546,2000,,,,,VIR,570310
16627915,238,7547,2000,,,,,VIR,570320
16634441,238,7548,2000,,,,,VIR,570330
16640967,238,7549,2000,,,,,VIR,570390
16647493,238,7550,2000,,,,,VIR,570410
16654019,238,7551,2000,,,,,VIR,570490
16660545,238,7552,2000,,,,,VIR,570500
16667071,238,7553,2000,,,,,VIR,580110
16673597,238,7554,2000,,,,,VIR,580121
16680123,238,7555,2000,,,,,VIR,580122
16686649,238,7556,2000,,,,,VIR,580123
16693175,238,7557,2000,,,,,VIR,580124
16699701,238,7558,2000,,,,,VIR,580125
16706227,238,7559,2000,,,,,VIR,580126
16712753,238,7560,2000,,,,,VIR,580131
16719279,238,7561,2000,,,,,VIR,580132
16725805,238,7562,2000,,,,,VIR,580133
16732331,238,7563,2000,,,,,VIR,580134
16738857,238,7564,2000,,,,,VIR,580135
16745383,238,7565,2000,,,,,VIR,580136
16751909,238,7566,2000,,,,,VIR,580190
16758435,238,7567,2000,,,,,VIR,580211
16764961,238,7568,2000,,,,,VIR,580219
16771487,238,7569,2000,,,,,VIR,580220
16778013,238,7570,2000,,,,,VIR,580230
16784539,238,7571,2000,,,,,VIR,580310
16791065,238,7572,2000,,,,,VIR,580390
16797591,238,7573,2000,,,,,VIR,580410
16804117,238,7574,2000,,,,,VIR,580421
16810643,238,7575,2000,,,,,VIR,580429
16817169,238,7576,2000,,,,,VIR,580430
16823695,238,7577,2000,,,,,VIR,580500
16830221,238,7578,2000,,,,,VIR,580610
16836747,238,7579,2000,,,,,VIR,580620
16843273,238,7580,2000,,,,,VIR,580631
16849799,238,7581,2000,,,,,VIR,580632
16856325,238,7582,2000,,,,,VIR,580639
16862851,238,7583,2000,,,,,VIR,580640
16869377,238,7584,2000,,,,,VIR,580710
16875903,238,7585,2000,,,,,VIR,580790
16882429,238,7586,2000,,,,,VIR,580810
16888955,238,7587,2000,,,,,VIR,580890
16895481,238,7588,2000,,,,,VIR,580900
16902007,238,7589,2000,,,,,VIR,581010
16908533,238,7590,2000,,,,,VIR,581091
16915059,238,7591,2000,,,,,VIR,581092
16921585,238,7592,2000,,,,,VIR,581099
16928111,238,7593,2000,,,,,VIR,581100
16934637,238,7594,2000,,,,,VIR,590110
16941163,238,7595,2000,,,,,VIR,590190
16947689,238,7596,2000,,,,,VIR,590210
16954215,238,7597,2000,,,,,VIR,590220
16960741,238,7598,2000,,,,,VIR,590290
16967267,238,7599,2000,,,,,VIR,590310
16973793,238,7600,2000,,,,,VIR,590320
16980319,238,7601,2000,,,,,VIR,590390
16986845,238,7602,2000,,,,,VIR,590410
16993371,238,7603,2000,,,,,VIR,590491
16999897,238,7604,2000,,,,,VIR,590492
17006423,238,7605,2000,,,,,VIR,590500
17012949,238,7606,2000,,,,,VIR,590610
17019475,238,7607,2000,,,,,VIR,590691
17026001,238,7608,2000,,,,,VIR,590699
17032527,238,7609,2000,,,,,VIR,590700
17039053,238,7610,2000,,,,,VIR,590800
17045579,238,7611,2000,,,,,VIR,590900
17052105,238,7612,2000,,,,,VIR,591000
17058631,238,7613,2000,,,,,VIR,591110
17065157,238,7614,2000,,,,,VIR,591120
17071683,238,7615,2000,,,,,VIR,591131
17078209,238,7616,2000,,,,,VIR,591132
17084735,238,7617,2000,,,,,VIR,591140
17091261,238,7618,2000,,,,,VIR,591190
17097787,238,7619,2000,,,,,VIR,600110
17104313,238,7620,2000,,,,,VIR,600121
17110839,238,7621,2000,,,,,VIR,600122
17117365,238,7622,2000,,,,,VIR,600129
17123891,238,7623,2000,,,,,VIR,600191
17130417,238,7624,2000,,,,,VIR,600192
17136943,238,7625,2000,,,,,VIR,600199
17143469,238,7626,2000,,,,,VIR,600210
17149995,238,7627,2000,,,,,VIR,600220
17156521,238,7628,2000,,,,,VIR,600230
17163047,238,7629,2000,,,,,VIR,600241
17169573,238,7630,2000,,,,,VIR,600242
17176099,238,7631,2000,,,,,VIR,600243
17182625,238,7632,2000,,,,,VIR,600249
17189151,238,7633,2000,,,,,VIR,600291
17195677,238,7634,2000,,,,,VIR,600292
17202203,238,7635,2000,,,,,VIR,600293
17208729,238,7636,2000,,,,,VIR,600299
17215255,238,7637,2000,,,,,VIR,610110
17221781,238,7638,2000,,,,,VIR,610120
17228307,238,7639,2000,,,,,VIR,610130
17234833,238,7640,2000,,,,,VIR,610190
17241359,238,7641,2000,,,,,VIR,610210
17247885,238,7642,2000,,,,,VIR,610220
17254411,238,7643,2000,,,,,VIR,610230
17260937,238,7644,2000,,,,,VIR,610290
17267463,238,7645,2000,,,,,VIR,610311
17273989,238,7646,2000,,,,,VIR,610312
17280515,238,7647,2000,,,,,VIR,610319
17287041,238,7648,2000,,,,,VIR,610321
17293567,238,7649,2000,,,,,VIR,610322
17300093,238,7650,2000,,,,,VIR,610323
17306619,238,7651,2000,,,,,VIR,610329
17313145,238,7652,2000,,,,,VIR,610331
17319671,238,7653,2000,,,,,VIR,610332
17326197,238,7654,2000,,,,,VIR,610333
17332723,238,7655,2000,,,,,VIR,610339
17339249,238,7656,2000,,,,,VIR,610341
17345775,238,7657,2000,,,,,VIR,610342
17352301,238,7658,2000,,,,,VIR,610343
17358827,238,7659,2000,,,,,VIR,610349
17365353,238,7660,2000,,,,,VIR,610411
17371879,238,7661,2000,,,,,VIR,610412
17378405,238,7662,2000,,,,,VIR,610413
17384931,238,7663,2000,,,,,VIR,610419
17391457,238,7664,2000,,,,,VIR,610421
17397983,238,7665,2000,,,,,VIR,610422
17404509,238,7666,2000,,,,,VIR,610423
17411035,238,7667,2000,,,,,VIR,610429
17417561,238,7668,2000,,,,,VIR,610431
17424087,238,7669,2000,,,,,VIR,610432
17430613,238,7670,2000,,,,,VIR,610433
17437139,238,7671,2000,,,,,VIR,610439
17443665,238,7672,2000,,,,,VIR,610441
17450191,238,7673,2000,,,,,VIR,610442
17456717,238,7674,2000,,,,,VIR,610443
17463243,238,7675,2000,,,,,VIR,610444
17469769,238,7676,2000,,,,,VIR,610449
17476295,238,7677,2000,,,,,VIR,610451
17482821,238,7678,2000,,,,,VIR,610452
17489347,238,7679,2000,,,,,VIR,610453
17495873,238,7680,2000,,,,,VIR,610459
17502399,238,7681,2000,,,,,VIR,610461
17508925,238,7682,2000,,,,,VIR,610462
17515451,238,7683,2000,,,,,VIR,610463
17521977,238,7684,2000,,,,,VIR,610469
17528503,238,7685,2000,,,,,VIR,610510
17535029,238,7686,2000,,,,,VIR,610520
17541555,238,7687,2000,,,,,VIR,610590
17548081,238,7688,2000,,,,,VIR,610610
17554607,238,7689,2000,,,,,VIR,610620
17561133,238,7690,2000,,,,,VIR,610690
17567659,238,7691,2000,,,,,VIR,610711
17574185,238,7692,2000,,,,,VIR,610712
17580711,238,7693,2000,,,,,VIR,610719
17587237,238,7694,2000,,,,,VIR,610721
17593763,238,7695,2000,,,,,VIR,610722
17600289,238,7696,2000,,,,,VIR,610729
17606815,238,7697,2000,,,,,VIR,610791
17613341,238,7698,2000,,,,,VIR,610792
17619867,238,7699,2000,,,,,VIR,610799
17626393,238,7700,2000,,,,,VIR,610811
17632919,238,7701,2000,,,,,VIR,610819
17639445,238,7702,2000,,,,,VIR,610821
17645971,238,7703,2000,,,,,VIR,610822
17652497,238,7704,2000,,,,,VIR,610829
17659023,238,7705,2000,,,,,VIR,610831
17665549,238,7706,2000,,,,,VIR,610832
17672075,238,7707,2000,,,,,VIR,610839
17678601,238,7708,2000,,,,,VIR,610891
17685127,238,7709,2000,,,,,VIR,610892
17691653,238,7710,2000,,,,,VIR,610899
17698179,238,7711,2000,,,,,VIR,610910
17704705,238,7712,2000,,,,,VIR,610990
17711231,238,7713,2000,,,,,VIR,611010
17717757,238,7714,2000,,,,,VIR,611020
17724283,238,7715,2000,,,,,VIR,611030
17730809,238,7716,2000,,,,,VIR,611090
17737335,238,7717,2000,,,,,VIR,611110
17743861,238,7718,2000,,,,,VIR,611120
17750387,238,7719,2000,,,,,VIR,611130
17756913,238,7720,2000,,,,,VIR,611190
17763439,238,7721,2000,,,,,VIR,611211
17769965,238,7722,2000,,,,,VIR,611212
17776491,238,7723,2000,,,,,VIR,611219
17783017,238,7724,2000,,,,,VIR,611220
17789543,238,7725,2000,,,,,VIR,611231
17796069,238,7726,2000,,,,,VIR,611239
17802595,238,7727,2000,,,,,VIR,611241
17809121,238,7728,2000,,,,,VIR,611249
17815647,238,7729,2000,,,,,VIR,611300
17822173,238,7730,2000,,,,,VIR,611410
17828699,238,7731,2000,,,,,VIR,611420
17835225,238,7732,2000,,,,,VIR,611430
17841751,238,7733,2000,,,,,VIR,611490
17848277,238,7734,2000,,,,,VIR,611511
17854803,238,7735,2000,,,,,VIR,611512
17861329,238,7736,2000,,,,,VIR,611519
17867855,238,7737,2000,,,,,VIR,611520
17874381,238,7738,2000,,,,,VIR,611591
17880907,238,7739,2000,,,,,VIR,611592
17887433,238,7740,2000,,,,,VIR,611593
17893959,238,7741,2000,,,,,VIR,611599
17900485,238,7742,2000,,,,,VIR,611610
17907011,238,7743,2000,,,,,VIR,611691
17913537,238,7744,2000,,,,,VIR,611692
17920063,238,7745,2000,,,,,VIR,611693
17926589,238,7746,2000,,,,,VIR,611699
17933115,238,7747,2000,,,,,VIR,611710
17939641,238,7748,2000,,,,,VIR,611720
17946167,238,7749,2000,,,,,VIR,611780
17952693,238,7750,2000,,,,,VIR,611790
17959219,238,7751,2000,,,,,VIR,620111
17965745,238,7752,2000,,,,,VIR,620112
17972271,238,7753,2000,,,,,VIR,620113
17978797,238,7754,2000,,,,,VIR,620119
17985323,238,7755,2000,,,,,VIR,620191
17991849,238,7756,2000,,,,,VIR,620192
17998375,238,7757,2000,,,,,VIR,620193
18004901,238,7758,2000,,,,,VIR,620199
18011427,238,7759,2000,,,,,VIR,620211
18017953,238,7760,2000,,,,,VIR,620212
18024479,238,7761,2000,,,,,VIR,620213
18031005,238,7762,2000,,,,,VIR,620219
18037531,238,7763,2000,,,,,VIR,620291
18044057,238,7764,2000,,,,,VIR,620292
18050583,238,7765,2000,,,,,VIR,620293
18057109,238,7766,2000,,,,,VIR,620299
18063635,238,7767,2000,,,,,VIR,620311
18070161,238,7768,2000,,,,,VIR,620312
18076687,238,7769,2000,,,,,VIR,620319
18083213,238,7770,2000,,,,,VIR,620321
18089739,238,7771,2000,,,,,VIR,620322
18096265,238,7772,2000,,,,,VIR,620323
18102791,238,7773,2000,,,,,VIR,620329
18109317,238,7774,2000,,,,,VIR,620331
18115843,238,7775,2000,,,,,VIR,620332
18122369,238,7776,2000,,,,,VIR,620333
18128895,238,7777,2000,,,,,VIR,620339
18135421,238,7778,2000,,,,,VIR,620341
18141947,238,7779,2000,,,,,VIR,620342
18148473,238,7780,2000,,,,,VIR,620343
18154999,238,7781,2000,,,,,VIR,620349
18161525,238,7782,2000,,,,,VIR,620411
18168051,238,7783,2000,,,,,VIR,620412
18174577,238,7784,2000,,,,,VIR,620413
18181103,238,7785,2000,,,,,VIR,620419
18187629,238,7786,2000,,,,,VIR,620421
18194155,238,7787,2000,,,,,VIR,620422
18200681,238,7788,2000,,,,,VIR,620423
18207207,238,7789,2000,,,,,VIR,620429
18213733,238,7790,2000,,,,,VIR,620431
18220259,238,7791,2000,,,,,VIR,620432
18226785,238,7792,2000,,,,,VIR,620433
18233311,238,7793,2000,,,,,VIR,620439
18239837,238,7794,2000,,,,,VIR,620441
18246363,238,7795,2000,,,,,VIR,620442
18252889,238,7796,2000,,,,,VIR,620443
18259415,238,7797,2000,,,,,VIR,620444
18265941,238,7798,2000,,,,,VIR,620449
18272467,238,7799,2000,,,,,VIR,620451
18278993,238,7800,2000,,,,,VIR,620452
18285519,238,7801,2000,,,,,VIR,620453
18292045,238,7802,2000,,,,,VIR,620459
18298571,238,7803,2000,,,,,VIR,620461
18305097,238,7804,2000,,,,,VIR,620462
18311623,238,7805,2000,,,,,VIR,620463
18318149,238,7806,2000,,,,,VIR,620469
18324675,238,7807,2000,,,,,VIR,620510
18331201,238,7808,2000,,,,,VIR,620520
18337727,238,7809,2000,,,,,VIR,620530
18344253,238,7810,2000,,,,,VIR,620590
18350779,238,7811,2000,,,,,VIR,620610
18357305,238,7812,2000,,,,,VIR,620620
18363831,238,7813,2000,,,,,VIR,620630
18370357,238,7814,2000,,,,,VIR,620640
18376883,238,7815,2000,,,,,VIR,620690
18383409,238,7816,2000,,,,,VIR,620711
18389935,238,7817,2000,,,,,VIR,620719
18396461,238,7818,2000,,,,,VIR,620721
18402987,238,7819,2000,,,,,VIR,620722
18409513,238,7820,2000,,,,,VIR,620729
18416039,238,7821,2000,,,,,VIR,620791
18422565,238,7822,2000,,,,,VIR,620792
18429091,238,7823,2000,,,,,VIR,620799
18435617,238,7824,2000,,,,,VIR,620811
18442143,238,7825,2000,,,,,VIR,620819
18448669,238,7826,2000,,,,,VIR,620821
18455195,238,7827,2000,,,,,VIR,620822
18461721,238,7828,2000,,,,,VIR,620829
18468247,238,7829,2000,,,,,VIR,620891
18474773,238,7830,2000,,,,,VIR,620892
18481299,238,7831,2000,,,,,VIR,620899
18487825,238,7832,2000,,,,,VIR,620910
18494351,238,7833,2000,,,,,VIR,620920
18500877,238,7834,2000,,,,,VIR,620930
18507403,238,7835,2000,,,,,VIR,620990
18513929,238,7836,2000,,,,,VIR,621010
18520455,238,7837,2000,,,,,VIR,621020
18526981,238,7838,2000,,,,,VIR,621030
18533507,238,7839,2000,,,,,VIR,621040
18540033,238,7840,2000,,,,,VIR,621050
18546559,238,7841,2000,,,,,VIR,621111
18553085,238,7842,2000,,,,,VIR,621112
18559611,238,7843,2000,,,,,VIR,621120
18566137,238,7844,2000,,,,,VIR,621131
18572663,238,7845,2000,,,,,VIR,621132
18579189,238,7846,2000,,,,,VIR,621133
18585715,238,7847,2000,,,,,VIR,621139
18592241,238,7848,2000,,,,,VIR,621141
18598767,238,7849,2000,,,,,VIR,621142
18605293,238,7850,2000,,,,,VIR,621143
18611819,238,7851,2000,,,,,VIR,621149
18618345,238,7852,2000,,,,,VIR,621210
18624871,238,7853,2000,,,,,VIR,621220
18631397,238,7854,2000,,,,,VIR,621230
18637923,238,7855,2000,,,,,VIR,621290
18644449,238,7856,2000,,,,,VIR,621310
18650975,238,7857,2000,,,,,VIR,621320
18657501,238,7858,2000,,,,,VIR,621390
18664027,238,7859,2000,,,,,VIR,621410
18670553,238,7860,2000,,,,,VIR,621420
18677079,238,7861,2000,,,,,VIR,621430
18683605,238,7862,2000,,,,,VIR,621440
18690131,238,7863,2000,,,,,VIR,621490
18696657,238,7864,2000,,,,,VIR,621510
18703183,238,7865,2000,,,,,VIR,621520
18709709,238,7866,2000,,,,,VIR,621590
18716235,238,7867,2000,,,,,VIR,621600
18722761,238,7868,2000,,,,,VIR,621710
18729287,238,7869,2000,,,,,VIR,621790
18735813,238,7870,2000,,,,,VIR,630110
18742339,238,7871,2000,,,,,VIR,630120
18748865,238,7872,2000,,,,,VIR,630130
18755391,238,7873,2000,,,,,VIR,630140
18761917,238,7874,2000,,,,,VIR,630190
18768443,238,7875,2000,,,,,VIR,630210
18774969,238,7876,2000,,,,,VIR,630221
18781495,238,7877,2000,,,,,VIR,630222
18788021,238,7878,2000,,,,,VIR,630229
18794547,238,7879,2000,,,,,VIR,630231
18801073,238,7880,2000,,,,,VIR,630232
18807599,238,7881,2000,,,,,VIR,630239
18814125,238,7882,2000,,,,,VIR,630240
18820651,238,7883,2000,,,,,VIR,630251
18827177,238,7884,2000,,,,,VIR,630252
18833703,238,7885,2000,,,,,VIR,630253
18840229,238,7886,2000,,,,,VIR,630259
18846755,238,7887,2000,,,,,VIR,630260
18853281,238,7888,2000,,,,,VIR,630291
18859807,238,7889,2000,,,,,VIR,630292
18866333,238,7890,2000,,,,,VIR,630293
18872859,238,7891,2000,,,,,VIR,630299
18879385,238,7892,2000,,,,,VIR,630311
18885911,238,7893,2000,,,,,VIR,630312
18892437,238,7894,2000,,,,,VIR,630319
18898963,238,7895,2000,,,,,VIR,630391
18905489,238,7896,2000,,,,,VIR,630392
18912015,238,7897,2000,,,,,VIR,630399
18918541,238,7898,2000,,,,,VIR,630411
18925067,238,7899,2000,,,,,VIR,630419
18931593,238,7900,2000,,,,,VIR,630491
18938119,238,7901,2000,,,,,VIR,630492
18944645,238,7902,2000,,,,,VIR,630493
18951171,238,7903,2000,,,,,VIR,630499
18957697,238,7904,2000,,,,,VIR,630510
18964223,238,7905,2000,,,,,VIR,630520
18970749,238,7906,2000,,,,,VIR,630531
18977275,238,7907,2000,,,,,VIR,630539
18983801,238,7908,2000,,,,,VIR,630590
18990327,238,7909,2000,,,,,VIR,630611
18996853,238,7910,2000,,,,,VIR,630612
19003379,238,7911,2000,,,,,VIR,630619
19009905,238,7912,2000,,,,,VIR,630621
19016431,238,7913,2000,,,,,VIR,630622
19022957,238,7914,2000,,,,,VIR,630629
19029483,238,7915,2000,,,,,VIR,630631
19036009,238,7916,2000,,,,,VIR,630639
19042535,238,7917,2000,,,,,VIR,630641
19049061,238,7918,2000,,,,,VIR,630649
19055587,238,7919,2000,,,,,VIR,630691
19062113,238,7920,2000,,,,,VIR,630699
19068639,238,7921,2000,,,,,VIR,630710
19075165,238,7922,2000,,,,,VIR,630720
19081691,238,7923,2000,,,,,VIR,630790
19088217,238,7924,2000,,,,,VIR,630800
19094743,238,7925,2000,,,,,VIR,630900
19101269,238,7926,2000,,,,,VIR,631010
19107795,238,7927,2000,,,,,VIR,631090
19114321,238,7928,2000,,,,,VIR,640110
19120847,238,7929,2000,,,,,VIR,640191
19127373,238,7930,2000,,,,,VIR,640192
19133899,238,7931,2000,,,,,VIR,640199
19140425,238,7932,2000,,,,,VIR,640211
19146951,238,7933,2000,,,,,VIR,640219
19153477,238,7934,2000,,,,,VIR,640220
19160003,238,7935,2000,,,,,VIR,640230
19166529,238,7936,2000,,,,,VIR,640291
19173055,238,7937,2000,,,,,VIR,640299
19179581,238,7938,2000,,,,,VIR,640311
19186107,238,7939,2000,,,,,VIR,640319
19192633,238,7940,2000,,,,,VIR,640320
19199159,238,7941,2000,,,,,VIR,640330
19205685,238,7942,2000,,,,,VIR,640340
19212211,238,7943,2000,,,,,VIR,640351
19218737,238,7944,2000,,,,,VIR,640359
19225263,238,7945,2000,,,,,VIR,640391
19231789,238,7946,2000,,,,,VIR,640399
19238315,238,7947,2000,,,,,VIR,640411
19244841,238,7948,2000,,,,,VIR,640419
19251367,238,7949,2000,,,,,VIR,640420
19257893,238,7950,2000,,,,,VIR,640510
19264419,238,7951,2000,,,,,VIR,640520
19270945,238,7952,2000,,,,,VIR,640590
19277471,238,7953,2000,,,,,VIR,640610
19283997,238,7954,2000,,,,,VIR,640620
19290523,238,7955,2000,,,,,VIR,640691
19297049,238,7956,2000,,,,,VIR,640699
19303575,238,7957,2000,,,,,VIR,650100
19310101,238,7958,2000,,,,,VIR,650200
19316627,238,7959,2000,,,,,VIR,650300
19323153,238,7960,2000,,,,,VIR,650400
19329679,238,7961,2000,,,,,VIR,650510
19336205,238,7962,2000,,,,,VIR,650590
19342731,238,7963,2000,,,,,VIR,650610
19349257,238,7964,2000,,,,,VIR,650691
19355783,238,7965,2000,,,,,VIR,650692
19362309,238,7966,2000,,,,,VIR,650699
19368835,238,7967,2000,,,,,VIR,650700
19375361,238,7968,2000,,,,,VIR,660110
19381887,238,7969,2000,,,,,VIR,660191
19388413,238,7970,2000,,,,,VIR,660199
19394939,238,7971,2000,,,,,VIR,660200
19401465,238,7972,2000,,,,,VIR,660310
19407991,238,7973,2000,,,,,VIR,660320
19414517,238,7974,2000,,,,,VIR,660390
19421043,238,7975,2000,,,,,VIR,670100
19427569,238,7976,2000,,,,,VIR,670210
19434095,238,7977,2000,,,,,VIR,670290
19440621,238,7978,2000,,,,,VIR,670300
19447147,238,7979,2000,,,,,VIR,670411
19453673,238,7980,2000,,,,,VIR,670419
19460199,238,7981,2000,,,,,VIR,670420
19466725,238,7982,2000,,,,,VIR,670490
19473251,238,7983,2000,,,,,VIR,680100
19479777,238,7984,2000,,,,,VIR,680210
19486303,238,7985,2000,,,,,VIR,680221
19492829,238,7986,2000,,,,,VIR,680222
19499355,238,7987,2000,,,,,VIR,680223
19505881,238,7988,2000,,,,,VIR,680229
19512407,238,7989,2000,,,,,VIR,680291
19518933,238,7990,2000,,,,,VIR,680292
19525459,238,7991,2000,,,,,VIR,680293
19531985,238,7992,2000,,,,,VIR,680299
19538511,238,7993,2000,,,,,VIR,680300
19545037,238,7994,2000,,,,,VIR,680410
19551563,238,7995,2000,,,,,VIR,680421
19558089,238,7996,2000,,,,,VIR,680422
19564615,238,7997,2000,,,,,VIR,680423
19571141,238,7998,2000,,,,,VIR,680430
19577667,238,7999,2000,,,,,VIR,680510
19584193,238,8000,2000,,,,,VIR,680520
19590719,238,8001,2000,,,,,VIR,680530
19597245,238,8002,2000,,,,,VIR,680610
19603771,238,8003,2000,,,,,VIR,680620
19610297,238,8004,2000,,,,,VIR,680690
19616823,238,8005,2000,,,,,VIR,680710
19623349,238,8006,2000,,,,,VIR,680790
19629875,238,8007,2000,,,,,VIR,680800
19636401,238,8008,2000,,,,,VIR,680911
19642927,238,8009,2000,,,,,VIR,680919
19649453,238,8010,2000,,,,,VIR,680990
19655979,238,8011,2000,,,,,VIR,681011
19662505,238,8012,2000,,,,,VIR,681019
19669031,238,8013,2000,,,,,VIR,681020
19675557,238,8014,2000,,,,,VIR,681091
19682083,238,8015,2000,,,,,VIR,681099
19688609,238,8016,2000,,,,,VIR,681110
19695135,238,8017,2000,,,,,VIR,681120
19701661,238,8018,2000,,,,,VIR,681130
19708187,238,8019,2000,,,,,VIR,681190
19714713,238,8020,2000,,,,,VIR,681210
19721239,238,8021,2000,,,,,VIR,681220
19727765,238,8022,2000,,,,,VIR,681230
19734291,238,8023,2000,,,,,VIR,681240
19740817,238,8024,2000,,,,,VIR,681250
19747343,238,8025,2000,,,,,VIR,681260
19753869,238,8026,2000,,,,,VIR,681270
19760395,238,8027,2000,,,,,VIR,681290
19766921,238,8028,2000,,,,,VIR,681310
19773447,238,8029,2000,,,,,VIR,681390
19779973,238,8030,2000,,,,,VIR,681410
19786499,238,8031,2000,,,,,VIR,681490
19793025,238,8032,2000,,,,,VIR,681510
19799551,238,8033,2000,,,,,VIR,681520
19806077,238,8034,2000,,,,,VIR,681591
19812603,238,8035,2000,,,,,VIR,681599
19819129,238,8036,2000,,,,,VIR,690100
19825655,238,8037,2000,,,,,VIR,690210
19832181,238,8038,2000,,,,,VIR,690220
19838707,238,8039,2000,,,,,VIR,690290
19845233,238,8040,2000,,,,,VIR,690310
19851759,238,8041,2000,,,,,VIR,690320
19858285,238,8042,2000,,,,,VIR,690390
19864811,238,8043,2000,,,,,VIR,690410
19871337,238,8044,2000,,,,,VIR,690490
19877863,238,8045,2000,,,,,VIR,690510
19884389,238,8046,2000,,,,,VIR,690590
19890915,238,8047,2000,,,,,VIR,690600
19897441,238,8048,2000,,,,,VIR,690710
19903967,238,8049,2000,,,,,VIR,690790
19910493,238,8050,2000,,,,,VIR,690810
19917019,238,8051,2000,,,,,VIR,690890
19923545,238,8052,2000,,,,,VIR,690911
19930071,238,8053,2000,,,,,VIR,690919
19936597,238,8054,2000,,,,,VIR,690990
19943123,238,8055,2000,,,,,VIR,691010
19949649,238,8056,2000,,,,,VIR,691090
19956175,238,8057,2000,,,,,VIR,691110
19962701,238,8058,2000,,,,,VIR,691190
19969227,238,8059,2000,,,,,VIR,691200
19975753,238,8060,2000,,,,,VIR,691310
19982279,238,8061,2000,,,,,VIR,691390
19988805,238,8062,2000,,,,,VIR,691410
19995331,238,8063,2000,,,,,VIR,691490
20001857,238,8064,2000,,,,,VIR,700100
20008383,238,8065,2000,,,,,VIR,700210
20014909,238,8066,2000,,,,,VIR,700220
20021435,238,8067,2000,,,,,VIR,700231
20027961,238,8068,2000,,,,,VIR,700232
20034487,238,8069,2000,,,,,VIR,700239
20041013,238,8070,2000,,,,,VIR,700311
20047539,238,8071,2000,,,,,VIR,700319
20054065,238,8072,2000,,,,,VIR,700320
20060591,238,8073,2000,,,,,VIR,700330
20067117,238,8074,2000,,,,,VIR,700410
20073643,238,8075,2000,,,,,VIR,700490
20080169,238,8076,2000,,,,,VIR,700510
20086695,238,8077,2000,,,,,VIR,700521
20093221,238,8078,2000,,,,,VIR,700529
20099747,238,8079,2000,,,,,VIR,700530
20106273,238,8080,2000,,,,,VIR,700600
20112799,238,8081,2000,,,,,VIR,700711
20119325,238,8082,2000,,,,,VIR,700719
20125851,238,8083,2000,,,,,VIR,700721
20132377,238,8084,2000,,,,,VIR,700729
20138903,238,8085,2000,,,,,VIR,700800
20145429,238,8086,2000,,,,,VIR,700910
20151955,238,8087,2000,,,,,VIR,700991
20158481,238,8088,2000,,,,,VIR,700992
20165007,238,8089,2000,,,,,VIR,701010
20171533,238,8090,2000,,,,,VIR,701090
20178059,238,8091,2000,,,,,VIR,701110
20184585,238,8092,2000,,,,,VIR,701120
20191111,238,8093,2000,,,,,VIR,701190
20197637,238,8094,2000,,,,,VIR,701200
20204163,238,8095,2000,,,,,VIR,701310
20210689,238,8096,2000,,,,,VIR,701321
20217215,238,8097,2000,,,,,VIR,701329
20223741,238,8098,2000,,,,,VIR,701331
20230267,238,8099,2000,,,,,VIR,701332
20236793,238,8100,2000,,,,,VIR,701339
20243319,238,8101,2000,,,,,VIR,701391
20249845,238,8102,2000,,,,,VIR,701399
20256371,238,8103,2000,,,,,VIR,701400
20262897,238,8104,2000,,,,,VIR,701510
20269423,238,8105,2000,,,,,VIR,701590
20275949,238,8106,2000,,,,,VIR,701610
20282475,238,8107,2000,,,,,VIR,701690
20289001,238,8108,2000,,,,,VIR,701710
20295527,238,8109,2000,,,,,VIR,701720
20302053,238,8110,2000,,,,,VIR,701790
20308579,238,8111,2000,,,,,VIR,701810
20315105,238,8112,2000,,,,,VIR,701820
20321631,238,8113,2000,,,,,VIR,701890
20328157,238,8114,2000,,,,,VIR,701910
20334683,238,8115,2000,,,,,VIR,701920
20341209,238,8116,2000,,,,,VIR,701931
20347735,238,8117,2000,,,,,VIR,701932
20354261,238,8118,2000,,,,,VIR,701939
20360787,238,8119,2000,,,,,VIR,701990
20367313,238,8120,2000,,,,,VIR,702000
20373839,238,8121,2000,,,,,VIR,710110
20380365,238,8122,2000,,,,,VIR,710121
20386891,238,8123,2000,,,,,VIR,710122
20393417,238,8124,2000,,,,,VIR,710210
20399943,238,8125,2000,,,,,VIR,710221
20406469,238,8126,2000,,,,,VIR,710229
20412995,238,8127,2000,,,,,VIR,710231
20419521,238,8128,2000,,,,,VIR,710239
20426047,238,8129,2000,,,,,VIR,710310
20432573,238,8130,2000,,,,,VIR,710391
20439099,238,8131,2000,,,,,VIR,710399
20445625,238,8132,2000,,,,,VIR,710410
20452151,238,8133,2000,,,,,VIR,710420
20458677,238,8134,2000,,,,,VIR,710490
20465203,238,8135,2000,,,,,VIR,710510
20471729,238,8136,2000,,,,,VIR,710590
20478255,238,8137,2000,,,,,VIR,710610
20484781,238,8138,2000,,,,,VIR,710691
20491307,238,8139,2000,,,,,VIR,710692
20497833,238,8140,2000,,,,,VIR,710700
20504359,238,8141,2000,,,,,VIR,710811
20510885,238,8142,2000,,,,,VIR,710812
20517411,238,8143,2000,,,,,VIR,710813
20523937,238,8144,2000,,,,,VIR,710900
20530463,238,8145,2000,,,,,VIR,711011
20536989,238,8146,2000,,,,,VIR,711019
20543515,238,8147,2000,,,,,VIR,711021
20550041,238,8148,2000,,,,,VIR,711029
20556567,238,8149,2000,,,,,VIR,711031
20563093,238,8150,2000,,,,,VIR,711039
20569619,238,8151,2000,,,,,VIR,711041
20576145,238,8152,2000,,,,,VIR,711049
20582671,238,8153,2000,,,,,VIR,711100
20589197,238,8154,2000,,,,,VIR,711210
20595723,238,8155,2000,,,,,VIR,711220
20602249,238,8156,2000,,,,,VIR,711290
20608775,238,8157,2000,,,,,VIR,711311
20615301,238,8158,2000,,,,,VIR,711319
20621827,238,8159,2000,,,,,VIR,711320
20628353,238,8160,2000,,,,,VIR,711411
20634879,238,8161,2000,,,,,VIR,711419
20641405,238,8162,2000,,,,,VIR,711420
20647931,238,8163,2000,,,,,VIR,711510
20654457,238,8164,2000,,,,,VIR,711590
20660983,238,8165,2000,,,,,VIR,711610
20667509,238,8166,2000,,,,,VIR,711620
20674035,238,8167,2000,,,,,VIR,711711
20680561,238,8168,2000,,,,,VIR,711719
20687087,238,8169,2000,,,,,VIR,711790
20693613,238,8170,2000,,,,,VIR,711810
20700139,238,8171,2000,,,,,VIR,720110
20706665,238,8172,2000,,,,,VIR,720120
20713191,238,8173,2000,,,,,VIR,720130
20719717,238,8174,2000,,,,,VIR,720140
20726243,238,8175,2000,,,,,VIR,720211
20732769,238,8176,2000,,,,,VIR,720219
20739295,238,8177,2000,,,,,VIR,720221
20745821,238,8178,2000,,,,,VIR,720229
20752347,238,8179,2000,,,,,VIR,720230
20758873,238,8180,2000,,,,,VIR,720241
20765399,238,8181,2000,,,,,VIR,720249
20771925,238,8182,2000,,,,,VIR,720250
20778451,238,8183,2000,,,,,VIR,720260
20784977,238,8184,2000,,,,,VIR,720270
20791503,238,8185,2000,,,,,VIR,720280
20798029,238,8186,2000,,,,,VIR,720291
20804555,238,8187,2000,,,,,VIR,720292
20811081,238,8188,2000,,,,,VIR,720293
20817607,238,8189,2000,,,,,VIR,720299
20824133,238,8190,2000,,,,,VIR,720310
20830659,238,8191,2000,,,,,VIR,720390
20837185,238,8192,2000,,,,,VIR,720410
20843711,238,8193,2000,,,,,VIR,720421
20850237,238,8194,2000,,,,,VIR,720429
20856763,238,8195,2000,,,,,VIR,720430
20863289,238,8196,2000,,,,,VIR,720441
20869815,238,8197,2000,,,,,VIR,720449
20876341,238,8198,2000,,,,,VIR,720450
20882867,238,8199,2000,,,,,VIR,720510
20889393,238,8200,2000,,,,,VIR,720521
20895919,238,8201,2000,,,,,VIR,720529
20902445,238,8202,2000,,,,,VIR,720610
20908971,238,8203,2000,,,,,VIR,720690
20915497,238,8204,2000,,,,,VIR,720711
20922023,238,8205,2000,,,,,VIR,720712
20928549,238,8206,2000,,,,,VIR,720719
20935075,238,8207,2000,,,,,VIR,720720
20941601,238,8208,2000,,,,,VIR,720811
20948127,238,8209,2000,,,,,VIR,720812
20954653,238,8210,2000,,,,,VIR,720813
20961179,238,8211,2000,,,,,VIR,720814
20967705,238,8212,2000,,,,,VIR,720821
20974231,238,8213,2000,,,,,VIR,720822
20980757,238,8214,2000,,,,,VIR,720823
20987283,238,8215,2000,,,,,VIR,720824
20993809,238,8216,2000,,,,,VIR,720831
21000335,238,8217,2000,,,,,VIR,720832
21006861,238,8218,2000,,,,,VIR,720833
21013387,238,8219,2000,,,,,VIR,720834
21019913,238,8220,2000,,,,,VIR,720835
21026439,238,8221,2000,,,,,VIR,720841
21032965,238,8222,2000,,,,,VIR,720842
21039491,238,8223,2000,,,,,VIR,720843
21046017,238,8224,2000,,,,,VIR,720844
21052543,238,8225,2000,,,,,VIR,720845
21059069,238,8226,2000,,,,,VIR,720890
21065595,238,8227,2000,,,,,VIR,720911
21072121,238,8228,2000,,,,,VIR,720912
21078647,238,8229,2000,,,,,VIR,720913
21085173,238,8230,2000,,,,,VIR,720914
21091699,238,8231,2000,,,,,VIR,720921
21098225,238,8232,2000,,,,,VIR,720922
21104751,238,8233,2000,,,,,VIR,720923
21111277,238,8234,2000,,,,,VIR,720924
21117803,238,8235,2000,,,,,VIR,720931
21124329,238,8236,2000,,,,,VIR,720932
21130855,238,8237,2000,,,,,VIR,720933
21137381,238,8238,2000,,,,,VIR,720934
21143907,238,8239,2000,,,,,VIR,720941
21150433,238,8240,2000,,,,,VIR,720942
21156959,238,8241,2000,,,,,VIR,720943
21163485,238,8242,2000,,,,,VIR,720944
21170011,238,8243,2000,,,,,VIR,720990
21176537,238,8244,2000,,,,,VIR,721011
21183063,238,8245,2000,,,,,VIR,721012
21189589,238,8246,2000,,,,,VIR,721020
21196115,238,8247,2000,,,,,VIR,721031
21202641,238,8248,2000,,,,,VIR,721039
21209167,238,8249,2000,,,,,VIR,721041
21215693,238,8250,2000,,,,,VIR,721049
21222219,238,8251,2000,,,,,VIR,721050
21228745,238,8252,2000,,,,,VIR,721060
21235271,238,8253,2000,,,,,VIR,721070
21241797,238,8254,2000,,,,,VIR,721090
21248323,238,8255,2000,,,,,VIR,721111
21254849,238,8256,2000,,,,,VIR,721112
21261375,238,8257,2000,,,,,VIR,721119
21267901,238,8258,2000,,,,,VIR,721121
21274427,238,8259,2000,,,,,VIR,721122
21280953,238,8260,2000,,,,,VIR,721129
21287479,238,8261,2000,,,,,VIR,721130
21294005,238,8262,2000,,,,,VIR,721141
21300531,238,8263,2000,,,,,VIR,721149
21307057,238,8264,2000,,,,,VIR,721190
21313583,238,8265,2000,,,,,VIR,721210
21320109,238,8266,2000,,,,,VIR,721221
21326635,238,8267,2000,,,,,VIR,721229
21333161,238,8268,2000,,,,,VIR,721230
21339687,238,8269,2000,,,,,VIR,721240
21346213,238,8270,2000,,,,,VIR,721250
21352739,238,8271,2000,,,,,VIR,721260
21359265,238,8272,2000,,,,,VIR,721310
21365791,238,8273,2000,,,,,VIR,721320
21372317,238,8274,2000,,,,,VIR,721331
21378843,238,8275,2000,,,,,VIR,721339
21385369,238,8276,2000,,,,,VIR,721341
21391895,238,8277,2000,,,,,VIR,721349
21398421,238,8278,2000,,,,,VIR,721350
21404947,238,8279,2000,,,,,VIR,721410
21411473,238,8280,2000,,,,,VIR,721420
21417999,238,8281,2000,,,,,VIR,721430
21424525,238,8282,2000,,,,,VIR,721440
21431051,238,8283,2000,,,,,VIR,721450
21437577,238,8284,2000,,,,,VIR,721460
21444103,238,8285,2000,,,,,VIR,721510
21450629,238,8286,2000,,,,,VIR,721520
21457155,238,8287,2000,,,,,VIR,721530
21463681,238,8288,2000,,,,,VIR,721540
21470207,238,8289,2000,,,,,VIR,721590
21476733,238,8290,2000,,,,,VIR,721610
21483259,238,8291,2000,,,,,VIR,721621
21489785,238,8292,2000,,,,,VIR,721622
21496311,238,8293,2000,,,,,VIR,721631
21502837,238,8294,2000,,,,,VIR,721632
21509363,238,8295,2000,,,,,VIR,721633
21515889,238,8296,2000,,,,,VIR,721640
21522415,238,8297,2000,,,,,VIR,721650
21528941,238,8298,2000,,,,,VIR,721660
21535467,238,8299,2000,,,,,VIR,721690
21541993,238,8300,2000,,,,,VIR,721711
21548519,238,8301,2000,,,,,VIR,721712
21555045,238,8302,2000,,,,,VIR,721713
21561571,238,8303,2000,,,,,VIR,721719
21568097,238,8304,2000,,,,,VIR,721721
21574623,238,8305,2000,,,,,VIR,721722
21581149,238,8306,2000,,,,,VIR,721723
21587675,238,8307,2000,,,,,VIR,721729
21594201,238,8308,2000,,,,,VIR,721731
21600727,238,8309,2000,,,,,VIR,721732
21607253,238,8310,2000,,,,,VIR,721733
21613779,238,8311,2000,,,,,VIR,721739
21620305,238,8312,2000,,,,,VIR,721810
21626831,238,8313,2000,,,,,VIR,721890
21633357,238,8314,2000,,,,,VIR,721911
21639883,238,8315,2000,,,,,VIR,721912
21646409,238,8316,2000,,,,,VIR,721913
21652935,238,8317,2000,,,,,VIR,721914
21659461,238,8318,2000,,,,,VIR,721921
21665987,238,8319,2000,,,,,VIR,721922
21672513,238,8320,2000,,,,,VIR,721923
21679039,238,8321,2000,,,,,VIR,721924
21685565,238,8322,2000,,,,,VIR,721931
21692091,238,8323,2000,,,,,VIR,721932
21698617,238,8324,2000,,,,,VIR,721933
21705143,238,8325,2000,,,,,VIR,721934
21711669,238,8326,2000,,,,,VIR,721935
21718195,238,8327,2000,,,,,VIR,721990
21724721,238,8328,2000,,,,,VIR,722011
21731247,238,8329,2000,,,,,VIR,722012
21737773,238,8330,2000,,,,,VIR,722020
21744299,238,8331,2000,,,,,VIR,722090
21750825,238,8332,2000,,,,,VIR,722100
21757351,238,8333,2000,,,,,VIR,722210
21763877,238,8334,2000,,,,,VIR,722220
21770403,238,8335,2000,,,,,VIR,722230
21776929,238,8336,2000,,,,,VIR,722240
21783455,238,8337,2000,,,,,VIR,722300
21789981,238,8338,2000,,,,,VIR,722410
21796507,238,8339,2000,,,,,VIR,722490
21803033,238,8340,2000,,,,,VIR,722510
21809559,238,8341,2000,,,,,VIR,722520
21816085,238,8342,2000,,,,,VIR,722530
21822611,238,8343,2000,,,,,VIR,722540
21829137,238,8344,2000,,,,,VIR,722550
21835663,238,8345,2000,,,,,VIR,722590
21842189,238,8346,2000,,,,,VIR,722610
21848715,238,8347,2000,,,,,VIR,722620
21855241,238,8348,2000,,,,,VIR,722691
21861767,238,8349,2000,,,,,VIR,722692
21868293,238,8350,2000,,,,,VIR,722699
21874819,238,8351,2000,,,,,VIR,722710
21881345,238,8352,2000,,,,,VIR,722720
21887871,238,8353,2000,,,,,VIR,722790
21894397,238,8354,2000,,,,,VIR,722810
21900923,238,8355,2000,,,,,VIR,722820
21907449,238,8356,2000,,,,,VIR,722830
21913975,238,8357,2000,,,,,VIR,722840
21920501,238,8358,2000,,,,,VIR,722850
21927027,238,8359,2000,,,,,VIR,722860
21933553,238,8360,2000,,,,,VIR,722870
21940079,238,8361,2000,,,,,VIR,722880
21946605,238,8362,2000,,,,,VIR,722910
21953131,238,8363,2000,,,,,VIR,722920
21959657,238,8364,2000,,,,,VIR,722990
21966183,238,8365,2000,,,,,VIR,730110
21972709,238,8366,2000,,,,,VIR,730120
21979235,238,8367,2000,,,,,VIR,730210
21985761,238,8368,2000,,,,,VIR,730220
21992287,238,8369,2000,,,,,VIR,730230
21998813,238,8370,2000,,,,,VIR,730240
22005339,238,8371,2000,,,,,VIR,730290
22011865,238,8372,2000,,,,,VIR,730300
22018391,238,8373,2000,,,,,VIR,730410
22024917,238,8374,2000,,,,,VIR,730420
22031443,238,8375,2000,,,,,VIR,730431
22037969,238,8376,2000,,,,,VIR,730439
22044495,238,8377,2000,,,,,VIR,730441
22051021,238,8378,2000,,,,,VIR,730449
22057547,238,8379,2000,,,,,VIR,730451
22064073,238,8380,2000,,,,,VIR,730459
22070599,238,8381,2000,,,,,VIR,730490
22077125,238,8382,2000,,,,,VIR,730511
22083651,238,8383,2000,,,,,VIR,730512
22090177,238,8384,2000,,,,,VIR,730519
22096703,238,8385,2000,,,,,VIR,730520
22103229,238,8386,2000,,,,,VIR,730531
22109755,238,8387,2000,,,,,VIR,730539
22116281,238,8388,2000,,,,,VIR,730590
22122807,238,8389,2000,,,,,VIR,730610
22129333,238,8390,2000,,,,,VIR,730620
22135859,238,8391,2000,,,,,VIR,730630
22142385,238,8392,2000,,,,,VIR,730640
22148911,238,8393,2000,,,,,VIR,730650
22155437,238,8394,2000,,,,,VIR,730660
22161963,238,8395,2000,,,,,VIR,730690
22168489,238,8396,2000,,,,,VIR,730711
22175015,238,8397,2000,,,,,VIR,730719
22181541,238,8398,2000,,,,,VIR,730721
22188067,238,8399,2000,,,,,VIR,730722
22194593,238,8400,2000,,,,,VIR,730723
22201119,238,8401,2000,,,,,VIR,730729
22207645,238,8402,2000,,,,,VIR,730791
22214171,238,8403,2000,,,,,VIR,730792
22220697,238,8404,2000,,,,,VIR,730793
22227223,238,8405,2000,,,,,VIR,730799
22233749,238,8406,2000,,,,,VIR,730810
22240275,238,8407,2000,,,,,VIR,730820
22246801,238,8408,2000,,,,,VIR,730830
22253327,238,8409,2000,,,,,VIR,730840
22259853,238,8410,2000,,,,,VIR,730890
22266379,238,8411,2000,,,,,VIR,730900
22272905,238,8412,2000,,,,,VIR,731010
22279431,238,8413,2000,,,,,VIR,731021
22285957,238,8414,2000,,,,,VIR,731029
22292483,238,8415,2000,,,,,VIR,731100
22299009,238,8416,2000,,,,,VIR,731210
22305535,238,8417,2000,,,,,VIR,731290
22312061,238,8418,2000,,,,,VIR,731300
22318587,238,8419,2000,,,,,VIR,731411
22325113,238,8420,2000,,,,,VIR,731419
22331639,238,8421,2000,,,,,VIR,731420
22338165,238,8422,2000,,,,,VIR,731430
22344691,238,8423,2000,,,,,VIR,731441
22351217,238,8424,2000,,,,,VIR,731442
22357743,238,8425,2000,,,,,VIR,731449
22364269,238,8426,2000,,,,,VIR,731450
22370795,238,8427,2000,,,,,VIR,731511
22377321,238,8428,2000,,,,,VIR,731512
22383847,238,8429,2000,,,,,VIR,731519
22390373,238,8430,2000,,,,,VIR,731520
22396899,238,8431,2000,,,,,VIR,731581
22403425,238,8432,2000,,,,,VIR,731582
22409951,238,8433,2000,,,,,VIR,731589
22416477,238,8434,2000,,,,,VIR,731590
22423003,238,8435,2000,,,,,VIR,731600
22429529,238,8436,2000,,,,,VIR,731700
22436055,238,8437,2000,,,,,VIR,731811
22442581,238,8438,2000,,,,,VIR,731812
22449107,238,8439,2000,,,,,VIR,731813
22455633,238,8440,2000,,,,,VIR,731814
22462159,238,8441,2000,,,,,VIR,731815
22468685,238,8442,2000,,,,,VIR,731816
22475211,238,8443,2000,,,,,VIR,731819
22481737,238,8444,2000,,,,,VIR,731821
22488263,238,8445,2000,,,,,VIR,731822
22494789,238,8446,2000,,,,,VIR,731823
22501315,238,8447,2000,,,,,VIR,731824
22507841,238,8448,2000,,,,,VIR,731829
22514367,238,8449,2000,,,,,VIR,731910
22520893,238,8450,2000,,,,,VIR,731920
22527419,238,8451,2000,,,,,VIR,731930
22533945,238,8452,2000,,,,,VIR,731990
22540471,238,8453,2000,,,,,VIR,732010
22546997,238,8454,2000,,,,,VIR,732020
22553523,238,8455,2000,,,,,VIR,732090
22560049,238,8456,2000,,,,,VIR,732111
22566575,238,8457,2000,,,,,VIR,732112
22573101,238,8458,2000,,,,,VIR,732113
22579627,238,8459,2000,,,,,VIR,732181
22586153,238,8460,2000,,,,,VIR,732182
22592679,238,8461,2000,,,,,VIR,732183
22599205,238,8462,2000,,,,,VIR,732190
22605731,238,8463,2000,,,,,VIR,732211
22612257,238,8464,2000,,,,,VIR,732219
22618783,238,8465,2000,,,,,VIR,732290
22625309,238,8466,2000,,,,,VIR,732310
22631835,238,8467,2000,,,,,VIR,732391
22638361,238,8468,2000,,,,,VIR,732392
22644887,238,8469,2000,,,,,VIR,732393
22651413,238,8470,2000,,,,,VIR,732394
22657939,238,8471,2000,,,,,VIR,732399
22664465,238,8472,2000,,,,,VIR,732410
22670991,238,8473,2000,,,,,VIR,732421
22677517,238,8474,2000,,,,,VIR,732429
22684043,238,8475,2000,,,,,VIR,732490
22690569,238,8476,2000,,,,,VIR,732510
22697095,238,8477,2000,,,,,VIR,732591
22703621,238,8478,2000,,,,,VIR,732599
22710147,238,8479,2000,,,,,VIR,732611
22716673,238,8480,2000,,,,,VIR,732619
22723199,238,8481,2000,,,,,VIR,732620
22729725,238,8482,2000,,,,,VIR,732690
22736251,238,8483,2000,,,,,VIR,740110
22742777,238,8484,2000,,,,,VIR,740120
22749303,238,8485,2000,,,,,VIR,740200
22755829,238,8486,2000,,,,,VIR,740311
22762355,238,8487,2000,,,,,VIR,740312
22768881,238,8488,2000,,,,,VIR,740313
22775407,238,8489,2000,,,,,VIR,740319
22781933,238,8490,2000,,,,,VIR,740321
22788459,238,8491,2000,,,,,VIR,740322
22794985,238,8492,2000,,,,,VIR,740323
22801511,238,8493,2000,,,,,VIR,740329
22808037,238,8494,2000,,,,,VIR,740400
22814563,238,8495,2000,,,,,VIR,740500
22821089,238,8496,2000,,,,,VIR,740610
22827615,238,8497,2000,,,,,VIR,740620
22834141,238,8498,2000,,,,,VIR,740710
22840667,238,8499,2000,,,,,VIR,740721
22847193,238,8500,2000,,,,,VIR,740722
22853719,238,8501,2000,,,,,VIR,740729
22860245,238,8502,2000,,,,,VIR,740811
22866771,238,8503,2000,,,,,VIR,740819
22873297,238,8504,2000,,,,,VIR,740821
22879823,238,8505,2000,,,,,VIR,740822
22886349,238,8506,2000,,,,,VIR,740829
22892875,238,8507,2000,,,,,VIR,740911
22899401,238,8508,2000,,,,,VIR,740919
22905927,238,8509,2000,,,,,VIR,740921
22912453,238,8510,2000,,,,,VIR,740929
22918979,238,8511,2000,,,,,VIR,740931
22925505,238,8512,2000,,,,,VIR,740939
22932031,238,8513,2000,,,,,VIR,740940
22938557,238,8514,2000,,,,,VIR,740990
22945083,238,8515,2000,,,,,VIR,741011
22951609,238,8516,2000,,,,,VIR,741012
22958135,238,8517,2000,,,,,VIR,741021
22964661,238,8518,2000,,,,,VIR,741022
22971187,238,8519,2000,,,,,VIR,741110
22977713,238,8520,2000,,,,,VIR,741121
22984239,238,8521,2000,,,,,VIR,741122
22990765,238,8522,2000,,,,,VIR,741129
22997291,238,8523,2000,,,,,VIR,741210
23003817,238,8524,2000,,,,,VIR,741220
23010343,238,8525,2000,,,,,VIR,741300
23016869,238,8526,2000,,,,,VIR,741410
23023395,238,8527,2000,,,,,VIR,741490
23029921,238,8528,2000,,,,,VIR,741510
23036447,238,8529,2000,,,,,VIR,741521
23042973,238,8530,2000,,,,,VIR,741529
23049499,238,8531,2000,,,,,VIR,741531
23056025,238,8532,2000,,,,,VIR,741532
23062551,238,8533,2000,,,,,VIR,741539
23069077,238,8534,2000,,,,,VIR,741600
23075603,238,8535,2000,,,,,VIR,741700
23082129,238,8536,2000,,,,,VIR,741810
23088655,238,8537,2000,,,,,VIR,741820
23095181,238,8538,2000,,,,,VIR,741910
23101707,238,8539,2000,,,,,VIR,741991
23108233,238,8540,2000,,,,,VIR,741999
23114759,238,8541,2000,,,,,VIR,750110
23121285,238,8542,2000,,,,,VIR,750120
23127811,238,8543,2000,,,,,VIR,750210
23134337,238,8544,2000,,,,,VIR,750220
23140863,238,8545,2000,,,,,VIR,750300
23147389,238,8546,2000,,,,,VIR,750400
23153915,238,8547,2000,,,,,VIR,750511
23160441,238,8548,2000,,,,,VIR,750512
23166967,238,8549,2000,,,,,VIR,750521
23173493,238,8550,2000,,,,,VIR,750522
23180019,238,8551,2000,,,,,VIR,750610
23186545,238,8552,2000,,,,,VIR,750620
23193071,238,8553,2000,,,,,VIR,750711
23199597,238,8554,2000,,,,,VIR,750712
23206123,238,8555,2000,,,,,VIR,750720
23212649,238,8556,2000,,,,,VIR,750800
23219175,238,8557,2000,,,,,VIR,760110
23225701,238,8558,2000,,,,,VIR,760120
23232227,238,8559,2000,,,,,VIR,760200
23238753,238,8560,2000,,,,,VIR,760310
23245279,238,8561,2000,,,,,VIR,760320
23251805,238,8562,2000,,,,,VIR,760410
23258331,238,8563,2000,,,,,VIR,760421
23264857,238,8564,2000,,,,,VIR,760429
23271383,238,8565,2000,,,,,VIR,760511
23277909,238,8566,2000,,,,,VIR,760519
23284435,238,8567,2000,,,,,VIR,760521
23290961,238,8568,2000,,,,,VIR,760529
23297487,238,8569,2000,,,,,VIR,760611
23304013,238,8570,2000,,,,,VIR,760612
23310539,238,8571,2000,,,,,VIR,760691
23317065,238,8572,2000,,,,,VIR,760692
23323591,238,8573,2000,,,,,VIR,760711
23330117,238,8574,2000,,,,,VIR,760719
23336643,238,8575,2000,,,,,VIR,760720
23343169,238,8576,2000,,,,,VIR,760810
23349695,238,8577,2000,,,,,VIR,760820
23356221,238,8578,2000,,,,,VIR,760900
23362747,238,8579,2000,,,,,VIR,761010
23369273,238,8580,2000,,,,,VIR,761090
23375799,238,8581,2000,,,,,VIR,761100
23382325,238,8582,2000,,,,,VIR,761210
23388851,238,8583,2000,,,,,VIR,761290
23395377,238,8584,2000,,,,,VIR,761300
23401903,238,8585,2000,,,,,VIR,761410
23408429,238,8586,2000,,,,,VIR,761490
23414955,238,8587,2000,,,,,VIR,761510
23421481,238,8588,2000,,,,,VIR,761520
23428007,238,8589,2000,,,,,VIR,761610
23434533,238,8590,2000,,,,,VIR,761690
23441059,238,8591,2000,,,,,VIR,780110
23447585,238,8592,2000,,,,,VIR,780191
23454111,238,8593,2000,,,,,VIR,780199
23460637,238,8594,2000,,,,,VIR,780200
23467163,238,8595,2000,,,,,VIR,780300
23473689,238,8596,2000,,,,,VIR,780411
23480215,238,8597,2000,,,,,VIR,780419
23486741,238,8598,2000,,,,,VIR,780420
23493267,238,8599,2000,,,,,VIR,780500
23499793,238,8600,2000,,,,,VIR,780600
23506319,238,8601,2000,,,,,VIR,790111
23512845,238,8602,2000,,,,,VIR,790112
23519371,238,8603,2000,,,,,VIR,790120
23525897,238,8604,2000,,,,,VIR,790200
23532423,238,8605,2000,,,,,VIR,790310
23538949,238,8606,2000,,,,,VIR,790390
23545475,238,8607,2000,,,,,VIR,790400
23552001,238,8608,2000,,,,,VIR,790500
23558527,238,8609,2000,,,,,VIR,790600
23565053,238,8610,2000,,,,,VIR,790710
23571579,238,8611,2000,,,,,VIR,790790
23578105,238,8612,2000,,,,,VIR,800110
23584631,238,8613,2000,,,,,VIR,800120
23591157,238,8614,2000,,,,,VIR,800200
23597683,238,8615,2000,,,,,VIR,800300
23604209,238,8616,2000,,,,,VIR,800400
23610735,238,8617,2000,,,,,VIR,800510
23617261,238,8618,2000,,,,,VIR,800520
23623787,238,8619,2000,,,,,VIR,800600
23630313,238,8620,2000,,,,,VIR,800700
23636839,238,8621,2000,,,,,VIR,810110
23643365,238,8622,2000,,,,,VIR,810191
23649891,238,8623,2000,,,,,VIR,810192
23656417,238,8624,2000,,,,,VIR,810193
23662943,238,8625,2000,,,,,VIR,810199
23669469,238,8626,2000,,,,,VIR,810210
23675995,238,8627,2000,,,,,VIR,810291
23682521,238,8628,2000,,,,,VIR,810292
23689047,238,8629,2000,,,,,VIR,810293
23695573,238,8630,2000,,,,,VIR,810299
23702099,238,8631,2000,,,,,VIR,810310
23708625,238,8632,2000,,,,,VIR,810390
23715151,238,8633,2000,,,,,VIR,810411
23721677,238,8634,2000,,,,,VIR,810419
23728203,238,8635,2000,,,,,VIR,810420
23734729,238,8636,2000,,,,,VIR,810430
23741255,238,8637,2000,,,,,VIR,810490
23747781,238,8638,2000,,,,,VIR,810510
23754307,238,8639,2000,,,,,VIR,810590
23760833,238,8640,2000,,,,,VIR,810600
23767359,238,8641,2000,,,,,VIR,810710
23773885,238,8642,2000,,,,,VIR,810790
23780411,238,8643,2000,,,,,VIR,810810
23786937,238,8644,2000,,,,,VIR,810890
23793463,238,8645,2000,,,,,VIR,810910
23799989,238,8646,2000,,,,,VIR,810990
23806515,238,8647,2000,,,,,VIR,811000
23813041,238,8648,2000,,,,,VIR,811100
23819567,238,8649,2000,,,,,VIR,811211
23826093,238,8650,2000,,,,,VIR,811219
23832619,238,8651,2000,,,,,VIR,811220
23839145,238,8652,2000,,,,,VIR,811230
23845671,238,8653,2000,,,,,VIR,811240
23852197,238,8654,2000,,,,,VIR,811291
23858723,238,8655,2000,,,,,VIR,811299
23865249,238,8656,2000,,,,,VIR,811300
23871775,238,8657,2000,,,,,VIR,820110
23878301,238,8658,2000,,,,,VIR,820120
23884827,238,8659,2000,,,,,VIR,820130
23891353,238,8660,2000,,,,,VIR,820140
23897879,238,8661,2000,,,,,VIR,820150
23904405,238,8662,2000,,,,,VIR,820160
23910931,238,8663,2000,,,,,VIR,820190
23917457,238,8664,2000,,,,,VIR,820210
23923983,238,8665,2000,,,,,VIR,820220
23930509,238,8666,2000,,,,,VIR,820231
23937035,238,8667,2000,,,,,VIR,820232
23943561,238,8668,2000,,,,,VIR,820240
23950087,238,8669,2000,,,,,VIR,820291
23956613,238,8670,2000,,,,,VIR,820299
23963139,238,8671,2000,,,,,VIR,820310
23969665,238,8672,2000,,,,,VIR,820320
23976191,238,8673,2000,,,,,VIR,820330
23982717,238,8674,2000,,,,,VIR,820340
23989243,238,8675,2000,,,,,VIR,820411
23995769,238,8676,2000,,,,,VIR,820412
24002295,238,8677,2000,,,,,VIR,820420
24008821,238,8678,2000,,,,,VIR,820510
24015347,238,8679,2000,,,,,VIR,820520
24021873,238,8680,2000,,,,,VIR,820530
24028399,238,8681,2000,,,,,VIR,820540
24034925,238,8682,2000,,,,,VIR,820551
24041451,238,8683,2000,,,,,VIR,820559
24047977,238,8684,2000,,,,,VIR,820560
24054503,238,8685,2000,,,,,VIR,820570
24061029,238,8686,2000,,,,,VIR,820580
24067555,238,8687,2000,,,,,VIR,820590
24074081,238,8688,2000,,,,,VIR,820600
24080607,238,8689,2000,,,,,VIR,820711
24087133,238,8690,2000,,,,,VIR,820712
24093659,238,8691,2000,,,,,VIR,820720
24100185,238,8692,2000,,,,,VIR,820730
24106711,238,8693,2000,,,,,VIR,820740
24113237,238,8694,2000,,,,,VIR,820750
24119763,238,8695,2000,,,,,VIR,820760
24126289,238,8696,2000,,,,,VIR,820770
24132815,238,8697,2000,,,,,VIR,820780
24139341,238,8698,2000,,,,,VIR,820790
24145867,238,8699,2000,,,,,VIR,820810
24152393,238,8700,2000,,,,,VIR,820820
24158919,238,8701,2000,,,,,VIR,820830
24165445,238,8702,2000,,,,,VIR,820840
24171971,238,8703,2000,,,,,VIR,820890
24178497,238,8704,2000,,,,,VIR,820900
24185023,238,8705,2000,,,,,VIR,821000
24191549,238,8706,2000,,,,,VIR,821110
24198075,238,8707,2000,,,,,VIR,821191
24204601,238,8708,2000,,,,,VIR,821192
24211127,238,8709,2000,,,,,VIR,821193
24217653,238,8710,2000,,,,,VIR,821194
24224179,238,8711,2000,,,,,VIR,821210
24230705,238,8712,2000,,,,,VIR,821220
24237231,238,8713,2000,,,,,VIR,821290
24243757,238,8714,2000,,,,,VIR,821300
24250283,238,8715,2000,,,,,VIR,821410
24256809,238,8716,2000,,,,,VIR,821420
24263335,238,8717,2000,,,,,VIR,821490
24269861,238,8718,2000,,,,,VIR,821510
24276387,238,8719,2000,,,,,VIR,821520
24282913,238,8720,2000,,,,,VIR,821591
24289439,238,8721,2000,,,,,VIR,821599
24295965,238,8722,2000,,,,,VIR,830110
24302491,238,8723,2000,,,,,VIR,830120
24309017,238,8724,2000,,,,,VIR,830130
24315543,238,8725,2000,,,,,VIR,830140
24322069,238,8726,2000,,,,,VIR,830150
24328595,238,8727,2000,,,,,VIR,830160
24335121,238,8728,2000,,,,,VIR,830170
24341647,238,8729,2000,,,,,VIR,830210
24348173,238,8730,2000,,,,,VIR,830220
24354699,238,8731,2000,,,,,VIR,830230
24361225,238,8732,2000,,,,,VIR,830241
24367751,238,8733,2000,,,,,VIR,830242
24374277,238,8734,2000,,,,,VIR,830249
24380803,238,8735,2000,,,,,VIR,830250
24387329,238,8736,2000,,,,,VIR,830260
24393855,238,8737,2000,,,,,VIR,830300
24400381,238,8738,2000,,,,,VIR,830400
24406907,238,8739,2000,,,,,VIR,830510
24413433,238,8740,2000,,,,,VIR,830520
24419959,238,8741,2000,,,,,VIR,830590
24426485,238,8742,2000,,,,,VIR,830610
24433011,238,8743,2000,,,,,VIR,830621
24439537,238,8744,2000,,,,,VIR,830629
24446063,238,8745,2000,,,,,VIR,830630
24452589,238,8746,2000,,,,,VIR,830710
24459115,238,8747,2000,,,,,VIR,830790
24465641,238,8748,2000,,,,,VIR,830810
24472167,238,8749,2000,,,,,VIR,830820
24478693,238,8750,2000,,,,,VIR,830890
24485219,238,8751,2000,,,,,VIR,830910
24491745,238,8752,2000,,,,,VIR,830990
24498271,238,8753,2000,,,,,VIR,831000
24504797,238,8754,2000,,,,,VIR,831110
24511323,238,8755,2000,,,,,VIR,831120
24517849,238,8756,2000,,,,,VIR,831130
24524375,238,8757,2000,,,,,VIR,831190
24530901,238,8758,2000,,,,,VIR,840110
24537427,238,8759,2000,,,,,VIR,840120
24543953,238,8760,2000,,,,,VIR,840130
24550479,238,8761,2000,,,,,VIR,840140
24557005,238,8762,2000,,,,,VIR,840211
24563531,238,8763,2000,,,,,VIR,840212
24570057,238,8764,2000,,,,,VIR,840219
24576583,238,8765,2000,,,,,VIR,840220
24583109,238,8766,2000,,,,,VIR,840290
24589635,238,8767,2000,,,,,VIR,840310
24596161,238,8768,2000,,,,,VIR,840390
24602687,238,8769,2000,,,,,VIR,840410
24609213,238,8770,2000,,,,,VIR,840420
24615739,238,8771,2000,,,,,VIR,840490
24622265,238,8772,2000,,,,,VIR,840510
24628791,238,8773,2000,,,,,VIR,840590
24635317,238,8774,2000,,,,,VIR,840611
24641843,238,8775,2000,,,,,VIR,840619
24648369,238,8776,2000,,,,,VIR,840690
24654895,238,8777,2000,,,,,VIR,840710
24661421,238,8778,2000,,,,,VIR,840721
24667947,238,8779,2000,,,,,VIR,840729
24674473,238,8780,2000,,,,,VIR,840731
24680999,238,8781,2000,,,,,VIR,840732
24687525,238,8782,2000,,,,,VIR,840733
24694051,238,8783,2000,,,,,VIR,840734
24700577,238,8784,2000,,,,,VIR,840790
24707103,238,8785,2000,,,,,VIR,840810
24713629,238,8786,2000,,,,,VIR,840820
24720155,238,8787,2000,,,,,VIR,840890
24726681,238,8788,2000,,,,,VIR,840910
24733207,238,8789,2000,,,,,VIR,840991
24739733,238,8790,2000,,,,,VIR,840999
24746259,238,8791,2000,,,,,VIR,841011
24752785,238,8792,2000,,,,,VIR,841012
24759311,238,8793,2000,,,,,VIR,841013
24765837,238,8794,2000,,,,,VIR,841090
24772363,238,8795,2000,,,,,VIR,841111
24778889,238,8796,2000,,,,,VIR,841112
24785415,238,8797,2000,,,,,VIR,841121
24791941,238,8798,2000,,,,,VIR,841122
24798467,238,8799,2000,,,,,VIR,841181
24804993,238,8800,2000,,,,,VIR,841182
24811519,238,8801,2000,,,,,VIR,841191
24818045,238,8802,2000,,,,,VIR,841199
24824571,238,8803,2000,,,,,VIR,841210
24831097,238,8804,2000,,,,,VIR,841221
24837623,238,8805,2000,,,,,VIR,841229
24844149,238,8806,2000,,,,,VIR,841231
24850675,238,8807,2000,,,,,VIR,841239
24857201,238,8808,2000,,,,,VIR,841280
24863727,238,8809,2000,,,,,VIR,841290
24870253,238,8810,2000,,,,,VIR,841311
24876779,238,8811,2000,,,,,VIR,841319
24883305,238,8812,2000,,,,,VIR,841320
24889831,238,8813,2000,,,,,VIR,841330
24896357,238,8814,2000,,,,,VIR,841340
24902883,238,8815,2000,,,,,VIR,841350
24909409,238,8816,2000,,,,,VIR,841360
24915935,238,8817,2000,,,,,VIR,841370
24922461,238,8818,2000,,,,,VIR,841381
24928987,238,8819,2000,,,,,VIR,841382
24935513,238,8820,2000,,,,,VIR,841391
24942039,238,8821,2000,,,,,VIR,841392
24948565,238,8822,2000,,,,,VIR,841410
24955091,238,8823,2000,,,,,VIR,841420
24961617,238,8824,2000,,,,,VIR,841430
24968143,238,8825,2000,,,,,VIR,841440
24974669,238,8826,2000,,,,,VIR,841451
24981195,238,8827,2000,,,,,VIR,841459
24987721,238,8828,2000,,,,,VIR,841460
24994247,238,8829,2000,,,,,VIR,841480
25000773,238,8830,2000,,,,,VIR,841490
25007299,238,8831,2000,,,,,VIR,841510
25013825,238,8832,2000,,,,,VIR,841581
25020351,238,8833,2000,,,,,VIR,841582
25026877,238,8834,2000,,,,,VIR,841583
25033403,238,8835,2000,,,,,VIR,841590
25039929,238,8836,2000,,,,,VIR,841610
25046455,238,8837,2000,,,,,VIR,841620
25052981,238,8838,2000,,,,,VIR,841630
25059507,238,8839,2000,,,,,VIR,841690
25066033,238,8840,2000,,,,,VIR,841710
25072559,238,8841,2000,,,,,VIR,841720
25079085,238,8842,2000,,,,,VIR,841780
25085611,238,8843,2000,,,,,VIR,841790
25092137,238,8844,2000,,,,,VIR,841810
25098663,238,8845,2000,,,,,VIR,841821
25105189,238,8846,2000,,,,,VIR,841822
25111715,238,8847,2000,,,,,VIR,841829
25118241,238,8848,2000,,,,,VIR,841830
25124767,238,8849,2000,,,,,VIR,841840
25131293,238,8850,2000,,,,,VIR,841850
25137819,238,8851,2000,,,,,VIR,841861
25144345,238,8852,2000,,,,,VIR,841869
25150871,238,8853,2000,,,,,VIR,841891
25157397,238,8854,2000,,,,,VIR,841899
25163923,238,8855,2000,,,,,VIR,841911
25170449,238,8856,2000,,,,,VIR,841919
25176975,238,8857,2000,,,,,VIR,841920
25183501,238,8858,2000,,,,,VIR,841931
25190027,238,8859,2000,,,,,VIR,841932
25196553,238,8860,2000,,,,,VIR,841939
25203079,238,8861,2000,,,,,VIR,841940
25209605,238,8862,2000,,,,,VIR,841950
25216131,238,8863,2000,,,,,VIR,841960
25222657,238,8864,2000,,,,,VIR,841981
25229183,238,8865,2000,,,,,VIR,841989
25235709,238,8866,2000,,,,,VIR,841990
25242235,238,8867,2000,,,,,VIR,842010
25248761,238,8868,2000,,,,,VIR,842091
25255287,238,8869,2000,,,,,VIR,842099
25261813,238,8870,2000,,,,,VIR,842111
25268339,238,8871,2000,,,,,VIR,842112
25274865,238,8872,2000,,,,,VIR,842119
25281391,238,8873,2000,,,,,VIR,842121
25287917,238,8874,2000,,,,,VIR,842122
25294443,238,8875,2000,,,,,VIR,842123
25300969,238,8876,2000,,,,,VIR,842129
25307495,238,8877,2000,,,,,VIR,842131
25314021,238,8878,2000,,,,,VIR,842139
25320547,238,8879,2000,,,,,VIR,842191
25327073,238,8880,2000,,,,,VIR,842199
25333599,238,8881,2000,,,,,VIR,842211
25340125,238,8882,2000,,,,,VIR,842219
25346651,238,8883,2000,,,,,VIR,842220
25353177,238,8884,2000,,,,,VIR,842230
25359703,238,8885,2000,,,,,VIR,842240
25366229,238,8886,2000,,,,,VIR,842290
25372755,238,8887,2000,,,,,VIR,842310
25379281,238,8888,2000,,,,,VIR,842320
25385807,238,8889,2000,,,,,VIR,842330
25392333,238,8890,2000,,,,,VIR,842381
25398859,238,8891,2000,,,,,VIR,842382
25405385,238,8892,2000,,,,,VIR,842389
25411911,238,8893,2000,,,,,VIR,842390
25418437,238,8894,2000,,,,,VIR,842410
25424963,238,8895,2000,,,,,VIR,842420
25431489,238,8896,2000,,,,,VIR,842430
25438015,238,8897,2000,,,,,VIR,842481
25444541,238,8898,2000,,,,,VIR,842489
25451067,238,8899,2000,,,,,VIR,842490
25457593,238,8900,2000,,,,,VIR,842511
25464119,238,8901,2000,,,,,VIR,842519
25470645,238,8902,2000,,,,,VIR,842520
25477171,238,8903,2000,,,,,VIR,842531
25483697,238,8904,2000,,,,,VIR,842539
25490223,238,8905,2000,,,,,VIR,842541
25496749,238,8906,2000,,,,,VIR,842542
25503275,238,8907,2000,,,,,VIR,842549
25509801,238,8908,2000,,,,,VIR,842611
25516327,238,8909,2000,,,,,VIR,842612
25522853,238,8910,2000,,,,,VIR,842619
25529379,238,8911,2000,,,,,VIR,842620
25535905,238,8912,2000,,,,,VIR,842630
25542431,238,8913,2000,,,,,VIR,842641
25548957,238,8914,2000,,,,,VIR,842649
25555483,238,8915,2000,,,,,VIR,842691
25562009,238,8916,2000,,,,,VIR,842699
25568535,238,8917,2000,,,,,VIR,842710
25575061,238,8918,2000,,,,,VIR,842720
25581587,238,8919,2000,,,,,VIR,842790
25588113,238,8920,2000,,,,,VIR,842810
25594639,238,8921,2000,,,,,VIR,842820
25601165,238,8922,2000,,,,,VIR,842831
25607691,238,8923,2000,,,,,VIR,842832
25614217,238,8924,2000,,,,,VIR,842833
25620743,238,8925,2000,,,,,VIR,842839
25627269,238,8926,2000,,,,,VIR,842840
25633795,238,8927,2000,,,,,VIR,842850
25640321,238,8928,2000,,,,,VIR,842860
25646847,238,8929,2000,,,,,VIR,842890
25653373,238,8930,2000,,,,,VIR,842911
25659899,238,8931,2000,,,,,VIR,842919
25666425,238,8932,2000,,,,,VIR,842920
25672951,238,8933,2000,,,,,VIR,842930
25679477,238,8934,2000,,,,,VIR,842940
25686003,238,8935,2000,,,,,VIR,842951
25692529,238,8936,2000,,,,,VIR,842952
25699055,238,8937,2000,,,,,VIR,842959
25705581,238,8938,2000,,,,,VIR,843010
25712107,238,8939,2000,,,,,VIR,843020
25718633,238,8940,2000,,,,,VIR,843031
25725159,238,8941,2000,,,,,VIR,843039
25731685,238,8942,2000,,,,,VIR,843041
25738211,238,8943,2000,,,,,VIR,843049
25744737,238,8944,2000,,,,,VIR,843050
25751263,238,8945,2000,,,,,VIR,843061
25757789,238,8946,2000,,,,,VIR,843062
25764315,238,8947,2000,,,,,VIR,843069
25770841,238,8948,2000,,,,,VIR,843110
25777367,238,8949,2000,,,,,VIR,843120
25783893,238,8950,2000,,,,,VIR,843131
25790419,238,8951,2000,,,,,VIR,843139
25796945,238,8952,2000,,,,,VIR,843141
25803471,238,8953,2000,,,,,VIR,843142
25809997,238,8954,2000,,,,,VIR,843143
25816523,238,8955,2000,,,,,VIR,843149
25823049,238,8956,2000,,,,,VIR,843210
25829575,238,8957,2000,,,,,VIR,843221
25836101,238,8958,2000,,,,,VIR,843229
25842627,238,8959,2000,,,,,VIR,843230
25849153,238,8960,2000,,,,,VIR,843240
25855679,238,8961,2000,,,,,VIR,843280
25862205,238,8962,2000,,,,,VIR,843290
25868731,238,8963,2000,,,,,VIR,843311
25875257,238,8964,2000,,,,,VIR,843319
25881783,238,8965,2000,,,,,VIR,843320
25888309,238,8966,2000,,,,,VIR,843330
25894835,238,8967,2000,,,,,VIR,843340
25901361,238,8968,2000,,,,,VIR,843351
25907887,238,8969,2000,,,,,VIR,843352
25914413,238,8970,2000,,,,,VIR,843353
25920939,238,8971,2000,,,,,VIR,843359
25927465,238,8972,2000,,,,,VIR,843360
25933991,238,8973,2000,,,,,VIR,843390
25940517,238,8974,2000,,,,,VIR,843410
25947043,238,8975,2000,,,,,VIR,843420
25953569,238,8976,2000,,,,,VIR,843490
25960095,238,8977,2000,,,,,VIR,843510
25966621,238,8978,2000,,,,,VIR,843590
25973147,238,8979,2000,,,,,VIR,843610
25979673,238,8980,2000,,,,,VIR,843621
25986199,238,8981,2000,,,,,VIR,843629
25992725,238,8982,2000,,,,,VIR,843680
25999251,238,8983,2000,,,,,VIR,843691
26005777,238,8984,2000,,,,,VIR,843699
26012303,238,8985,2000,,,,,VIR,843710
26018829,238,8986,2000,,,,,VIR,843780
26025355,238,8987,2000,,,,,VIR,843790
26031881,238,8988,2000,,,,,VIR,843810
26038407,238,8989,2000,,,,,VIR,843820
26044933,238,8990,2000,,,,,VIR,843830
26051459,238,8991,2000,,,,,VIR,843840
26057985,238,8992,2000,,,,,VIR,843850
26064511,238,8993,2000,,,,,VIR,843860
26071037,238,8994,2000,,,,,VIR,843880
26077563,238,8995,2000,,,,,VIR,843890
26084089,238,8996,2000,,,,,VIR,843910
26090615,238,8997,2000,,,,,VIR,843920
26097141,238,8998,2000,,,,,VIR,843930
26103667,238,8999,2000,,,,,VIR,843991
26110193,238,9000,2000,,,,,VIR,843999
26116719,238,9001,2000,,,,,VIR,844010
26123245,238,9002,2000,,,,,VIR,844090
26129771,238,9003,2000,,,,,VIR,844110
26136297,238,9004,2000,,,,,VIR,844120
26142823,238,9005,2000,,,,,VIR,844130
26149349,238,9006,2000,,,,,VIR,844140
26155875,238,9007,2000,,,,,VIR,844180
26162401,238,9008,2000,,,,,VIR,844190
26168927,238,9009,2000,,,,,VIR,844210
26175453,238,9010,2000,,,,,VIR,844220
26181979,238,9011,2000,,,,,VIR,844230
26188505,238,9012,2000,,,,,VIR,844240
26195031,238,9013,2000,,,,,VIR,844250
26201557,238,9014,2000,,,,,VIR,844311
26208083,238,9015,2000,,,,,VIR,844312
26214609,238,9016,2000,,,,,VIR,844319
26221135,238,9017,2000,,,,,VIR,844321
26227661,238,9018,2000,,,,,VIR,844329
26234187,238,9019,2000,,,,,VIR,844330
26240713,238,9020,2000,,,,,VIR,844340
26247239,238,9021,2000,,,,,VIR,844350
26253765,238,9022,2000,,,,,VIR,844360
26260291,238,9023,2000,,,,,VIR,844390
26266817,238,9024,2000,,,,,VIR,844400
26273343,238,9025,2000,,,,,VIR,844511
26279869,238,9026,2000,,,,,VIR,844512
26286395,238,9027,2000,,,,,VIR,844513
26292921,238,9028,2000,,,,,VIR,844519
26299447,238,9029,2000,,,,,VIR,844520
26305973,238,9030,2000,,,,,VIR,844530
26312499,238,9031,2000,,,,,VIR,844540
26319025,238,9032,2000,,,,,VIR,844590
26325551,238,9033,2000,,,,,VIR,844610
26332077,238,9034,2000,,,,,VIR,844621
26338603,238,9035,2000,,,,,VIR,844629
26345129,238,9036,2000,,,,,VIR,844630
26351655,238,9037,2000,,,,,VIR,844711
26358181,238,9038,2000,,,,,VIR,844712
26364707,238,9039,2000,,,,,VIR,844720
26371233,238,9040,2000,,,,,VIR,844790
26377759,238,9041,2000,,,,,VIR,844811
26384285,238,9042,2000,,,,,VIR,844819
26390811,238,9043,2000,,,,,VIR,844820
26397337,238,9044,2000,,,,,VIR,844831
26403863,238,9045,2000,,,,,VIR,844832
26410389,238,9046,2000,,,,,VIR,844833
26416915,238,9047,2000,,,,,VIR,844839
26423441,238,9048,2000,,,,,VIR,844841
26429967,238,9049,2000,,,,,VIR,844842
26436493,238,9050,2000,,,,,VIR,844849
26443019,238,9051,2000,,,,,VIR,844851
26449545,238,9052,2000,,,,,VIR,844859
26456071,238,9053,2000,,,,,VIR,844900
26462597,238,9054,2000,,,,,VIR,845011
26469123,238,9055,2000,,,,,VIR,845012
26475649,238,9056,2000,,,,,VIR,845019
26482175,238,9057,2000,,,,,VIR,845020
26488701,238,9058,2000,,,,,VIR,845090
26495227,238,9059,2000,,,,,VIR,845110
26501753,238,9060,2000,,,,,VIR,845121
26508279,238,9061,2000,,,,,VIR,845129
26514805,238,9062,2000,,,,,VIR,845130
26521331,238,9063,2000,,,,,VIR,845140
26527857,238,9064,2000,,,,,VIR,845150
26534383,238,9065,2000,,,,,VIR,845180
26540909,238,9066,2000,,,,,VIR,845190
26547435,238,9067,2000,,,,,VIR,845210
26553961,238,9068,2000,,,,,VIR,845221
26560487,238,9069,2000,,,,,VIR,845229
26567013,238,9070,2000,,,,,VIR,845230
26573539,238,9071,2000,,,,,VIR,845240
26580065,238,9072,2000,,,,,VIR,845290
26586591,238,9073,2000,,,,,VIR,845310
26593117,238,9074,2000,,,,,VIR,845320
26599643,238,9075,2000,,,,,VIR,845380
26606169,238,9076,2000,,,,,VIR,845390
26612695,238,9077,2000,,,,,VIR,845410
26619221,238,9078,2000,,,,,VIR,845420
26625747,238,9079,2000,,,,,VIR,845430
26632273,238,9080,2000,,,,,VIR,845490
26638799,238,9081,2000,,,,,VIR,845510
26645325,238,9082,2000,,,,,VIR,845521
26651851,238,9083,2000,,,,,VIR,845522
26658377,238,9084,2000,,,,,VIR,845530
26664903,238,9085,2000,,,,,VIR,845590
26671429,238,9086,2000,,,,,VIR,845610
26677955,238,9087,2000,,,,,VIR,845620
26684481,238,9088,2000,,,,,VIR,845630
26691007,238,9089,2000,,,,,VIR,845690
26697533,238,9090,2000,,,,,VIR,845710
26704059,238,9091,2000,,,,,VIR,845720
26710585,238,9092,2000,,,,,VIR,845730
26717111,238,9093,2000,,,,,VIR,845811
26723637,238,9094,2000,,,,,VIR,845819
26730163,238,9095,2000,,,,,VIR,845891
26736689,238,9096,2000,,,,,VIR,845899
26743215,238,9097,2000,,,,,VIR,845910
26749741,238,9098,2000,,,,,VIR,845921
26756267,238,9099,2000,,,,,VIR,845929
26762793,238,9100,2000,,,,,VIR,845931
26769319,238,9101,2000,,,,,VIR,845939
26775845,238,9102,2000,,,,,VIR,845940
26782371,238,9103,2000,,,,,VIR,845951
26788897,238,9104,2000,,,,,VIR,845959
26795423,238,9105,2000,,,,,VIR,845961
26801949,238,9106,2000,,,,,VIR,845969
26808475,238,9107,2000,,,,,VIR,845970
26815001,238,9108,2000,,,,,VIR,846011
26821527,238,9109,2000,,,,,VIR,846019
26828053,238,9110,2000,,,,,VIR,846021
26834579,238,9111,2000,,,,,VIR,846029
26841105,238,9112,2000,,,,,VIR,846031
26847631,238,9113,2000,,,,,VIR,846039
26854157,238,9114,2000,,,,,VIR,846040
26860683,238,9115,2000,,,,,VIR,846090
26867209,238,9116,2000,,,,,VIR,846110
26873735,238,9117,2000,,,,,VIR,846120
26880261,238,9118,2000,,,,,VIR,846130
26886787,238,9119,2000,,,,,VIR,846140
26893313,238,9120,2000,,,,,VIR,846150
26899839,238,9121,2000,,,,,VIR,846190
26906365,238,9122,2000,,,,,VIR,846210
26912891,238,9123,2000,,,,,VIR,846221
26919417,238,9124,2000,,,,,VIR,846229
26925943,238,9125,2000,,,,,VIR,846231
26932469,238,9126,2000,,,,,VIR,846239
26938995,238,9127,2000,,,,,VIR,846241
26945521,238,9128,2000,,,,,VIR,846249
26952047,238,9129,2000,,,,,VIR,846291
26958573,238,9130,2000,,,,,VIR,846299
26965099,238,9131,2000,,,,,VIR,846310
26971625,238,9132,2000,,,,,VIR,846320
26978151,238,9133,2000,,,,,VIR,846330
26984677,238,9134,2000,,,,,VIR,846390
26991203,238,9135,2000,,,,,VIR,846410
26997729,238,9136,2000,,,,,VIR,846420
27004255,238,9137,2000,,,,,VIR,846490
27010781,238,9138,2000,,,,,VIR,846510
27017307,238,9139,2000,,,,,VIR,846591
27023833,238,9140,2000,,,,,VIR,846592
27030359,238,9141,2000,,,,,VIR,846593
27036885,238,9142,2000,,,,,VIR,846594
27043411,238,9143,2000,,,,,VIR,846595
27049937,238,9144,2000,,,,,VIR,846596
27056463,238,9145,2000,,,,,VIR,846599
27062989,238,9146,2000,,,,,VIR,846610
27069515,238,9147,2000,,,,,VIR,846620
27076041,238,9148,2000,,,,,VIR,846630
27082567,238,9149,2000,,,,,VIR,846691
27089093,238,9150,2000,,,,,VIR,846692
27095619,238,9151,2000,,,,,VIR,846693
27102145,238,9152,2000,,,,,VIR,846694
27108671,238,9153,2000,,,,,VIR,846711
27115197,238,9154,2000,,,,,VIR,846719
27121723,238,9155,2000,,,,,VIR,846781
27128249,238,9156,2000,,,,,VIR,846789
27134775,238,9157,2000,,,,,VIR,846791
27141301,238,9158,2000,,,,,VIR,846792
27147827,238,9159,2000,,,,,VIR,846799
27154353,238,9160,2000,,,,,VIR,846810
27160879,238,9161,2000,,,,,VIR,846820
27167405,238,9162,2000,,,,,VIR,846880
27173931,238,9163,2000,,,,,VIR,846890
27180457,238,9164,2000,,,,,VIR,846910
27186983,238,9165,2000,,,,,VIR,846921
27193509,238,9166,2000,,,,,VIR,846929
27200035,238,9167,2000,,,,,VIR,846931
27206561,238,9168,2000,,,,,VIR,846939
27213087,238,9169,2000,,,,,VIR,847010
27219613,238,9170,2000,,,,,VIR,847021
27226139,238,9171,2000,,,,,VIR,847029
27232665,238,9172,2000,,,,,VIR,847030
27239191,238,9173,2000,,,,,VIR,847040
27245717,238,9174,2000,,,,,VIR,847050
27252243,238,9175,2000,,,,,VIR,847090
27258769,238,9176,2000,,,,,VIR,847110
27265295,238,9177,2000,,,,,VIR,847120
27271821,238,9178,2000,,,,,VIR,847191
27278347,238,9179,2000,,,,,VIR,847192
27284873,238,9180,2000,,,,,VIR,847193
27291399,238,9181,2000,,,,,VIR,847199
27297925,238,9182,2000,,,,,VIR,847210
27304451,238,9183,2000,,,,,VIR,847220
27310977,238,9184,2000,,,,,VIR,847230
27317503,238,9185,2000,,,,,VIR,847290
27324029,238,9186,2000,,,,,VIR,847310
27330555,238,9187,2000,,,,,VIR,847321
27337081,238,9188,2000,,,,,VIR,847329
27343607,238,9189,2000,,,,,VIR,847330
27350133,238,9190,2000,,,,,VIR,847340
27356659,238,9191,2000,,,,,VIR,847410
27363185,238,9192,2000,,,,,VIR,847420
27369711,238,9193,2000,,,,,VIR,847431
27376237,238,9194,2000,,,,,VIR,847432
27382763,238,9195,2000,,,,,VIR,847439
27389289,238,9196,2000,,,,,VIR,847480
27395815,238,9197,2000,,,,,VIR,847490
27402341,238,9198,2000,,,,,VIR,847510
27408867,238,9199,2000,,,,,VIR,847520
27415393,238,9200,2000,,,,,VIR,847590
27421919,238,9201,2000,,,,,VIR,847611
27428445,238,9202,2000,,,,,VIR,847619
27434971,238,9203,2000,,,,,VIR,847690
27441497,238,9204,2000,,,,,VIR,847710
27448023,238,9205,2000,,,,,VIR,847720
27454549,238,9206,2000,,,,,VIR,847730
27461075,238,9207,2000,,,,,VIR,847740
27467601,238,9208,2000,,,,,VIR,847751
27474127,238,9209,2000,,,,,VIR,847759
27480653,238,9210,2000,,,,,VIR,847780
27487179,238,9211,2000,,,,,VIR,847790
27493705,238,9212,2000,,,,,VIR,847810
27500231,238,9213,2000,,,,,VIR,847890
27506757,238,9214,2000,,,,,VIR,847910
27513283,238,9215,2000,,,,,VIR,847920
27519809,238,9216,2000,,,,,VIR,847930
27526335,238,9217,2000,,,,,VIR,847940
27532861,238,9218,2000,,,,,VIR,847981
27539387,238,9219,2000,,,,,VIR,847982
27545913,238,9220,2000,,,,,VIR,847989
27552439,238,9221,2000,,,,,VIR,847990
27558965,238,9222,2000,,,,,VIR,848010
27565491,238,9223,2000,,,,,VIR,848020
27572017,238,9224,2000,,,,,VIR,848030
27578543,238,9225,2000,,,,,VIR,848041
27585069,238,9226,2000,,,,,VIR,848049
27591595,238,9227,2000,,,,,VIR,848050
27598121,238,9228,2000,,,,,VIR,848060
27604647,238,9229,2000,,,,,VIR,848071
27611173,238,9230,2000,,,,,VIR,848079
27617699,238,9231,2000,,,,,VIR,848110
27624225,238,9232,2000,,,,,VIR,848120
27630751,238,9233,2000,,,,,VIR,848130
27637277,238,9234,2000,,,,,VIR,848140
27643803,238,9235,2000,,,,,VIR,848180
27650329,238,9236,2000,,,,,VIR,848190
27656855,238,9237,2000,,,,,VIR,848210
27663381,238,9238,2000,,,,,VIR,848220
27669907,238,9239,2000,,,,,VIR,848230
27676433,238,9240,2000,,,,,VIR,848240
27682959,238,9241,2000,,,,,VIR,848250
27689485,238,9242,2000,,,,,VIR,848280
27696011,238,9243,2000,,,,,VIR,848291
27702537,238,9244,2000,,,,,VIR,848299
27709063,238,9245,2000,,,,,VIR,848310
27715589,238,9246,2000,,,,,VIR,848320
27722115,238,9247,2000,,,,,VIR,848330
27728641,238,9248,2000,,,,,VIR,848340
27735167,238,9249,2000,,,,,VIR,848350
27741693,238,9250,2000,,,,,VIR,848360
27748219,238,9251,2000,,,,,VIR,848390
27754745,238,9252,2000,,,,,VIR,848410
27761271,238,9253,2000,,,,,VIR,848490
27767797,238,9254,2000,,,,,VIR,848510
27774323,238,9255,2000,,,,,VIR,848590
27780849,238,9256,2000,,,,,VIR,850110
27787375,238,9257,2000,,,,,VIR,850120
27793901,238,9258,2000,,,,,VIR,850131
27800427,238,9259,2000,,,,,VIR,850132
27806953,238,9260,2000,,,,,VIR,850133
27813479,238,9261,2000,,,,,VIR,850134
27820005,238,9262,2000,,,,,VIR,850140
27826531,238,9263,2000,,,,,VIR,850151
27833057,238,9264,2000,,,,,VIR,850152
27839583,238,9265,2000,,,,,VIR,850153
27846109,238,9266,2000,,,,,VIR,850161
27852635,238,9267,2000,,,,,VIR,850162
27859161,238,9268,2000,,,,,VIR,850163
27865687,238,9269,2000,,,,,VIR,850164
27872213,238,9270,2000,,,,,VIR,850211
27878739,238,9271,2000,,,,,VIR,850212
27885265,238,9272,2000,,,,,VIR,850213
27891791,238,9273,2000,,,,,VIR,850220
27898317,238,9274,2000,,,,,VIR,850230
27904843,238,9275,2000,,,,,VIR,850240
27911369,238,9276,2000,,,,,VIR,850300
27917895,238,9277,2000,,,,,VIR,850410
27924421,238,9278,2000,,,,,VIR,850421
27930947,238,9279,2000,,,,,VIR,850422
27937473,238,9280,2000,,,,,VIR,850423
27943999,238,9281,2000,,,,,VIR,850431
27950525,238,9282,2000,,,,,VIR,850432
27957051,238,9283,2000,,,,,VIR,850433
27963577,238,9284,2000,,,,,VIR,850434
27970103,238,9285,2000,,,,,VIR,850440
27976629,238,9286,2000,,,,,VIR,850450
27983155,238,9287,2000,,,,,VIR,850490
27989681,238,9288,2000,,,,,VIR,850511
27996207,238,9289,2000,,,,,VIR,850519
28002733,238,9290,2000,,,,,VIR,850520
28009259,238,9291,2000,,,,,VIR,850530
28015785,238,9292,2000,,,,,VIR,850590
28022311,238,9293,2000,,,,,VIR,850611
28028837,238,9294,2000,,,,,VIR,850612
28035363,238,9295,2000,,,,,VIR,850613
28041889,238,9296,2000,,,,,VIR,850619
28048415,238,9297,2000,,,,,VIR,850620
28054941,238,9298,2000,,,,,VIR,850690
28061467,238,9299,2000,,,,,VIR,850710
28067993,238,9300,2000,,,,,VIR,850720
28074519,238,9301,2000,,,,,VIR,850730
28081045,238,9302,2000,,,,,VIR,850740
28087571,238,9303,2000,,,,,VIR,850780
28094097,238,9304,2000,,,,,VIR,850790
28100623,238,9305,2000,,,,,VIR,850810
28107149,238,9306,2000,,,,,VIR,850820
28113675,238,9307,2000,,,,,VIR,850880
28120201,238,9308,2000,,,,,VIR,850890
28126727,238,9309,2000,,,,,VIR,850910
28133253,238,9310,2000,,,,,VIR,850920
28139779,238,9311,2000,,,,,VIR,850930
28146305,238,9312,2000,,,,,VIR,850940
28152831,238,9313,2000,,,,,VIR,850980
28159357,238,9314,2000,,,,,VIR,850990
28165883,238,9315,2000,,,,,VIR,851010
28172409,238,9316,2000,,,,,VIR,851020
28178935,238,9317,2000,,,,,VIR,851090
28185461,238,9318,2000,,,,,VIR,851110
28191987,238,9319,2000,,,,,VIR,851120
28198513,238,9320,2000,,,,,VIR,851130
28205039,238,9321,2000,,,,,VIR,851140
28211565,238,9322,2000,,,,,VIR,851150
28218091,238,9323,2000,,,,,VIR,851180
28224617,238,9324,2000,,,,,VIR,851190
28231143,238,9325,2000,,,,,VIR,851210
28237669,238,9326,2000,,,,,VIR,851220
28244195,238,9327,2000,,,,,VIR,851230
28250721,238,9328,2000,,,,,VIR,851240
28257247,238,9329,2000,,,,,VIR,851290
28263773,238,9330,2000,,,,,VIR,851310
28270299,238,9331,2000,,,,,VIR,851390
28276825,238,9332,2000,,,,,VIR,851410
28283351,238,9333,2000,,,,,VIR,851420
28289877,238,9334,2000,,,,,VIR,851430
28296403,238,9335,2000,,,,,VIR,851440
28302929,238,9336,2000,,,,,VIR,851490
28309455,238,9337,2000,,,,,VIR,851511
28315981,238,9338,2000,,,,,VIR,851519
28322507,238,9339,2000,,,,,VIR,851521
28329033,238,9340,2000,,,,,VIR,851529
28335559,238,9341,2000,,,,,VIR,851531
28342085,238,9342,2000,,,,,VIR,851539
28348611,238,9343,2000,,,,,VIR,851580
28355137,238,9344,2000,,,,,VIR,851590
28361663,238,9345,2000,,,,,VIR,851610
28368189,238,9346,2000,,,,,VIR,851621
28374715,238,9347,2000,,,,,VIR,851629
28381241,238,9348,2000,,,,,VIR,851631
28387767,238,9349,2000,,,,,VIR,851632
28394293,238,9350,2000,,,,,VIR,851633
28400819,238,9351,2000,,,,,VIR,851640
28407345,238,9352,2000,,,,,VIR,851650
28413871,238,9353,2000,,,,,VIR,851660
28420397,238,9354,2000,,,,,VIR,851671
28426923,238,9355,2000,,,,,VIR,851672
28433449,238,9356,2000,,,,,VIR,851679
28439975,238,9357,2000,,,,,VIR,851680
28446501,238,9358,2000,,,,,VIR,851690
28453027,238,9359,2000,,,,,VIR,851710
28459553,238,9360,2000,,,,,VIR,851720
28466079,238,9361,2000,,,,,VIR,851730
28472605,238,9362,2000,,,,,VIR,851740
28479131,238,9363,2000,,,,,VIR,851781
28485657,238,9364,2000,,,,,VIR,851782
28492183,238,9365,2000,,,,,VIR,851790
28498709,238,9366,2000,,,,,VIR,851810
28505235,238,9367,2000,,,,,VIR,851821
28511761,238,9368,2000,,,,,VIR,851822
28518287,238,9369,2000,,,,,VIR,851829
28524813,238,9370,2000,,,,,VIR,851830
28531339,238,9371,2000,,,,,VIR,851840
28537865,238,9372,2000,,,,,VIR,851850
28544391,238,9373,2000,,,,,VIR,851890
28550917,238,9374,2000,,,,,VIR,851910
28557443,238,9375,2000,,,,,VIR,851921
28563969,238,9376,2000,,,,,VIR,851929
28570495,238,9377,2000,,,,,VIR,851931
28577021,238,9378,2000,,,,,VIR,851939
28583547,238,9379,2000,,,,,VIR,851940
28590073,238,9380,2000,,,,,VIR,851991
28596599,238,9381,2000,,,,,VIR,851999
28603125,238,9382,2000,,,,,VIR,852010
28609651,238,9383,2000,,,,,VIR,852020
28616177,238,9384,2000,,,,,VIR,852031
28622703,238,9385,2000,,,,,VIR,852039
28629229,238,9386,2000,,,,,VIR,852090
28635755,238,9387,2000,,,,,VIR,852110
28642281,238,9388,2000,,,,,VIR,852190
28648807,238,9389,2000,,,,,VIR,852210
28655333,238,9390,2000,,,,,VIR,852290
28661859,238,9391,2000,,,,,VIR,852311
28668385,238,9392,2000,,,,,VIR,852312
28674911,238,9393,2000,,,,,VIR,852313
28681437,238,9394,2000,,,,,VIR,852320
28687963,238,9395,2000,,,,,VIR,852390
28694489,238,9396,2000,,,,,VIR,852410
28701015,238,9397,2000,,,,,VIR,852421
28707541,238,9398,2000,,,,,VIR,852422
28714067,238,9399,2000,,,,,VIR,852423
28720593,238,9400,2000,,,,,VIR,852490
28727119,238,9401,2000,,,,,VIR,852510
28733645,238,9402,2000,,,,,VIR,852520
28740171,238,9403,2000,,,,,VIR,852530
28746697,238,9404,2000,,,,,VIR,852610
28753223,238,9405,2000,,,,,VIR,852691
28759749,238,9406,2000,,,,,VIR,852692
28766275,238,9407,2000,,,,,VIR,852711
28772801,238,9408,2000,,,,,VIR,852719
28779327,238,9409,2000,,,,,VIR,852721
28785853,238,9410,2000,,,,,VIR,852729
28792379,238,9411,2000,,,,,VIR,852731
28798905,238,9412,2000,,,,,VIR,852732
28805431,238,9413,2000,,,,,VIR,852739
28811957,238,9414,2000,,,,,VIR,852790
28818483,238,9415,2000,,,,,VIR,852810
28825009,238,9416,2000,,,,,VIR,852820
28831535,238,9417,2000,,,,,VIR,852910
28838061,238,9418,2000,,,,,VIR,852990
28844587,238,9419,2000,,,,,VIR,853010
28851113,238,9420,2000,,,,,VIR,853080
28857639,238,9421,2000,,,,,VIR,853090
28864165,238,9422,2000,,,,,VIR,853110
28870691,238,9423,2000,,,,,VIR,853120
28877217,238,9424,2000,,,,,VIR,853180
28883743,238,9425,2000,,,,,VIR,853190
28890269,238,9426,2000,,,,,VIR,853210
28896795,238,9427,2000,,,,,VIR,853221
28903321,238,9428,2000,,,,,VIR,853222
28909847,238,9429,2000,,,,,VIR,853223
28916373,238,9430,2000,,,,,VIR,853224
28922899,238,9431,2000,,,,,VIR,853225
28929425,238,9432,2000,,,,,VIR,853229
28935951,238,9433,2000,,,,,VIR,853230
28942477,238,9434,2000,,,,,VIR,853290
28949003,238,9435,2000,,,,,VIR,853310
28955529,238,9436,2000,,,,,VIR,853321
28962055,238,9437,2000,,,,,VIR,853329
28968581,238,9438,2000,,,,,VIR,853331
28975107,238,9439,2000,,,,,VIR,853339
28981633,238,9440,2000,,,,,VIR,853340
28988159,238,9441,2000,,,,,VIR,853390
28994685,238,9442,2000,,,,,VIR,853400
29001211,238,9443,2000,,,,,VIR,853510
29007737,238,9444,2000,,,,,VIR,853521
29014263,238,9445,2000,,,,,VIR,853529
29020789,238,9446,2000,,,,,VIR,853530
29027315,238,9447,2000,,,,,VIR,853540
29033841,238,9448,2000,,,,,VIR,853590
29040367,238,9449,2000,,,,,VIR,853610
29046893,238,9450,2000,,,,,VIR,853620
29053419,238,9451,2000,,,,,VIR,853630
29059945,238,9452,2000,,,,,VIR,853641
29066471,238,9453,2000,,,,,VIR,853649
29072997,238,9454,2000,,,,,VIR,853650
29079523,238,9455,2000,,,,,VIR,853661
29086049,238,9456,2000,,,,,VIR,853669
29092575,238,9457,2000,,,,,VIR,853690
29099101,238,9458,2000,,,,,VIR,853710
29105627,238,9459,2000,,,,,VIR,853720
29112153,238,9460,2000,,,,,VIR,853810
29118679,238,9461,2000,,,,,VIR,853890
29125205,238,9462,2000,,,,,VIR,853910
29131731,238,9463,2000,,,,,VIR,853921
29138257,238,9464,2000,,,,,VIR,853922
29144783,238,9465,2000,,,,,VIR,853929
29151309,238,9466,2000,,,,,VIR,853931
29157835,238,9467,2000,,,,,VIR,853939
29164361,238,9468,2000,,,,,VIR,853940
29170887,238,9469,2000,,,,,VIR,853990
29177413,238,9470,2000,,,,,VIR,854011
29183939,238,9471,2000,,,,,VIR,854012
29190465,238,9472,2000,,,,,VIR,854020
29196991,238,9473,2000,,,,,VIR,854030
29203517,238,9474,2000,,,,,VIR,854041
29210043,238,9475,2000,,,,,VIR,854042
29216569,238,9476,2000,,,,,VIR,854049
29223095,238,9477,2000,,,,,VIR,854081
29229621,238,9478,2000,,,,,VIR,854089
29236147,238,9479,2000,,,,,VIR,854091
29242673,238,9480,2000,,,,,VIR,854099
29249199,238,9481,2000,,,,,VIR,854110
29255725,238,9482,2000,,,,,VIR,854121
29262251,238,9483,2000,,,,,VIR,854129
29268777,238,9484,2000,,,,,VIR,854130
29275303,238,9485,2000,,,,,VIR,854140
29281829,238,9486,2000,,,,,VIR,854150
29288355,238,9487,2000,,,,,VIR,854160
29294881,238,9488,2000,,,,,VIR,854190
29301407,238,9489,2000,,,,,VIR,854211
29307933,238,9490,2000,,,,,VIR,854219
29314459,238,9491,2000,,,,,VIR,854220
29320985,238,9492,2000,,,,,VIR,854280
29327511,238,9493,2000,,,,,VIR,854290
29334037,238,9494,2000,,,,,VIR,854310
29340563,238,9495,2000,,,,,VIR,854320
29347089,238,9496,2000,,,,,VIR,854330
29353615,238,9497,2000,,,,,VIR,854380
29360141,238,9498,2000,,,,,VIR,854390
29366667,238,9499,2000,,,,,VIR,854411
29373193,238,9500,2000,,,,,VIR,854419
29379719,238,9501,2000,,,,,VIR,854420
29386245,238,9502,2000,,,,,VIR,854430
29392771,238,9503,2000,,,,,VIR,854441
29399297,238,9504,2000,,,,,VIR,854449
29405823,238,9505,2000,,,,,VIR,854451
29412349,238,9506,2000,,,,,VIR,854459
29418875,238,9507,2000,,,,,VIR,854460
29425401,238,9508,2000,,,,,VIR,854470
29431927,238,9509,2000,,,,,VIR,854511
29438453,238,9510,2000,,,,,VIR,854519
29444979,238,9511,2000,,,,,VIR,854520
29451505,238,9512,2000,,,,,VIR,854590
29458031,238,9513,2000,,,,,VIR,854610
29464557,238,9514,2000,,,,,VIR,854620
29471083,238,9515,2000,,,,,VIR,854690
29477609,238,9516,2000,,,,,VIR,854710
29484135,238,9517,2000,,,,,VIR,854720
29490661,238,9518,2000,,,,,VIR,854790
29497187,238,9519,2000,,,,,VIR,854800
29503713,238,9520,2000,,,,,VIR,860110
29510239,238,9521,2000,,,,,VIR,860120
29516765,238,9522,2000,,,,,VIR,860210
29523291,238,9523,2000,,,,,VIR,860290
29529817,238,9524,2000,,,,,VIR,860310
29536343,238,9525,2000,,,,,VIR,860390
29542869,238,9526,2000,,,,,VIR,860400
29549395,238,9527,2000,,,,,VIR,860500
29555921,238,9528,2000,,,,,VIR,860610
29562447,238,9529,2000,,,,,VIR,860620
29568973,238,9530,2000,,,,,VIR,860630
29575499,238,9531,2000,,,,,VIR,860691
29582025,238,9532,2000,,,,,VIR,860692
29588551,238,9533,2000,,,,,VIR,860699
29595077,238,9534,2000,,,,,VIR,860711
29601603,238,9535,2000,,,,,VIR,860712
29608129,238,9536,2000,,,,,VIR,860719
29614655,238,9537,2000,,,,,VIR,860721
29621181,238,9538,2000,,,,,VIR,860729
29627707,238,9539,2000,,,,,VIR,860730
29634233,238,9540,2000,,,,,VIR,860791
29640759,238,9541,2000,,,,,VIR,860799
29647285,238,9542,2000,,,,,VIR,860800
29653811,238,9543,2000,,,,,VIR,860900
29660337,238,9544,2000,,,,,VIR,870110
29666863,238,9545,2000,,,,,VIR,870120
29673389,238,9546,2000,,,,,VIR,870130
29679915,238,9547,2000,,,,,VIR,870190
29686441,238,9548,2000,,,,,VIR,870210
29692967,238,9549,2000,,,,,VIR,870290
29699493,238,9550,2000,,,,,VIR,870310
29706019,238,9551,2000,,,,,VIR,870321
29712545,238,9552,2000,,,,,VIR,870322
29719071,238,9553,2000,,,,,VIR,870323
29725597,238,9554,2000,,,,,VIR,870324
29732123,238,9555,2000,,,,,VIR,870331
29738649,238,9556,2000,,,,,VIR,870332
29745175,238,9557,2000,,,,,VIR,870333
29751701,238,9558,2000,,,,,VIR,870390
29758227,238,9559,2000,,,,,VIR,870410
29764753,238,9560,2000,,,,,VIR,870421
29771279,238,9561,2000,,,,,VIR,870422
29777805,238,9562,2000,,,,,VIR,870423
29784331,238,9563,2000,,,,,VIR,870431
29790857,238,9564,2000,,,,,VIR,870432
29797383,238,9565,2000,,,,,VIR,870490
29803909,238,9566,2000,,,,,VIR,870510
29810435,238,9567,2000,,,,,VIR,870520
29816961,238,9568,2000,,,,,VIR,870530
29823487,238,9569,2000,,,,,VIR,870540
29830013,238,9570,2000,,,,,VIR,870590
29836539,238,9571,2000,,,,,VIR,870600
29843065,238,9572,2000,,,,,VIR,870710
29849591,238,9573,2000,,,,,VIR,870790
29856117,238,9574,2000,,,,,VIR,870810
29862643,238,9575,2000,,,,,VIR,870821
29869169,238,9576,2000,,,,,VIR,870829
29875695,238,9577,2000,,,,,VIR,870831
29882221,238,9578,2000,,,,,VIR,870839
29888747,238,9579,2000,,,,,VIR,870840
29895273,238,9580,2000,,,,,VIR,870850
29901799,238,9581,2000,,,,,VIR,870860
29908325,238,9582,2000,,,,,VIR,870870
29914851,238,9583,2000,,,,,VIR,870880
29921377,238,9584,2000,,,,,VIR,870891
29927903,238,9585,2000,,,,,VIR,870892
29934429,238,9586,2000,,,,,VIR,870893
29940955,238,9587,2000,,,,,VIR,870894
29947481,238,9588,2000,,,,,VIR,870899
29954007,238,9589,2000,,,,,VIR,870911
29960533,238,9590,2000,,,,,VIR,870919
29967059,238,9591,2000,,,,,VIR,870990
29973585,238,9592,2000,,,,,VIR,871000
29980111,238,9593,2000,,,,,VIR,871110
29986637,238,9594,2000,,,,,VIR,871120
29993163,238,9595,2000,,,,,VIR,871130
29999689,238,9596,2000,,,,,VIR,871140
30006215,238,9597,2000,,,,,VIR,871150
30012741,238,9598,2000,,,,,VIR,871190
30019267,238,9599,2000,,,,,VIR,871200
30025793,238,9600,2000,,,,,VIR,871310
30032319,238,9601,2000,,,,,VIR,871390
30038845,238,9602,2000,,,,,VIR,871411
30045371,238,9603,2000,,,,,VIR,871419
30051897,238,9604,2000,,,,,VIR,871420
30058423,238,9605,2000,,,,,VIR,871491
30064949,238,9606,2000,,,,,VIR,871492
30071475,238,9607,2000,,,,,VIR,871493
30078001,238,9608,2000,,,,,VIR,871494
30084527,238,9609,2000,,,,,VIR,871495
30091053,238,9610,2000,,,,,VIR,871496
30097579,238,9611,2000,,,,,VIR,871499
30104105,238,9612,2000,,,,,VIR,871500
30110631,238,9613,2000,,,,,VIR,871610
30117157,238,9614,2000,,,,,VIR,871620
30123683,238,9615,2000,,,,,VIR,871631
30130209,238,9616,2000,,,,,VIR,871639
30136735,238,9617,2000,,,,,VIR,871640
30143261,238,9618,2000,,,,,VIR,871680
30149787,238,9619,2000,,,,,VIR,871690
30156313,238,9620,2000,,,,,VIR,880110
30162839,238,9621,2000,,,,,VIR,880190
30169365,238,9622,2000,,,,,VIR,880211
30175891,238,9623,2000,,,,,VIR,880212
30182417,238,9624,2000,,,,,VIR,880220
30188943,238,9625,2000,,,,,VIR,880230
30195469,238,9626,2000,,,,,VIR,880240
30201995,238,9627,2000,,,,,VIR,880250
30208521,238,9628,2000,,,,,VIR,880310
30215047,238,9629,2000,,,,,VIR,880320
30221573,238,9630,2000,,,,,VIR,880330
30228099,238,9631,2000,,,,,VIR,880390
30234625,238,9632,2000,,,,,VIR,880400
30241151,238,9633,2000,,,,,VIR,880510
30247677,238,9634,2000,,,,,VIR,880520
30254203,238,9635,2000,,,,,VIR,890110
30260729,238,9636,2000,,,,,VIR,890120
30267255,238,9637,2000,,,,,VIR,890130
30273781,238,9638,2000,,,,,VIR,890190
30280307,238,9639,2000,,,,,VIR,890200
30286833,238,9640,2000,,,,,VIR,890310
30293359,238,9641,2000,,,,,VIR,890391
30299885,238,9642,2000,,,,,VIR,890392
30306411,238,9643,2000,,,,,VIR,890399
30312937,238,9644,2000,,,,,VIR,890400
30319463,238,9645,2000,,,,,VIR,890510
30325989,238,9646,2000,,,,,VIR,890520
30332515,238,9647,2000,,,,,VIR,890590
30339041,238,9648,2000,,,,,VIR,890600
30345567,238,9649,2000,,,,,VIR,890710
30352093,238,9650,2000,,,,,VIR,890790
30358619,238,9651,2000,,,,,VIR,890800
30365145,238,9652,2000,,,,,VIR,900110
30371671,238,9653,2000,,,,,VIR,900120
30378197,238,9654,2000,,,,,VIR,900130
30384723,238,9655,2000,,,,,VIR,900140
30391249,238,9656,2000,,,,,VIR,900150
30397775,238,9657,2000,,,,,VIR,900190
30404301,238,9658,2000,,,,,VIR,900211
30410827,238,9659,2000,,,,,VIR,900219
30417353,238,9660,2000,,,,,VIR,900220
30423879,238,9661,2000,,,,,VIR,900290
30430405,238,9662,2000,,,,,VIR,900311
30436931,238,9663,2000,,,,,VIR,900319
30443457,238,9664,2000,,,,,VIR,900390
30449983,238,9665,2000,,,,,VIR,900410
30456509,238,9666,2000,,,,,VIR,900490
30463035,238,9667,2000,,,,,VIR,900510
30469561,238,9668,2000,,,,,VIR,900580
30476087,238,9669,2000,,,,,VIR,900590
30482613,238,9670,2000,,,,,VIR,900610
30489139,238,9671,2000,,,,,VIR,900620
30495665,238,9672,2000,,,,,VIR,900630
30502191,238,9673,2000,,,,,VIR,900640
30508717,238,9674,2000,,,,,VIR,900651
30515243,238,9675,2000,,,,,VIR,900652
30521769,238,9676,2000,,,,,VIR,900653
30528295,238,9677,2000,,,,,VIR,900659
30534821,238,9678,2000,,,,,VIR,900661
30541347,238,9679,2000,,,,,VIR,900662
30547873,238,9680,2000,,,,,VIR,900669
30554399,238,9681,2000,,,,,VIR,900691
30560925,238,9682,2000,,,,,VIR,900699
30567451,238,9683,2000,,,,,VIR,900711
30573977,238,9684,2000,,,,,VIR,900719
30580503,238,9685,2000,,,,,VIR,900721
30587029,238,9686,2000,,,,,VIR,900729
30593555,238,9687,2000,,,,,VIR,900791
30600081,238,9688,2000,,,,,VIR,900792
30606607,238,9689,2000,,,,,VIR,900810
30613133,238,9690,2000,,,,,VIR,900820
30619659,238,9691,2000,,,,,VIR,900830
30626185,238,9692,2000,,,,,VIR,900840
30632711,238,9693,2000,,,,,VIR,900890
30639237,238,9694,2000,,,,,VIR,900911
30645763,238,9695,2000,,,,,VIR,900912
30652289,238,9696,2000,,,,,VIR,900921
30658815,238,9697,2000,,,,,VIR,900922
30665341,238,9698,2000,,,,,VIR,900930
30671867,238,9699,2000,,,,,VIR,900990
30678393,238,9700,2000,,,,,VIR,901010
30684919,238,9701,2000,,,,,VIR,901020
30691445,238,9702,2000,,,,,VIR,901030
30697971,238,9703,2000,,,,,VIR,901090
30704497,238,9704,2000,,,,,VIR,901110
30711023,238,9705,2000,,,,,VIR,901120
30717549,238,9706,2000,,,,,VIR,901180
30724075,238,9707,2000,,,,,VIR,901190
30730601,238,9708,2000,,,,,VIR,901210
30737127,238,9709,2000,,,,,VIR,901290
30743653,238,9710,2000,,,,,VIR,901310
30750179,238,9711,2000,,,,,VIR,901320
30756705,238,9712,2000,,,,,VIR,901380
30763231,238,9713,2000,,,,,VIR,901390
30769757,238,9714,2000,,,,,VIR,901410
30776283,238,9715,2000,,,,,VIR,901420
30782809,238,9716,2000,,,,,VIR,901480
30789335,238,9717,2000,,,,,VIR,901490
30795861,238,9718,2000,,,,,VIR,901510
30802387,238,9719,2000,,,,,VIR,901520
30808913,238,9720,2000,,,,,VIR,901530
30815439,238,9721,2000,,,,,VIR,901540
30821965,238,9722,2000,,,,,VIR,901580
30828491,238,9723,2000,,,,,VIR,901590
30835017,238,9724,2000,,,,,VIR,901600
30841543,238,9725,2000,,,,,VIR,901710
30848069,238,9726,2000,,,,,VIR,901720
30854595,238,9727,2000,,,,,VIR,901730
30861121,238,9728,2000,,,,,VIR,901780
30867647,238,9729,2000,,,,,VIR,901790
30874173,238,9730,2000,,,,,VIR,901811
30880699,238,9731,2000,,,,,VIR,901819
30887225,238,9732,2000,,,,,VIR,901820
30893751,238,9733,2000,,,,,VIR,901831
30900277,238,9734,2000,,,,,VIR,901832
30906803,238,9735,2000,,,,,VIR,901839
30913329,238,9736,2000,,,,,VIR,901841
30919855,238,9737,2000,,,,,VIR,901849
30926381,238,9738,2000,,,,,VIR,901850
30932907,238,9739,2000,,,,,VIR,901890
30939433,238,9740,2000,,,,,VIR,901910
30945959,238,9741,2000,,,,,VIR,901920
30952485,238,9742,2000,,,,,VIR,902000
30959011,238,9743,2000,,,,,VIR,902111
30965537,238,9744,2000,,,,,VIR,902119
30972063,238,9745,2000,,,,,VIR,902121
30978589,238,9746,2000,,,,,VIR,902129
30985115,238,9747,2000,,,,,VIR,902130
30991641,238,9748,2000,,,,,VIR,902140
30998167,238,9749,2000,,,,,VIR,902150
31004693,238,9750,2000,,,,,VIR,902190
31011219,238,9751,2000,,,,,VIR,902211
31017745,238,9752,2000,,,,,VIR,902219
31024271,238,9753,2000,,,,,VIR,902221
31030797,238,9754,2000,,,,,VIR,902229
31037323,238,9755,2000,,,,,VIR,902230
31043849,238,9756,2000,,,,,VIR,902290
31050375,238,9757,2000,,,,,VIR,902300
31056901,238,9758,2000,,,,,VIR,902410
31063427,238,9759,2000,,,,,VIR,902480
31069953,238,9760,2000,,,,,VIR,902490
31076479,238,9761,2000,,,,,VIR,902511
31083005,238,9762,2000,,,,,VIR,902519
31089531,238,9763,2000,,,,,VIR,902520
31096057,238,9764,2000,,,,,VIR,902580
31102583,238,9765,2000,,,,,VIR,902590
31109109,238,9766,2000,,,,,VIR,902610
31115635,238,9767,2000,,,,,VIR,902620
31122161,238,9768,2000,,,,,VIR,902680
31128687,238,9769,2000,,,,,VIR,902690
31135213,238,9770,2000,,,,,VIR,902710
31141739,238,9771,2000,,,,,VIR,902720
31148265,238,9772,2000,,,,,VIR,902730
31154791,238,9773,2000,,,,,VIR,902740
31161317,238,9774,2000,,,,,VIR,902750
31167843,238,9775,2000,,,,,VIR,902780
31174369,238,9776,2000,,,,,VIR,902790
31180895,238,9777,2000,,,,,VIR,902810
31187421,238,9778,2000,,,,,VIR,902820
31193947,238,9779,2000,,,,,VIR,902830
31200473,238,9780,2000,,,,,VIR,902890
31206999,238,9781,2000,,,,,VIR,902910
31213525,238,9782,2000,,,,,VIR,902920
31220051,238,9783,2000,,,,,VIR,902990
31226577,238,9784,2000,,,,,VIR,903010
31233103,238,9785,2000,,,,,VIR,903020
31239629,238,9786,2000,,,,,VIR,903031
31246155,238,9787,2000,,,,,VIR,903039
31252681,238,9788,2000,,,,,VIR,903040
31259207,238,9789,2000,,,,,VIR,903081
31265733,238,9790,2000,,,,,VIR,903089
31272259,238,9791,2000,,,,,VIR,903090
31278785,238,9792,2000,,,,,VIR,903110
31285311,238,9793,2000,,,,,VIR,903120
31291837,238,9794,2000,,,,,VIR,903130
31298363,238,9795,2000,,,,,VIR,903140
31304889,238,9796,2000,,,,,VIR,903180
31311415,238,9797,2000,,,,,VIR,903190
31317941,238,9798,2000,,,,,VIR,903210
31324467,238,9799,2000,,,,,VIR,903220
31330993,238,9800,2000,,,,,VIR,903281
31337519,238,9801,2000,,,,,VIR,903289
31344045,238,9802,2000,,,,,VIR,903290
31350571,238,9803,2000,,,,,VIR,903300
31357097,238,9804,2000,,,,,VIR,910111
31363623,238,9805,2000,,,,,VIR,910112
31370149,238,9806,2000,,,,,VIR,910119
31376675,238,9807,2000,,,,,VIR,910121
31383201,238,9808,2000,,,,,VIR,910129
31389727,238,9809,2000,,,,,VIR,910191
31396253,238,9810,2000,,,,,VIR,910199
31402779,238,9811,2000,,,,,VIR,910211
31409305,238,9812,2000,,,,,VIR,910212
31415831,238,9813,2000,,,,,VIR,910219
31422357,238,9814,2000,,,,,VIR,910221
31428883,238,9815,2000,,,,,VIR,910229
31435409,238,9816,2000,,,,,VIR,910291
31441935,238,9817,2000,,,,,VIR,910299
31448461,238,9818,2000,,,,,VIR,910310
31454987,238,9819,2000,,,,,VIR,910390
31461513,238,9820,2000,,,,,VIR,910400
31468039,238,9821,2000,,,,,VIR,910511
31474565,238,9822,2000,,,,,VIR,910519
31481091,238,9823,2000,,,,,VIR,910521
31487617,238,9824,2000,,,,,VIR,910529
31494143,238,9825,2000,,,,,VIR,910591
31500669,238,9826,2000,,,,,VIR,910599
31507195,238,9827,2000,,,,,VIR,910610
31513721,238,9828,2000,,,,,VIR,910620
31520247,238,9829,2000,,,,,VIR,910690
31526773,238,9830,2000,,,,,VIR,910700
31533299,238,9831,2000,,,,,VIR,910811
31539825,238,9832,2000,,,,,VIR,910812
31546351,238,9833,2000,,,,,VIR,910819
31552877,238,9834,2000,,,,,VIR,910820
31559403,238,9835,2000,,,,,VIR,910891
31565929,238,9836,2000,,,,,VIR,910899
31572455,238,9837,2000,,,,,VIR,910911
31578981,238,9838,2000,,,,,VIR,910919
31585507,238,9839,2000,,,,,VIR,910990
31592033,238,9840,2000,,,,,VIR,911011
31598559,238,9841,2000,,,,,VIR,911012
31605085,238,9842,2000,,,,,VIR,911019
31611611,238,9843,2000,,,,,VIR,911090
31618137,238,9844,2000,,,,,VIR,911110
31624663,238,9845,2000,,,,,VIR,911120
31631189,238,9846,2000,,,,,VIR,911180
31637715,238,9847,2000,,,,,VIR,911190
31644241,238,9848,2000,,,,,VIR,911210
31650767,238,9849,2000,,,,,VIR,911280
31657293,238,9850,2000,,,,,VIR,911290
31663819,238,9851,2000,,,,,VIR,911310
31670345,238,9852,2000,,,,,VIR,911320
31676871,238,9853,2000,,,,,VIR,911390
31683397,238,9854,2000,,,,,VIR,911410
31689923,238,9855,2000,,,,,VIR,911420
31696449,238,9856,2000,,,,,VIR,911430
31702975,238,9857,2000,,,,,VIR,911440
31709501,238,9858,2000,,,,,VIR,911490
31716027,238,9859,2000,,,,,VIR,920110
31722553,238,9860,2000,,,,,VIR,920120
31729079,238,9861,2000,,,,,VIR,920190
31735605,238,9862,2000,,,,,VIR,920210
31742131,238,9863,2000,,,,,VIR,920290
31748657,238,9864,2000,,,,,VIR,920300
31755183,238,9865,2000,,,,,VIR,920410
31761709,238,9866,2000,,,,,VIR,920420
31768235,238,9867,2000,,,,,VIR,920510
31774761,238,9868,2000,,,,,VIR,920590
31781287,238,9869,2000,,,,,VIR,920600
31787813,238,9870,2000,,,,,VIR,920710
31794339,238,9871,2000,,,,,VIR,920790
31800865,238,9872,2000,,,,,VIR,920810
31807391,238,9873,2000,,,,,VIR,920890
31813917,238,9874,2000,,,,,VIR,920910
31820443,238,9875,2000,,,,,VIR,920920
31826969,238,9876,2000,,,,,VIR,920930
31833495,238,9877,2000,,,,,VIR,920991
31840021,238,9878,2000,,,,,VIR,920992
31846547,238,9879,2000,,,,,VIR,920993
31853073,238,9880,2000,,,,,VIR,920994
31859599,238,9881,2000,,,,,VIR,920999
31866125,238,9882,2000,,,,,VIR,930100
31872651,238,9883,2000,,,,,VIR,930200
31879177,238,9884,2000,,,,,VIR,930310
31885703,238,9885,2000,,,,,VIR,930320
31892229,238,9886,2000,,,,,VIR,930330
31898755,238,9887,2000,,,,,VIR,930390
31905281,238,9888,2000,,,,,VIR,930400
31911807,238,9889,2000,,,,,VIR,930510
31918333,238,9890,2000,,,,,VIR,930521
31924859,238,9891,2000,,,,,VIR,930529
31931385,238,9892,2000,,,,,VIR,930590
31937911,238,9893,2000,,,,,VIR,930610
31944437,238,9894,2000,,,,,VIR,930621
31950963,238,9895,2000,,,,,VIR,930629
31957489,238,9896,2000,,,,,VIR,930630
31964015,238,9897,2000,,,,,VIR,930690
31970541,238,9898,2000,,,,,VIR,930700
31977067,238,9899,2000,,,,,VIR,940110
31983593,238,9900,2000,,,,,VIR,940120
31990119,238,9901,2000,,,,,VIR,940130
31996645,238,9902,2000,,,,,VIR,940140
32003171,238,9903,2000,,,,,VIR,940150
32009697,238,9904,2000,,,,,VIR,940161
32016223,238,9905,2000,,,,,VIR,940169
32022749,238,9906,2000,,,,,VIR,940171
32029275,238,9907,2000,,,,,VIR,940179
32035801,238,9908,2000,,,,,VIR,940180
32042327,238,9909,2000,,,,,VIR,940190
32048853,238,9910,2000,,,,,VIR,940210
32055379,238,9911,2000,,,,,VIR,940290
32061905,238,9912,2000,,,,,VIR,940310
32068431,238,9913,2000,,,,,VIR,940320
32074957,238,9914,2000,,,,,VIR,940330
32081483,238,9915,2000,,,,,VIR,940340
32088009,238,9916,2000,,,,,VIR,940350
32094535,238,9917,2000,,,,,VIR,940360
32101061,238,9918,2000,,,,,VIR,940370
32107587,238,9919,2000,,,,,VIR,940380
32114113,238,9920,2000,,,,,VIR,940390
32120639,238,9921,2000,,,,,VIR,940410
32127165,238,9922,2000,,,,,VIR,940421
32133691,238,9923,2000,,,,,VIR,940429
32140217,238,9924,2000,,,,,VIR,940430
32146743,238,9925,2000,,,,,VIR,940490
32153269,238,9926,2000,,,,,VIR,940510
32159795,238,9927,2000,,,,,VIR,940520
32166321,238,9928,2000,,,,,VIR,940530
32172847,238,9929,2000,,,,,VIR,940540
32179373,238,9930,2000,,,,,VIR,940550
32185899,238,9931,2000,,,,,VIR,940560
32192425,238,9932,2000,,,,,VIR,940591
32198951,238,9933,2000,,,,,VIR,940592
32205477,238,9934,2000,,,,,VIR,940599
32212003,238,9935,2000,,,,,VIR,940600
32218529,238,9936,2000,,,,,VIR,950100
32225055,238,9937,2000,,,,,VIR,950210
32231581,238,9938,2000,,,,,VIR,950291
32238107,238,9939,2000,,,,,VIR,950299
32244633,238,9940,2000,,,,,VIR,950310
32251159,238,9941,2000,,,,,VIR,950320
32257685,238,9942,2000,,,,,VIR,950330
32264211,238,9943,2000,,,,,VIR,950341
32270737,238,9944,2000,,,,,VIR,950349
32277263,238,9945,2000,,,,,VIR,950350
32283789,238,9946,2000,,,,,VIR,950360
32290315,238,9947,2000,,,,,VIR,950370
32296841,238,9948,2000,,,,,VIR,950380
32303367,238,9949,2000,,,,,VIR,950390
32309893,238,9950,2000,,,,,VIR,950410
32316419,238,9951,2000,,,,,VIR,950420
32322945,238,9952,2000,,,,,VIR,950430
32329471,238,9953,2000,,,,,VIR,950440
32335997,238,9954,2000,,,,,VIR,950490
32342523,238,9955,2000,,,,,VIR,950510
32349049,238,9956,2000,,,,,VIR,950590
32355575,238,9957,2000,,,,,VIR,950611
32362101,238,9958,2000,,,,,VIR,950612
32368627,238,9959,2000,,,,,VIR,950619
32375153,238,9960,2000,,,,,VIR,950621
32381679,238,9961,2000,,,,,VIR,950629
32388205,238,9962,2000,,,,,VIR,950631
32394731,238,9963,2000,,,,,VIR,950632
32401257,238,9964,2000,,,,,VIR,950639
32407783,238,9965,2000,,,,,VIR,950640
32414309,238,9966,2000,,,,,VIR,950651
32420835,238,9967,2000,,,,,VIR,950659
32427361,238,9968,2000,,,,,VIR,950661
32433887,238,9969,2000,,,,,VIR,950662
32440413,238,9970,2000,,,,,VIR,950669
32446939,238,9971,2000,,,,,VIR,950670
32453465,238,9972,2000,,,,,VIR,950691
32459991,238,9973,2000,,,,,VIR,950699
32466517,238,9974,2000,,,,,VIR,950710
32473043,238,9975,2000,,,,,VIR,950720
32479569,238,9976,2000,,,,,VIR,950730
32486095,238,9977,2000,,,,,VIR,950790
32492621,238,9978,2000,,,,,VIR,950800
32499147,238,9979,2000,,,,,VIR,960110
32505673,238,9980,2000,,,,,VIR,960190
32512199,238,9981,2000,,,,,VIR,960200
32518725,238,9982,2000,,,,,VIR,960310
32525251,238,9983,2000,,,,,VIR,960321
32531777,238,9984,2000,,,,,VIR,960329
32538303,238,9985,2000,,,,,VIR,960330
32544829,238,9986,2000,,,,,VIR,960340
32551355,238,9987,2000,,,,,VIR,960350
32557881,238,9988,2000,,,,,VIR,960390
32564407,238,9989,2000,,,,,VIR,960400
32570933,238,9990,2000,,,,,VIR,960500
32577459,238,9991,2000,,,,,VIR,960610
32583985,238,9992,2000,,,,,VIR,960621
32590511,238,9993,2000,,,,,VIR,960622
32597037,238,9994,2000,,,,,VIR,960629
32603563,238,9995,2000,,,,,VIR,960630
32610089,238,9996,2000,,,,,VIR,960711
32616615,238,9997,2000,,,,,VIR,960719
32623141,238,9998,2000,,,,,VIR,960720
32629667,238,9999,2000,,,,,VIR,960810
32636193,238,10000,2000,,,,,VIR,960820
32642719,238,10001,2000,,,,,VIR,960831
32649245,238,10002,2000,,,,,VIR,960839
32655771,238,10003,2000,,,,,VIR,960840
32662297,238,10004,2000,,,,,VIR,960850
32668823,238,10005,2000,,,,,VIR,960860
32675349,238,10006,2000,,,,,VIR,960891
32681875,238,10007,2000,,,,,VIR,960899
32688401,238,10008,2000,,,,,VIR,960910
32694927,238,10009,2000,,,,,VIR,960920
32701453,238,10010,2000,,,,,VIR,960990
32707979,238,10011,2000,,,,,VIR,961000
32714505,238,10012,2000,,,,,VIR,961100
32721031,238,10013,2000,,,,,VIR,961210
32727557,238,10014,2000,,,,,VIR,961220
32734083,238,10015,2000,,,,,VIR,961310
32740609,238,10016,2000,,,,,VIR,961320
32747135,238,10017,2000,,,,,VIR,961330
32753661,238,10018,2000,,,,,VIR,961380
32760187,238,10019,2000,,,,,VIR,961390
32766713,238,10020,2000,,,,,VIR,961410
32773239,238,10021,2000,,,,,VIR,961420
32779765,238,10022,2000,,,,,VIR,961490
32786291,238,10023,2000,,,,,VIR,961511
32792817,238,10024,2000,,,,,VIR,961519
32799343,238,10025,2000,,,,,VIR,961590
32805869,238,10026,2000,,,,,VIR,961610
32812395,238,10027,2000,,,,,VIR,961620
32818921,238,10028,2000,,,,,VIR,961700
32825447,238,10029,2000,,,,,VIR,961800
32831973,238,10030,2000,,,,,VIR,970110
32838499,238,10031,2000,,,,,VIR,970190
32845025,238,10032,2000,,,,,VIR,970200
32851551,238,10033,2000,,,,,VIR,970300
32858077,238,10034,2000,,,,,VIR,970400
32864603,238,10035,2000,,,,,VIR,970500
32871129,238,10036,2000,,,,,VIR,970600
32877655,238,10037,2000,,,,,VIR,999999
32884181,238,10038,2000,,,,,VIR,9999AA
32890707,238,10039,2000,,,,,VIR,XXXXXX
