,location_id,product_id,year,export_value,import_value,hs_eci,hs_coi,location_code,hs_product_code
4937,189,5000,2018,,,,,SCG,010111
11463,189,5001,2018,,,,,SCG,010119
17989,189,5002,2018,,,,,SCG,010120
24515,189,5003,2018,,,,,SCG,010210
31041,189,5004,2018,,,,,SCG,010290
37567,189,5005,2018,,,,,SCG,010310
44093,189,5006,2018,,,,,SCG,010391
50619,189,5007,2018,,,,,SCG,010392
57145,189,5008,2018,,,,,SCG,010410
63671,189,5009,2018,,,,,SCG,010420
70197,189,5010,2018,,,,,SCG,010511
76723,189,5011,2018,,,,,SCG,010519
83249,189,5012,2018,,,,,SCG,010591
89775,189,5013,2018,,,,,SCG,010599
96301,189,5014,2018,,,,,SCG,010600
102827,189,5015,2018,,,,,SCG,020110
109353,189,5016,2018,,,,,SCG,020120
115879,189,5017,2018,,,,,SCG,020130
122405,189,5018,2018,,,,,SCG,020210
128931,189,5019,2018,,,,,SCG,020220
135457,189,5020,2018,,,,,SCG,020230
141983,189,5021,2018,,,,,SCG,020311
148509,189,5022,2018,,,,,SCG,020312
155035,189,5023,2018,,,,,SCG,020319
161561,189,5024,2018,,,,,SCG,020321
168087,189,5025,2018,,,,,SCG,020322
174613,189,5026,2018,,,,,SCG,020329
181139,189,5027,2018,,,,,SCG,020410
187665,189,5028,2018,,,,,SCG,020421
194191,189,5029,2018,,,,,SCG,020422
200717,189,5030,2018,,,,,SCG,020423
207243,189,5031,2018,,,,,SCG,020430
213769,189,5032,2018,,,,,SCG,020441
220295,189,5033,2018,,,,,SCG,020442
226821,189,5034,2018,,,,,SCG,020443
233347,189,5035,2018,,,,,SCG,020450
239873,189,5036,2018,,,,,SCG,020500
246399,189,5037,2018,,,,,SCG,020610
252925,189,5038,2018,,,,,SCG,020621
259451,189,5039,2018,,,,,SCG,020622
265977,189,5040,2018,,,,,SCG,020629
272503,189,5041,2018,,,,,SCG,020630
279029,189,5042,2018,,,,,SCG,020641
285555,189,5043,2018,,,,,SCG,020649
292081,189,5044,2018,,,,,SCG,020680
298607,189,5045,2018,,,,,SCG,020690
305133,189,5046,2018,,,,,SCG,020710
311659,189,5047,2018,,,,,SCG,020721
318185,189,5048,2018,,,,,SCG,020722
324711,189,5049,2018,,,,,SCG,020723
331237,189,5050,2018,,,,,SCG,020731
337763,189,5051,2018,,,,,SCG,020739
344289,189,5052,2018,,,,,SCG,020741
350815,189,5053,2018,,,,,SCG,020742
357341,189,5054,2018,,,,,SCG,020743
363867,189,5055,2018,,,,,SCG,020750
370393,189,5056,2018,,,,,SCG,020810
376919,189,5057,2018,,,,,SCG,020820
383445,189,5058,2018,,,,,SCG,020890
389971,189,5059,2018,,,,,SCG,020900
396497,189,5060,2018,,,,,SCG,021011
403023,189,5061,2018,,,,,SCG,021012
409549,189,5062,2018,,,,,SCG,021019
416075,189,5063,2018,,,,,SCG,021020
422601,189,5064,2018,,,,,SCG,021090
429127,189,5065,2018,,,,,SCG,030110
435653,189,5066,2018,,,,,SCG,030191
442179,189,5067,2018,,,,,SCG,030192
448705,189,5068,2018,,,,,SCG,030193
455231,189,5069,2018,,,,,SCG,030199
461757,189,5070,2018,,,,,SCG,030211
468283,189,5071,2018,,,,,SCG,030212
474809,189,5072,2018,,,,,SCG,030219
481335,189,5073,2018,,,,,SCG,030221
487861,189,5074,2018,,,,,SCG,030222
494387,189,5075,2018,,,,,SCG,030223
500913,189,5076,2018,,,,,SCG,030229
507439,189,5077,2018,,,,,SCG,030231
513965,189,5078,2018,,,,,SCG,030232
520491,189,5079,2018,,,,,SCG,030233
527017,189,5080,2018,,,,,SCG,030239
533543,189,5081,2018,,,,,SCG,030240
540069,189,5082,2018,,,,,SCG,030250
546595,189,5083,2018,,,,,SCG,030261
553121,189,5084,2018,,,,,SCG,030262
559647,189,5085,2018,,,,,SCG,030263
566173,189,5086,2018,,,,,SCG,030264
572699,189,5087,2018,,,,,SCG,030265
579225,189,5088,2018,,,,,SCG,030266
585751,189,5089,2018,,,,,SCG,030269
592277,189,5090,2018,,,,,SCG,030270
598803,189,5091,2018,,,,,SCG,030310
605329,189,5092,2018,,,,,SCG,030321
611855,189,5093,2018,,,,,SCG,030322
618381,189,5094,2018,,,,,SCG,030329
624907,189,5095,2018,,,,,SCG,030331
631433,189,5096,2018,,,,,SCG,030332
637959,189,5097,2018,,,,,SCG,030333
644485,189,5098,2018,,,,,SCG,030339
651011,189,5099,2018,,,,,SCG,030341
657537,189,5100,2018,,,,,SCG,030342
664063,189,5101,2018,,,,,SCG,030343
670589,189,5102,2018,,,,,SCG,030349
677115,189,5103,2018,,,,,SCG,030350
683641,189,5104,2018,,,,,SCG,030360
690167,189,5105,2018,,,,,SCG,030371
696693,189,5106,2018,,,,,SCG,030372
703219,189,5107,2018,,,,,SCG,030373
709745,189,5108,2018,,,,,SCG,030374
716271,189,5109,2018,,,,,SCG,030375
722797,189,5110,2018,,,,,SCG,030376
729323,189,5111,2018,,,,,SCG,030377
735849,189,5112,2018,,,,,SCG,030378
742375,189,5113,2018,,,,,SCG,030379
748901,189,5114,2018,,,,,SCG,030380
755427,189,5115,2018,,,,,SCG,030410
761953,189,5116,2018,,,,,SCG,030420
768479,189,5117,2018,,,,,SCG,030490
775005,189,5118,2018,,,,,SCG,030510
781531,189,5119,2018,,,,,SCG,030520
788057,189,5120,2018,,,,,SCG,030530
794583,189,5121,2018,,,,,SCG,030541
801109,189,5122,2018,,,,,SCG,030542
807635,189,5123,2018,,,,,SCG,030549
814161,189,5124,2018,,,,,SCG,030551
820687,189,5125,2018,,,,,SCG,030559
827213,189,5126,2018,,,,,SCG,030561
833739,189,5127,2018,,,,,SCG,030562
840265,189,5128,2018,,,,,SCG,030563
846791,189,5129,2018,,,,,SCG,030569
853317,189,5130,2018,,,,,SCG,030611
859843,189,5131,2018,,,,,SCG,030612
866369,189,5132,2018,,,,,SCG,030613
872895,189,5133,2018,,,,,SCG,030614
879421,189,5134,2018,,,,,SCG,030619
885947,189,5135,2018,,,,,SCG,030621
892473,189,5136,2018,,,,,SCG,030622
898999,189,5137,2018,,,,,SCG,030623
905525,189,5138,2018,,,,,SCG,030624
912051,189,5139,2018,,,,,SCG,030629
918577,189,5140,2018,,,,,SCG,030710
925103,189,5141,2018,,,,,SCG,030721
931629,189,5142,2018,,,,,SCG,030729
938155,189,5143,2018,,,,,SCG,030731
944681,189,5144,2018,,,,,SCG,030739
951207,189,5145,2018,,,,,SCG,030741
957733,189,5146,2018,,,,,SCG,030749
964259,189,5147,2018,,,,,SCG,030751
970785,189,5148,2018,,,,,SCG,030759
977311,189,5149,2018,,,,,SCG,030760
983837,189,5150,2018,,,,,SCG,030791
990363,189,5151,2018,,,,,SCG,030799
996889,189,5152,2018,,,,,SCG,040110
1003415,189,5153,2018,,,,,SCG,040120
1009941,189,5154,2018,,,,,SCG,040130
1016467,189,5155,2018,,,,,SCG,040210
1022993,189,5156,2018,,,,,SCG,040221
1029519,189,5157,2018,,,,,SCG,040229
1036045,189,5158,2018,,,,,SCG,040291
1042571,189,5159,2018,,,,,SCG,040299
1049097,189,5160,2018,,,,,SCG,040310
1055623,189,5161,2018,,,,,SCG,040390
1062149,189,5162,2018,,,,,SCG,040410
1068675,189,5163,2018,,,,,SCG,040490
1075201,189,5164,2018,,,,,SCG,040500
1081727,189,5165,2018,,,,,SCG,040610
1088253,189,5166,2018,,,,,SCG,040620
1094779,189,5167,2018,,,,,SCG,040630
1101305,189,5168,2018,,,,,SCG,040640
1107831,189,5169,2018,,,,,SCG,040690
1114357,189,5170,2018,,,,,SCG,040700
1120883,189,5171,2018,,,,,SCG,040811
1127409,189,5172,2018,,,,,SCG,040819
1133935,189,5173,2018,,,,,SCG,040891
1140461,189,5174,2018,,,,,SCG,040899
1146987,189,5175,2018,,,,,SCG,040900
1153513,189,5176,2018,,,,,SCG,041000
1160039,189,5177,2018,,,,,SCG,050100
1166565,189,5178,2018,,,,,SCG,050210
1173091,189,5179,2018,,,,,SCG,050290
1179617,189,5180,2018,,,,,SCG,050300
1186143,189,5181,2018,,,,,SCG,050400
1192669,189,5182,2018,,,,,SCG,050510
1199195,189,5183,2018,,,,,SCG,050590
1205721,189,5184,2018,,,,,SCG,050610
1212247,189,5185,2018,,,,,SCG,050690
1218773,189,5186,2018,,,,,SCG,050710
1225299,189,5187,2018,,,,,SCG,050790
1231825,189,5188,2018,,,,,SCG,050800
1238351,189,5189,2018,,,,,SCG,050900
1244877,189,5190,2018,,,,,SCG,051000
1251403,189,5191,2018,,,,,SCG,051110
1257929,189,5192,2018,,,,,SCG,051191
1264455,189,5193,2018,,,,,SCG,051199
1270981,189,5194,2018,,,,,SCG,060110
1277507,189,5195,2018,,,,,SCG,060120
1284033,189,5196,2018,,,,,SCG,060210
1290559,189,5197,2018,,,,,SCG,060220
1297085,189,5198,2018,,,,,SCG,060230
1303611,189,5199,2018,,,,,SCG,060240
1310137,189,5200,2018,,,,,SCG,060291
1316663,189,5201,2018,,,,,SCG,060299
1323189,189,5202,2018,,,,,SCG,060310
1329715,189,5203,2018,,,,,SCG,060390
1336241,189,5204,2018,,,,,SCG,060410
1342767,189,5205,2018,,,,,SCG,060491
1349293,189,5206,2018,,,,,SCG,060499
1355819,189,5207,2018,,,,,SCG,070110
1362345,189,5208,2018,,,,,SCG,070190
1368871,189,5209,2018,,,,,SCG,070200
1375397,189,5210,2018,,,,,SCG,070310
1381923,189,5211,2018,,,,,SCG,070320
1388449,189,5212,2018,,,,,SCG,070390
1394975,189,5213,2018,,,,,SCG,070410
1401501,189,5214,2018,,,,,SCG,070420
1408027,189,5215,2018,,,,,SCG,070490
1414553,189,5216,2018,,,,,SCG,070511
1421079,189,5217,2018,,,,,SCG,070519
1427605,189,5218,2018,,,,,SCG,070521
1434131,189,5219,2018,,,,,SCG,070529
1440657,189,5220,2018,,,,,SCG,070610
1447183,189,5221,2018,,,,,SCG,070690
1453709,189,5222,2018,,,,,SCG,070700
1460235,189,5223,2018,,,,,SCG,070810
1466761,189,5224,2018,,,,,SCG,070820
1473287,189,5225,2018,,,,,SCG,070890
1479813,189,5226,2018,,,,,SCG,070910
1486339,189,5227,2018,,,,,SCG,070920
1492865,189,5228,2018,,,,,SCG,070930
1499391,189,5229,2018,,,,,SCG,070940
1505917,189,5230,2018,,,,,SCG,070951
1512443,189,5231,2018,,,,,SCG,070952
1518969,189,5232,2018,,,,,SCG,070960
1525495,189,5233,2018,,,,,SCG,070970
1532021,189,5234,2018,,,,,SCG,070990
1538547,189,5235,2018,,,,,SCG,071010
1545073,189,5236,2018,,,,,SCG,071021
1551599,189,5237,2018,,,,,SCG,071022
1558125,189,5238,2018,,,,,SCG,071029
1564651,189,5239,2018,,,,,SCG,071030
1571177,189,5240,2018,,,,,SCG,071040
1577703,189,5241,2018,,,,,SCG,071080
1584229,189,5242,2018,,,,,SCG,071090
1590755,189,5243,2018,,,,,SCG,071110
1597281,189,5244,2018,,,,,SCG,071120
1603807,189,5245,2018,,,,,SCG,071130
1610333,189,5246,2018,,,,,SCG,071140
1616859,189,5247,2018,,,,,SCG,071190
1623385,189,5248,2018,,,,,SCG,071210
1629911,189,5249,2018,,,,,SCG,071220
1636437,189,5250,2018,,,,,SCG,071230
1642963,189,5251,2018,,,,,SCG,071290
1649489,189,5252,2018,,,,,SCG,071310
1656015,189,5253,2018,,,,,SCG,071320
1662541,189,5254,2018,,,,,SCG,071331
1669067,189,5255,2018,,,,,SCG,071332
1675593,189,5256,2018,,,,,SCG,071333
1682119,189,5257,2018,,,,,SCG,071339
1688645,189,5258,2018,,,,,SCG,071340
1695171,189,5259,2018,,,,,SCG,071350
1701697,189,5260,2018,,,,,SCG,071390
1708223,189,5261,2018,,,,,SCG,071410
1714749,189,5262,2018,,,,,SCG,071420
1721275,189,5263,2018,,,,,SCG,071490
1727801,189,5264,2018,,,,,SCG,080110
1734327,189,5265,2018,,,,,SCG,080120
1740853,189,5266,2018,,,,,SCG,080130
1747379,189,5267,2018,,,,,SCG,080211
1753905,189,5268,2018,,,,,SCG,080212
1760431,189,5269,2018,,,,,SCG,080221
1766957,189,5270,2018,,,,,SCG,080222
1773483,189,5271,2018,,,,,SCG,080231
1780009,189,5272,2018,,,,,SCG,080232
1786535,189,5273,2018,,,,,SCG,080240
1793061,189,5274,2018,,,,,SCG,080250
1799587,189,5275,2018,,,,,SCG,080290
1806113,189,5276,2018,,,,,SCG,080300
1812639,189,5277,2018,,,,,SCG,080410
1819165,189,5278,2018,,,,,SCG,080420
1825691,189,5279,2018,,,,,SCG,080430
1832217,189,5280,2018,,,,,SCG,080440
1838743,189,5281,2018,,,,,SCG,080450
1845269,189,5282,2018,,,,,SCG,080510
1851795,189,5283,2018,,,,,SCG,080520
1858321,189,5284,2018,,,,,SCG,080530
1864847,189,5285,2018,,,,,SCG,080540
1871373,189,5286,2018,,,,,SCG,080590
1877899,189,5287,2018,,,,,SCG,080610
1884425,189,5288,2018,,,,,SCG,080620
1890951,189,5289,2018,,,,,SCG,080710
1897477,189,5290,2018,,,,,SCG,080720
1904003,189,5291,2018,,,,,SCG,080810
1910529,189,5292,2018,,,,,SCG,080820
1917055,189,5293,2018,,,,,SCG,080910
1923581,189,5294,2018,,,,,SCG,080920
1930107,189,5295,2018,,,,,SCG,080930
1936633,189,5296,2018,,,,,SCG,080940
1943159,189,5297,2018,,,,,SCG,081010
1949685,189,5298,2018,,,,,SCG,081020
1956211,189,5299,2018,,,,,SCG,081030
1962737,189,5300,2018,,,,,SCG,081040
1969263,189,5301,2018,,,,,SCG,081090
1975789,189,5302,2018,,,,,SCG,081110
1982315,189,5303,2018,,,,,SCG,081120
1988841,189,5304,2018,,,,,SCG,081190
1995367,189,5305,2018,,,,,SCG,081210
2001893,189,5306,2018,,,,,SCG,081220
2008419,189,5307,2018,,,,,SCG,081290
2014945,189,5308,2018,,,,,SCG,081310
2021471,189,5309,2018,,,,,SCG,081320
2027997,189,5310,2018,,,,,SCG,081330
2034523,189,5311,2018,,,,,SCG,081340
2041049,189,5312,2018,,,,,SCG,081350
2047575,189,5313,2018,,,,,SCG,081400
2054101,189,5314,2018,,,,,SCG,090111
2060627,189,5315,2018,,,,,SCG,090112
2067153,189,5316,2018,,,,,SCG,090121
2073679,189,5317,2018,,,,,SCG,090122
2080205,189,5318,2018,,,,,SCG,090130
2086731,189,5319,2018,,,,,SCG,090140
2093257,189,5320,2018,,,,,SCG,090210
2099783,189,5321,2018,,,,,SCG,090220
2106309,189,5322,2018,,,,,SCG,090230
2112835,189,5323,2018,,,,,SCG,090240
2119361,189,5324,2018,,,,,SCG,090300
2125887,189,5325,2018,,,,,SCG,090411
2132413,189,5326,2018,,,,,SCG,090412
2138939,189,5327,2018,,,,,SCG,090420
2145465,189,5328,2018,,,,,SCG,090500
2151991,189,5329,2018,,,,,SCG,090610
2158517,189,5330,2018,,,,,SCG,090620
2165043,189,5331,2018,,,,,SCG,090700
2171569,189,5332,2018,,,,,SCG,090810
2178095,189,5333,2018,,,,,SCG,090820
2184621,189,5334,2018,,,,,SCG,090830
2191147,189,5335,2018,,,,,SCG,090910
2197673,189,5336,2018,,,,,SCG,090920
2204199,189,5337,2018,,,,,SCG,090930
2210725,189,5338,2018,,,,,SCG,090940
2217251,189,5339,2018,,,,,SCG,090950
2223777,189,5340,2018,,,,,SCG,091010
2230303,189,5341,2018,,,,,SCG,091020
2236829,189,5342,2018,,,,,SCG,091030
2243355,189,5343,2018,,,,,SCG,091040
2249881,189,5344,2018,,,,,SCG,091050
2256407,189,5345,2018,,,,,SCG,091091
2262933,189,5346,2018,,,,,SCG,091099
2269459,189,5347,2018,,,,,SCG,100110
2275985,189,5348,2018,,,,,SCG,100190
2282511,189,5349,2018,,,,,SCG,100200
2289037,189,5350,2018,,,,,SCG,100300
2295563,189,5351,2018,,,,,SCG,100400
2302089,189,5352,2018,,,,,SCG,100510
2308615,189,5353,2018,,,,,SCG,100590
2315141,189,5354,2018,,,,,SCG,100610
2321667,189,5355,2018,,,,,SCG,100620
2328193,189,5356,2018,,,,,SCG,100630
2334719,189,5357,2018,,,,,SCG,100640
2341245,189,5358,2018,,,,,SCG,100700
2347771,189,5359,2018,,,,,SCG,100810
2354297,189,5360,2018,,,,,SCG,100820
2360823,189,5361,2018,,,,,SCG,100830
2367349,189,5362,2018,,,,,SCG,100890
2373875,189,5363,2018,,,,,SCG,110100
2380401,189,5364,2018,,,,,SCG,110210
2386927,189,5365,2018,,,,,SCG,110220
2393453,189,5366,2018,,,,,SCG,110230
2399979,189,5367,2018,,,,,SCG,110290
2406505,189,5368,2018,,,,,SCG,110311
2413031,189,5369,2018,,,,,SCG,110312
2419557,189,5370,2018,,,,,SCG,110313
2426083,189,5371,2018,,,,,SCG,110314
2432609,189,5372,2018,,,,,SCG,110319
2439135,189,5373,2018,,,,,SCG,110321
2445661,189,5374,2018,,,,,SCG,110329
2452187,189,5375,2018,,,,,SCG,110411
2458713,189,5376,2018,,,,,SCG,110412
2465239,189,5377,2018,,,,,SCG,110419
2471765,189,5378,2018,,,,,SCG,110421
2478291,189,5379,2018,,,,,SCG,110422
2484817,189,5380,2018,,,,,SCG,110423
2491343,189,5381,2018,,,,,SCG,110429
2497869,189,5382,2018,,,,,SCG,110430
2504395,189,5383,2018,,,,,SCG,110510
2510921,189,5384,2018,,,,,SCG,110520
2517447,189,5385,2018,,,,,SCG,110610
2523973,189,5386,2018,,,,,SCG,110620
2530499,189,5387,2018,,,,,SCG,110630
2537025,189,5388,2018,,,,,SCG,110710
2543551,189,5389,2018,,,,,SCG,110720
2550077,189,5390,2018,,,,,SCG,110811
2556603,189,5391,2018,,,,,SCG,110812
2563129,189,5392,2018,,,,,SCG,110813
2569655,189,5393,2018,,,,,SCG,110814
2576181,189,5394,2018,,,,,SCG,110819
2582707,189,5395,2018,,,,,SCG,110820
2589233,189,5396,2018,,,,,SCG,110900
2595759,189,5397,2018,,,,,SCG,120100
2602285,189,5398,2018,,,,,SCG,120210
2608811,189,5399,2018,,,,,SCG,120220
2615337,189,5400,2018,,,,,SCG,120300
2621863,189,5401,2018,,,,,SCG,120400
2628389,189,5402,2018,,,,,SCG,120500
2634915,189,5403,2018,,,,,SCG,120600
2641441,189,5404,2018,,,,,SCG,120710
2647967,189,5405,2018,,,,,SCG,120720
2654493,189,5406,2018,,,,,SCG,120730
2661019,189,5407,2018,,,,,SCG,120740
2667545,189,5408,2018,,,,,SCG,120750
2674071,189,5409,2018,,,,,SCG,120760
2680597,189,5410,2018,,,,,SCG,120791
2687123,189,5411,2018,,,,,SCG,120792
2693649,189,5412,2018,,,,,SCG,120799
2700175,189,5413,2018,,,,,SCG,120810
2706701,189,5414,2018,,,,,SCG,120890
2713227,189,5415,2018,,,,,SCG,120911
2719753,189,5416,2018,,,,,SCG,120919
2726279,189,5417,2018,,,,,SCG,120921
2732805,189,5418,2018,,,,,SCG,120922
2739331,189,5419,2018,,,,,SCG,120923
2745857,189,5420,2018,,,,,SCG,120924
2752383,189,5421,2018,,,,,SCG,120925
2758909,189,5422,2018,,,,,SCG,120926
2765435,189,5423,2018,,,,,SCG,120929
2771961,189,5424,2018,,,,,SCG,120930
2778487,189,5425,2018,,,,,SCG,120991
2785013,189,5426,2018,,,,,SCG,120999
2791539,189,5427,2018,,,,,SCG,121010
2798065,189,5428,2018,,,,,SCG,121020
2804591,189,5429,2018,,,,,SCG,121110
2811117,189,5430,2018,,,,,SCG,121120
2817643,189,5431,2018,,,,,SCG,121190
2824169,189,5432,2018,,,,,SCG,121210
2830695,189,5433,2018,,,,,SCG,121220
2837221,189,5434,2018,,,,,SCG,121230
2843747,189,5435,2018,,,,,SCG,121291
2850273,189,5436,2018,,,,,SCG,121292
2856799,189,5437,2018,,,,,SCG,121299
2863325,189,5438,2018,,,,,SCG,121300
2869851,189,5439,2018,,,,,SCG,121410
2876377,189,5440,2018,,,,,SCG,121490
2882903,189,5441,2018,,,,,SCG,130110
2889429,189,5442,2018,,,,,SCG,130120
2895955,189,5443,2018,,,,,SCG,130190
2902481,189,5444,2018,,,,,SCG,130211
2909007,189,5445,2018,,,,,SCG,130212
2915533,189,5446,2018,,,,,SCG,130213
2922059,189,5447,2018,,,,,SCG,130214
2928585,189,5448,2018,,,,,SCG,130219
2935111,189,5449,2018,,,,,SCG,130220
2941637,189,5450,2018,,,,,SCG,130231
2948163,189,5451,2018,,,,,SCG,130232
2954689,189,5452,2018,,,,,SCG,130239
2961215,189,5453,2018,,,,,SCG,140110
2967741,189,5454,2018,,,,,SCG,140120
2974267,189,5455,2018,,,,,SCG,140190
2980793,189,5456,2018,,,,,SCG,140210
2987319,189,5457,2018,,,,,SCG,140291
2993845,189,5458,2018,,,,,SCG,140299
3000371,189,5459,2018,,,,,SCG,140310
3006897,189,5460,2018,,,,,SCG,140390
3013423,189,5461,2018,,,,,SCG,140410
3019949,189,5462,2018,,,,,SCG,140420
3026475,189,5463,2018,,,,,SCG,140490
3033001,189,5464,2018,,,,,SCG,150100
3039527,189,5465,2018,,,,,SCG,150200
3046053,189,5466,2018,,,,,SCG,150300
3052579,189,5467,2018,,,,,SCG,150410
3059105,189,5468,2018,,,,,SCG,150420
3065631,189,5469,2018,,,,,SCG,150430
3072157,189,5470,2018,,,,,SCG,150510
3078683,189,5471,2018,,,,,SCG,150590
3085209,189,5472,2018,,,,,SCG,150600
3091735,189,5473,2018,,,,,SCG,150710
3098261,189,5474,2018,,,,,SCG,150790
3104787,189,5475,2018,,,,,SCG,150810
3111313,189,5476,2018,,,,,SCG,150890
3117839,189,5477,2018,,,,,SCG,150910
3124365,189,5478,2018,,,,,SCG,150990
3130891,189,5479,2018,,,,,SCG,151000
3137417,189,5480,2018,,,,,SCG,151110
3143943,189,5481,2018,,,,,SCG,151190
3150469,189,5482,2018,,,,,SCG,151211
3156995,189,5483,2018,,,,,SCG,151219
3163521,189,5484,2018,,,,,SCG,151221
3170047,189,5485,2018,,,,,SCG,151229
3176573,189,5486,2018,,,,,SCG,151311
3183099,189,5487,2018,,,,,SCG,151319
3189625,189,5488,2018,,,,,SCG,151321
3196151,189,5489,2018,,,,,SCG,151329
3202677,189,5490,2018,,,,,SCG,151410
3209203,189,5491,2018,,,,,SCG,151490
3215729,189,5492,2018,,,,,SCG,151511
3222255,189,5493,2018,,,,,SCG,151519
3228781,189,5494,2018,,,,,SCG,151521
3235307,189,5495,2018,,,,,SCG,151529
3241833,189,5496,2018,,,,,SCG,151530
3248359,189,5497,2018,,,,,SCG,151540
3254885,189,5498,2018,,,,,SCG,151550
3261411,189,5499,2018,,,,,SCG,151560
3267937,189,5500,2018,,,,,SCG,151590
3274463,189,5501,2018,,,,,SCG,151610
3280989,189,5502,2018,,,,,SCG,151620
3287515,189,5503,2018,,,,,SCG,151710
3294041,189,5504,2018,,,,,SCG,151790
3300567,189,5505,2018,,,,,SCG,151800
3307093,189,5506,2018,,,,,SCG,151911
3313619,189,5507,2018,,,,,SCG,151912
3320145,189,5508,2018,,,,,SCG,151913
3326671,189,5509,2018,,,,,SCG,151919
3333197,189,5510,2018,,,,,SCG,151920
3339723,189,5511,2018,,,,,SCG,151930
3346249,189,5512,2018,,,,,SCG,152010
3352775,189,5513,2018,,,,,SCG,152090
3359301,189,5514,2018,,,,,SCG,152110
3365827,189,5515,2018,,,,,SCG,152190
3372353,189,5516,2018,,,,,SCG,152200
3378879,189,5517,2018,,,,,SCG,160100
3385405,189,5518,2018,,,,,SCG,160210
3391931,189,5519,2018,,,,,SCG,160220
3398457,189,5520,2018,,,,,SCG,160231
3404983,189,5521,2018,,,,,SCG,160239
3411509,189,5522,2018,,,,,SCG,160241
3418035,189,5523,2018,,,,,SCG,160242
3424561,189,5524,2018,,,,,SCG,160249
3431087,189,5525,2018,,,,,SCG,160250
3437613,189,5526,2018,,,,,SCG,160290
3444139,189,5527,2018,,,,,SCG,160300
3450665,189,5528,2018,,,,,SCG,160411
3457191,189,5529,2018,,,,,SCG,160412
3463717,189,5530,2018,,,,,SCG,160413
3470243,189,5531,2018,,,,,SCG,160414
3476769,189,5532,2018,,,,,SCG,160415
3483295,189,5533,2018,,,,,SCG,160416
3489821,189,5534,2018,,,,,SCG,160419
3496347,189,5535,2018,,,,,SCG,160420
3502873,189,5536,2018,,,,,SCG,160430
3509399,189,5537,2018,,,,,SCG,160510
3515925,189,5538,2018,,,,,SCG,160520
3522451,189,5539,2018,,,,,SCG,160530
3528977,189,5540,2018,,,,,SCG,160540
3535503,189,5541,2018,,,,,SCG,160590
3542029,189,5542,2018,,,,,SCG,170111
3548555,189,5543,2018,,,,,SCG,170112
3555081,189,5544,2018,,,,,SCG,170191
3561607,189,5545,2018,,,,,SCG,170199
3568133,189,5546,2018,,,,,SCG,170210
3574659,189,5547,2018,,,,,SCG,170220
3581185,189,5548,2018,,,,,SCG,170230
3587711,189,5549,2018,,,,,SCG,170240
3594237,189,5550,2018,,,,,SCG,170250
3600763,189,5551,2018,,,,,SCG,170260
3607289,189,5552,2018,,,,,SCG,170290
3613815,189,5553,2018,,,,,SCG,170310
3620341,189,5554,2018,,,,,SCG,170390
3626867,189,5555,2018,,,,,SCG,170410
3633393,189,5556,2018,,,,,SCG,170490
3639919,189,5557,2018,,,,,SCG,180100
3646445,189,5558,2018,,,,,SCG,180200
3652971,189,5559,2018,,,,,SCG,180310
3659497,189,5560,2018,,,,,SCG,180320
3666023,189,5561,2018,,,,,SCG,180400
3672549,189,5562,2018,,,,,SCG,180500
3679075,189,5563,2018,,,,,SCG,180610
3685601,189,5564,2018,,,,,SCG,180620
3692127,189,5565,2018,,,,,SCG,180631
3698653,189,5566,2018,,,,,SCG,180632
3705179,189,5567,2018,,,,,SCG,180690
3711705,189,5568,2018,,,,,SCG,190110
3718231,189,5569,2018,,,,,SCG,190120
3724757,189,5570,2018,,,,,SCG,190190
3731283,189,5571,2018,,,,,SCG,190211
3737809,189,5572,2018,,,,,SCG,190219
3744335,189,5573,2018,,,,,SCG,190220
3750861,189,5574,2018,,,,,SCG,190230
3757387,189,5575,2018,,,,,SCG,190240
3763913,189,5576,2018,,,,,SCG,190300
3770439,189,5577,2018,,,,,SCG,190410
3776965,189,5578,2018,,,,,SCG,190490
3783491,189,5579,2018,,,,,SCG,190510
3790017,189,5580,2018,,,,,SCG,190520
3796543,189,5581,2018,,,,,SCG,190530
3803069,189,5582,2018,,,,,SCG,190540
3809595,189,5583,2018,,,,,SCG,190590
3816121,189,5584,2018,,,,,SCG,200110
3822647,189,5585,2018,,,,,SCG,200120
3829173,189,5586,2018,,,,,SCG,200190
3835699,189,5587,2018,,,,,SCG,200210
3842225,189,5588,2018,,,,,SCG,200290
3848751,189,5589,2018,,,,,SCG,200310
3855277,189,5590,2018,,,,,SCG,200320
3861803,189,5591,2018,,,,,SCG,200410
3868329,189,5592,2018,,,,,SCG,200490
3874855,189,5593,2018,,,,,SCG,200510
3881381,189,5594,2018,,,,,SCG,200520
3887907,189,5595,2018,,,,,SCG,200530
3894433,189,5596,2018,,,,,SCG,200540
3900959,189,5597,2018,,,,,SCG,200551
3907485,189,5598,2018,,,,,SCG,200559
3914011,189,5599,2018,,,,,SCG,200560
3920537,189,5600,2018,,,,,SCG,200570
3927063,189,5601,2018,,,,,SCG,200580
3933589,189,5602,2018,,,,,SCG,200590
3940115,189,5603,2018,,,,,SCG,200600
3946641,189,5604,2018,,,,,SCG,200710
3953167,189,5605,2018,,,,,SCG,200791
3959693,189,5606,2018,,,,,SCG,200799
3966219,189,5607,2018,,,,,SCG,200811
3972745,189,5608,2018,,,,,SCG,200819
3979271,189,5609,2018,,,,,SCG,200820
3985797,189,5610,2018,,,,,SCG,200830
3992323,189,5611,2018,,,,,SCG,200840
3998849,189,5612,2018,,,,,SCG,200850
4005375,189,5613,2018,,,,,SCG,200860
4011901,189,5614,2018,,,,,SCG,200870
4018427,189,5615,2018,,,,,SCG,200880
4024953,189,5616,2018,,,,,SCG,200891
4031479,189,5617,2018,,,,,SCG,200892
4038005,189,5618,2018,,,,,SCG,200899
4044531,189,5619,2018,,,,,SCG,200911
4051057,189,5620,2018,,,,,SCG,200919
4057583,189,5621,2018,,,,,SCG,200920
4064109,189,5622,2018,,,,,SCG,200930
4070635,189,5623,2018,,,,,SCG,200940
4077161,189,5624,2018,,,,,SCG,200950
4083687,189,5625,2018,,,,,SCG,200960
4090213,189,5626,2018,,,,,SCG,200970
4096739,189,5627,2018,,,,,SCG,200980
4103265,189,5628,2018,,,,,SCG,200990
4109791,189,5629,2018,,,,,SCG,210110
4116317,189,5630,2018,,,,,SCG,210120
4122843,189,5631,2018,,,,,SCG,210130
4129369,189,5632,2018,,,,,SCG,210210
4135895,189,5633,2018,,,,,SCG,210220
4142421,189,5634,2018,,,,,SCG,210230
4148947,189,5635,2018,,,,,SCG,210310
4155473,189,5636,2018,,,,,SCG,210320
4161999,189,5637,2018,,,,,SCG,210330
4168525,189,5638,2018,,,,,SCG,210390
4175051,189,5639,2018,,,,,SCG,210410
4181577,189,5640,2018,,,,,SCG,210420
4188103,189,5641,2018,,,,,SCG,210500
4194629,189,5642,2018,,,,,SCG,210610
4201155,189,5643,2018,,,,,SCG,210690
4207681,189,5644,2018,,,,,SCG,220110
4214207,189,5645,2018,,,,,SCG,220190
4220733,189,5646,2018,,,,,SCG,220210
4227259,189,5647,2018,,,,,SCG,220290
4233785,189,5648,2018,,,,,SCG,220300
4240311,189,5649,2018,,,,,SCG,220410
4246837,189,5650,2018,,,,,SCG,220421
4253363,189,5651,2018,,,,,SCG,220429
4259889,189,5652,2018,,,,,SCG,220430
4266415,189,5653,2018,,,,,SCG,220510
4272941,189,5654,2018,,,,,SCG,220590
4279467,189,5655,2018,,,,,SCG,220600
4285993,189,5656,2018,,,,,SCG,220710
4292519,189,5657,2018,,,,,SCG,220720
4299045,189,5658,2018,,,,,SCG,220810
4305571,189,5659,2018,,,,,SCG,220820
4312097,189,5660,2018,,,,,SCG,220830
4318623,189,5661,2018,,,,,SCG,220840
4325149,189,5662,2018,,,,,SCG,220850
4331675,189,5663,2018,,,,,SCG,220890
4338201,189,5664,2018,,,,,SCG,220900
4344727,189,5665,2018,,,,,SCG,230110
4351253,189,5666,2018,,,,,SCG,230120
4357779,189,5667,2018,,,,,SCG,230210
4364305,189,5668,2018,,,,,SCG,230220
4370831,189,5669,2018,,,,,SCG,230230
4377357,189,5670,2018,,,,,SCG,230240
4383883,189,5671,2018,,,,,SCG,230250
4390409,189,5672,2018,,,,,SCG,230310
4396935,189,5673,2018,,,,,SCG,230320
4403461,189,5674,2018,,,,,SCG,230330
4409987,189,5675,2018,,,,,SCG,230400
4416513,189,5676,2018,,,,,SCG,230500
4423039,189,5677,2018,,,,,SCG,230610
4429565,189,5678,2018,,,,,SCG,230620
4436091,189,5679,2018,,,,,SCG,230630
4442617,189,5680,2018,,,,,SCG,230640
4449143,189,5681,2018,,,,,SCG,230650
4455669,189,5682,2018,,,,,SCG,230660
4462195,189,5683,2018,,,,,SCG,230690
4468721,189,5684,2018,,,,,SCG,230700
4475247,189,5685,2018,,,,,SCG,230810
4481773,189,5686,2018,,,,,SCG,230890
4488299,189,5687,2018,,,,,SCG,230910
4494825,189,5688,2018,,,,,SCG,230990
4501351,189,5689,2018,,,,,SCG,240110
4507877,189,5690,2018,,,,,SCG,240120
4514403,189,5691,2018,,,,,SCG,240130
4520929,189,5692,2018,,,,,SCG,240210
4527455,189,5693,2018,,,,,SCG,240220
4533981,189,5694,2018,,,,,SCG,240290
4540507,189,5695,2018,,,,,SCG,240310
4547033,189,5696,2018,,,,,SCG,240391
4553559,189,5697,2018,,,,,SCG,240399
4560085,189,5698,2018,,,,,SCG,250100
4566611,189,5699,2018,,,,,SCG,250200
4573137,189,5700,2018,,,,,SCG,250310
4579663,189,5701,2018,,,,,SCG,250390
4586189,189,5702,2018,,,,,SCG,250410
4592715,189,5703,2018,,,,,SCG,250490
4599241,189,5704,2018,,,,,SCG,250510
4605767,189,5705,2018,,,,,SCG,250590
4612293,189,5706,2018,,,,,SCG,250610
4618819,189,5707,2018,,,,,SCG,250621
4625345,189,5708,2018,,,,,SCG,250629
4631871,189,5709,2018,,,,,SCG,250700
4638397,189,5710,2018,,,,,SCG,250810
4644923,189,5711,2018,,,,,SCG,250820
4651449,189,5712,2018,,,,,SCG,250830
4657975,189,5713,2018,,,,,SCG,250840
4664501,189,5714,2018,,,,,SCG,250850
4671027,189,5715,2018,,,,,SCG,250860
4677553,189,5716,2018,,,,,SCG,250870
4684079,189,5717,2018,,,,,SCG,250900
4690605,189,5718,2018,,,,,SCG,251010
4697131,189,5719,2018,,,,,SCG,251020
4703657,189,5720,2018,,,,,SCG,251110
4710183,189,5721,2018,,,,,SCG,251120
4716709,189,5722,2018,,,,,SCG,251200
4723235,189,5723,2018,,,,,SCG,251311
4729761,189,5724,2018,,,,,SCG,251319
4736287,189,5725,2018,,,,,SCG,251321
4742813,189,5726,2018,,,,,SCG,251329
4749339,189,5727,2018,,,,,SCG,251400
4755865,189,5728,2018,,,,,SCG,251511
4762391,189,5729,2018,,,,,SCG,251512
4768917,189,5730,2018,,,,,SCG,251520
4775443,189,5731,2018,,,,,SCG,251611
4781969,189,5732,2018,,,,,SCG,251612
4788495,189,5733,2018,,,,,SCG,251621
4795021,189,5734,2018,,,,,SCG,251622
4801547,189,5735,2018,,,,,SCG,251690
4808073,189,5736,2018,,,,,SCG,251710
4814599,189,5737,2018,,,,,SCG,251720
4821125,189,5738,2018,,,,,SCG,251730
4827651,189,5739,2018,,,,,SCG,251741
4834177,189,5740,2018,,,,,SCG,251749
4840703,189,5741,2018,,,,,SCG,251810
4847229,189,5742,2018,,,,,SCG,251820
4853755,189,5743,2018,,,,,SCG,251830
4860281,189,5744,2018,,,,,SCG,251910
4866807,189,5745,2018,,,,,SCG,251990
4873333,189,5746,2018,,,,,SCG,252010
4879859,189,5747,2018,,,,,SCG,252020
4886385,189,5748,2018,,,,,SCG,252100
4892911,189,5749,2018,,,,,SCG,252210
4899437,189,5750,2018,,,,,SCG,252220
4905963,189,5751,2018,,,,,SCG,252230
4912489,189,5752,2018,,,,,SCG,252310
4919015,189,5753,2018,,,,,SCG,252321
4925541,189,5754,2018,,,,,SCG,252329
4932067,189,5755,2018,,,,,SCG,252330
4938593,189,5756,2018,,,,,SCG,252390
4945119,189,5757,2018,,,,,SCG,252400
4951645,189,5758,2018,,,,,SCG,252510
4958171,189,5759,2018,,,,,SCG,252520
4964697,189,5760,2018,,,,,SCG,252530
4971223,189,5761,2018,,,,,SCG,252610
4977749,189,5762,2018,,,,,SCG,252620
4984275,189,5763,2018,,,,,SCG,252700
4990801,189,5764,2018,,,,,SCG,252810
4997327,189,5765,2018,,,,,SCG,252890
5003853,189,5766,2018,,,,,SCG,252910
5010379,189,5767,2018,,,,,SCG,252921
5016905,189,5768,2018,,,,,SCG,252922
5023431,189,5769,2018,,,,,SCG,252930
5029957,189,5770,2018,,,,,SCG,253010
5036483,189,5771,2018,,,,,SCG,253020
5043009,189,5772,2018,,,,,SCG,253030
5049535,189,5773,2018,,,,,SCG,253040
5056061,189,5774,2018,,,,,SCG,253090
5062587,189,5775,2018,,,,,SCG,260111
5069113,189,5776,2018,,,,,SCG,260112
5075639,189,5777,2018,,,,,SCG,260120
5082165,189,5778,2018,,,,,SCG,260200
5088691,189,5779,2018,,,,,SCG,260300
5095217,189,5780,2018,,,,,SCG,260400
5101743,189,5781,2018,,,,,SCG,260500
5108269,189,5782,2018,,,,,SCG,260600
5114795,189,5783,2018,,,,,SCG,260700
5121321,189,5784,2018,,,,,SCG,260800
5127847,189,5785,2018,,,,,SCG,260900
5134373,189,5786,2018,,,,,SCG,261000
5140899,189,5787,2018,,,,,SCG,261100
5147425,189,5788,2018,,,,,SCG,261210
5153951,189,5789,2018,,,,,SCG,261220
5160477,189,5790,2018,,,,,SCG,261310
5167003,189,5791,2018,,,,,SCG,261390
5173529,189,5792,2018,,,,,SCG,261400
5180055,189,5793,2018,,,,,SCG,261510
5186581,189,5794,2018,,,,,SCG,261590
5193107,189,5795,2018,,,,,SCG,261610
5199633,189,5796,2018,,,,,SCG,261690
5206159,189,5797,2018,,,,,SCG,261710
5212685,189,5798,2018,,,,,SCG,261790
5219211,189,5799,2018,,,,,SCG,261800
5225737,189,5800,2018,,,,,SCG,261900
5232263,189,5801,2018,,,,,SCG,262011
5238789,189,5802,2018,,,,,SCG,262019
5245315,189,5803,2018,,,,,SCG,262020
5251841,189,5804,2018,,,,,SCG,262030
5258367,189,5805,2018,,,,,SCG,262040
5264893,189,5806,2018,,,,,SCG,262050
5271419,189,5807,2018,,,,,SCG,262090
5277945,189,5808,2018,,,,,SCG,262100
5284471,189,5809,2018,,,,,SCG,270111
5290997,189,5810,2018,,,,,SCG,270112
5297523,189,5811,2018,,,,,SCG,270119
5304049,189,5812,2018,,,,,SCG,270120
5310575,189,5813,2018,,,,,SCG,270210
5317101,189,5814,2018,,,,,SCG,270220
5323627,189,5815,2018,,,,,SCG,270300
5330153,189,5816,2018,,,,,SCG,270400
5336679,189,5817,2018,,,,,SCG,270500
5343205,189,5818,2018,,,,,SCG,270600
5349731,189,5819,2018,,,,,SCG,270710
5356257,189,5820,2018,,,,,SCG,270720
5362783,189,5821,2018,,,,,SCG,270730
5369309,189,5822,2018,,,,,SCG,270740
5375835,189,5823,2018,,,,,SCG,270750
5382361,189,5824,2018,,,,,SCG,270760
5388887,189,5825,2018,,,,,SCG,270791
5395413,189,5826,2018,,,,,SCG,270799
5401939,189,5827,2018,,,,,SCG,270810
5408465,189,5828,2018,,,,,SCG,270820
5414991,189,5829,2018,,,,,SCG,270900
5421517,189,5830,2018,,,,,SCG,271000
5428043,189,5831,2018,,,,,SCG,271011
5434569,189,5832,2018,,,,,SCG,271012
5441095,189,5833,2018,,,,,SCG,271013
5447621,189,5834,2018,,,,,SCG,271014
5454147,189,5835,2018,,,,,SCG,271015
5460673,189,5836,2018,,,,,SCG,271016
5467199,189,5837,2018,,,,,SCG,271019
5473725,189,5838,2018,,,,,SCG,271021
5480251,189,5839,2018,,,,,SCG,271022
5486777,189,5840,2018,,,,,SCG,271025
5493303,189,5841,2018,,,,,SCG,271026
5499829,189,5842,2018,,,,,SCG,271027
5506355,189,5843,2018,,,,,SCG,271029
5512881,189,5844,2018,,,,,SCG,271091
5519407,189,5845,2018,,,,,SCG,271093
5525933,189,5846,2018,,,,,SCG,271094
5532459,189,5847,2018,,,,,SCG,271095
5538985,189,5848,2018,,,,,SCG,271096
5545511,189,5849,2018,,,,,SCG,271099
5552037,189,5850,2018,,,,,SCG,271111
5558563,189,5851,2018,,,,,SCG,271112
5565089,189,5852,2018,,,,,SCG,271113
5571615,189,5853,2018,,,,,SCG,271114
5578141,189,5854,2018,,,,,SCG,271119
5584667,189,5855,2018,,,,,SCG,271121
5591193,189,5856,2018,,,,,SCG,271129
5597719,189,5857,2018,,,,,SCG,271210
5604245,189,5858,2018,,,,,SCG,271220
5610771,189,5859,2018,,,,,SCG,271290
5617297,189,5860,2018,,,,,SCG,271311
5623823,189,5861,2018,,,,,SCG,271312
5630349,189,5862,2018,,,,,SCG,271320
5636875,189,5863,2018,,,,,SCG,271390
5643401,189,5864,2018,,,,,SCG,271410
5649927,189,5865,2018,,,,,SCG,271490
5656453,189,5866,2018,,,,,SCG,271500
5662979,189,5867,2018,,,,,SCG,271600
5669505,189,5868,2018,,,,,SCG,280110
5676031,189,5869,2018,,,,,SCG,280120
5682557,189,5870,2018,,,,,SCG,280130
5689083,189,5871,2018,,,,,SCG,280200
5695609,189,5872,2018,,,,,SCG,280300
5702135,189,5873,2018,,,,,SCG,280410
5708661,189,5874,2018,,,,,SCG,280421
5715187,189,5875,2018,,,,,SCG,280429
5721713,189,5876,2018,,,,,SCG,280430
5728239,189,5877,2018,,,,,SCG,280440
5734765,189,5878,2018,,,,,SCG,280450
5741291,189,5879,2018,,,,,SCG,280461
5747817,189,5880,2018,,,,,SCG,280469
5754343,189,5881,2018,,,,,SCG,280470
5760869,189,5882,2018,,,,,SCG,280480
5767395,189,5883,2018,,,,,SCG,280490
5773921,189,5884,2018,,,,,SCG,280511
5780447,189,5885,2018,,,,,SCG,280519
5786973,189,5886,2018,,,,,SCG,280521
5793499,189,5887,2018,,,,,SCG,280522
5800025,189,5888,2018,,,,,SCG,280530
5806551,189,5889,2018,,,,,SCG,280540
5813077,189,5890,2018,,,,,SCG,280610
5819603,189,5891,2018,,,,,SCG,280620
5826129,189,5892,2018,,,,,SCG,280700
5832655,189,5893,2018,,,,,SCG,280800
5839181,189,5894,2018,,,,,SCG,280910
5845707,189,5895,2018,,,,,SCG,280920
5852233,189,5896,2018,,,,,SCG,281000
5858759,189,5897,2018,,,,,SCG,281111
5865285,189,5898,2018,,,,,SCG,281119
5871811,189,5899,2018,,,,,SCG,281121
5878337,189,5900,2018,,,,,SCG,281122
5884863,189,5901,2018,,,,,SCG,281123
5891389,189,5902,2018,,,,,SCG,281129
5897915,189,5903,2018,,,,,SCG,281210
5904441,189,5904,2018,,,,,SCG,281290
5910967,189,5905,2018,,,,,SCG,281310
5917493,189,5906,2018,,,,,SCG,281390
5924019,189,5907,2018,,,,,SCG,281410
5930545,189,5908,2018,,,,,SCG,281420
5937071,189,5909,2018,,,,,SCG,281511
5943597,189,5910,2018,,,,,SCG,281512
5950123,189,5911,2018,,,,,SCG,281520
5956649,189,5912,2018,,,,,SCG,281530
5963175,189,5913,2018,,,,,SCG,281610
5969701,189,5914,2018,,,,,SCG,281620
5976227,189,5915,2018,,,,,SCG,281630
5982753,189,5916,2018,,,,,SCG,281700
5989279,189,5917,2018,,,,,SCG,281810
5995805,189,5918,2018,,,,,SCG,281820
6002331,189,5919,2018,,,,,SCG,281830
6008857,189,5920,2018,,,,,SCG,281910
6015383,189,5921,2018,,,,,SCG,281990
6021909,189,5922,2018,,,,,SCG,282010
6028435,189,5923,2018,,,,,SCG,282090
6034961,189,5924,2018,,,,,SCG,282110
6041487,189,5925,2018,,,,,SCG,282120
6048013,189,5926,2018,,,,,SCG,282200
6054539,189,5927,2018,,,,,SCG,282300
6061065,189,5928,2018,,,,,SCG,282410
6067591,189,5929,2018,,,,,SCG,282420
6074117,189,5930,2018,,,,,SCG,282490
6080643,189,5931,2018,,,,,SCG,282510
6087169,189,5932,2018,,,,,SCG,282520
6093695,189,5933,2018,,,,,SCG,282530
6100221,189,5934,2018,,,,,SCG,282540
6106747,189,5935,2018,,,,,SCG,282550
6113273,189,5936,2018,,,,,SCG,282560
6119799,189,5937,2018,,,,,SCG,282570
6126325,189,5938,2018,,,,,SCG,282580
6132851,189,5939,2018,,,,,SCG,282590
6139377,189,5940,2018,,,,,SCG,282611
6145903,189,5941,2018,,,,,SCG,282612
6152429,189,5942,2018,,,,,SCG,282619
6158955,189,5943,2018,,,,,SCG,282620
6165481,189,5944,2018,,,,,SCG,282630
6172007,189,5945,2018,,,,,SCG,282690
6178533,189,5946,2018,,,,,SCG,282710
6185059,189,5947,2018,,,,,SCG,282720
6191585,189,5948,2018,,,,,SCG,282731
6198111,189,5949,2018,,,,,SCG,282732
6204637,189,5950,2018,,,,,SCG,282733
6211163,189,5951,2018,,,,,SCG,282734
6217689,189,5952,2018,,,,,SCG,282735
6224215,189,5953,2018,,,,,SCG,282736
6230741,189,5954,2018,,,,,SCG,282737
6237267,189,5955,2018,,,,,SCG,282738
6243793,189,5956,2018,,,,,SCG,282739
6250319,189,5957,2018,,,,,SCG,282741
6256845,189,5958,2018,,,,,SCG,282749
6263371,189,5959,2018,,,,,SCG,282751
6269897,189,5960,2018,,,,,SCG,282759
6276423,189,5961,2018,,,,,SCG,282760
6282949,189,5962,2018,,,,,SCG,282810
6289475,189,5963,2018,,,,,SCG,282890
6296001,189,5964,2018,,,,,SCG,282911
6302527,189,5965,2018,,,,,SCG,282919
6309053,189,5966,2018,,,,,SCG,282990
6315579,189,5967,2018,,,,,SCG,283010
6322105,189,5968,2018,,,,,SCG,283020
6328631,189,5969,2018,,,,,SCG,283030
6335157,189,5970,2018,,,,,SCG,283090
6341683,189,5971,2018,,,,,SCG,283110
6348209,189,5972,2018,,,,,SCG,283190
6354735,189,5973,2018,,,,,SCG,283210
6361261,189,5974,2018,,,,,SCG,283220
6367787,189,5975,2018,,,,,SCG,283230
6374313,189,5976,2018,,,,,SCG,283311
6380839,189,5977,2018,,,,,SCG,283319
6387365,189,5978,2018,,,,,SCG,283321
6393891,189,5979,2018,,,,,SCG,283322
6400417,189,5980,2018,,,,,SCG,283323
6406943,189,5981,2018,,,,,SCG,283324
6413469,189,5982,2018,,,,,SCG,283325
6419995,189,5983,2018,,,,,SCG,283326
6426521,189,5984,2018,,,,,SCG,283327
6433047,189,5985,2018,,,,,SCG,283329
6439573,189,5986,2018,,,,,SCG,283330
6446099,189,5987,2018,,,,,SCG,283340
6452625,189,5988,2018,,,,,SCG,283410
6459151,189,5989,2018,,,,,SCG,283421
6465677,189,5990,2018,,,,,SCG,283422
6472203,189,5991,2018,,,,,SCG,283429
6478729,189,5992,2018,,,,,SCG,283510
6485255,189,5993,2018,,,,,SCG,283521
6491781,189,5994,2018,,,,,SCG,283522
6498307,189,5995,2018,,,,,SCG,283523
6504833,189,5996,2018,,,,,SCG,283524
6511359,189,5997,2018,,,,,SCG,283525
6517885,189,5998,2018,,,,,SCG,283526
6524411,189,5999,2018,,,,,SCG,283529
6530937,189,6000,2018,,,,,SCG,283531
6537463,189,6001,2018,,,,,SCG,283539
6543989,189,6002,2018,,,,,SCG,283610
6550515,189,6003,2018,,,,,SCG,283620
6557041,189,6004,2018,,,,,SCG,283630
6563567,189,6005,2018,,,,,SCG,283640
6570093,189,6006,2018,,,,,SCG,283650
6576619,189,6007,2018,,,,,SCG,283660
6583145,189,6008,2018,,,,,SCG,283670
6589671,189,6009,2018,,,,,SCG,283691
6596197,189,6010,2018,,,,,SCG,283692
6602723,189,6011,2018,,,,,SCG,283693
6609249,189,6012,2018,,,,,SCG,283699
6615775,189,6013,2018,,,,,SCG,283711
6622301,189,6014,2018,,,,,SCG,283719
6628827,189,6015,2018,,,,,SCG,283720
6635353,189,6016,2018,,,,,SCG,283800
6641879,189,6017,2018,,,,,SCG,283911
6648405,189,6018,2018,,,,,SCG,283919
6654931,189,6019,2018,,,,,SCG,283920
6661457,189,6020,2018,,,,,SCG,283990
6667983,189,6021,2018,,,,,SCG,284011
6674509,189,6022,2018,,,,,SCG,284019
6681035,189,6023,2018,,,,,SCG,284020
6687561,189,6024,2018,,,,,SCG,284030
6694087,189,6025,2018,,,,,SCG,284110
6700613,189,6026,2018,,,,,SCG,284120
6707139,189,6027,2018,,,,,SCG,284130
6713665,189,6028,2018,,,,,SCG,284140
6720191,189,6029,2018,,,,,SCG,284150
6726717,189,6030,2018,,,,,SCG,284160
6733243,189,6031,2018,,,,,SCG,284170
6739769,189,6032,2018,,,,,SCG,284180
6746295,189,6033,2018,,,,,SCG,284190
6752821,189,6034,2018,,,,,SCG,284210
6759347,189,6035,2018,,,,,SCG,284290
6765873,189,6036,2018,,,,,SCG,284310
6772399,189,6037,2018,,,,,SCG,284321
6778925,189,6038,2018,,,,,SCG,284329
6785451,189,6039,2018,,,,,SCG,284330
6791977,189,6040,2018,,,,,SCG,284390
6798503,189,6041,2018,,,,,SCG,284410
6805029,189,6042,2018,,,,,SCG,284420
6811555,189,6043,2018,,,,,SCG,284430
6818081,189,6044,2018,,,,,SCG,284440
6824607,189,6045,2018,,,,,SCG,284450
6831133,189,6046,2018,,,,,SCG,284510
6837659,189,6047,2018,,,,,SCG,284590
6844185,189,6048,2018,,,,,SCG,284610
6850711,189,6049,2018,,,,,SCG,284690
6857237,189,6050,2018,,,,,SCG,284700
6863763,189,6051,2018,,,,,SCG,284810
6870289,189,6052,2018,,,,,SCG,284890
6876815,189,6053,2018,,,,,SCG,284910
6883341,189,6054,2018,,,,,SCG,284920
6889867,189,6055,2018,,,,,SCG,284990
6896393,189,6056,2018,,,,,SCG,285000
6902919,189,6057,2018,,,,,SCG,285100
6909445,189,6058,2018,,,,,SCG,290110
6915971,189,6059,2018,,,,,SCG,290121
6922497,189,6060,2018,,,,,SCG,290122
6929023,189,6061,2018,,,,,SCG,290123
6935549,189,6062,2018,,,,,SCG,290124
6942075,189,6063,2018,,,,,SCG,290129
6948601,189,6064,2018,,,,,SCG,290211
6955127,189,6065,2018,,,,,SCG,290219
6961653,189,6066,2018,,,,,SCG,290220
6968179,189,6067,2018,,,,,SCG,290230
6974705,189,6068,2018,,,,,SCG,290241
6981231,189,6069,2018,,,,,SCG,290242
6987757,189,6070,2018,,,,,SCG,290243
6994283,189,6071,2018,,,,,SCG,290244
7000809,189,6072,2018,,,,,SCG,290250
7007335,189,6073,2018,,,,,SCG,290260
7013861,189,6074,2018,,,,,SCG,290270
7020387,189,6075,2018,,,,,SCG,290290
7026913,189,6076,2018,,,,,SCG,290311
7033439,189,6077,2018,,,,,SCG,290312
7039965,189,6078,2018,,,,,SCG,290313
7046491,189,6079,2018,,,,,SCG,290314
7053017,189,6080,2018,,,,,SCG,290315
7059543,189,6081,2018,,,,,SCG,290316
7066069,189,6082,2018,,,,,SCG,290319
7072595,189,6083,2018,,,,,SCG,290321
7079121,189,6084,2018,,,,,SCG,290322
7085647,189,6085,2018,,,,,SCG,290323
7092173,189,6086,2018,,,,,SCG,290329
7098699,189,6087,2018,,,,,SCG,290330
7105225,189,6088,2018,,,,,SCG,290340
7111751,189,6089,2018,,,,,SCG,290351
7118277,189,6090,2018,,,,,SCG,290359
7124803,189,6091,2018,,,,,SCG,290361
7131329,189,6092,2018,,,,,SCG,290362
7137855,189,6093,2018,,,,,SCG,290369
7144381,189,6094,2018,,,,,SCG,290410
7150907,189,6095,2018,,,,,SCG,290420
7157433,189,6096,2018,,,,,SCG,290490
7163959,189,6097,2018,,,,,SCG,290511
7170485,189,6098,2018,,,,,SCG,290512
7177011,189,6099,2018,,,,,SCG,290513
7183537,189,6100,2018,,,,,SCG,290514
7190063,189,6101,2018,,,,,SCG,290515
7196589,189,6102,2018,,,,,SCG,290516
7203115,189,6103,2018,,,,,SCG,290517
7209641,189,6104,2018,,,,,SCG,290519
7216167,189,6105,2018,,,,,SCG,290521
7222693,189,6106,2018,,,,,SCG,290522
7229219,189,6107,2018,,,,,SCG,290529
7235745,189,6108,2018,,,,,SCG,290531
7242271,189,6109,2018,,,,,SCG,290532
7248797,189,6110,2018,,,,,SCG,290539
7255323,189,6111,2018,,,,,SCG,290541
7261849,189,6112,2018,,,,,SCG,290542
7268375,189,6113,2018,,,,,SCG,290543
7274901,189,6114,2018,,,,,SCG,290544
7281427,189,6115,2018,,,,,SCG,290549
7287953,189,6116,2018,,,,,SCG,290550
7294479,189,6117,2018,,,,,SCG,290611
7301005,189,6118,2018,,,,,SCG,290612
7307531,189,6119,2018,,,,,SCG,290613
7314057,189,6120,2018,,,,,SCG,290614
7320583,189,6121,2018,,,,,SCG,290619
7327109,189,6122,2018,,,,,SCG,290621
7333635,189,6123,2018,,,,,SCG,290629
7340161,189,6124,2018,,,,,SCG,290711
7346687,189,6125,2018,,,,,SCG,290712
7353213,189,6126,2018,,,,,SCG,290713
7359739,189,6127,2018,,,,,SCG,290714
7366265,189,6128,2018,,,,,SCG,290715
7372791,189,6129,2018,,,,,SCG,290719
7379317,189,6130,2018,,,,,SCG,290721
7385843,189,6131,2018,,,,,SCG,290722
7392369,189,6132,2018,,,,,SCG,290723
7398895,189,6133,2018,,,,,SCG,290729
7405421,189,6134,2018,,,,,SCG,290730
7411947,189,6135,2018,,,,,SCG,290810
7418473,189,6136,2018,,,,,SCG,290820
7424999,189,6137,2018,,,,,SCG,290890
7431525,189,6138,2018,,,,,SCG,290911
7438051,189,6139,2018,,,,,SCG,290919
7444577,189,6140,2018,,,,,SCG,290920
7451103,189,6141,2018,,,,,SCG,290930
7457629,189,6142,2018,,,,,SCG,290941
7464155,189,6143,2018,,,,,SCG,290942
7470681,189,6144,2018,,,,,SCG,290943
7477207,189,6145,2018,,,,,SCG,290944
7483733,189,6146,2018,,,,,SCG,290949
7490259,189,6147,2018,,,,,SCG,290950
7496785,189,6148,2018,,,,,SCG,290960
7503311,189,6149,2018,,,,,SCG,291010
7509837,189,6150,2018,,,,,SCG,291020
7516363,189,6151,2018,,,,,SCG,291030
7522889,189,6152,2018,,,,,SCG,291090
7529415,189,6153,2018,,,,,SCG,291100
7535941,189,6154,2018,,,,,SCG,291211
7542467,189,6155,2018,,,,,SCG,291212
7548993,189,6156,2018,,,,,SCG,291213
7555519,189,6157,2018,,,,,SCG,291219
7562045,189,6158,2018,,,,,SCG,291221
7568571,189,6159,2018,,,,,SCG,291229
7575097,189,6160,2018,,,,,SCG,291230
7581623,189,6161,2018,,,,,SCG,291241
7588149,189,6162,2018,,,,,SCG,291242
7594675,189,6163,2018,,,,,SCG,291249
7601201,189,6164,2018,,,,,SCG,291250
7607727,189,6165,2018,,,,,SCG,291260
7614253,189,6166,2018,,,,,SCG,291300
7620779,189,6167,2018,,,,,SCG,291411
7627305,189,6168,2018,,,,,SCG,291412
7633831,189,6169,2018,,,,,SCG,291413
7640357,189,6170,2018,,,,,SCG,291419
7646883,189,6171,2018,,,,,SCG,291421
7653409,189,6172,2018,,,,,SCG,291422
7659935,189,6173,2018,,,,,SCG,291423
7666461,189,6174,2018,,,,,SCG,291429
7672987,189,6175,2018,,,,,SCG,291430
7679513,189,6176,2018,,,,,SCG,291441
7686039,189,6177,2018,,,,,SCG,291449
7692565,189,6178,2018,,,,,SCG,291450
7699091,189,6179,2018,,,,,SCG,291461
7705617,189,6180,2018,,,,,SCG,291469
7712143,189,6181,2018,,,,,SCG,291470
7718669,189,6182,2018,,,,,SCG,291511
7725195,189,6183,2018,,,,,SCG,291512
7731721,189,6184,2018,,,,,SCG,291513
7738247,189,6185,2018,,,,,SCG,291521
7744773,189,6186,2018,,,,,SCG,291522
7751299,189,6187,2018,,,,,SCG,291523
7757825,189,6188,2018,,,,,SCG,291524
7764351,189,6189,2018,,,,,SCG,291529
7770877,189,6190,2018,,,,,SCG,291531
7777403,189,6191,2018,,,,,SCG,291532
7783929,189,6192,2018,,,,,SCG,291533
7790455,189,6193,2018,,,,,SCG,291534
7796981,189,6194,2018,,,,,SCG,291535
7803507,189,6195,2018,,,,,SCG,291539
7810033,189,6196,2018,,,,,SCG,291540
7816559,189,6197,2018,,,,,SCG,291550
7823085,189,6198,2018,,,,,SCG,291560
7829611,189,6199,2018,,,,,SCG,291570
7836137,189,6200,2018,,,,,SCG,291590
7842663,189,6201,2018,,,,,SCG,291611
7849189,189,6202,2018,,,,,SCG,291612
7855715,189,6203,2018,,,,,SCG,291613
7862241,189,6204,2018,,,,,SCG,291614
7868767,189,6205,2018,,,,,SCG,291615
7875293,189,6206,2018,,,,,SCG,291619
7881819,189,6207,2018,,,,,SCG,291620
7888345,189,6208,2018,,,,,SCG,291631
7894871,189,6209,2018,,,,,SCG,291632
7901397,189,6210,2018,,,,,SCG,291633
7907923,189,6211,2018,,,,,SCG,291639
7914449,189,6212,2018,,,,,SCG,291711
7920975,189,6213,2018,,,,,SCG,291712
7927501,189,6214,2018,,,,,SCG,291713
7934027,189,6215,2018,,,,,SCG,291714
7940553,189,6216,2018,,,,,SCG,291719
7947079,189,6217,2018,,,,,SCG,291720
7953605,189,6218,2018,,,,,SCG,291731
7960131,189,6219,2018,,,,,SCG,291732
7966657,189,6220,2018,,,,,SCG,291733
7973183,189,6221,2018,,,,,SCG,291734
7979709,189,6222,2018,,,,,SCG,291735
7986235,189,6223,2018,,,,,SCG,291736
7992761,189,6224,2018,,,,,SCG,291737
7999287,189,6225,2018,,,,,SCG,291739
8005813,189,6226,2018,,,,,SCG,291811
8012339,189,6227,2018,,,,,SCG,291812
8018865,189,6228,2018,,,,,SCG,291813
8025391,189,6229,2018,,,,,SCG,291814
8031917,189,6230,2018,,,,,SCG,291815
8038443,189,6231,2018,,,,,SCG,291816
8044969,189,6232,2018,,,,,SCG,291817
8051495,189,6233,2018,,,,,SCG,291819
8058021,189,6234,2018,,,,,SCG,291821
8064547,189,6235,2018,,,,,SCG,291822
8071073,189,6236,2018,,,,,SCG,291823
8077599,189,6237,2018,,,,,SCG,291829
8084125,189,6238,2018,,,,,SCG,291830
8090651,189,6239,2018,,,,,SCG,291890
8097177,189,6240,2018,,,,,SCG,291900
8103703,189,6241,2018,,,,,SCG,292010
8110229,189,6242,2018,,,,,SCG,292090
8116755,189,6243,2018,,,,,SCG,292111
8123281,189,6244,2018,,,,,SCG,292112
8129807,189,6245,2018,,,,,SCG,292119
8136333,189,6246,2018,,,,,SCG,292121
8142859,189,6247,2018,,,,,SCG,292122
8149385,189,6248,2018,,,,,SCG,292129
8155911,189,6249,2018,,,,,SCG,292130
8162437,189,6250,2018,,,,,SCG,292141
8168963,189,6251,2018,,,,,SCG,292142
8175489,189,6252,2018,,,,,SCG,292143
8182015,189,6253,2018,,,,,SCG,292144
8188541,189,6254,2018,,,,,SCG,292145
8195067,189,6255,2018,,,,,SCG,292149
8201593,189,6256,2018,,,,,SCG,292151
8208119,189,6257,2018,,,,,SCG,292159
8214645,189,6258,2018,,,,,SCG,292211
8221171,189,6259,2018,,,,,SCG,292212
8227697,189,6260,2018,,,,,SCG,292213
8234223,189,6261,2018,,,,,SCG,292219
8240749,189,6262,2018,,,,,SCG,292221
8247275,189,6263,2018,,,,,SCG,292222
8253801,189,6264,2018,,,,,SCG,292229
8260327,189,6265,2018,,,,,SCG,292230
8266853,189,6266,2018,,,,,SCG,292241
8273379,189,6267,2018,,,,,SCG,292242
8279905,189,6268,2018,,,,,SCG,292249
8286431,189,6269,2018,,,,,SCG,292250
8292957,189,6270,2018,,,,,SCG,292310
8299483,189,6271,2018,,,,,SCG,292320
8306009,189,6272,2018,,,,,SCG,292390
8312535,189,6273,2018,,,,,SCG,292410
8319061,189,6274,2018,,,,,SCG,292421
8325587,189,6275,2018,,,,,SCG,292429
8332113,189,6276,2018,,,,,SCG,292511
8338639,189,6277,2018,,,,,SCG,292519
8345165,189,6278,2018,,,,,SCG,292520
8351691,189,6279,2018,,,,,SCG,292610
8358217,189,6280,2018,,,,,SCG,292620
8364743,189,6281,2018,,,,,SCG,292690
8371269,189,6282,2018,,,,,SCG,292700
8377795,189,6283,2018,,,,,SCG,292800
8384321,189,6284,2018,,,,,SCG,292910
8390847,189,6285,2018,,,,,SCG,292990
8397373,189,6286,2018,,,,,SCG,293010
8403899,189,6287,2018,,,,,SCG,293020
8410425,189,6288,2018,,,,,SCG,293030
8416951,189,6289,2018,,,,,SCG,293040
8423477,189,6290,2018,,,,,SCG,293090
8430003,189,6291,2018,,,,,SCG,293100
8436529,189,6292,2018,,,,,SCG,293211
8443055,189,6293,2018,,,,,SCG,293212
8449581,189,6294,2018,,,,,SCG,293213
8456107,189,6295,2018,,,,,SCG,293219
8462633,189,6296,2018,,,,,SCG,293221
8469159,189,6297,2018,,,,,SCG,293229
8475685,189,6298,2018,,,,,SCG,293290
8482211,189,6299,2018,,,,,SCG,293311
8488737,189,6300,2018,,,,,SCG,293319
8495263,189,6301,2018,,,,,SCG,293321
8501789,189,6302,2018,,,,,SCG,293329
8508315,189,6303,2018,,,,,SCG,293331
8514841,189,6304,2018,,,,,SCG,293339
8521367,189,6305,2018,,,,,SCG,293340
8527893,189,6306,2018,,,,,SCG,293351
8534419,189,6307,2018,,,,,SCG,293359
8540945,189,6308,2018,,,,,SCG,293361
8547471,189,6309,2018,,,,,SCG,293369
8553997,189,6310,2018,,,,,SCG,293371
8560523,189,6311,2018,,,,,SCG,293379
8567049,189,6312,2018,,,,,SCG,293390
8573575,189,6313,2018,,,,,SCG,293410
8580101,189,6314,2018,,,,,SCG,293420
8586627,189,6315,2018,,,,,SCG,293430
8593153,189,6316,2018,,,,,SCG,293490
8599679,189,6317,2018,,,,,SCG,293500
8606205,189,6318,2018,,,,,SCG,293610
8612731,189,6319,2018,,,,,SCG,293621
8619257,189,6320,2018,,,,,SCG,293622
8625783,189,6321,2018,,,,,SCG,293623
8632309,189,6322,2018,,,,,SCG,293624
8638835,189,6323,2018,,,,,SCG,293625
8645361,189,6324,2018,,,,,SCG,293626
8651887,189,6325,2018,,,,,SCG,293627
8658413,189,6326,2018,,,,,SCG,293628
8664939,189,6327,2018,,,,,SCG,293629
8671465,189,6328,2018,,,,,SCG,293690
8677991,189,6329,2018,,,,,SCG,293710
8684517,189,6330,2018,,,,,SCG,293721
8691043,189,6331,2018,,,,,SCG,293722
8697569,189,6332,2018,,,,,SCG,293729
8704095,189,6333,2018,,,,,SCG,293791
8710621,189,6334,2018,,,,,SCG,293792
8717147,189,6335,2018,,,,,SCG,293799
8723673,189,6336,2018,,,,,SCG,293810
8730199,189,6337,2018,,,,,SCG,293890
8736725,189,6338,2018,,,,,SCG,293910
8743251,189,6339,2018,,,,,SCG,293921
8749777,189,6340,2018,,,,,SCG,293929
8756303,189,6341,2018,,,,,SCG,293930
8762829,189,6342,2018,,,,,SCG,293940
8769355,189,6343,2018,,,,,SCG,293950
8775881,189,6344,2018,,,,,SCG,293960
8782407,189,6345,2018,,,,,SCG,293970
8788933,189,6346,2018,,,,,SCG,293990
8795459,189,6347,2018,,,,,SCG,294000
8801985,189,6348,2018,,,,,SCG,294110
8808511,189,6349,2018,,,,,SCG,294120
8815037,189,6350,2018,,,,,SCG,294130
8821563,189,6351,2018,,,,,SCG,294140
8828089,189,6352,2018,,,,,SCG,294150
8834615,189,6353,2018,,,,,SCG,294190
8841141,189,6354,2018,,,,,SCG,294200
8847667,189,6355,2018,,,,,SCG,300110
8854193,189,6356,2018,,,,,SCG,300120
8860719,189,6357,2018,,,,,SCG,300190
8867245,189,6358,2018,,,,,SCG,300210
8873771,189,6359,2018,,,,,SCG,300220
8880297,189,6360,2018,,,,,SCG,300231
8886823,189,6361,2018,,,,,SCG,300239
8893349,189,6362,2018,,,,,SCG,300290
8899875,189,6363,2018,,,,,SCG,300310
8906401,189,6364,2018,,,,,SCG,300320
8912927,189,6365,2018,,,,,SCG,300331
8919453,189,6366,2018,,,,,SCG,300339
8925979,189,6367,2018,,,,,SCG,300340
8932505,189,6368,2018,,,,,SCG,300390
8939031,189,6369,2018,,,,,SCG,300410
8945557,189,6370,2018,,,,,SCG,300420
8952083,189,6371,2018,,,,,SCG,300431
8958609,189,6372,2018,,,,,SCG,300432
8965135,189,6373,2018,,,,,SCG,300439
8971661,189,6374,2018,,,,,SCG,300440
8978187,189,6375,2018,,,,,SCG,300450
8984713,189,6376,2018,,,,,SCG,300490
8991239,189,6377,2018,,,,,SCG,300510
8997765,189,6378,2018,,,,,SCG,300590
9004291,189,6379,2018,,,,,SCG,300610
9010817,189,6380,2018,,,,,SCG,300620
9017343,189,6381,2018,,,,,SCG,300630
9023869,189,6382,2018,,,,,SCG,300640
9030395,189,6383,2018,,,,,SCG,300650
9036921,189,6384,2018,,,,,SCG,300660
9043447,189,6385,2018,,,,,SCG,310100
9049973,189,6386,2018,,,,,SCG,310210
9056499,189,6387,2018,,,,,SCG,310221
9063025,189,6388,2018,,,,,SCG,310229
9069551,189,6389,2018,,,,,SCG,310230
9076077,189,6390,2018,,,,,SCG,310240
9082603,189,6391,2018,,,,,SCG,310250
9089129,189,6392,2018,,,,,SCG,310260
9095655,189,6393,2018,,,,,SCG,310270
9102181,189,6394,2018,,,,,SCG,310280
9108707,189,6395,2018,,,,,SCG,310290
9115233,189,6396,2018,,,,,SCG,310310
9121759,189,6397,2018,,,,,SCG,310320
9128285,189,6398,2018,,,,,SCG,310390
9134811,189,6399,2018,,,,,SCG,310410
9141337,189,6400,2018,,,,,SCG,310420
9147863,189,6401,2018,,,,,SCG,310430
9154389,189,6402,2018,,,,,SCG,310490
9160915,189,6403,2018,,,,,SCG,310510
9167441,189,6404,2018,,,,,SCG,310520
9173967,189,6405,2018,,,,,SCG,310530
9180493,189,6406,2018,,,,,SCG,310540
9187019,189,6407,2018,,,,,SCG,310551
9193545,189,6408,2018,,,,,SCG,310559
9200071,189,6409,2018,,,,,SCG,310560
9206597,189,6410,2018,,,,,SCG,310590
9213123,189,6411,2018,,,,,SCG,320110
9219649,189,6412,2018,,,,,SCG,320120
9226175,189,6413,2018,,,,,SCG,320130
9232701,189,6414,2018,,,,,SCG,320190
9239227,189,6415,2018,,,,,SCG,320210
9245753,189,6416,2018,,,,,SCG,320290
9252279,189,6417,2018,,,,,SCG,320300
9258805,189,6418,2018,,,,,SCG,320411
9265331,189,6419,2018,,,,,SCG,320412
9271857,189,6420,2018,,,,,SCG,320413
9278383,189,6421,2018,,,,,SCG,320414
9284909,189,6422,2018,,,,,SCG,320415
9291435,189,6423,2018,,,,,SCG,320416
9297961,189,6424,2018,,,,,SCG,320417
9304487,189,6425,2018,,,,,SCG,320419
9311013,189,6426,2018,,,,,SCG,320420
9317539,189,6427,2018,,,,,SCG,320490
9324065,189,6428,2018,,,,,SCG,320500
9330591,189,6429,2018,,,,,SCG,320610
9337117,189,6430,2018,,,,,SCG,320620
9343643,189,6431,2018,,,,,SCG,320630
9350169,189,6432,2018,,,,,SCG,320641
9356695,189,6433,2018,,,,,SCG,320642
9363221,189,6434,2018,,,,,SCG,320643
9369747,189,6435,2018,,,,,SCG,320649
9376273,189,6436,2018,,,,,SCG,320650
9382799,189,6437,2018,,,,,SCG,320710
9389325,189,6438,2018,,,,,SCG,320720
9395851,189,6439,2018,,,,,SCG,320730
9402377,189,6440,2018,,,,,SCG,320740
9408903,189,6441,2018,,,,,SCG,320810
9415429,189,6442,2018,,,,,SCG,320820
9421955,189,6443,2018,,,,,SCG,320890
9428481,189,6444,2018,,,,,SCG,320910
9435007,189,6445,2018,,,,,SCG,320990
9441533,189,6446,2018,,,,,SCG,321000
9448059,189,6447,2018,,,,,SCG,321100
9454585,189,6448,2018,,,,,SCG,321210
9461111,189,6449,2018,,,,,SCG,321290
9467637,189,6450,2018,,,,,SCG,321310
9474163,189,6451,2018,,,,,SCG,321390
9480689,189,6452,2018,,,,,SCG,321410
9487215,189,6453,2018,,,,,SCG,321490
9493741,189,6454,2018,,,,,SCG,321511
9500267,189,6455,2018,,,,,SCG,321519
9506793,189,6456,2018,,,,,SCG,321590
9513319,189,6457,2018,,,,,SCG,330111
9519845,189,6458,2018,,,,,SCG,330112
9526371,189,6459,2018,,,,,SCG,330113
9532897,189,6460,2018,,,,,SCG,330114
9539423,189,6461,2018,,,,,SCG,330119
9545949,189,6462,2018,,,,,SCG,330121
9552475,189,6463,2018,,,,,SCG,330122
9559001,189,6464,2018,,,,,SCG,330123
9565527,189,6465,2018,,,,,SCG,330124
9572053,189,6466,2018,,,,,SCG,330125
9578579,189,6467,2018,,,,,SCG,330126
9585105,189,6468,2018,,,,,SCG,330129
9591631,189,6469,2018,,,,,SCG,330130
9598157,189,6470,2018,,,,,SCG,330190
9604683,189,6471,2018,,,,,SCG,330210
9611209,189,6472,2018,,,,,SCG,330290
9617735,189,6473,2018,,,,,SCG,330300
9624261,189,6474,2018,,,,,SCG,330410
9630787,189,6475,2018,,,,,SCG,330420
9637313,189,6476,2018,,,,,SCG,330430
9643839,189,6477,2018,,,,,SCG,330491
9650365,189,6478,2018,,,,,SCG,330499
9656891,189,6479,2018,,,,,SCG,330510
9663417,189,6480,2018,,,,,SCG,330520
9669943,189,6481,2018,,,,,SCG,330530
9676469,189,6482,2018,,,,,SCG,330590
9682995,189,6483,2018,,,,,SCG,330610
9689521,189,6484,2018,,,,,SCG,330690
9696047,189,6485,2018,,,,,SCG,330710
9702573,189,6486,2018,,,,,SCG,330720
9709099,189,6487,2018,,,,,SCG,330730
9715625,189,6488,2018,,,,,SCG,330741
9722151,189,6489,2018,,,,,SCG,330749
9728677,189,6490,2018,,,,,SCG,330790
9735203,189,6491,2018,,,,,SCG,340111
9741729,189,6492,2018,,,,,SCG,340119
9748255,189,6493,2018,,,,,SCG,340120
9754781,189,6494,2018,,,,,SCG,340211
9761307,189,6495,2018,,,,,SCG,340212
9767833,189,6496,2018,,,,,SCG,340213
9774359,189,6497,2018,,,,,SCG,340219
9780885,189,6498,2018,,,,,SCG,340220
9787411,189,6499,2018,,,,,SCG,340290
9793937,189,6500,2018,,,,,SCG,340311
9800463,189,6501,2018,,,,,SCG,340319
9806989,189,6502,2018,,,,,SCG,340391
9813515,189,6503,2018,,,,,SCG,340399
9820041,189,6504,2018,,,,,SCG,340410
9826567,189,6505,2018,,,,,SCG,340420
9833093,189,6506,2018,,,,,SCG,340490
9839619,189,6507,2018,,,,,SCG,340510
9846145,189,6508,2018,,,,,SCG,340520
9852671,189,6509,2018,,,,,SCG,340530
9859197,189,6510,2018,,,,,SCG,340540
9865723,189,6511,2018,,,,,SCG,340590
9872249,189,6512,2018,,,,,SCG,340600
9878775,189,6513,2018,,,,,SCG,340700
9885301,189,6514,2018,,,,,SCG,350110
9891827,189,6515,2018,,,,,SCG,350190
9898353,189,6516,2018,,,,,SCG,350210
9904879,189,6517,2018,,,,,SCG,350290
9911405,189,6518,2018,,,,,SCG,350300
9917931,189,6519,2018,,,,,SCG,350400
9924457,189,6520,2018,,,,,SCG,350510
9930983,189,6521,2018,,,,,SCG,350520
9937509,189,6522,2018,,,,,SCG,350610
9944035,189,6523,2018,,,,,SCG,350691
9950561,189,6524,2018,,,,,SCG,350699
9957087,189,6525,2018,,,,,SCG,350710
9963613,189,6526,2018,,,,,SCG,350790
9970139,189,6527,2018,,,,,SCG,360100
9976665,189,6528,2018,,,,,SCG,360200
9983191,189,6529,2018,,,,,SCG,360300
9989717,189,6530,2018,,,,,SCG,360410
9996243,189,6531,2018,,,,,SCG,360490
10002769,189,6532,2018,,,,,SCG,360500
10009295,189,6533,2018,,,,,SCG,360610
10015821,189,6534,2018,,,,,SCG,360690
10022347,189,6535,2018,,,,,SCG,370110
10028873,189,6536,2018,,,,,SCG,370120
10035399,189,6537,2018,,,,,SCG,370130
10041925,189,6538,2018,,,,,SCG,370191
10048451,189,6539,2018,,,,,SCG,370199
10054977,189,6540,2018,,,,,SCG,370210
10061503,189,6541,2018,,,,,SCG,370220
10068029,189,6542,2018,,,,,SCG,370231
10074555,189,6543,2018,,,,,SCG,370232
10081081,189,6544,2018,,,,,SCG,370239
10087607,189,6545,2018,,,,,SCG,370241
10094133,189,6546,2018,,,,,SCG,370242
10100659,189,6547,2018,,,,,SCG,370243
10107185,189,6548,2018,,,,,SCG,370244
10113711,189,6549,2018,,,,,SCG,370251
10120237,189,6550,2018,,,,,SCG,370252
10126763,189,6551,2018,,,,,SCG,370253
10133289,189,6552,2018,,,,,SCG,370254
10139815,189,6553,2018,,,,,SCG,370255
10146341,189,6554,2018,,,,,SCG,370256
10152867,189,6555,2018,,,,,SCG,370291
10159393,189,6556,2018,,,,,SCG,370292
10165919,189,6557,2018,,,,,SCG,370293
10172445,189,6558,2018,,,,,SCG,370294
10178971,189,6559,2018,,,,,SCG,370295
10185497,189,6560,2018,,,,,SCG,370310
10192023,189,6561,2018,,,,,SCG,370320
10198549,189,6562,2018,,,,,SCG,370390
10205075,189,6563,2018,,,,,SCG,370400
10211601,189,6564,2018,,,,,SCG,370510
10218127,189,6565,2018,,,,,SCG,370520
10224653,189,6566,2018,,,,,SCG,370590
10231179,189,6567,2018,,,,,SCG,370610
10237705,189,6568,2018,,,,,SCG,370690
10244231,189,6569,2018,,,,,SCG,370710
10250757,189,6570,2018,,,,,SCG,370790
10257283,189,6571,2018,,,,,SCG,380110
10263809,189,6572,2018,,,,,SCG,380120
10270335,189,6573,2018,,,,,SCG,380130
10276861,189,6574,2018,,,,,SCG,380190
10283387,189,6575,2018,,,,,SCG,380210
10289913,189,6576,2018,,,,,SCG,380290
10296439,189,6577,2018,,,,,SCG,380300
10302965,189,6578,2018,,,,,SCG,380400
10309491,189,6579,2018,,,,,SCG,380510
10316017,189,6580,2018,,,,,SCG,380520
10322543,189,6581,2018,,,,,SCG,380590
10329069,189,6582,2018,,,,,SCG,380610
10335595,189,6583,2018,,,,,SCG,380620
10342121,189,6584,2018,,,,,SCG,380630
10348647,189,6585,2018,,,,,SCG,380690
10355173,189,6586,2018,,,,,SCG,380700
10361699,189,6587,2018,,,,,SCG,380810
10368225,189,6588,2018,,,,,SCG,380820
10374751,189,6589,2018,,,,,SCG,380830
10381277,189,6590,2018,,,,,SCG,380840
10387803,189,6591,2018,,,,,SCG,380890
10394329,189,6592,2018,,,,,SCG,380910
10400855,189,6593,2018,,,,,SCG,380991
10407381,189,6594,2018,,,,,SCG,380992
10413907,189,6595,2018,,,,,SCG,380993
10420433,189,6596,2018,,,,,SCG,380999
10426959,189,6597,2018,,,,,SCG,381010
10433485,189,6598,2018,,,,,SCG,381090
10440011,189,6599,2018,,,,,SCG,381111
10446537,189,6600,2018,,,,,SCG,381119
10453063,189,6601,2018,,,,,SCG,381121
10459589,189,6602,2018,,,,,SCG,381129
10466115,189,6603,2018,,,,,SCG,381190
10472641,189,6604,2018,,,,,SCG,381210
10479167,189,6605,2018,,,,,SCG,381220
10485693,189,6606,2018,,,,,SCG,381230
10492219,189,6607,2018,,,,,SCG,381300
10498745,189,6608,2018,,,,,SCG,381400
10505271,189,6609,2018,,,,,SCG,381511
10511797,189,6610,2018,,,,,SCG,381512
10518323,189,6611,2018,,,,,SCG,381519
10524849,189,6612,2018,,,,,SCG,381590
10531375,189,6613,2018,,,,,SCG,381600
10537901,189,6614,2018,,,,,SCG,381710
10544427,189,6615,2018,,,,,SCG,381720
10550953,189,6616,2018,,,,,SCG,381800
10557479,189,6617,2018,,,,,SCG,381900
10564005,189,6618,2018,,,,,SCG,382000
10570531,189,6619,2018,,,,,SCG,382100
10577057,189,6620,2018,,,,,SCG,382200
10583583,189,6621,2018,,,,,SCG,382310
10590109,189,6622,2018,,,,,SCG,382320
10596635,189,6623,2018,,,,,SCG,382330
10603161,189,6624,2018,,,,,SCG,382340
10609687,189,6625,2018,,,,,SCG,382350
10616213,189,6626,2018,,,,,SCG,382360
10622739,189,6627,2018,,,,,SCG,382390
10629265,189,6628,2018,,,,,SCG,390110
10635791,189,6629,2018,,,,,SCG,390120
10642317,189,6630,2018,,,,,SCG,390130
10648843,189,6631,2018,,,,,SCG,390190
10655369,189,6632,2018,,,,,SCG,390210
10661895,189,6633,2018,,,,,SCG,390220
10668421,189,6634,2018,,,,,SCG,390230
10674947,189,6635,2018,,,,,SCG,390290
10681473,189,6636,2018,,,,,SCG,390311
10687999,189,6637,2018,,,,,SCG,390319
10694525,189,6638,2018,,,,,SCG,390320
10701051,189,6639,2018,,,,,SCG,390330
10707577,189,6640,2018,,,,,SCG,390390
10714103,189,6641,2018,,,,,SCG,390410
10720629,189,6642,2018,,,,,SCG,390421
10727155,189,6643,2018,,,,,SCG,390422
10733681,189,6644,2018,,,,,SCG,390430
10740207,189,6645,2018,,,,,SCG,390440
10746733,189,6646,2018,,,,,SCG,390450
10753259,189,6647,2018,,,,,SCG,390461
10759785,189,6648,2018,,,,,SCG,390469
10766311,189,6649,2018,,,,,SCG,390490
10772837,189,6650,2018,,,,,SCG,390511
10779363,189,6651,2018,,,,,SCG,390519
10785889,189,6652,2018,,,,,SCG,390520
10792415,189,6653,2018,,,,,SCG,390590
10798941,189,6654,2018,,,,,SCG,390610
10805467,189,6655,2018,,,,,SCG,390690
10811993,189,6656,2018,,,,,SCG,390710
10818519,189,6657,2018,,,,,SCG,390720
10825045,189,6658,2018,,,,,SCG,390730
10831571,189,6659,2018,,,,,SCG,390740
10838097,189,6660,2018,,,,,SCG,390750
10844623,189,6661,2018,,,,,SCG,390760
10851149,189,6662,2018,,,,,SCG,390791
10857675,189,6663,2018,,,,,SCG,390799
10864201,189,6664,2018,,,,,SCG,390810
10870727,189,6665,2018,,,,,SCG,390890
10877253,189,6666,2018,,,,,SCG,390910
10883779,189,6667,2018,,,,,SCG,390920
10890305,189,6668,2018,,,,,SCG,390930
10896831,189,6669,2018,,,,,SCG,390940
10903357,189,6670,2018,,,,,SCG,390950
10909883,189,6671,2018,,,,,SCG,391000
10916409,189,6672,2018,,,,,SCG,391110
10922935,189,6673,2018,,,,,SCG,391190
10929461,189,6674,2018,,,,,SCG,391211
10935987,189,6675,2018,,,,,SCG,391212
10942513,189,6676,2018,,,,,SCG,391220
10949039,189,6677,2018,,,,,SCG,391231
10955565,189,6678,2018,,,,,SCG,391239
10962091,189,6679,2018,,,,,SCG,391290
10968617,189,6680,2018,,,,,SCG,391310
10975143,189,6681,2018,,,,,SCG,391390
10981669,189,6682,2018,,,,,SCG,391400
10988195,189,6683,2018,,,,,SCG,391510
10994721,189,6684,2018,,,,,SCG,391520
11001247,189,6685,2018,,,,,SCG,391530
11007773,189,6686,2018,,,,,SCG,391590
11014299,189,6687,2018,,,,,SCG,391610
11020825,189,6688,2018,,,,,SCG,391620
11027351,189,6689,2018,,,,,SCG,391690
11033877,189,6690,2018,,,,,SCG,391710
11040403,189,6691,2018,,,,,SCG,391721
11046929,189,6692,2018,,,,,SCG,391722
11053455,189,6693,2018,,,,,SCG,391723
11059981,189,6694,2018,,,,,SCG,391729
11066507,189,6695,2018,,,,,SCG,391731
11073033,189,6696,2018,,,,,SCG,391732
11079559,189,6697,2018,,,,,SCG,391733
11086085,189,6698,2018,,,,,SCG,391739
11092611,189,6699,2018,,,,,SCG,391740
11099137,189,6700,2018,,,,,SCG,391810
11105663,189,6701,2018,,,,,SCG,391890
11112189,189,6702,2018,,,,,SCG,391910
11118715,189,6703,2018,,,,,SCG,391990
11125241,189,6704,2018,,,,,SCG,392010
11131767,189,6705,2018,,,,,SCG,392020
11138293,189,6706,2018,,,,,SCG,392030
11144819,189,6707,2018,,,,,SCG,392041
11151345,189,6708,2018,,,,,SCG,392042
11157871,189,6709,2018,,,,,SCG,392051
11164397,189,6710,2018,,,,,SCG,392059
11170923,189,6711,2018,,,,,SCG,392061
11177449,189,6712,2018,,,,,SCG,392062
11183975,189,6713,2018,,,,,SCG,392063
11190501,189,6714,2018,,,,,SCG,392069
11197027,189,6715,2018,,,,,SCG,392071
11203553,189,6716,2018,,,,,SCG,392072
11210079,189,6717,2018,,,,,SCG,392073
11216605,189,6718,2018,,,,,SCG,392079
11223131,189,6719,2018,,,,,SCG,392091
11229657,189,6720,2018,,,,,SCG,392092
11236183,189,6721,2018,,,,,SCG,392093
11242709,189,6722,2018,,,,,SCG,392094
11249235,189,6723,2018,,,,,SCG,392099
11255761,189,6724,2018,,,,,SCG,392111
11262287,189,6725,2018,,,,,SCG,392112
11268813,189,6726,2018,,,,,SCG,392113
11275339,189,6727,2018,,,,,SCG,392114
11281865,189,6728,2018,,,,,SCG,392119
11288391,189,6729,2018,,,,,SCG,392190
11294917,189,6730,2018,,,,,SCG,392210
11301443,189,6731,2018,,,,,SCG,392220
11307969,189,6732,2018,,,,,SCG,392290
11314495,189,6733,2018,,,,,SCG,392310
11321021,189,6734,2018,,,,,SCG,392321
11327547,189,6735,2018,,,,,SCG,392329
11334073,189,6736,2018,,,,,SCG,392330
11340599,189,6737,2018,,,,,SCG,392340
11347125,189,6738,2018,,,,,SCG,392350
11353651,189,6739,2018,,,,,SCG,392390
11360177,189,6740,2018,,,,,SCG,392410
11366703,189,6741,2018,,,,,SCG,392490
11373229,189,6742,2018,,,,,SCG,392510
11379755,189,6743,2018,,,,,SCG,392520
11386281,189,6744,2018,,,,,SCG,392530
11392807,189,6745,2018,,,,,SCG,392590
11399333,189,6746,2018,,,,,SCG,392610
11405859,189,6747,2018,,,,,SCG,392620
11412385,189,6748,2018,,,,,SCG,392630
11418911,189,6749,2018,,,,,SCG,392640
11425437,189,6750,2018,,,,,SCG,392690
11431963,189,6751,2018,,,,,SCG,400110
11438489,189,6752,2018,,,,,SCG,400121
11445015,189,6753,2018,,,,,SCG,400122
11451541,189,6754,2018,,,,,SCG,400129
11458067,189,6755,2018,,,,,SCG,400130
11464593,189,6756,2018,,,,,SCG,400211
11471119,189,6757,2018,,,,,SCG,400219
11477645,189,6758,2018,,,,,SCG,400220
11484171,189,6759,2018,,,,,SCG,400231
11490697,189,6760,2018,,,,,SCG,400239
11497223,189,6761,2018,,,,,SCG,400241
11503749,189,6762,2018,,,,,SCG,400249
11510275,189,6763,2018,,,,,SCG,400251
11516801,189,6764,2018,,,,,SCG,400259
11523327,189,6765,2018,,,,,SCG,400260
11529853,189,6766,2018,,,,,SCG,400270
11536379,189,6767,2018,,,,,SCG,400280
11542905,189,6768,2018,,,,,SCG,400291
11549431,189,6769,2018,,,,,SCG,400299
11555957,189,6770,2018,,,,,SCG,400300
11562483,189,6771,2018,,,,,SCG,400400
11569009,189,6772,2018,,,,,SCG,400510
11575535,189,6773,2018,,,,,SCG,400520
11582061,189,6774,2018,,,,,SCG,400591
11588587,189,6775,2018,,,,,SCG,400599
11595113,189,6776,2018,,,,,SCG,400610
11601639,189,6777,2018,,,,,SCG,400690
11608165,189,6778,2018,,,,,SCG,400700
11614691,189,6779,2018,,,,,SCG,400811
11621217,189,6780,2018,,,,,SCG,400819
11627743,189,6781,2018,,,,,SCG,400821
11634269,189,6782,2018,,,,,SCG,400829
11640795,189,6783,2018,,,,,SCG,400910
11647321,189,6784,2018,,,,,SCG,400920
11653847,189,6785,2018,,,,,SCG,400930
11660373,189,6786,2018,,,,,SCG,400940
11666899,189,6787,2018,,,,,SCG,400950
11673425,189,6788,2018,,,,,SCG,401010
11679951,189,6789,2018,,,,,SCG,401091
11686477,189,6790,2018,,,,,SCG,401099
11693003,189,6791,2018,,,,,SCG,401110
11699529,189,6792,2018,,,,,SCG,401120
11706055,189,6793,2018,,,,,SCG,401130
11712581,189,6794,2018,,,,,SCG,401140
11719107,189,6795,2018,,,,,SCG,401150
11725633,189,6796,2018,,,,,SCG,401191
11732159,189,6797,2018,,,,,SCG,401199
11738685,189,6798,2018,,,,,SCG,401210
11745211,189,6799,2018,,,,,SCG,401220
11751737,189,6800,2018,,,,,SCG,401290
11758263,189,6801,2018,,,,,SCG,401310
11764789,189,6802,2018,,,,,SCG,401320
11771315,189,6803,2018,,,,,SCG,401390
11777841,189,6804,2018,,,,,SCG,401410
11784367,189,6805,2018,,,,,SCG,401490
11790893,189,6806,2018,,,,,SCG,401511
11797419,189,6807,2018,,,,,SCG,401519
11803945,189,6808,2018,,,,,SCG,401590
11810471,189,6809,2018,,,,,SCG,401610
11816997,189,6810,2018,,,,,SCG,401691
11823523,189,6811,2018,,,,,SCG,401692
11830049,189,6812,2018,,,,,SCG,401693
11836575,189,6813,2018,,,,,SCG,401694
11843101,189,6814,2018,,,,,SCG,401695
11849627,189,6815,2018,,,,,SCG,401699
11856153,189,6816,2018,,,,,SCG,401700
11862679,189,6817,2018,,,,,SCG,410110
11869205,189,6818,2018,,,,,SCG,410121
11875731,189,6819,2018,,,,,SCG,410122
11882257,189,6820,2018,,,,,SCG,410129
11888783,189,6821,2018,,,,,SCG,410130
11895309,189,6822,2018,,,,,SCG,410140
11901835,189,6823,2018,,,,,SCG,410210
11908361,189,6824,2018,,,,,SCG,410221
11914887,189,6825,2018,,,,,SCG,410229
11921413,189,6826,2018,,,,,SCG,410310
11927939,189,6827,2018,,,,,SCG,410320
11934465,189,6828,2018,,,,,SCG,410390
11940991,189,6829,2018,,,,,SCG,410410
11947517,189,6830,2018,,,,,SCG,410421
11954043,189,6831,2018,,,,,SCG,410422
11960569,189,6832,2018,,,,,SCG,410429
11967095,189,6833,2018,,,,,SCG,410431
11973621,189,6834,2018,,,,,SCG,410439
11980147,189,6835,2018,,,,,SCG,410511
11986673,189,6836,2018,,,,,SCG,410512
11993199,189,6837,2018,,,,,SCG,410519
11999725,189,6838,2018,,,,,SCG,410520
12006251,189,6839,2018,,,,,SCG,410611
12012777,189,6840,2018,,,,,SCG,410612
12019303,189,6841,2018,,,,,SCG,410619
12025829,189,6842,2018,,,,,SCG,410620
12032355,189,6843,2018,,,,,SCG,410710
12038881,189,6844,2018,,,,,SCG,410721
12045407,189,6845,2018,,,,,SCG,410729
12051933,189,6846,2018,,,,,SCG,410790
12058459,189,6847,2018,,,,,SCG,410800
12064985,189,6848,2018,,,,,SCG,410900
12071511,189,6849,2018,,,,,SCG,411000
12078037,189,6850,2018,,,,,SCG,411100
12084563,189,6851,2018,,,,,SCG,420100
12091089,189,6852,2018,,,,,SCG,420211
12097615,189,6853,2018,,,,,SCG,420212
12104141,189,6854,2018,,,,,SCG,420219
12110667,189,6855,2018,,,,,SCG,420221
12117193,189,6856,2018,,,,,SCG,420222
12123719,189,6857,2018,,,,,SCG,420229
12130245,189,6858,2018,,,,,SCG,420231
12136771,189,6859,2018,,,,,SCG,420232
12143297,189,6860,2018,,,,,SCG,420239
12149823,189,6861,2018,,,,,SCG,420291
12156349,189,6862,2018,,,,,SCG,420292
12162875,189,6863,2018,,,,,SCG,420299
12169401,189,6864,2018,,,,,SCG,420310
12175927,189,6865,2018,,,,,SCG,420321
12182453,189,6866,2018,,,,,SCG,420329
12188979,189,6867,2018,,,,,SCG,420330
12195505,189,6868,2018,,,,,SCG,420340
12202031,189,6869,2018,,,,,SCG,420400
12208557,189,6870,2018,,,,,SCG,420500
12215083,189,6871,2018,,,,,SCG,420610
12221609,189,6872,2018,,,,,SCG,420690
12228135,189,6873,2018,,,,,SCG,430110
12234661,189,6874,2018,,,,,SCG,430120
12241187,189,6875,2018,,,,,SCG,430130
12247713,189,6876,2018,,,,,SCG,430140
12254239,189,6877,2018,,,,,SCG,430150
12260765,189,6878,2018,,,,,SCG,430160
12267291,189,6879,2018,,,,,SCG,430170
12273817,189,6880,2018,,,,,SCG,430180
12280343,189,6881,2018,,,,,SCG,430190
12286869,189,6882,2018,,,,,SCG,430211
12293395,189,6883,2018,,,,,SCG,430212
12299921,189,6884,2018,,,,,SCG,430213
12306447,189,6885,2018,,,,,SCG,430219
12312973,189,6886,2018,,,,,SCG,430220
12319499,189,6887,2018,,,,,SCG,430230
12326025,189,6888,2018,,,,,SCG,430310
12332551,189,6889,2018,,,,,SCG,430390
12339077,189,6890,2018,,,,,SCG,430400
12345603,189,6891,2018,,,,,SCG,440110
12352129,189,6892,2018,,,,,SCG,440121
12358655,189,6893,2018,,,,,SCG,440122
12365181,189,6894,2018,,,,,SCG,440130
12371707,189,6895,2018,,,,,SCG,440200
12378233,189,6896,2018,,,,,SCG,440310
12384759,189,6897,2018,,,,,SCG,440320
12391285,189,6898,2018,,,,,SCG,440331
12397811,189,6899,2018,,,,,SCG,440332
12404337,189,6900,2018,,,,,SCG,440333
12410863,189,6901,2018,,,,,SCG,440334
12417389,189,6902,2018,,,,,SCG,440335
12423915,189,6903,2018,,,,,SCG,440391
12430441,189,6904,2018,,,,,SCG,440392
12436967,189,6905,2018,,,,,SCG,440399
12443493,189,6906,2018,,,,,SCG,440410
12450019,189,6907,2018,,,,,SCG,440420
12456545,189,6908,2018,,,,,SCG,440500
12463071,189,6909,2018,,,,,SCG,440610
12469597,189,6910,2018,,,,,SCG,440690
12476123,189,6911,2018,,,,,SCG,440710
12482649,189,6912,2018,,,,,SCG,440721
12489175,189,6913,2018,,,,,SCG,440722
12495701,189,6914,2018,,,,,SCG,440723
12502227,189,6915,2018,,,,,SCG,440791
12508753,189,6916,2018,,,,,SCG,440792
12515279,189,6917,2018,,,,,SCG,440799
12521805,189,6918,2018,,,,,SCG,440810
12528331,189,6919,2018,,,,,SCG,440820
12534857,189,6920,2018,,,,,SCG,440890
12541383,189,6921,2018,,,,,SCG,440910
12547909,189,6922,2018,,,,,SCG,440920
12554435,189,6923,2018,,,,,SCG,441010
12560961,189,6924,2018,,,,,SCG,441090
12567487,189,6925,2018,,,,,SCG,441111
12574013,189,6926,2018,,,,,SCG,441119
12580539,189,6927,2018,,,,,SCG,441121
12587065,189,6928,2018,,,,,SCG,441129
12593591,189,6929,2018,,,,,SCG,441131
12600117,189,6930,2018,,,,,SCG,441139
12606643,189,6931,2018,,,,,SCG,441191
12613169,189,6932,2018,,,,,SCG,441199
12619695,189,6933,2018,,,,,SCG,441211
12626221,189,6934,2018,,,,,SCG,441212
12632747,189,6935,2018,,,,,SCG,441219
12639273,189,6936,2018,,,,,SCG,441221
12645799,189,6937,2018,,,,,SCG,441229
12652325,189,6938,2018,,,,,SCG,441291
12658851,189,6939,2018,,,,,SCG,441299
12665377,189,6940,2018,,,,,SCG,441300
12671903,189,6941,2018,,,,,SCG,441400
12678429,189,6942,2018,,,,,SCG,441510
12684955,189,6943,2018,,,,,SCG,441520
12691481,189,6944,2018,,,,,SCG,441600
12698007,189,6945,2018,,,,,SCG,441700
12704533,189,6946,2018,,,,,SCG,441810
12711059,189,6947,2018,,,,,SCG,441820
12717585,189,6948,2018,,,,,SCG,441830
12724111,189,6949,2018,,,,,SCG,441840
12730637,189,6950,2018,,,,,SCG,441850
12737163,189,6951,2018,,,,,SCG,441890
12743689,189,6952,2018,,,,,SCG,441900
12750215,189,6953,2018,,,,,SCG,442010
12756741,189,6954,2018,,,,,SCG,442090
12763267,189,6955,2018,,,,,SCG,442110
12769793,189,6956,2018,,,,,SCG,442190
12776319,189,6957,2018,,,,,SCG,450110
12782845,189,6958,2018,,,,,SCG,450190
12789371,189,6959,2018,,,,,SCG,450200
12795897,189,6960,2018,,,,,SCG,450310
12802423,189,6961,2018,,,,,SCG,450390
12808949,189,6962,2018,,,,,SCG,450410
12815475,189,6963,2018,,,,,SCG,450490
12822001,189,6964,2018,,,,,SCG,460110
12828527,189,6965,2018,,,,,SCG,460120
12835053,189,6966,2018,,,,,SCG,460191
12841579,189,6967,2018,,,,,SCG,460199
12848105,189,6968,2018,,,,,SCG,460210
12854631,189,6969,2018,,,,,SCG,460290
12861157,189,6970,2018,,,,,SCG,470100
12867683,189,6971,2018,,,,,SCG,470200
12874209,189,6972,2018,,,,,SCG,470311
12880735,189,6973,2018,,,,,SCG,470319
12887261,189,6974,2018,,,,,SCG,470321
12893787,189,6975,2018,,,,,SCG,470329
12900313,189,6976,2018,,,,,SCG,470411
12906839,189,6977,2018,,,,,SCG,470419
12913365,189,6978,2018,,,,,SCG,470421
12919891,189,6979,2018,,,,,SCG,470429
12926417,189,6980,2018,,,,,SCG,470500
12932943,189,6981,2018,,,,,SCG,470610
12939469,189,6982,2018,,,,,SCG,470691
12945995,189,6983,2018,,,,,SCG,470692
12952521,189,6984,2018,,,,,SCG,470693
12959047,189,6985,2018,,,,,SCG,470710
12965573,189,6986,2018,,,,,SCG,470720
12972099,189,6987,2018,,,,,SCG,470730
12978625,189,6988,2018,,,,,SCG,470790
12985151,189,6989,2018,,,,,SCG,480100
12991677,189,6990,2018,,,,,SCG,480210
12998203,189,6991,2018,,,,,SCG,480220
13004729,189,6992,2018,,,,,SCG,480230
13011255,189,6993,2018,,,,,SCG,480240
13017781,189,6994,2018,,,,,SCG,480251
13024307,189,6995,2018,,,,,SCG,480252
13030833,189,6996,2018,,,,,SCG,480253
13037359,189,6997,2018,,,,,SCG,480260
13043885,189,6998,2018,,,,,SCG,480300
13050411,189,6999,2018,,,,,SCG,480411
13056937,189,7000,2018,,,,,SCG,480419
13063463,189,7001,2018,,,,,SCG,480421
13069989,189,7002,2018,,,,,SCG,480429
13076515,189,7003,2018,,,,,SCG,480431
13083041,189,7004,2018,,,,,SCG,480439
13089567,189,7005,2018,,,,,SCG,480441
13096093,189,7006,2018,,,,,SCG,480442
13102619,189,7007,2018,,,,,SCG,480449
13109145,189,7008,2018,,,,,SCG,480451
13115671,189,7009,2018,,,,,SCG,480452
13122197,189,7010,2018,,,,,SCG,480459
13128723,189,7011,2018,,,,,SCG,480510
13135249,189,7012,2018,,,,,SCG,480521
13141775,189,7013,2018,,,,,SCG,480522
13148301,189,7014,2018,,,,,SCG,480523
13154827,189,7015,2018,,,,,SCG,480529
13161353,189,7016,2018,,,,,SCG,480530
13167879,189,7017,2018,,,,,SCG,480540
13174405,189,7018,2018,,,,,SCG,480550
13180931,189,7019,2018,,,,,SCG,480560
13187457,189,7020,2018,,,,,SCG,480570
13193983,189,7021,2018,,,,,SCG,480580
13200509,189,7022,2018,,,,,SCG,480610
13207035,189,7023,2018,,,,,SCG,480620
13213561,189,7024,2018,,,,,SCG,480630
13220087,189,7025,2018,,,,,SCG,480640
13226613,189,7026,2018,,,,,SCG,480710
13233139,189,7027,2018,,,,,SCG,480791
13239665,189,7028,2018,,,,,SCG,480799
13246191,189,7029,2018,,,,,SCG,480810
13252717,189,7030,2018,,,,,SCG,480820
13259243,189,7031,2018,,,,,SCG,480830
13265769,189,7032,2018,,,,,SCG,480890
13272295,189,7033,2018,,,,,SCG,480910
13278821,189,7034,2018,,,,,SCG,480920
13285347,189,7035,2018,,,,,SCG,480990
13291873,189,7036,2018,,,,,SCG,481011
13298399,189,7037,2018,,,,,SCG,481012
13304925,189,7038,2018,,,,,SCG,481021
13311451,189,7039,2018,,,,,SCG,481029
13317977,189,7040,2018,,,,,SCG,481031
13324503,189,7041,2018,,,,,SCG,481032
13331029,189,7042,2018,,,,,SCG,481039
13337555,189,7043,2018,,,,,SCG,481091
13344081,189,7044,2018,,,,,SCG,481099
13350607,189,7045,2018,,,,,SCG,481110
13357133,189,7046,2018,,,,,SCG,481121
13363659,189,7047,2018,,,,,SCG,481129
13370185,189,7048,2018,,,,,SCG,481131
13376711,189,7049,2018,,,,,SCG,481139
13383237,189,7050,2018,,,,,SCG,481140
13389763,189,7051,2018,,,,,SCG,481190
13396289,189,7052,2018,,,,,SCG,481200
13402815,189,7053,2018,,,,,SCG,481310
13409341,189,7054,2018,,,,,SCG,481320
13415867,189,7055,2018,,,,,SCG,481390
13422393,189,7056,2018,,,,,SCG,481410
13428919,189,7057,2018,,,,,SCG,481420
13435445,189,7058,2018,,,,,SCG,481430
13441971,189,7059,2018,,,,,SCG,481490
13448497,189,7060,2018,,,,,SCG,481500
13455023,189,7061,2018,,,,,SCG,481610
13461549,189,7062,2018,,,,,SCG,481620
13468075,189,7063,2018,,,,,SCG,481630
13474601,189,7064,2018,,,,,SCG,481690
13481127,189,7065,2018,,,,,SCG,481710
13487653,189,7066,2018,,,,,SCG,481720
13494179,189,7067,2018,,,,,SCG,481730
13500705,189,7068,2018,,,,,SCG,481810
13507231,189,7069,2018,,,,,SCG,481820
13513757,189,7070,2018,,,,,SCG,481830
13520283,189,7071,2018,,,,,SCG,481840
13526809,189,7072,2018,,,,,SCG,481850
13533335,189,7073,2018,,,,,SCG,481890
13539861,189,7074,2018,,,,,SCG,481910
13546387,189,7075,2018,,,,,SCG,481920
13552913,189,7076,2018,,,,,SCG,481930
13559439,189,7077,2018,,,,,SCG,481940
13565965,189,7078,2018,,,,,SCG,481950
13572491,189,7079,2018,,,,,SCG,481960
13579017,189,7080,2018,,,,,SCG,482010
13585543,189,7081,2018,,,,,SCG,482020
13592069,189,7082,2018,,,,,SCG,482030
13598595,189,7083,2018,,,,,SCG,482040
13605121,189,7084,2018,,,,,SCG,482050
13611647,189,7085,2018,,,,,SCG,482090
13618173,189,7086,2018,,,,,SCG,482110
13624699,189,7087,2018,,,,,SCG,482190
13631225,189,7088,2018,,,,,SCG,482210
13637751,189,7089,2018,,,,,SCG,482290
13644277,189,7090,2018,,,,,SCG,482311
13650803,189,7091,2018,,,,,SCG,482319
13657329,189,7092,2018,,,,,SCG,482320
13663855,189,7093,2018,,,,,SCG,482330
13670381,189,7094,2018,,,,,SCG,482340
13676907,189,7095,2018,,,,,SCG,482351
13683433,189,7096,2018,,,,,SCG,482359
13689959,189,7097,2018,,,,,SCG,482360
13696485,189,7098,2018,,,,,SCG,482370
13703011,189,7099,2018,,,,,SCG,482390
13709537,189,7100,2018,,,,,SCG,490110
13716063,189,7101,2018,,,,,SCG,490191
13722589,189,7102,2018,,,,,SCG,490199
13729115,189,7103,2018,,,,,SCG,490210
13735641,189,7104,2018,,,,,SCG,490290
13742167,189,7105,2018,,,,,SCG,490300
13748693,189,7106,2018,,,,,SCG,490400
13755219,189,7107,2018,,,,,SCG,490510
13761745,189,7108,2018,,,,,SCG,490591
13768271,189,7109,2018,,,,,SCG,490599
13774797,189,7110,2018,,,,,SCG,490600
13781323,189,7111,2018,,,,,SCG,490700
13787849,189,7112,2018,,,,,SCG,490810
13794375,189,7113,2018,,,,,SCG,490890
13800901,189,7114,2018,,,,,SCG,490900
13807427,189,7115,2018,,,,,SCG,491000
13813953,189,7116,2018,,,,,SCG,491110
13820479,189,7117,2018,,,,,SCG,491191
13827005,189,7118,2018,,,,,SCG,491199
13833531,189,7119,2018,,,,,SCG,500100
13840057,189,7120,2018,,,,,SCG,500200
13846583,189,7121,2018,,,,,SCG,500310
13853109,189,7122,2018,,,,,SCG,500390
13859635,189,7123,2018,,,,,SCG,500400
13866161,189,7124,2018,,,,,SCG,500500
13872687,189,7125,2018,,,,,SCG,500600
13879213,189,7126,2018,,,,,SCG,500710
13885739,189,7127,2018,,,,,SCG,500720
13892265,189,7128,2018,,,,,SCG,500790
13898791,189,7129,2018,,,,,SCG,510111
13905317,189,7130,2018,,,,,SCG,510119
13911843,189,7131,2018,,,,,SCG,510121
13918369,189,7132,2018,,,,,SCG,510129
13924895,189,7133,2018,,,,,SCG,510130
13931421,189,7134,2018,,,,,SCG,510210
13937947,189,7135,2018,,,,,SCG,510220
13944473,189,7136,2018,,,,,SCG,510310
13950999,189,7137,2018,,,,,SCG,510320
13957525,189,7138,2018,,,,,SCG,510330
13964051,189,7139,2018,,,,,SCG,510400
13970577,189,7140,2018,,,,,SCG,510510
13977103,189,7141,2018,,,,,SCG,510521
13983629,189,7142,2018,,,,,SCG,510529
13990155,189,7143,2018,,,,,SCG,510530
13996681,189,7144,2018,,,,,SCG,510540
14003207,189,7145,2018,,,,,SCG,510610
14009733,189,7146,2018,,,,,SCG,510620
14016259,189,7147,2018,,,,,SCG,510710
14022785,189,7148,2018,,,,,SCG,510720
14029311,189,7149,2018,,,,,SCG,510810
14035837,189,7150,2018,,,,,SCG,510820
14042363,189,7151,2018,,,,,SCG,510910
14048889,189,7152,2018,,,,,SCG,510990
14055415,189,7153,2018,,,,,SCG,511000
14061941,189,7154,2018,,,,,SCG,511111
14068467,189,7155,2018,,,,,SCG,511119
14074993,189,7156,2018,,,,,SCG,511120
14081519,189,7157,2018,,,,,SCG,511130
14088045,189,7158,2018,,,,,SCG,511190
14094571,189,7159,2018,,,,,SCG,511211
14101097,189,7160,2018,,,,,SCG,511219
14107623,189,7161,2018,,,,,SCG,511220
14114149,189,7162,2018,,,,,SCG,511230
14120675,189,7163,2018,,,,,SCG,511290
14127201,189,7164,2018,,,,,SCG,511300
14133727,189,7165,2018,,,,,SCG,520100
14140253,189,7166,2018,,,,,SCG,520210
14146779,189,7167,2018,,,,,SCG,520291
14153305,189,7168,2018,,,,,SCG,520299
14159831,189,7169,2018,,,,,SCG,520300
14166357,189,7170,2018,,,,,SCG,520411
14172883,189,7171,2018,,,,,SCG,520419
14179409,189,7172,2018,,,,,SCG,520420
14185935,189,7173,2018,,,,,SCG,520511
14192461,189,7174,2018,,,,,SCG,520512
14198987,189,7175,2018,,,,,SCG,520513
14205513,189,7176,2018,,,,,SCG,520514
14212039,189,7177,2018,,,,,SCG,520515
14218565,189,7178,2018,,,,,SCG,520521
14225091,189,7179,2018,,,,,SCG,520522
14231617,189,7180,2018,,,,,SCG,520523
14238143,189,7181,2018,,,,,SCG,520524
14244669,189,7182,2018,,,,,SCG,520525
14251195,189,7183,2018,,,,,SCG,520531
14257721,189,7184,2018,,,,,SCG,520532
14264247,189,7185,2018,,,,,SCG,520533
14270773,189,7186,2018,,,,,SCG,520534
14277299,189,7187,2018,,,,,SCG,520535
14283825,189,7188,2018,,,,,SCG,520541
14290351,189,7189,2018,,,,,SCG,520542
14296877,189,7190,2018,,,,,SCG,520543
14303403,189,7191,2018,,,,,SCG,520544
14309929,189,7192,2018,,,,,SCG,520545
14316455,189,7193,2018,,,,,SCG,520611
14322981,189,7194,2018,,,,,SCG,520612
14329507,189,7195,2018,,,,,SCG,520613
14336033,189,7196,2018,,,,,SCG,520614
14342559,189,7197,2018,,,,,SCG,520615
14349085,189,7198,2018,,,,,SCG,520621
14355611,189,7199,2018,,,,,SCG,520622
14362137,189,7200,2018,,,,,SCG,520623
14368663,189,7201,2018,,,,,SCG,520624
14375189,189,7202,2018,,,,,SCG,520625
14381715,189,7203,2018,,,,,SCG,520631
14388241,189,7204,2018,,,,,SCG,520632
14394767,189,7205,2018,,,,,SCG,520633
14401293,189,7206,2018,,,,,SCG,520634
14407819,189,7207,2018,,,,,SCG,520635
14414345,189,7208,2018,,,,,SCG,520641
14420871,189,7209,2018,,,,,SCG,520642
14427397,189,7210,2018,,,,,SCG,520643
14433923,189,7211,2018,,,,,SCG,520644
14440449,189,7212,2018,,,,,SCG,520645
14446975,189,7213,2018,,,,,SCG,520710
14453501,189,7214,2018,,,,,SCG,520790
14460027,189,7215,2018,,,,,SCG,520811
14466553,189,7216,2018,,,,,SCG,520812
14473079,189,7217,2018,,,,,SCG,520813
14479605,189,7218,2018,,,,,SCG,520819
14486131,189,7219,2018,,,,,SCG,520821
14492657,189,7220,2018,,,,,SCG,520822
14499183,189,7221,2018,,,,,SCG,520823
14505709,189,7222,2018,,,,,SCG,520829
14512235,189,7223,2018,,,,,SCG,520831
14518761,189,7224,2018,,,,,SCG,520832
14525287,189,7225,2018,,,,,SCG,520833
14531813,189,7226,2018,,,,,SCG,520839
14538339,189,7227,2018,,,,,SCG,520841
14544865,189,7228,2018,,,,,SCG,520842
14551391,189,7229,2018,,,,,SCG,520843
14557917,189,7230,2018,,,,,SCG,520849
14564443,189,7231,2018,,,,,SCG,520851
14570969,189,7232,2018,,,,,SCG,520852
14577495,189,7233,2018,,,,,SCG,520853
14584021,189,7234,2018,,,,,SCG,520859
14590547,189,7235,2018,,,,,SCG,520911
14597073,189,7236,2018,,,,,SCG,520912
14603599,189,7237,2018,,,,,SCG,520919
14610125,189,7238,2018,,,,,SCG,520921
14616651,189,7239,2018,,,,,SCG,520922
14623177,189,7240,2018,,,,,SCG,520929
14629703,189,7241,2018,,,,,SCG,520931
14636229,189,7242,2018,,,,,SCG,520932
14642755,189,7243,2018,,,,,SCG,520939
14649281,189,7244,2018,,,,,SCG,520941
14655807,189,7245,2018,,,,,SCG,520942
14662333,189,7246,2018,,,,,SCG,520943
14668859,189,7247,2018,,,,,SCG,520949
14675385,189,7248,2018,,,,,SCG,520951
14681911,189,7249,2018,,,,,SCG,520952
14688437,189,7250,2018,,,,,SCG,520959
14694963,189,7251,2018,,,,,SCG,521011
14701489,189,7252,2018,,,,,SCG,521012
14708015,189,7253,2018,,,,,SCG,521019
14714541,189,7254,2018,,,,,SCG,521021
14721067,189,7255,2018,,,,,SCG,521022
14727593,189,7256,2018,,,,,SCG,521029
14734119,189,7257,2018,,,,,SCG,521031
14740645,189,7258,2018,,,,,SCG,521032
14747171,189,7259,2018,,,,,SCG,521039
14753697,189,7260,2018,,,,,SCG,521041
14760223,189,7261,2018,,,,,SCG,521042
14766749,189,7262,2018,,,,,SCG,521049
14773275,189,7263,2018,,,,,SCG,521051
14779801,189,7264,2018,,,,,SCG,521052
14786327,189,7265,2018,,,,,SCG,521059
14792853,189,7266,2018,,,,,SCG,521111
14799379,189,7267,2018,,,,,SCG,521112
14805905,189,7268,2018,,,,,SCG,521119
14812431,189,7269,2018,,,,,SCG,521121
14818957,189,7270,2018,,,,,SCG,521122
14825483,189,7271,2018,,,,,SCG,521129
14832009,189,7272,2018,,,,,SCG,521131
14838535,189,7273,2018,,,,,SCG,521132
14845061,189,7274,2018,,,,,SCG,521139
14851587,189,7275,2018,,,,,SCG,521141
14858113,189,7276,2018,,,,,SCG,521142
14864639,189,7277,2018,,,,,SCG,521143
14871165,189,7278,2018,,,,,SCG,521149
14877691,189,7279,2018,,,,,SCG,521151
14884217,189,7280,2018,,,,,SCG,521152
14890743,189,7281,2018,,,,,SCG,521159
14897269,189,7282,2018,,,,,SCG,521211
14903795,189,7283,2018,,,,,SCG,521212
14910321,189,7284,2018,,,,,SCG,521213
14916847,189,7285,2018,,,,,SCG,521214
14923373,189,7286,2018,,,,,SCG,521215
14929899,189,7287,2018,,,,,SCG,521221
14936425,189,7288,2018,,,,,SCG,521222
14942951,189,7289,2018,,,,,SCG,521223
14949477,189,7290,2018,,,,,SCG,521224
14956003,189,7291,2018,,,,,SCG,521225
14962529,189,7292,2018,,,,,SCG,530110
14969055,189,7293,2018,,,,,SCG,530121
14975581,189,7294,2018,,,,,SCG,530129
14982107,189,7295,2018,,,,,SCG,530130
14988633,189,7296,2018,,,,,SCG,530210
14995159,189,7297,2018,,,,,SCG,530290
15001685,189,7298,2018,,,,,SCG,530310
15008211,189,7299,2018,,,,,SCG,530390
15014737,189,7300,2018,,,,,SCG,530410
15021263,189,7301,2018,,,,,SCG,530490
15027789,189,7302,2018,,,,,SCG,530511
15034315,189,7303,2018,,,,,SCG,530519
15040841,189,7304,2018,,,,,SCG,530521
15047367,189,7305,2018,,,,,SCG,530529
15053893,189,7306,2018,,,,,SCG,530591
15060419,189,7307,2018,,,,,SCG,530599
15066945,189,7308,2018,,,,,SCG,530610
15073471,189,7309,2018,,,,,SCG,530620
15079997,189,7310,2018,,,,,SCG,530710
15086523,189,7311,2018,,,,,SCG,530720
15093049,189,7312,2018,,,,,SCG,530810
15099575,189,7313,2018,,,,,SCG,530820
15106101,189,7314,2018,,,,,SCG,530830
15112627,189,7315,2018,,,,,SCG,530890
15119153,189,7316,2018,,,,,SCG,530911
15125679,189,7317,2018,,,,,SCG,530919
15132205,189,7318,2018,,,,,SCG,530921
15138731,189,7319,2018,,,,,SCG,530929
15145257,189,7320,2018,,,,,SCG,531010
15151783,189,7321,2018,,,,,SCG,531090
15158309,189,7322,2018,,,,,SCG,531100
15164835,189,7323,2018,,,,,SCG,540110
15171361,189,7324,2018,,,,,SCG,540120
15177887,189,7325,2018,,,,,SCG,540210
15184413,189,7326,2018,,,,,SCG,540220
15190939,189,7327,2018,,,,,SCG,540231
15197465,189,7328,2018,,,,,SCG,540232
15203991,189,7329,2018,,,,,SCG,540233
15210517,189,7330,2018,,,,,SCG,540239
15217043,189,7331,2018,,,,,SCG,540241
15223569,189,7332,2018,,,,,SCG,540242
15230095,189,7333,2018,,,,,SCG,540243
15236621,189,7334,2018,,,,,SCG,540249
15243147,189,7335,2018,,,,,SCG,540251
15249673,189,7336,2018,,,,,SCG,540252
15256199,189,7337,2018,,,,,SCG,540259
15262725,189,7338,2018,,,,,SCG,540261
15269251,189,7339,2018,,,,,SCG,540262
15275777,189,7340,2018,,,,,SCG,540269
15282303,189,7341,2018,,,,,SCG,540310
15288829,189,7342,2018,,,,,SCG,540320
15295355,189,7343,2018,,,,,SCG,540331
15301881,189,7344,2018,,,,,SCG,540332
15308407,189,7345,2018,,,,,SCG,540333
15314933,189,7346,2018,,,,,SCG,540339
15321459,189,7347,2018,,,,,SCG,540341
15327985,189,7348,2018,,,,,SCG,540342
15334511,189,7349,2018,,,,,SCG,540349
15341037,189,7350,2018,,,,,SCG,540410
15347563,189,7351,2018,,,,,SCG,540490
15354089,189,7352,2018,,,,,SCG,540500
15360615,189,7353,2018,,,,,SCG,540610
15367141,189,7354,2018,,,,,SCG,540620
15373667,189,7355,2018,,,,,SCG,540710
15380193,189,7356,2018,,,,,SCG,540720
15386719,189,7357,2018,,,,,SCG,540730
15393245,189,7358,2018,,,,,SCG,540741
15399771,189,7359,2018,,,,,SCG,540742
15406297,189,7360,2018,,,,,SCG,540743
15412823,189,7361,2018,,,,,SCG,540744
15419349,189,7362,2018,,,,,SCG,540751
15425875,189,7363,2018,,,,,SCG,540752
15432401,189,7364,2018,,,,,SCG,540753
15438927,189,7365,2018,,,,,SCG,540754
15445453,189,7366,2018,,,,,SCG,540760
15451979,189,7367,2018,,,,,SCG,540771
15458505,189,7368,2018,,,,,SCG,540772
15465031,189,7369,2018,,,,,SCG,540773
15471557,189,7370,2018,,,,,SCG,540774
15478083,189,7371,2018,,,,,SCG,540781
15484609,189,7372,2018,,,,,SCG,540782
15491135,189,7373,2018,,,,,SCG,540783
15497661,189,7374,2018,,,,,SCG,540784
15504187,189,7375,2018,,,,,SCG,540791
15510713,189,7376,2018,,,,,SCG,540792
15517239,189,7377,2018,,,,,SCG,540793
15523765,189,7378,2018,,,,,SCG,540794
15530291,189,7379,2018,,,,,SCG,540810
15536817,189,7380,2018,,,,,SCG,540821
15543343,189,7381,2018,,,,,SCG,540822
15549869,189,7382,2018,,,,,SCG,540823
15556395,189,7383,2018,,,,,SCG,540824
15562921,189,7384,2018,,,,,SCG,540831
15569447,189,7385,2018,,,,,SCG,540832
15575973,189,7386,2018,,,,,SCG,540833
15582499,189,7387,2018,,,,,SCG,540834
15589025,189,7388,2018,,,,,SCG,550110
15595551,189,7389,2018,,,,,SCG,550120
15602077,189,7390,2018,,,,,SCG,550130
15608603,189,7391,2018,,,,,SCG,550190
15615129,189,7392,2018,,,,,SCG,550200
15621655,189,7393,2018,,,,,SCG,550310
15628181,189,7394,2018,,,,,SCG,550320
15634707,189,7395,2018,,,,,SCG,550330
15641233,189,7396,2018,,,,,SCG,550340
15647759,189,7397,2018,,,,,SCG,550390
15654285,189,7398,2018,,,,,SCG,550410
15660811,189,7399,2018,,,,,SCG,550490
15667337,189,7400,2018,,,,,SCG,550510
15673863,189,7401,2018,,,,,SCG,550520
15680389,189,7402,2018,,,,,SCG,550610
15686915,189,7403,2018,,,,,SCG,550620
15693441,189,7404,2018,,,,,SCG,550630
15699967,189,7405,2018,,,,,SCG,550690
15706493,189,7406,2018,,,,,SCG,550700
15713019,189,7407,2018,,,,,SCG,550810
15719545,189,7408,2018,,,,,SCG,550820
15726071,189,7409,2018,,,,,SCG,550911
15732597,189,7410,2018,,,,,SCG,550912
15739123,189,7411,2018,,,,,SCG,550921
15745649,189,7412,2018,,,,,SCG,550922
15752175,189,7413,2018,,,,,SCG,550931
15758701,189,7414,2018,,,,,SCG,550932
15765227,189,7415,2018,,,,,SCG,550941
15771753,189,7416,2018,,,,,SCG,550942
15778279,189,7417,2018,,,,,SCG,550951
15784805,189,7418,2018,,,,,SCG,550952
15791331,189,7419,2018,,,,,SCG,550953
15797857,189,7420,2018,,,,,SCG,550959
15804383,189,7421,2018,,,,,SCG,550961
15810909,189,7422,2018,,,,,SCG,550962
15817435,189,7423,2018,,,,,SCG,550969
15823961,189,7424,2018,,,,,SCG,550991
15830487,189,7425,2018,,,,,SCG,550992
15837013,189,7426,2018,,,,,SCG,550999
15843539,189,7427,2018,,,,,SCG,551011
15850065,189,7428,2018,,,,,SCG,551012
15856591,189,7429,2018,,,,,SCG,551020
15863117,189,7430,2018,,,,,SCG,551030
15869643,189,7431,2018,,,,,SCG,551090
15876169,189,7432,2018,,,,,SCG,551110
15882695,189,7433,2018,,,,,SCG,551120
15889221,189,7434,2018,,,,,SCG,551130
15895747,189,7435,2018,,,,,SCG,551211
15902273,189,7436,2018,,,,,SCG,551219
15908799,189,7437,2018,,,,,SCG,551221
15915325,189,7438,2018,,,,,SCG,551229
15921851,189,7439,2018,,,,,SCG,551291
15928377,189,7440,2018,,,,,SCG,551299
15934903,189,7441,2018,,,,,SCG,551311
15941429,189,7442,2018,,,,,SCG,551312
15947955,189,7443,2018,,,,,SCG,551313
15954481,189,7444,2018,,,,,SCG,551319
15961007,189,7445,2018,,,,,SCG,551321
15967533,189,7446,2018,,,,,SCG,551322
15974059,189,7447,2018,,,,,SCG,551323
15980585,189,7448,2018,,,,,SCG,551329
15987111,189,7449,2018,,,,,SCG,551331
15993637,189,7450,2018,,,,,SCG,551332
16000163,189,7451,2018,,,,,SCG,551333
16006689,189,7452,2018,,,,,SCG,551339
16013215,189,7453,2018,,,,,SCG,551341
16019741,189,7454,2018,,,,,SCG,551342
16026267,189,7455,2018,,,,,SCG,551343
16032793,189,7456,2018,,,,,SCG,551349
16039319,189,7457,2018,,,,,SCG,551411
16045845,189,7458,2018,,,,,SCG,551412
16052371,189,7459,2018,,,,,SCG,551413
16058897,189,7460,2018,,,,,SCG,551419
16065423,189,7461,2018,,,,,SCG,551421
16071949,189,7462,2018,,,,,SCG,551422
16078475,189,7463,2018,,,,,SCG,551423
16085001,189,7464,2018,,,,,SCG,551429
16091527,189,7465,2018,,,,,SCG,551431
16098053,189,7466,2018,,,,,SCG,551432
16104579,189,7467,2018,,,,,SCG,551433
16111105,189,7468,2018,,,,,SCG,551439
16117631,189,7469,2018,,,,,SCG,551441
16124157,189,7470,2018,,,,,SCG,551442
16130683,189,7471,2018,,,,,SCG,551443
16137209,189,7472,2018,,,,,SCG,551449
16143735,189,7473,2018,,,,,SCG,551511
16150261,189,7474,2018,,,,,SCG,551512
16156787,189,7475,2018,,,,,SCG,551513
16163313,189,7476,2018,,,,,SCG,551519
16169839,189,7477,2018,,,,,SCG,551521
16176365,189,7478,2018,,,,,SCG,551522
16182891,189,7479,2018,,,,,SCG,551529
16189417,189,7480,2018,,,,,SCG,551591
16195943,189,7481,2018,,,,,SCG,551592
16202469,189,7482,2018,,,,,SCG,551599
16208995,189,7483,2018,,,,,SCG,551611
16215521,189,7484,2018,,,,,SCG,551612
16222047,189,7485,2018,,,,,SCG,551613
16228573,189,7486,2018,,,,,SCG,551614
16235099,189,7487,2018,,,,,SCG,551621
16241625,189,7488,2018,,,,,SCG,551622
16248151,189,7489,2018,,,,,SCG,551623
16254677,189,7490,2018,,,,,SCG,551624
16261203,189,7491,2018,,,,,SCG,551631
16267729,189,7492,2018,,,,,SCG,551632
16274255,189,7493,2018,,,,,SCG,551633
16280781,189,7494,2018,,,,,SCG,551634
16287307,189,7495,2018,,,,,SCG,551641
16293833,189,7496,2018,,,,,SCG,551642
16300359,189,7497,2018,,,,,SCG,551643
16306885,189,7498,2018,,,,,SCG,551644
16313411,189,7499,2018,,,,,SCG,551691
16319937,189,7500,2018,,,,,SCG,551692
16326463,189,7501,2018,,,,,SCG,551693
16332989,189,7502,2018,,,,,SCG,551694
16339515,189,7503,2018,,,,,SCG,560110
16346041,189,7504,2018,,,,,SCG,560121
16352567,189,7505,2018,,,,,SCG,560122
16359093,189,7506,2018,,,,,SCG,560129
16365619,189,7507,2018,,,,,SCG,560130
16372145,189,7508,2018,,,,,SCG,560210
16378671,189,7509,2018,,,,,SCG,560221
16385197,189,7510,2018,,,,,SCG,560229
16391723,189,7511,2018,,,,,SCG,560290
16398249,189,7512,2018,,,,,SCG,560300
16404775,189,7513,2018,,,,,SCG,560410
16411301,189,7514,2018,,,,,SCG,560420
16417827,189,7515,2018,,,,,SCG,560490
16424353,189,7516,2018,,,,,SCG,560500
16430879,189,7517,2018,,,,,SCG,560600
16437405,189,7518,2018,,,,,SCG,560710
16443931,189,7519,2018,,,,,SCG,560721
16450457,189,7520,2018,,,,,SCG,560729
16456983,189,7521,2018,,,,,SCG,560730
16463509,189,7522,2018,,,,,SCG,560741
16470035,189,7523,2018,,,,,SCG,560749
16476561,189,7524,2018,,,,,SCG,560750
16483087,189,7525,2018,,,,,SCG,560790
16489613,189,7526,2018,,,,,SCG,560811
16496139,189,7527,2018,,,,,SCG,560819
16502665,189,7528,2018,,,,,SCG,560890
16509191,189,7529,2018,,,,,SCG,560900
16515717,189,7530,2018,,,,,SCG,570110
16522243,189,7531,2018,,,,,SCG,570190
16528769,189,7532,2018,,,,,SCG,570210
16535295,189,7533,2018,,,,,SCG,570220
16541821,189,7534,2018,,,,,SCG,570231
16548347,189,7535,2018,,,,,SCG,570232
16554873,189,7536,2018,,,,,SCG,570239
16561399,189,7537,2018,,,,,SCG,570241
16567925,189,7538,2018,,,,,SCG,570242
16574451,189,7539,2018,,,,,SCG,570249
16580977,189,7540,2018,,,,,SCG,570251
16587503,189,7541,2018,,,,,SCG,570252
16594029,189,7542,2018,,,,,SCG,570259
16600555,189,7543,2018,,,,,SCG,570291
16607081,189,7544,2018,,,,,SCG,570292
16613607,189,7545,2018,,,,,SCG,570299
16620133,189,7546,2018,,,,,SCG,570310
16626659,189,7547,2018,,,,,SCG,570320
16633185,189,7548,2018,,,,,SCG,570330
16639711,189,7549,2018,,,,,SCG,570390
16646237,189,7550,2018,,,,,SCG,570410
16652763,189,7551,2018,,,,,SCG,570490
16659289,189,7552,2018,,,,,SCG,570500
16665815,189,7553,2018,,,,,SCG,580110
16672341,189,7554,2018,,,,,SCG,580121
16678867,189,7555,2018,,,,,SCG,580122
16685393,189,7556,2018,,,,,SCG,580123
16691919,189,7557,2018,,,,,SCG,580124
16698445,189,7558,2018,,,,,SCG,580125
16704971,189,7559,2018,,,,,SCG,580126
16711497,189,7560,2018,,,,,SCG,580131
16718023,189,7561,2018,,,,,SCG,580132
16724549,189,7562,2018,,,,,SCG,580133
16731075,189,7563,2018,,,,,SCG,580134
16737601,189,7564,2018,,,,,SCG,580135
16744127,189,7565,2018,,,,,SCG,580136
16750653,189,7566,2018,,,,,SCG,580190
16757179,189,7567,2018,,,,,SCG,580211
16763705,189,7568,2018,,,,,SCG,580219
16770231,189,7569,2018,,,,,SCG,580220
16776757,189,7570,2018,,,,,SCG,580230
16783283,189,7571,2018,,,,,SCG,580310
16789809,189,7572,2018,,,,,SCG,580390
16796335,189,7573,2018,,,,,SCG,580410
16802861,189,7574,2018,,,,,SCG,580421
16809387,189,7575,2018,,,,,SCG,580429
16815913,189,7576,2018,,,,,SCG,580430
16822439,189,7577,2018,,,,,SCG,580500
16828965,189,7578,2018,,,,,SCG,580610
16835491,189,7579,2018,,,,,SCG,580620
16842017,189,7580,2018,,,,,SCG,580631
16848543,189,7581,2018,,,,,SCG,580632
16855069,189,7582,2018,,,,,SCG,580639
16861595,189,7583,2018,,,,,SCG,580640
16868121,189,7584,2018,,,,,SCG,580710
16874647,189,7585,2018,,,,,SCG,580790
16881173,189,7586,2018,,,,,SCG,580810
16887699,189,7587,2018,,,,,SCG,580890
16894225,189,7588,2018,,,,,SCG,580900
16900751,189,7589,2018,,,,,SCG,581010
16907277,189,7590,2018,,,,,SCG,581091
16913803,189,7591,2018,,,,,SCG,581092
16920329,189,7592,2018,,,,,SCG,581099
16926855,189,7593,2018,,,,,SCG,581100
16933381,189,7594,2018,,,,,SCG,590110
16939907,189,7595,2018,,,,,SCG,590190
16946433,189,7596,2018,,,,,SCG,590210
16952959,189,7597,2018,,,,,SCG,590220
16959485,189,7598,2018,,,,,SCG,590290
16966011,189,7599,2018,,,,,SCG,590310
16972537,189,7600,2018,,,,,SCG,590320
16979063,189,7601,2018,,,,,SCG,590390
16985589,189,7602,2018,,,,,SCG,590410
16992115,189,7603,2018,,,,,SCG,590491
16998641,189,7604,2018,,,,,SCG,590492
17005167,189,7605,2018,,,,,SCG,590500
17011693,189,7606,2018,,,,,SCG,590610
17018219,189,7607,2018,,,,,SCG,590691
17024745,189,7608,2018,,,,,SCG,590699
17031271,189,7609,2018,,,,,SCG,590700
17037797,189,7610,2018,,,,,SCG,590800
17044323,189,7611,2018,,,,,SCG,590900
17050849,189,7612,2018,,,,,SCG,591000
17057375,189,7613,2018,,,,,SCG,591110
17063901,189,7614,2018,,,,,SCG,591120
17070427,189,7615,2018,,,,,SCG,591131
17076953,189,7616,2018,,,,,SCG,591132
17083479,189,7617,2018,,,,,SCG,591140
17090005,189,7618,2018,,,,,SCG,591190
17096531,189,7619,2018,,,,,SCG,600110
17103057,189,7620,2018,,,,,SCG,600121
17109583,189,7621,2018,,,,,SCG,600122
17116109,189,7622,2018,,,,,SCG,600129
17122635,189,7623,2018,,,,,SCG,600191
17129161,189,7624,2018,,,,,SCG,600192
17135687,189,7625,2018,,,,,SCG,600199
17142213,189,7626,2018,,,,,SCG,600210
17148739,189,7627,2018,,,,,SCG,600220
17155265,189,7628,2018,,,,,SCG,600230
17161791,189,7629,2018,,,,,SCG,600241
17168317,189,7630,2018,,,,,SCG,600242
17174843,189,7631,2018,,,,,SCG,600243
17181369,189,7632,2018,,,,,SCG,600249
17187895,189,7633,2018,,,,,SCG,600291
17194421,189,7634,2018,,,,,SCG,600292
17200947,189,7635,2018,,,,,SCG,600293
17207473,189,7636,2018,,,,,SCG,600299
17213999,189,7637,2018,,,,,SCG,610110
17220525,189,7638,2018,,,,,SCG,610120
17227051,189,7639,2018,,,,,SCG,610130
17233577,189,7640,2018,,,,,SCG,610190
17240103,189,7641,2018,,,,,SCG,610210
17246629,189,7642,2018,,,,,SCG,610220
17253155,189,7643,2018,,,,,SCG,610230
17259681,189,7644,2018,,,,,SCG,610290
17266207,189,7645,2018,,,,,SCG,610311
17272733,189,7646,2018,,,,,SCG,610312
17279259,189,7647,2018,,,,,SCG,610319
17285785,189,7648,2018,,,,,SCG,610321
17292311,189,7649,2018,,,,,SCG,610322
17298837,189,7650,2018,,,,,SCG,610323
17305363,189,7651,2018,,,,,SCG,610329
17311889,189,7652,2018,,,,,SCG,610331
17318415,189,7653,2018,,,,,SCG,610332
17324941,189,7654,2018,,,,,SCG,610333
17331467,189,7655,2018,,,,,SCG,610339
17337993,189,7656,2018,,,,,SCG,610341
17344519,189,7657,2018,,,,,SCG,610342
17351045,189,7658,2018,,,,,SCG,610343
17357571,189,7659,2018,,,,,SCG,610349
17364097,189,7660,2018,,,,,SCG,610411
17370623,189,7661,2018,,,,,SCG,610412
17377149,189,7662,2018,,,,,SCG,610413
17383675,189,7663,2018,,,,,SCG,610419
17390201,189,7664,2018,,,,,SCG,610421
17396727,189,7665,2018,,,,,SCG,610422
17403253,189,7666,2018,,,,,SCG,610423
17409779,189,7667,2018,,,,,SCG,610429
17416305,189,7668,2018,,,,,SCG,610431
17422831,189,7669,2018,,,,,SCG,610432
17429357,189,7670,2018,,,,,SCG,610433
17435883,189,7671,2018,,,,,SCG,610439
17442409,189,7672,2018,,,,,SCG,610441
17448935,189,7673,2018,,,,,SCG,610442
17455461,189,7674,2018,,,,,SCG,610443
17461987,189,7675,2018,,,,,SCG,610444
17468513,189,7676,2018,,,,,SCG,610449
17475039,189,7677,2018,,,,,SCG,610451
17481565,189,7678,2018,,,,,SCG,610452
17488091,189,7679,2018,,,,,SCG,610453
17494617,189,7680,2018,,,,,SCG,610459
17501143,189,7681,2018,,,,,SCG,610461
17507669,189,7682,2018,,,,,SCG,610462
17514195,189,7683,2018,,,,,SCG,610463
17520721,189,7684,2018,,,,,SCG,610469
17527247,189,7685,2018,,,,,SCG,610510
17533773,189,7686,2018,,,,,SCG,610520
17540299,189,7687,2018,,,,,SCG,610590
17546825,189,7688,2018,,,,,SCG,610610
17553351,189,7689,2018,,,,,SCG,610620
17559877,189,7690,2018,,,,,SCG,610690
17566403,189,7691,2018,,,,,SCG,610711
17572929,189,7692,2018,,,,,SCG,610712
17579455,189,7693,2018,,,,,SCG,610719
17585981,189,7694,2018,,,,,SCG,610721
17592507,189,7695,2018,,,,,SCG,610722
17599033,189,7696,2018,,,,,SCG,610729
17605559,189,7697,2018,,,,,SCG,610791
17612085,189,7698,2018,,,,,SCG,610792
17618611,189,7699,2018,,,,,SCG,610799
17625137,189,7700,2018,,,,,SCG,610811
17631663,189,7701,2018,,,,,SCG,610819
17638189,189,7702,2018,,,,,SCG,610821
17644715,189,7703,2018,,,,,SCG,610822
17651241,189,7704,2018,,,,,SCG,610829
17657767,189,7705,2018,,,,,SCG,610831
17664293,189,7706,2018,,,,,SCG,610832
17670819,189,7707,2018,,,,,SCG,610839
17677345,189,7708,2018,,,,,SCG,610891
17683871,189,7709,2018,,,,,SCG,610892
17690397,189,7710,2018,,,,,SCG,610899
17696923,189,7711,2018,,,,,SCG,610910
17703449,189,7712,2018,,,,,SCG,610990
17709975,189,7713,2018,,,,,SCG,611010
17716501,189,7714,2018,,,,,SCG,611020
17723027,189,7715,2018,,,,,SCG,611030
17729553,189,7716,2018,,,,,SCG,611090
17736079,189,7717,2018,,,,,SCG,611110
17742605,189,7718,2018,,,,,SCG,611120
17749131,189,7719,2018,,,,,SCG,611130
17755657,189,7720,2018,,,,,SCG,611190
17762183,189,7721,2018,,,,,SCG,611211
17768709,189,7722,2018,,,,,SCG,611212
17775235,189,7723,2018,,,,,SCG,611219
17781761,189,7724,2018,,,,,SCG,611220
17788287,189,7725,2018,,,,,SCG,611231
17794813,189,7726,2018,,,,,SCG,611239
17801339,189,7727,2018,,,,,SCG,611241
17807865,189,7728,2018,,,,,SCG,611249
17814391,189,7729,2018,,,,,SCG,611300
17820917,189,7730,2018,,,,,SCG,611410
17827443,189,7731,2018,,,,,SCG,611420
17833969,189,7732,2018,,,,,SCG,611430
17840495,189,7733,2018,,,,,SCG,611490
17847021,189,7734,2018,,,,,SCG,611511
17853547,189,7735,2018,,,,,SCG,611512
17860073,189,7736,2018,,,,,SCG,611519
17866599,189,7737,2018,,,,,SCG,611520
17873125,189,7738,2018,,,,,SCG,611591
17879651,189,7739,2018,,,,,SCG,611592
17886177,189,7740,2018,,,,,SCG,611593
17892703,189,7741,2018,,,,,SCG,611599
17899229,189,7742,2018,,,,,SCG,611610
17905755,189,7743,2018,,,,,SCG,611691
17912281,189,7744,2018,,,,,SCG,611692
17918807,189,7745,2018,,,,,SCG,611693
17925333,189,7746,2018,,,,,SCG,611699
17931859,189,7747,2018,,,,,SCG,611710
17938385,189,7748,2018,,,,,SCG,611720
17944911,189,7749,2018,,,,,SCG,611780
17951437,189,7750,2018,,,,,SCG,611790
17957963,189,7751,2018,,,,,SCG,620111
17964489,189,7752,2018,,,,,SCG,620112
17971015,189,7753,2018,,,,,SCG,620113
17977541,189,7754,2018,,,,,SCG,620119
17984067,189,7755,2018,,,,,SCG,620191
17990593,189,7756,2018,,,,,SCG,620192
17997119,189,7757,2018,,,,,SCG,620193
18003645,189,7758,2018,,,,,SCG,620199
18010171,189,7759,2018,,,,,SCG,620211
18016697,189,7760,2018,,,,,SCG,620212
18023223,189,7761,2018,,,,,SCG,620213
18029749,189,7762,2018,,,,,SCG,620219
18036275,189,7763,2018,,,,,SCG,620291
18042801,189,7764,2018,,,,,SCG,620292
18049327,189,7765,2018,,,,,SCG,620293
18055853,189,7766,2018,,,,,SCG,620299
18062379,189,7767,2018,,,,,SCG,620311
18068905,189,7768,2018,,,,,SCG,620312
18075431,189,7769,2018,,,,,SCG,620319
18081957,189,7770,2018,,,,,SCG,620321
18088483,189,7771,2018,,,,,SCG,620322
18095009,189,7772,2018,,,,,SCG,620323
18101535,189,7773,2018,,,,,SCG,620329
18108061,189,7774,2018,,,,,SCG,620331
18114587,189,7775,2018,,,,,SCG,620332
18121113,189,7776,2018,,,,,SCG,620333
18127639,189,7777,2018,,,,,SCG,620339
18134165,189,7778,2018,,,,,SCG,620341
18140691,189,7779,2018,,,,,SCG,620342
18147217,189,7780,2018,,,,,SCG,620343
18153743,189,7781,2018,,,,,SCG,620349
18160269,189,7782,2018,,,,,SCG,620411
18166795,189,7783,2018,,,,,SCG,620412
18173321,189,7784,2018,,,,,SCG,620413
18179847,189,7785,2018,,,,,SCG,620419
18186373,189,7786,2018,,,,,SCG,620421
18192899,189,7787,2018,,,,,SCG,620422
18199425,189,7788,2018,,,,,SCG,620423
18205951,189,7789,2018,,,,,SCG,620429
18212477,189,7790,2018,,,,,SCG,620431
18219003,189,7791,2018,,,,,SCG,620432
18225529,189,7792,2018,,,,,SCG,620433
18232055,189,7793,2018,,,,,SCG,620439
18238581,189,7794,2018,,,,,SCG,620441
18245107,189,7795,2018,,,,,SCG,620442
18251633,189,7796,2018,,,,,SCG,620443
18258159,189,7797,2018,,,,,SCG,620444
18264685,189,7798,2018,,,,,SCG,620449
18271211,189,7799,2018,,,,,SCG,620451
18277737,189,7800,2018,,,,,SCG,620452
18284263,189,7801,2018,,,,,SCG,620453
18290789,189,7802,2018,,,,,SCG,620459
18297315,189,7803,2018,,,,,SCG,620461
18303841,189,7804,2018,,,,,SCG,620462
18310367,189,7805,2018,,,,,SCG,620463
18316893,189,7806,2018,,,,,SCG,620469
18323419,189,7807,2018,,,,,SCG,620510
18329945,189,7808,2018,,,,,SCG,620520
18336471,189,7809,2018,,,,,SCG,620530
18342997,189,7810,2018,,,,,SCG,620590
18349523,189,7811,2018,,,,,SCG,620610
18356049,189,7812,2018,,,,,SCG,620620
18362575,189,7813,2018,,,,,SCG,620630
18369101,189,7814,2018,,,,,SCG,620640
18375627,189,7815,2018,,,,,SCG,620690
18382153,189,7816,2018,,,,,SCG,620711
18388679,189,7817,2018,,,,,SCG,620719
18395205,189,7818,2018,,,,,SCG,620721
18401731,189,7819,2018,,,,,SCG,620722
18408257,189,7820,2018,,,,,SCG,620729
18414783,189,7821,2018,,,,,SCG,620791
18421309,189,7822,2018,,,,,SCG,620792
18427835,189,7823,2018,,,,,SCG,620799
18434361,189,7824,2018,,,,,SCG,620811
18440887,189,7825,2018,,,,,SCG,620819
18447413,189,7826,2018,,,,,SCG,620821
18453939,189,7827,2018,,,,,SCG,620822
18460465,189,7828,2018,,,,,SCG,620829
18466991,189,7829,2018,,,,,SCG,620891
18473517,189,7830,2018,,,,,SCG,620892
18480043,189,7831,2018,,,,,SCG,620899
18486569,189,7832,2018,,,,,SCG,620910
18493095,189,7833,2018,,,,,SCG,620920
18499621,189,7834,2018,,,,,SCG,620930
18506147,189,7835,2018,,,,,SCG,620990
18512673,189,7836,2018,,,,,SCG,621010
18519199,189,7837,2018,,,,,SCG,621020
18525725,189,7838,2018,,,,,SCG,621030
18532251,189,7839,2018,,,,,SCG,621040
18538777,189,7840,2018,,,,,SCG,621050
18545303,189,7841,2018,,,,,SCG,621111
18551829,189,7842,2018,,,,,SCG,621112
18558355,189,7843,2018,,,,,SCG,621120
18564881,189,7844,2018,,,,,SCG,621131
18571407,189,7845,2018,,,,,SCG,621132
18577933,189,7846,2018,,,,,SCG,621133
18584459,189,7847,2018,,,,,SCG,621139
18590985,189,7848,2018,,,,,SCG,621141
18597511,189,7849,2018,,,,,SCG,621142
18604037,189,7850,2018,,,,,SCG,621143
18610563,189,7851,2018,,,,,SCG,621149
18617089,189,7852,2018,,,,,SCG,621210
18623615,189,7853,2018,,,,,SCG,621220
18630141,189,7854,2018,,,,,SCG,621230
18636667,189,7855,2018,,,,,SCG,621290
18643193,189,7856,2018,,,,,SCG,621310
18649719,189,7857,2018,,,,,SCG,621320
18656245,189,7858,2018,,,,,SCG,621390
18662771,189,7859,2018,,,,,SCG,621410
18669297,189,7860,2018,,,,,SCG,621420
18675823,189,7861,2018,,,,,SCG,621430
18682349,189,7862,2018,,,,,SCG,621440
18688875,189,7863,2018,,,,,SCG,621490
18695401,189,7864,2018,,,,,SCG,621510
18701927,189,7865,2018,,,,,SCG,621520
18708453,189,7866,2018,,,,,SCG,621590
18714979,189,7867,2018,,,,,SCG,621600
18721505,189,7868,2018,,,,,SCG,621710
18728031,189,7869,2018,,,,,SCG,621790
18734557,189,7870,2018,,,,,SCG,630110
18741083,189,7871,2018,,,,,SCG,630120
18747609,189,7872,2018,,,,,SCG,630130
18754135,189,7873,2018,,,,,SCG,630140
18760661,189,7874,2018,,,,,SCG,630190
18767187,189,7875,2018,,,,,SCG,630210
18773713,189,7876,2018,,,,,SCG,630221
18780239,189,7877,2018,,,,,SCG,630222
18786765,189,7878,2018,,,,,SCG,630229
18793291,189,7879,2018,,,,,SCG,630231
18799817,189,7880,2018,,,,,SCG,630232
18806343,189,7881,2018,,,,,SCG,630239
18812869,189,7882,2018,,,,,SCG,630240
18819395,189,7883,2018,,,,,SCG,630251
18825921,189,7884,2018,,,,,SCG,630252
18832447,189,7885,2018,,,,,SCG,630253
18838973,189,7886,2018,,,,,SCG,630259
18845499,189,7887,2018,,,,,SCG,630260
18852025,189,7888,2018,,,,,SCG,630291
18858551,189,7889,2018,,,,,SCG,630292
18865077,189,7890,2018,,,,,SCG,630293
18871603,189,7891,2018,,,,,SCG,630299
18878129,189,7892,2018,,,,,SCG,630311
18884655,189,7893,2018,,,,,SCG,630312
18891181,189,7894,2018,,,,,SCG,630319
18897707,189,7895,2018,,,,,SCG,630391
18904233,189,7896,2018,,,,,SCG,630392
18910759,189,7897,2018,,,,,SCG,630399
18917285,189,7898,2018,,,,,SCG,630411
18923811,189,7899,2018,,,,,SCG,630419
18930337,189,7900,2018,,,,,SCG,630491
18936863,189,7901,2018,,,,,SCG,630492
18943389,189,7902,2018,,,,,SCG,630493
18949915,189,7903,2018,,,,,SCG,630499
18956441,189,7904,2018,,,,,SCG,630510
18962967,189,7905,2018,,,,,SCG,630520
18969493,189,7906,2018,,,,,SCG,630531
18976019,189,7907,2018,,,,,SCG,630539
18982545,189,7908,2018,,,,,SCG,630590
18989071,189,7909,2018,,,,,SCG,630611
18995597,189,7910,2018,,,,,SCG,630612
19002123,189,7911,2018,,,,,SCG,630619
19008649,189,7912,2018,,,,,SCG,630621
19015175,189,7913,2018,,,,,SCG,630622
19021701,189,7914,2018,,,,,SCG,630629
19028227,189,7915,2018,,,,,SCG,630631
19034753,189,7916,2018,,,,,SCG,630639
19041279,189,7917,2018,,,,,SCG,630641
19047805,189,7918,2018,,,,,SCG,630649
19054331,189,7919,2018,,,,,SCG,630691
19060857,189,7920,2018,,,,,SCG,630699
19067383,189,7921,2018,,,,,SCG,630710
19073909,189,7922,2018,,,,,SCG,630720
19080435,189,7923,2018,,,,,SCG,630790
19086961,189,7924,2018,,,,,SCG,630800
19093487,189,7925,2018,,,,,SCG,630900
19100013,189,7926,2018,,,,,SCG,631010
19106539,189,7927,2018,,,,,SCG,631090
19113065,189,7928,2018,,,,,SCG,640110
19119591,189,7929,2018,,,,,SCG,640191
19126117,189,7930,2018,,,,,SCG,640192
19132643,189,7931,2018,,,,,SCG,640199
19139169,189,7932,2018,,,,,SCG,640211
19145695,189,7933,2018,,,,,SCG,640219
19152221,189,7934,2018,,,,,SCG,640220
19158747,189,7935,2018,,,,,SCG,640230
19165273,189,7936,2018,,,,,SCG,640291
19171799,189,7937,2018,,,,,SCG,640299
19178325,189,7938,2018,,,,,SCG,640311
19184851,189,7939,2018,,,,,SCG,640319
19191377,189,7940,2018,,,,,SCG,640320
19197903,189,7941,2018,,,,,SCG,640330
19204429,189,7942,2018,,,,,SCG,640340
19210955,189,7943,2018,,,,,SCG,640351
19217481,189,7944,2018,,,,,SCG,640359
19224007,189,7945,2018,,,,,SCG,640391
19230533,189,7946,2018,,,,,SCG,640399
19237059,189,7947,2018,,,,,SCG,640411
19243585,189,7948,2018,,,,,SCG,640419
19250111,189,7949,2018,,,,,SCG,640420
19256637,189,7950,2018,,,,,SCG,640510
19263163,189,7951,2018,,,,,SCG,640520
19269689,189,7952,2018,,,,,SCG,640590
19276215,189,7953,2018,,,,,SCG,640610
19282741,189,7954,2018,,,,,SCG,640620
19289267,189,7955,2018,,,,,SCG,640691
19295793,189,7956,2018,,,,,SCG,640699
19302319,189,7957,2018,,,,,SCG,650100
19308845,189,7958,2018,,,,,SCG,650200
19315371,189,7959,2018,,,,,SCG,650300
19321897,189,7960,2018,,,,,SCG,650400
19328423,189,7961,2018,,,,,SCG,650510
19334949,189,7962,2018,,,,,SCG,650590
19341475,189,7963,2018,,,,,SCG,650610
19348001,189,7964,2018,,,,,SCG,650691
19354527,189,7965,2018,,,,,SCG,650692
19361053,189,7966,2018,,,,,SCG,650699
19367579,189,7967,2018,,,,,SCG,650700
19374105,189,7968,2018,,,,,SCG,660110
19380631,189,7969,2018,,,,,SCG,660191
19387157,189,7970,2018,,,,,SCG,660199
19393683,189,7971,2018,,,,,SCG,660200
19400209,189,7972,2018,,,,,SCG,660310
19406735,189,7973,2018,,,,,SCG,660320
19413261,189,7974,2018,,,,,SCG,660390
19419787,189,7975,2018,,,,,SCG,670100
19426313,189,7976,2018,,,,,SCG,670210
19432839,189,7977,2018,,,,,SCG,670290
19439365,189,7978,2018,,,,,SCG,670300
19445891,189,7979,2018,,,,,SCG,670411
19452417,189,7980,2018,,,,,SCG,670419
19458943,189,7981,2018,,,,,SCG,670420
19465469,189,7982,2018,,,,,SCG,670490
19471995,189,7983,2018,,,,,SCG,680100
19478521,189,7984,2018,,,,,SCG,680210
19485047,189,7985,2018,,,,,SCG,680221
19491573,189,7986,2018,,,,,SCG,680222
19498099,189,7987,2018,,,,,SCG,680223
19504625,189,7988,2018,,,,,SCG,680229
19511151,189,7989,2018,,,,,SCG,680291
19517677,189,7990,2018,,,,,SCG,680292
19524203,189,7991,2018,,,,,SCG,680293
19530729,189,7992,2018,,,,,SCG,680299
19537255,189,7993,2018,,,,,SCG,680300
19543781,189,7994,2018,,,,,SCG,680410
19550307,189,7995,2018,,,,,SCG,680421
19556833,189,7996,2018,,,,,SCG,680422
19563359,189,7997,2018,,,,,SCG,680423
19569885,189,7998,2018,,,,,SCG,680430
19576411,189,7999,2018,,,,,SCG,680510
19582937,189,8000,2018,,,,,SCG,680520
19589463,189,8001,2018,,,,,SCG,680530
19595989,189,8002,2018,,,,,SCG,680610
19602515,189,8003,2018,,,,,SCG,680620
19609041,189,8004,2018,,,,,SCG,680690
19615567,189,8005,2018,,,,,SCG,680710
19622093,189,8006,2018,,,,,SCG,680790
19628619,189,8007,2018,,,,,SCG,680800
19635145,189,8008,2018,,,,,SCG,680911
19641671,189,8009,2018,,,,,SCG,680919
19648197,189,8010,2018,,,,,SCG,680990
19654723,189,8011,2018,,,,,SCG,681011
19661249,189,8012,2018,,,,,SCG,681019
19667775,189,8013,2018,,,,,SCG,681020
19674301,189,8014,2018,,,,,SCG,681091
19680827,189,8015,2018,,,,,SCG,681099
19687353,189,8016,2018,,,,,SCG,681110
19693879,189,8017,2018,,,,,SCG,681120
19700405,189,8018,2018,,,,,SCG,681130
19706931,189,8019,2018,,,,,SCG,681190
19713457,189,8020,2018,,,,,SCG,681210
19719983,189,8021,2018,,,,,SCG,681220
19726509,189,8022,2018,,,,,SCG,681230
19733035,189,8023,2018,,,,,SCG,681240
19739561,189,8024,2018,,,,,SCG,681250
19746087,189,8025,2018,,,,,SCG,681260
19752613,189,8026,2018,,,,,SCG,681270
19759139,189,8027,2018,,,,,SCG,681290
19765665,189,8028,2018,,,,,SCG,681310
19772191,189,8029,2018,,,,,SCG,681390
19778717,189,8030,2018,,,,,SCG,681410
19785243,189,8031,2018,,,,,SCG,681490
19791769,189,8032,2018,,,,,SCG,681510
19798295,189,8033,2018,,,,,SCG,681520
19804821,189,8034,2018,,,,,SCG,681591
19811347,189,8035,2018,,,,,SCG,681599
19817873,189,8036,2018,,,,,SCG,690100
19824399,189,8037,2018,,,,,SCG,690210
19830925,189,8038,2018,,,,,SCG,690220
19837451,189,8039,2018,,,,,SCG,690290
19843977,189,8040,2018,,,,,SCG,690310
19850503,189,8041,2018,,,,,SCG,690320
19857029,189,8042,2018,,,,,SCG,690390
19863555,189,8043,2018,,,,,SCG,690410
19870081,189,8044,2018,,,,,SCG,690490
19876607,189,8045,2018,,,,,SCG,690510
19883133,189,8046,2018,,,,,SCG,690590
19889659,189,8047,2018,,,,,SCG,690600
19896185,189,8048,2018,,,,,SCG,690710
19902711,189,8049,2018,,,,,SCG,690790
19909237,189,8050,2018,,,,,SCG,690810
19915763,189,8051,2018,,,,,SCG,690890
19922289,189,8052,2018,,,,,SCG,690911
19928815,189,8053,2018,,,,,SCG,690919
19935341,189,8054,2018,,,,,SCG,690990
19941867,189,8055,2018,,,,,SCG,691010
19948393,189,8056,2018,,,,,SCG,691090
19954919,189,8057,2018,,,,,SCG,691110
19961445,189,8058,2018,,,,,SCG,691190
19967971,189,8059,2018,,,,,SCG,691200
19974497,189,8060,2018,,,,,SCG,691310
19981023,189,8061,2018,,,,,SCG,691390
19987549,189,8062,2018,,,,,SCG,691410
19994075,189,8063,2018,,,,,SCG,691490
20000601,189,8064,2018,,,,,SCG,700100
20007127,189,8065,2018,,,,,SCG,700210
20013653,189,8066,2018,,,,,SCG,700220
20020179,189,8067,2018,,,,,SCG,700231
20026705,189,8068,2018,,,,,SCG,700232
20033231,189,8069,2018,,,,,SCG,700239
20039757,189,8070,2018,,,,,SCG,700311
20046283,189,8071,2018,,,,,SCG,700319
20052809,189,8072,2018,,,,,SCG,700320
20059335,189,8073,2018,,,,,SCG,700330
20065861,189,8074,2018,,,,,SCG,700410
20072387,189,8075,2018,,,,,SCG,700490
20078913,189,8076,2018,,,,,SCG,700510
20085439,189,8077,2018,,,,,SCG,700521
20091965,189,8078,2018,,,,,SCG,700529
20098491,189,8079,2018,,,,,SCG,700530
20105017,189,8080,2018,,,,,SCG,700600
20111543,189,8081,2018,,,,,SCG,700711
20118069,189,8082,2018,,,,,SCG,700719
20124595,189,8083,2018,,,,,SCG,700721
20131121,189,8084,2018,,,,,SCG,700729
20137647,189,8085,2018,,,,,SCG,700800
20144173,189,8086,2018,,,,,SCG,700910
20150699,189,8087,2018,,,,,SCG,700991
20157225,189,8088,2018,,,,,SCG,700992
20163751,189,8089,2018,,,,,SCG,701010
20170277,189,8090,2018,,,,,SCG,701090
20176803,189,8091,2018,,,,,SCG,701110
20183329,189,8092,2018,,,,,SCG,701120
20189855,189,8093,2018,,,,,SCG,701190
20196381,189,8094,2018,,,,,SCG,701200
20202907,189,8095,2018,,,,,SCG,701310
20209433,189,8096,2018,,,,,SCG,701321
20215959,189,8097,2018,,,,,SCG,701329
20222485,189,8098,2018,,,,,SCG,701331
20229011,189,8099,2018,,,,,SCG,701332
20235537,189,8100,2018,,,,,SCG,701339
20242063,189,8101,2018,,,,,SCG,701391
20248589,189,8102,2018,,,,,SCG,701399
20255115,189,8103,2018,,,,,SCG,701400
20261641,189,8104,2018,,,,,SCG,701510
20268167,189,8105,2018,,,,,SCG,701590
20274693,189,8106,2018,,,,,SCG,701610
20281219,189,8107,2018,,,,,SCG,701690
20287745,189,8108,2018,,,,,SCG,701710
20294271,189,8109,2018,,,,,SCG,701720
20300797,189,8110,2018,,,,,SCG,701790
20307323,189,8111,2018,,,,,SCG,701810
20313849,189,8112,2018,,,,,SCG,701820
20320375,189,8113,2018,,,,,SCG,701890
20326901,189,8114,2018,,,,,SCG,701910
20333427,189,8115,2018,,,,,SCG,701920
20339953,189,8116,2018,,,,,SCG,701931
20346479,189,8117,2018,,,,,SCG,701932
20353005,189,8118,2018,,,,,SCG,701939
20359531,189,8119,2018,,,,,SCG,701990
20366057,189,8120,2018,,,,,SCG,702000
20372583,189,8121,2018,,,,,SCG,710110
20379109,189,8122,2018,,,,,SCG,710121
20385635,189,8123,2018,,,,,SCG,710122
20392161,189,8124,2018,,,,,SCG,710210
20398687,189,8125,2018,,,,,SCG,710221
20405213,189,8126,2018,,,,,SCG,710229
20411739,189,8127,2018,,,,,SCG,710231
20418265,189,8128,2018,,,,,SCG,710239
20424791,189,8129,2018,,,,,SCG,710310
20431317,189,8130,2018,,,,,SCG,710391
20437843,189,8131,2018,,,,,SCG,710399
20444369,189,8132,2018,,,,,SCG,710410
20450895,189,8133,2018,,,,,SCG,710420
20457421,189,8134,2018,,,,,SCG,710490
20463947,189,8135,2018,,,,,SCG,710510
20470473,189,8136,2018,,,,,SCG,710590
20476999,189,8137,2018,,,,,SCG,710610
20483525,189,8138,2018,,,,,SCG,710691
20490051,189,8139,2018,,,,,SCG,710692
20496577,189,8140,2018,,,,,SCG,710700
20503103,189,8141,2018,,,,,SCG,710811
20509629,189,8142,2018,,,,,SCG,710812
20516155,189,8143,2018,,,,,SCG,710813
20522681,189,8144,2018,,,,,SCG,710900
20529207,189,8145,2018,,,,,SCG,711011
20535733,189,8146,2018,,,,,SCG,711019
20542259,189,8147,2018,,,,,SCG,711021
20548785,189,8148,2018,,,,,SCG,711029
20555311,189,8149,2018,,,,,SCG,711031
20561837,189,8150,2018,,,,,SCG,711039
20568363,189,8151,2018,,,,,SCG,711041
20574889,189,8152,2018,,,,,SCG,711049
20581415,189,8153,2018,,,,,SCG,711100
20587941,189,8154,2018,,,,,SCG,711210
20594467,189,8155,2018,,,,,SCG,711220
20600993,189,8156,2018,,,,,SCG,711290
20607519,189,8157,2018,,,,,SCG,711311
20614045,189,8158,2018,,,,,SCG,711319
20620571,189,8159,2018,,,,,SCG,711320
20627097,189,8160,2018,,,,,SCG,711411
20633623,189,8161,2018,,,,,SCG,711419
20640149,189,8162,2018,,,,,SCG,711420
20646675,189,8163,2018,,,,,SCG,711510
20653201,189,8164,2018,,,,,SCG,711590
20659727,189,8165,2018,,,,,SCG,711610
20666253,189,8166,2018,,,,,SCG,711620
20672779,189,8167,2018,,,,,SCG,711711
20679305,189,8168,2018,,,,,SCG,711719
20685831,189,8169,2018,,,,,SCG,711790
20692357,189,8170,2018,,,,,SCG,711810
20698883,189,8171,2018,,,,,SCG,720110
20705409,189,8172,2018,,,,,SCG,720120
20711935,189,8173,2018,,,,,SCG,720130
20718461,189,8174,2018,,,,,SCG,720140
20724987,189,8175,2018,,,,,SCG,720211
20731513,189,8176,2018,,,,,SCG,720219
20738039,189,8177,2018,,,,,SCG,720221
20744565,189,8178,2018,,,,,SCG,720229
20751091,189,8179,2018,,,,,SCG,720230
20757617,189,8180,2018,,,,,SCG,720241
20764143,189,8181,2018,,,,,SCG,720249
20770669,189,8182,2018,,,,,SCG,720250
20777195,189,8183,2018,,,,,SCG,720260
20783721,189,8184,2018,,,,,SCG,720270
20790247,189,8185,2018,,,,,SCG,720280
20796773,189,8186,2018,,,,,SCG,720291
20803299,189,8187,2018,,,,,SCG,720292
20809825,189,8188,2018,,,,,SCG,720293
20816351,189,8189,2018,,,,,SCG,720299
20822877,189,8190,2018,,,,,SCG,720310
20829403,189,8191,2018,,,,,SCG,720390
20835929,189,8192,2018,,,,,SCG,720410
20842455,189,8193,2018,,,,,SCG,720421
20848981,189,8194,2018,,,,,SCG,720429
20855507,189,8195,2018,,,,,SCG,720430
20862033,189,8196,2018,,,,,SCG,720441
20868559,189,8197,2018,,,,,SCG,720449
20875085,189,8198,2018,,,,,SCG,720450
20881611,189,8199,2018,,,,,SCG,720510
20888137,189,8200,2018,,,,,SCG,720521
20894663,189,8201,2018,,,,,SCG,720529
20901189,189,8202,2018,,,,,SCG,720610
20907715,189,8203,2018,,,,,SCG,720690
20914241,189,8204,2018,,,,,SCG,720711
20920767,189,8205,2018,,,,,SCG,720712
20927293,189,8206,2018,,,,,SCG,720719
20933819,189,8207,2018,,,,,SCG,720720
20940345,189,8208,2018,,,,,SCG,720811
20946871,189,8209,2018,,,,,SCG,720812
20953397,189,8210,2018,,,,,SCG,720813
20959923,189,8211,2018,,,,,SCG,720814
20966449,189,8212,2018,,,,,SCG,720821
20972975,189,8213,2018,,,,,SCG,720822
20979501,189,8214,2018,,,,,SCG,720823
20986027,189,8215,2018,,,,,SCG,720824
20992553,189,8216,2018,,,,,SCG,720831
20999079,189,8217,2018,,,,,SCG,720832
21005605,189,8218,2018,,,,,SCG,720833
21012131,189,8219,2018,,,,,SCG,720834
21018657,189,8220,2018,,,,,SCG,720835
21025183,189,8221,2018,,,,,SCG,720841
21031709,189,8222,2018,,,,,SCG,720842
21038235,189,8223,2018,,,,,SCG,720843
21044761,189,8224,2018,,,,,SCG,720844
21051287,189,8225,2018,,,,,SCG,720845
21057813,189,8226,2018,,,,,SCG,720890
21064339,189,8227,2018,,,,,SCG,720911
21070865,189,8228,2018,,,,,SCG,720912
21077391,189,8229,2018,,,,,SCG,720913
21083917,189,8230,2018,,,,,SCG,720914
21090443,189,8231,2018,,,,,SCG,720921
21096969,189,8232,2018,,,,,SCG,720922
21103495,189,8233,2018,,,,,SCG,720923
21110021,189,8234,2018,,,,,SCG,720924
21116547,189,8235,2018,,,,,SCG,720931
21123073,189,8236,2018,,,,,SCG,720932
21129599,189,8237,2018,,,,,SCG,720933
21136125,189,8238,2018,,,,,SCG,720934
21142651,189,8239,2018,,,,,SCG,720941
21149177,189,8240,2018,,,,,SCG,720942
21155703,189,8241,2018,,,,,SCG,720943
21162229,189,8242,2018,,,,,SCG,720944
21168755,189,8243,2018,,,,,SCG,720990
21175281,189,8244,2018,,,,,SCG,721011
21181807,189,8245,2018,,,,,SCG,721012
21188333,189,8246,2018,,,,,SCG,721020
21194859,189,8247,2018,,,,,SCG,721031
21201385,189,8248,2018,,,,,SCG,721039
21207911,189,8249,2018,,,,,SCG,721041
21214437,189,8250,2018,,,,,SCG,721049
21220963,189,8251,2018,,,,,SCG,721050
21227489,189,8252,2018,,,,,SCG,721060
21234015,189,8253,2018,,,,,SCG,721070
21240541,189,8254,2018,,,,,SCG,721090
21247067,189,8255,2018,,,,,SCG,721111
21253593,189,8256,2018,,,,,SCG,721112
21260119,189,8257,2018,,,,,SCG,721119
21266645,189,8258,2018,,,,,SCG,721121
21273171,189,8259,2018,,,,,SCG,721122
21279697,189,8260,2018,,,,,SCG,721129
21286223,189,8261,2018,,,,,SCG,721130
21292749,189,8262,2018,,,,,SCG,721141
21299275,189,8263,2018,,,,,SCG,721149
21305801,189,8264,2018,,,,,SCG,721190
21312327,189,8265,2018,,,,,SCG,721210
21318853,189,8266,2018,,,,,SCG,721221
21325379,189,8267,2018,,,,,SCG,721229
21331905,189,8268,2018,,,,,SCG,721230
21338431,189,8269,2018,,,,,SCG,721240
21344957,189,8270,2018,,,,,SCG,721250
21351483,189,8271,2018,,,,,SCG,721260
21358009,189,8272,2018,,,,,SCG,721310
21364535,189,8273,2018,,,,,SCG,721320
21371061,189,8274,2018,,,,,SCG,721331
21377587,189,8275,2018,,,,,SCG,721339
21384113,189,8276,2018,,,,,SCG,721341
21390639,189,8277,2018,,,,,SCG,721349
21397165,189,8278,2018,,,,,SCG,721350
21403691,189,8279,2018,,,,,SCG,721410
21410217,189,8280,2018,,,,,SCG,721420
21416743,189,8281,2018,,,,,SCG,721430
21423269,189,8282,2018,,,,,SCG,721440
21429795,189,8283,2018,,,,,SCG,721450
21436321,189,8284,2018,,,,,SCG,721460
21442847,189,8285,2018,,,,,SCG,721510
21449373,189,8286,2018,,,,,SCG,721520
21455899,189,8287,2018,,,,,SCG,721530
21462425,189,8288,2018,,,,,SCG,721540
21468951,189,8289,2018,,,,,SCG,721590
21475477,189,8290,2018,,,,,SCG,721610
21482003,189,8291,2018,,,,,SCG,721621
21488529,189,8292,2018,,,,,SCG,721622
21495055,189,8293,2018,,,,,SCG,721631
21501581,189,8294,2018,,,,,SCG,721632
21508107,189,8295,2018,,,,,SCG,721633
21514633,189,8296,2018,,,,,SCG,721640
21521159,189,8297,2018,,,,,SCG,721650
21527685,189,8298,2018,,,,,SCG,721660
21534211,189,8299,2018,,,,,SCG,721690
21540737,189,8300,2018,,,,,SCG,721711
21547263,189,8301,2018,,,,,SCG,721712
21553789,189,8302,2018,,,,,SCG,721713
21560315,189,8303,2018,,,,,SCG,721719
21566841,189,8304,2018,,,,,SCG,721721
21573367,189,8305,2018,,,,,SCG,721722
21579893,189,8306,2018,,,,,SCG,721723
21586419,189,8307,2018,,,,,SCG,721729
21592945,189,8308,2018,,,,,SCG,721731
21599471,189,8309,2018,,,,,SCG,721732
21605997,189,8310,2018,,,,,SCG,721733
21612523,189,8311,2018,,,,,SCG,721739
21619049,189,8312,2018,,,,,SCG,721810
21625575,189,8313,2018,,,,,SCG,721890
21632101,189,8314,2018,,,,,SCG,721911
21638627,189,8315,2018,,,,,SCG,721912
21645153,189,8316,2018,,,,,SCG,721913
21651679,189,8317,2018,,,,,SCG,721914
21658205,189,8318,2018,,,,,SCG,721921
21664731,189,8319,2018,,,,,SCG,721922
21671257,189,8320,2018,,,,,SCG,721923
21677783,189,8321,2018,,,,,SCG,721924
21684309,189,8322,2018,,,,,SCG,721931
21690835,189,8323,2018,,,,,SCG,721932
21697361,189,8324,2018,,,,,SCG,721933
21703887,189,8325,2018,,,,,SCG,721934
21710413,189,8326,2018,,,,,SCG,721935
21716939,189,8327,2018,,,,,SCG,721990
21723465,189,8328,2018,,,,,SCG,722011
21729991,189,8329,2018,,,,,SCG,722012
21736517,189,8330,2018,,,,,SCG,722020
21743043,189,8331,2018,,,,,SCG,722090
21749569,189,8332,2018,,,,,SCG,722100
21756095,189,8333,2018,,,,,SCG,722210
21762621,189,8334,2018,,,,,SCG,722220
21769147,189,8335,2018,,,,,SCG,722230
21775673,189,8336,2018,,,,,SCG,722240
21782199,189,8337,2018,,,,,SCG,722300
21788725,189,8338,2018,,,,,SCG,722410
21795251,189,8339,2018,,,,,SCG,722490
21801777,189,8340,2018,,,,,SCG,722510
21808303,189,8341,2018,,,,,SCG,722520
21814829,189,8342,2018,,,,,SCG,722530
21821355,189,8343,2018,,,,,SCG,722540
21827881,189,8344,2018,,,,,SCG,722550
21834407,189,8345,2018,,,,,SCG,722590
21840933,189,8346,2018,,,,,SCG,722610
21847459,189,8347,2018,,,,,SCG,722620
21853985,189,8348,2018,,,,,SCG,722691
21860511,189,8349,2018,,,,,SCG,722692
21867037,189,8350,2018,,,,,SCG,722699
21873563,189,8351,2018,,,,,SCG,722710
21880089,189,8352,2018,,,,,SCG,722720
21886615,189,8353,2018,,,,,SCG,722790
21893141,189,8354,2018,,,,,SCG,722810
21899667,189,8355,2018,,,,,SCG,722820
21906193,189,8356,2018,,,,,SCG,722830
21912719,189,8357,2018,,,,,SCG,722840
21919245,189,8358,2018,,,,,SCG,722850
21925771,189,8359,2018,,,,,SCG,722860
21932297,189,8360,2018,,,,,SCG,722870
21938823,189,8361,2018,,,,,SCG,722880
21945349,189,8362,2018,,,,,SCG,722910
21951875,189,8363,2018,,,,,SCG,722920
21958401,189,8364,2018,,,,,SCG,722990
21964927,189,8365,2018,,,,,SCG,730110
21971453,189,8366,2018,,,,,SCG,730120
21977979,189,8367,2018,,,,,SCG,730210
21984505,189,8368,2018,,,,,SCG,730220
21991031,189,8369,2018,,,,,SCG,730230
21997557,189,8370,2018,,,,,SCG,730240
22004083,189,8371,2018,,,,,SCG,730290
22010609,189,8372,2018,,,,,SCG,730300
22017135,189,8373,2018,,,,,SCG,730410
22023661,189,8374,2018,,,,,SCG,730420
22030187,189,8375,2018,,,,,SCG,730431
22036713,189,8376,2018,,,,,SCG,730439
22043239,189,8377,2018,,,,,SCG,730441
22049765,189,8378,2018,,,,,SCG,730449
22056291,189,8379,2018,,,,,SCG,730451
22062817,189,8380,2018,,,,,SCG,730459
22069343,189,8381,2018,,,,,SCG,730490
22075869,189,8382,2018,,,,,SCG,730511
22082395,189,8383,2018,,,,,SCG,730512
22088921,189,8384,2018,,,,,SCG,730519
22095447,189,8385,2018,,,,,SCG,730520
22101973,189,8386,2018,,,,,SCG,730531
22108499,189,8387,2018,,,,,SCG,730539
22115025,189,8388,2018,,,,,SCG,730590
22121551,189,8389,2018,,,,,SCG,730610
22128077,189,8390,2018,,,,,SCG,730620
22134603,189,8391,2018,,,,,SCG,730630
22141129,189,8392,2018,,,,,SCG,730640
22147655,189,8393,2018,,,,,SCG,730650
22154181,189,8394,2018,,,,,SCG,730660
22160707,189,8395,2018,,,,,SCG,730690
22167233,189,8396,2018,,,,,SCG,730711
22173759,189,8397,2018,,,,,SCG,730719
22180285,189,8398,2018,,,,,SCG,730721
22186811,189,8399,2018,,,,,SCG,730722
22193337,189,8400,2018,,,,,SCG,730723
22199863,189,8401,2018,,,,,SCG,730729
22206389,189,8402,2018,,,,,SCG,730791
22212915,189,8403,2018,,,,,SCG,730792
22219441,189,8404,2018,,,,,SCG,730793
22225967,189,8405,2018,,,,,SCG,730799
22232493,189,8406,2018,,,,,SCG,730810
22239019,189,8407,2018,,,,,SCG,730820
22245545,189,8408,2018,,,,,SCG,730830
22252071,189,8409,2018,,,,,SCG,730840
22258597,189,8410,2018,,,,,SCG,730890
22265123,189,8411,2018,,,,,SCG,730900
22271649,189,8412,2018,,,,,SCG,731010
22278175,189,8413,2018,,,,,SCG,731021
22284701,189,8414,2018,,,,,SCG,731029
22291227,189,8415,2018,,,,,SCG,731100
22297753,189,8416,2018,,,,,SCG,731210
22304279,189,8417,2018,,,,,SCG,731290
22310805,189,8418,2018,,,,,SCG,731300
22317331,189,8419,2018,,,,,SCG,731411
22323857,189,8420,2018,,,,,SCG,731419
22330383,189,8421,2018,,,,,SCG,731420
22336909,189,8422,2018,,,,,SCG,731430
22343435,189,8423,2018,,,,,SCG,731441
22349961,189,8424,2018,,,,,SCG,731442
22356487,189,8425,2018,,,,,SCG,731449
22363013,189,8426,2018,,,,,SCG,731450
22369539,189,8427,2018,,,,,SCG,731511
22376065,189,8428,2018,,,,,SCG,731512
22382591,189,8429,2018,,,,,SCG,731519
22389117,189,8430,2018,,,,,SCG,731520
22395643,189,8431,2018,,,,,SCG,731581
22402169,189,8432,2018,,,,,SCG,731582
22408695,189,8433,2018,,,,,SCG,731589
22415221,189,8434,2018,,,,,SCG,731590
22421747,189,8435,2018,,,,,SCG,731600
22428273,189,8436,2018,,,,,SCG,731700
22434799,189,8437,2018,,,,,SCG,731811
22441325,189,8438,2018,,,,,SCG,731812
22447851,189,8439,2018,,,,,SCG,731813
22454377,189,8440,2018,,,,,SCG,731814
22460903,189,8441,2018,,,,,SCG,731815
22467429,189,8442,2018,,,,,SCG,731816
22473955,189,8443,2018,,,,,SCG,731819
22480481,189,8444,2018,,,,,SCG,731821
22487007,189,8445,2018,,,,,SCG,731822
22493533,189,8446,2018,,,,,SCG,731823
22500059,189,8447,2018,,,,,SCG,731824
22506585,189,8448,2018,,,,,SCG,731829
22513111,189,8449,2018,,,,,SCG,731910
22519637,189,8450,2018,,,,,SCG,731920
22526163,189,8451,2018,,,,,SCG,731930
22532689,189,8452,2018,,,,,SCG,731990
22539215,189,8453,2018,,,,,SCG,732010
22545741,189,8454,2018,,,,,SCG,732020
22552267,189,8455,2018,,,,,SCG,732090
22558793,189,8456,2018,,,,,SCG,732111
22565319,189,8457,2018,,,,,SCG,732112
22571845,189,8458,2018,,,,,SCG,732113
22578371,189,8459,2018,,,,,SCG,732181
22584897,189,8460,2018,,,,,SCG,732182
22591423,189,8461,2018,,,,,SCG,732183
22597949,189,8462,2018,,,,,SCG,732190
22604475,189,8463,2018,,,,,SCG,732211
22611001,189,8464,2018,,,,,SCG,732219
22617527,189,8465,2018,,,,,SCG,732290
22624053,189,8466,2018,,,,,SCG,732310
22630579,189,8467,2018,,,,,SCG,732391
22637105,189,8468,2018,,,,,SCG,732392
22643631,189,8469,2018,,,,,SCG,732393
22650157,189,8470,2018,,,,,SCG,732394
22656683,189,8471,2018,,,,,SCG,732399
22663209,189,8472,2018,,,,,SCG,732410
22669735,189,8473,2018,,,,,SCG,732421
22676261,189,8474,2018,,,,,SCG,732429
22682787,189,8475,2018,,,,,SCG,732490
22689313,189,8476,2018,,,,,SCG,732510
22695839,189,8477,2018,,,,,SCG,732591
22702365,189,8478,2018,,,,,SCG,732599
22708891,189,8479,2018,,,,,SCG,732611
22715417,189,8480,2018,,,,,SCG,732619
22721943,189,8481,2018,,,,,SCG,732620
22728469,189,8482,2018,,,,,SCG,732690
22734995,189,8483,2018,,,,,SCG,740110
22741521,189,8484,2018,,,,,SCG,740120
22748047,189,8485,2018,,,,,SCG,740200
22754573,189,8486,2018,,,,,SCG,740311
22761099,189,8487,2018,,,,,SCG,740312
22767625,189,8488,2018,,,,,SCG,740313
22774151,189,8489,2018,,,,,SCG,740319
22780677,189,8490,2018,,,,,SCG,740321
22787203,189,8491,2018,,,,,SCG,740322
22793729,189,8492,2018,,,,,SCG,740323
22800255,189,8493,2018,,,,,SCG,740329
22806781,189,8494,2018,,,,,SCG,740400
22813307,189,8495,2018,,,,,SCG,740500
22819833,189,8496,2018,,,,,SCG,740610
22826359,189,8497,2018,,,,,SCG,740620
22832885,189,8498,2018,,,,,SCG,740710
22839411,189,8499,2018,,,,,SCG,740721
22845937,189,8500,2018,,,,,SCG,740722
22852463,189,8501,2018,,,,,SCG,740729
22858989,189,8502,2018,,,,,SCG,740811
22865515,189,8503,2018,,,,,SCG,740819
22872041,189,8504,2018,,,,,SCG,740821
22878567,189,8505,2018,,,,,SCG,740822
22885093,189,8506,2018,,,,,SCG,740829
22891619,189,8507,2018,,,,,SCG,740911
22898145,189,8508,2018,,,,,SCG,740919
22904671,189,8509,2018,,,,,SCG,740921
22911197,189,8510,2018,,,,,SCG,740929
22917723,189,8511,2018,,,,,SCG,740931
22924249,189,8512,2018,,,,,SCG,740939
22930775,189,8513,2018,,,,,SCG,740940
22937301,189,8514,2018,,,,,SCG,740990
22943827,189,8515,2018,,,,,SCG,741011
22950353,189,8516,2018,,,,,SCG,741012
22956879,189,8517,2018,,,,,SCG,741021
22963405,189,8518,2018,,,,,SCG,741022
22969931,189,8519,2018,,,,,SCG,741110
22976457,189,8520,2018,,,,,SCG,741121
22982983,189,8521,2018,,,,,SCG,741122
22989509,189,8522,2018,,,,,SCG,741129
22996035,189,8523,2018,,,,,SCG,741210
23002561,189,8524,2018,,,,,SCG,741220
23009087,189,8525,2018,,,,,SCG,741300
23015613,189,8526,2018,,,,,SCG,741410
23022139,189,8527,2018,,,,,SCG,741490
23028665,189,8528,2018,,,,,SCG,741510
23035191,189,8529,2018,,,,,SCG,741521
23041717,189,8530,2018,,,,,SCG,741529
23048243,189,8531,2018,,,,,SCG,741531
23054769,189,8532,2018,,,,,SCG,741532
23061295,189,8533,2018,,,,,SCG,741539
23067821,189,8534,2018,,,,,SCG,741600
23074347,189,8535,2018,,,,,SCG,741700
23080873,189,8536,2018,,,,,SCG,741810
23087399,189,8537,2018,,,,,SCG,741820
23093925,189,8538,2018,,,,,SCG,741910
23100451,189,8539,2018,,,,,SCG,741991
23106977,189,8540,2018,,,,,SCG,741999
23113503,189,8541,2018,,,,,SCG,750110
23120029,189,8542,2018,,,,,SCG,750120
23126555,189,8543,2018,,,,,SCG,750210
23133081,189,8544,2018,,,,,SCG,750220
23139607,189,8545,2018,,,,,SCG,750300
23146133,189,8546,2018,,,,,SCG,750400
23152659,189,8547,2018,,,,,SCG,750511
23159185,189,8548,2018,,,,,SCG,750512
23165711,189,8549,2018,,,,,SCG,750521
23172237,189,8550,2018,,,,,SCG,750522
23178763,189,8551,2018,,,,,SCG,750610
23185289,189,8552,2018,,,,,SCG,750620
23191815,189,8553,2018,,,,,SCG,750711
23198341,189,8554,2018,,,,,SCG,750712
23204867,189,8555,2018,,,,,SCG,750720
23211393,189,8556,2018,,,,,SCG,750800
23217919,189,8557,2018,,,,,SCG,760110
23224445,189,8558,2018,,,,,SCG,760120
23230971,189,8559,2018,,,,,SCG,760200
23237497,189,8560,2018,,,,,SCG,760310
23244023,189,8561,2018,,,,,SCG,760320
23250549,189,8562,2018,,,,,SCG,760410
23257075,189,8563,2018,,,,,SCG,760421
23263601,189,8564,2018,,,,,SCG,760429
23270127,189,8565,2018,,,,,SCG,760511
23276653,189,8566,2018,,,,,SCG,760519
23283179,189,8567,2018,,,,,SCG,760521
23289705,189,8568,2018,,,,,SCG,760529
23296231,189,8569,2018,,,,,SCG,760611
23302757,189,8570,2018,,,,,SCG,760612
23309283,189,8571,2018,,,,,SCG,760691
23315809,189,8572,2018,,,,,SCG,760692
23322335,189,8573,2018,,,,,SCG,760711
23328861,189,8574,2018,,,,,SCG,760719
23335387,189,8575,2018,,,,,SCG,760720
23341913,189,8576,2018,,,,,SCG,760810
23348439,189,8577,2018,,,,,SCG,760820
23354965,189,8578,2018,,,,,SCG,760900
23361491,189,8579,2018,,,,,SCG,761010
23368017,189,8580,2018,,,,,SCG,761090
23374543,189,8581,2018,,,,,SCG,761100
23381069,189,8582,2018,,,,,SCG,761210
23387595,189,8583,2018,,,,,SCG,761290
23394121,189,8584,2018,,,,,SCG,761300
23400647,189,8585,2018,,,,,SCG,761410
23407173,189,8586,2018,,,,,SCG,761490
23413699,189,8587,2018,,,,,SCG,761510
23420225,189,8588,2018,,,,,SCG,761520
23426751,189,8589,2018,,,,,SCG,761610
23433277,189,8590,2018,,,,,SCG,761690
23439803,189,8591,2018,,,,,SCG,780110
23446329,189,8592,2018,,,,,SCG,780191
23452855,189,8593,2018,,,,,SCG,780199
23459381,189,8594,2018,,,,,SCG,780200
23465907,189,8595,2018,,,,,SCG,780300
23472433,189,8596,2018,,,,,SCG,780411
23478959,189,8597,2018,,,,,SCG,780419
23485485,189,8598,2018,,,,,SCG,780420
23492011,189,8599,2018,,,,,SCG,780500
23498537,189,8600,2018,,,,,SCG,780600
23505063,189,8601,2018,,,,,SCG,790111
23511589,189,8602,2018,,,,,SCG,790112
23518115,189,8603,2018,,,,,SCG,790120
23524641,189,8604,2018,,,,,SCG,790200
23531167,189,8605,2018,,,,,SCG,790310
23537693,189,8606,2018,,,,,SCG,790390
23544219,189,8607,2018,,,,,SCG,790400
23550745,189,8608,2018,,,,,SCG,790500
23557271,189,8609,2018,,,,,SCG,790600
23563797,189,8610,2018,,,,,SCG,790710
23570323,189,8611,2018,,,,,SCG,790790
23576849,189,8612,2018,,,,,SCG,800110
23583375,189,8613,2018,,,,,SCG,800120
23589901,189,8614,2018,,,,,SCG,800200
23596427,189,8615,2018,,,,,SCG,800300
23602953,189,8616,2018,,,,,SCG,800400
23609479,189,8617,2018,,,,,SCG,800510
23616005,189,8618,2018,,,,,SCG,800520
23622531,189,8619,2018,,,,,SCG,800600
23629057,189,8620,2018,,,,,SCG,800700
23635583,189,8621,2018,,,,,SCG,810110
23642109,189,8622,2018,,,,,SCG,810191
23648635,189,8623,2018,,,,,SCG,810192
23655161,189,8624,2018,,,,,SCG,810193
23661687,189,8625,2018,,,,,SCG,810199
23668213,189,8626,2018,,,,,SCG,810210
23674739,189,8627,2018,,,,,SCG,810291
23681265,189,8628,2018,,,,,SCG,810292
23687791,189,8629,2018,,,,,SCG,810293
23694317,189,8630,2018,,,,,SCG,810299
23700843,189,8631,2018,,,,,SCG,810310
23707369,189,8632,2018,,,,,SCG,810390
23713895,189,8633,2018,,,,,SCG,810411
23720421,189,8634,2018,,,,,SCG,810419
23726947,189,8635,2018,,,,,SCG,810420
23733473,189,8636,2018,,,,,SCG,810430
23739999,189,8637,2018,,,,,SCG,810490
23746525,189,8638,2018,,,,,SCG,810510
23753051,189,8639,2018,,,,,SCG,810590
23759577,189,8640,2018,,,,,SCG,810600
23766103,189,8641,2018,,,,,SCG,810710
23772629,189,8642,2018,,,,,SCG,810790
23779155,189,8643,2018,,,,,SCG,810810
23785681,189,8644,2018,,,,,SCG,810890
23792207,189,8645,2018,,,,,SCG,810910
23798733,189,8646,2018,,,,,SCG,810990
23805259,189,8647,2018,,,,,SCG,811000
23811785,189,8648,2018,,,,,SCG,811100
23818311,189,8649,2018,,,,,SCG,811211
23824837,189,8650,2018,,,,,SCG,811219
23831363,189,8651,2018,,,,,SCG,811220
23837889,189,8652,2018,,,,,SCG,811230
23844415,189,8653,2018,,,,,SCG,811240
23850941,189,8654,2018,,,,,SCG,811291
23857467,189,8655,2018,,,,,SCG,811299
23863993,189,8656,2018,,,,,SCG,811300
23870519,189,8657,2018,,,,,SCG,820110
23877045,189,8658,2018,,,,,SCG,820120
23883571,189,8659,2018,,,,,SCG,820130
23890097,189,8660,2018,,,,,SCG,820140
23896623,189,8661,2018,,,,,SCG,820150
23903149,189,8662,2018,,,,,SCG,820160
23909675,189,8663,2018,,,,,SCG,820190
23916201,189,8664,2018,,,,,SCG,820210
23922727,189,8665,2018,,,,,SCG,820220
23929253,189,8666,2018,,,,,SCG,820231
23935779,189,8667,2018,,,,,SCG,820232
23942305,189,8668,2018,,,,,SCG,820240
23948831,189,8669,2018,,,,,SCG,820291
23955357,189,8670,2018,,,,,SCG,820299
23961883,189,8671,2018,,,,,SCG,820310
23968409,189,8672,2018,,,,,SCG,820320
23974935,189,8673,2018,,,,,SCG,820330
23981461,189,8674,2018,,,,,SCG,820340
23987987,189,8675,2018,,,,,SCG,820411
23994513,189,8676,2018,,,,,SCG,820412
24001039,189,8677,2018,,,,,SCG,820420
24007565,189,8678,2018,,,,,SCG,820510
24014091,189,8679,2018,,,,,SCG,820520
24020617,189,8680,2018,,,,,SCG,820530
24027143,189,8681,2018,,,,,SCG,820540
24033669,189,8682,2018,,,,,SCG,820551
24040195,189,8683,2018,,,,,SCG,820559
24046721,189,8684,2018,,,,,SCG,820560
24053247,189,8685,2018,,,,,SCG,820570
24059773,189,8686,2018,,,,,SCG,820580
24066299,189,8687,2018,,,,,SCG,820590
24072825,189,8688,2018,,,,,SCG,820600
24079351,189,8689,2018,,,,,SCG,820711
24085877,189,8690,2018,,,,,SCG,820712
24092403,189,8691,2018,,,,,SCG,820720
24098929,189,8692,2018,,,,,SCG,820730
24105455,189,8693,2018,,,,,SCG,820740
24111981,189,8694,2018,,,,,SCG,820750
24118507,189,8695,2018,,,,,SCG,820760
24125033,189,8696,2018,,,,,SCG,820770
24131559,189,8697,2018,,,,,SCG,820780
24138085,189,8698,2018,,,,,SCG,820790
24144611,189,8699,2018,,,,,SCG,820810
24151137,189,8700,2018,,,,,SCG,820820
24157663,189,8701,2018,,,,,SCG,820830
24164189,189,8702,2018,,,,,SCG,820840
24170715,189,8703,2018,,,,,SCG,820890
24177241,189,8704,2018,,,,,SCG,820900
24183767,189,8705,2018,,,,,SCG,821000
24190293,189,8706,2018,,,,,SCG,821110
24196819,189,8707,2018,,,,,SCG,821191
24203345,189,8708,2018,,,,,SCG,821192
24209871,189,8709,2018,,,,,SCG,821193
24216397,189,8710,2018,,,,,SCG,821194
24222923,189,8711,2018,,,,,SCG,821210
24229449,189,8712,2018,,,,,SCG,821220
24235975,189,8713,2018,,,,,SCG,821290
24242501,189,8714,2018,,,,,SCG,821300
24249027,189,8715,2018,,,,,SCG,821410
24255553,189,8716,2018,,,,,SCG,821420
24262079,189,8717,2018,,,,,SCG,821490
24268605,189,8718,2018,,,,,SCG,821510
24275131,189,8719,2018,,,,,SCG,821520
24281657,189,8720,2018,,,,,SCG,821591
24288183,189,8721,2018,,,,,SCG,821599
24294709,189,8722,2018,,,,,SCG,830110
24301235,189,8723,2018,,,,,SCG,830120
24307761,189,8724,2018,,,,,SCG,830130
24314287,189,8725,2018,,,,,SCG,830140
24320813,189,8726,2018,,,,,SCG,830150
24327339,189,8727,2018,,,,,SCG,830160
24333865,189,8728,2018,,,,,SCG,830170
24340391,189,8729,2018,,,,,SCG,830210
24346917,189,8730,2018,,,,,SCG,830220
24353443,189,8731,2018,,,,,SCG,830230
24359969,189,8732,2018,,,,,SCG,830241
24366495,189,8733,2018,,,,,SCG,830242
24373021,189,8734,2018,,,,,SCG,830249
24379547,189,8735,2018,,,,,SCG,830250
24386073,189,8736,2018,,,,,SCG,830260
24392599,189,8737,2018,,,,,SCG,830300
24399125,189,8738,2018,,,,,SCG,830400
24405651,189,8739,2018,,,,,SCG,830510
24412177,189,8740,2018,,,,,SCG,830520
24418703,189,8741,2018,,,,,SCG,830590
24425229,189,8742,2018,,,,,SCG,830610
24431755,189,8743,2018,,,,,SCG,830621
24438281,189,8744,2018,,,,,SCG,830629
24444807,189,8745,2018,,,,,SCG,830630
24451333,189,8746,2018,,,,,SCG,830710
24457859,189,8747,2018,,,,,SCG,830790
24464385,189,8748,2018,,,,,SCG,830810
24470911,189,8749,2018,,,,,SCG,830820
24477437,189,8750,2018,,,,,SCG,830890
24483963,189,8751,2018,,,,,SCG,830910
24490489,189,8752,2018,,,,,SCG,830990
24497015,189,8753,2018,,,,,SCG,831000
24503541,189,8754,2018,,,,,SCG,831110
24510067,189,8755,2018,,,,,SCG,831120
24516593,189,8756,2018,,,,,SCG,831130
24523119,189,8757,2018,,,,,SCG,831190
24529645,189,8758,2018,,,,,SCG,840110
24536171,189,8759,2018,,,,,SCG,840120
24542697,189,8760,2018,,,,,SCG,840130
24549223,189,8761,2018,,,,,SCG,840140
24555749,189,8762,2018,,,,,SCG,840211
24562275,189,8763,2018,,,,,SCG,840212
24568801,189,8764,2018,,,,,SCG,840219
24575327,189,8765,2018,,,,,SCG,840220
24581853,189,8766,2018,,,,,SCG,840290
24588379,189,8767,2018,,,,,SCG,840310
24594905,189,8768,2018,,,,,SCG,840390
24601431,189,8769,2018,,,,,SCG,840410
24607957,189,8770,2018,,,,,SCG,840420
24614483,189,8771,2018,,,,,SCG,840490
24621009,189,8772,2018,,,,,SCG,840510
24627535,189,8773,2018,,,,,SCG,840590
24634061,189,8774,2018,,,,,SCG,840611
24640587,189,8775,2018,,,,,SCG,840619
24647113,189,8776,2018,,,,,SCG,840690
24653639,189,8777,2018,,,,,SCG,840710
24660165,189,8778,2018,,,,,SCG,840721
24666691,189,8779,2018,,,,,SCG,840729
24673217,189,8780,2018,,,,,SCG,840731
24679743,189,8781,2018,,,,,SCG,840732
24686269,189,8782,2018,,,,,SCG,840733
24692795,189,8783,2018,,,,,SCG,840734
24699321,189,8784,2018,,,,,SCG,840790
24705847,189,8785,2018,,,,,SCG,840810
24712373,189,8786,2018,,,,,SCG,840820
24718899,189,8787,2018,,,,,SCG,840890
24725425,189,8788,2018,,,,,SCG,840910
24731951,189,8789,2018,,,,,SCG,840991
24738477,189,8790,2018,,,,,SCG,840999
24745003,189,8791,2018,,,,,SCG,841011
24751529,189,8792,2018,,,,,SCG,841012
24758055,189,8793,2018,,,,,SCG,841013
24764581,189,8794,2018,,,,,SCG,841090
24771107,189,8795,2018,,,,,SCG,841111
24777633,189,8796,2018,,,,,SCG,841112
24784159,189,8797,2018,,,,,SCG,841121
24790685,189,8798,2018,,,,,SCG,841122
24797211,189,8799,2018,,,,,SCG,841181
24803737,189,8800,2018,,,,,SCG,841182
24810263,189,8801,2018,,,,,SCG,841191
24816789,189,8802,2018,,,,,SCG,841199
24823315,189,8803,2018,,,,,SCG,841210
24829841,189,8804,2018,,,,,SCG,841221
24836367,189,8805,2018,,,,,SCG,841229
24842893,189,8806,2018,,,,,SCG,841231
24849419,189,8807,2018,,,,,SCG,841239
24855945,189,8808,2018,,,,,SCG,841280
24862471,189,8809,2018,,,,,SCG,841290
24868997,189,8810,2018,,,,,SCG,841311
24875523,189,8811,2018,,,,,SCG,841319
24882049,189,8812,2018,,,,,SCG,841320
24888575,189,8813,2018,,,,,SCG,841330
24895101,189,8814,2018,,,,,SCG,841340
24901627,189,8815,2018,,,,,SCG,841350
24908153,189,8816,2018,,,,,SCG,841360
24914679,189,8817,2018,,,,,SCG,841370
24921205,189,8818,2018,,,,,SCG,841381
24927731,189,8819,2018,,,,,SCG,841382
24934257,189,8820,2018,,,,,SCG,841391
24940783,189,8821,2018,,,,,SCG,841392
24947309,189,8822,2018,,,,,SCG,841410
24953835,189,8823,2018,,,,,SCG,841420
24960361,189,8824,2018,,,,,SCG,841430
24966887,189,8825,2018,,,,,SCG,841440
24973413,189,8826,2018,,,,,SCG,841451
24979939,189,8827,2018,,,,,SCG,841459
24986465,189,8828,2018,,,,,SCG,841460
24992991,189,8829,2018,,,,,SCG,841480
24999517,189,8830,2018,,,,,SCG,841490
25006043,189,8831,2018,,,,,SCG,841510
25012569,189,8832,2018,,,,,SCG,841581
25019095,189,8833,2018,,,,,SCG,841582
25025621,189,8834,2018,,,,,SCG,841583
25032147,189,8835,2018,,,,,SCG,841590
25038673,189,8836,2018,,,,,SCG,841610
25045199,189,8837,2018,,,,,SCG,841620
25051725,189,8838,2018,,,,,SCG,841630
25058251,189,8839,2018,,,,,SCG,841690
25064777,189,8840,2018,,,,,SCG,841710
25071303,189,8841,2018,,,,,SCG,841720
25077829,189,8842,2018,,,,,SCG,841780
25084355,189,8843,2018,,,,,SCG,841790
25090881,189,8844,2018,,,,,SCG,841810
25097407,189,8845,2018,,,,,SCG,841821
25103933,189,8846,2018,,,,,SCG,841822
25110459,189,8847,2018,,,,,SCG,841829
25116985,189,8848,2018,,,,,SCG,841830
25123511,189,8849,2018,,,,,SCG,841840
25130037,189,8850,2018,,,,,SCG,841850
25136563,189,8851,2018,,,,,SCG,841861
25143089,189,8852,2018,,,,,SCG,841869
25149615,189,8853,2018,,,,,SCG,841891
25156141,189,8854,2018,,,,,SCG,841899
25162667,189,8855,2018,,,,,SCG,841911
25169193,189,8856,2018,,,,,SCG,841919
25175719,189,8857,2018,,,,,SCG,841920
25182245,189,8858,2018,,,,,SCG,841931
25188771,189,8859,2018,,,,,SCG,841932
25195297,189,8860,2018,,,,,SCG,841939
25201823,189,8861,2018,,,,,SCG,841940
25208349,189,8862,2018,,,,,SCG,841950
25214875,189,8863,2018,,,,,SCG,841960
25221401,189,8864,2018,,,,,SCG,841981
25227927,189,8865,2018,,,,,SCG,841989
25234453,189,8866,2018,,,,,SCG,841990
25240979,189,8867,2018,,,,,SCG,842010
25247505,189,8868,2018,,,,,SCG,842091
25254031,189,8869,2018,,,,,SCG,842099
25260557,189,8870,2018,,,,,SCG,842111
25267083,189,8871,2018,,,,,SCG,842112
25273609,189,8872,2018,,,,,SCG,842119
25280135,189,8873,2018,,,,,SCG,842121
25286661,189,8874,2018,,,,,SCG,842122
25293187,189,8875,2018,,,,,SCG,842123
25299713,189,8876,2018,,,,,SCG,842129
25306239,189,8877,2018,,,,,SCG,842131
25312765,189,8878,2018,,,,,SCG,842139
25319291,189,8879,2018,,,,,SCG,842191
25325817,189,8880,2018,,,,,SCG,842199
25332343,189,8881,2018,,,,,SCG,842211
25338869,189,8882,2018,,,,,SCG,842219
25345395,189,8883,2018,,,,,SCG,842220
25351921,189,8884,2018,,,,,SCG,842230
25358447,189,8885,2018,,,,,SCG,842240
25364973,189,8886,2018,,,,,SCG,842290
25371499,189,8887,2018,,,,,SCG,842310
25378025,189,8888,2018,,,,,SCG,842320
25384551,189,8889,2018,,,,,SCG,842330
25391077,189,8890,2018,,,,,SCG,842381
25397603,189,8891,2018,,,,,SCG,842382
25404129,189,8892,2018,,,,,SCG,842389
25410655,189,8893,2018,,,,,SCG,842390
25417181,189,8894,2018,,,,,SCG,842410
25423707,189,8895,2018,,,,,SCG,842420
25430233,189,8896,2018,,,,,SCG,842430
25436759,189,8897,2018,,,,,SCG,842481
25443285,189,8898,2018,,,,,SCG,842489
25449811,189,8899,2018,,,,,SCG,842490
25456337,189,8900,2018,,,,,SCG,842511
25462863,189,8901,2018,,,,,SCG,842519
25469389,189,8902,2018,,,,,SCG,842520
25475915,189,8903,2018,,,,,SCG,842531
25482441,189,8904,2018,,,,,SCG,842539
25488967,189,8905,2018,,,,,SCG,842541
25495493,189,8906,2018,,,,,SCG,842542
25502019,189,8907,2018,,,,,SCG,842549
25508545,189,8908,2018,,,,,SCG,842611
25515071,189,8909,2018,,,,,SCG,842612
25521597,189,8910,2018,,,,,SCG,842619
25528123,189,8911,2018,,,,,SCG,842620
25534649,189,8912,2018,,,,,SCG,842630
25541175,189,8913,2018,,,,,SCG,842641
25547701,189,8914,2018,,,,,SCG,842649
25554227,189,8915,2018,,,,,SCG,842691
25560753,189,8916,2018,,,,,SCG,842699
25567279,189,8917,2018,,,,,SCG,842710
25573805,189,8918,2018,,,,,SCG,842720
25580331,189,8919,2018,,,,,SCG,842790
25586857,189,8920,2018,,,,,SCG,842810
25593383,189,8921,2018,,,,,SCG,842820
25599909,189,8922,2018,,,,,SCG,842831
25606435,189,8923,2018,,,,,SCG,842832
25612961,189,8924,2018,,,,,SCG,842833
25619487,189,8925,2018,,,,,SCG,842839
25626013,189,8926,2018,,,,,SCG,842840
25632539,189,8927,2018,,,,,SCG,842850
25639065,189,8928,2018,,,,,SCG,842860
25645591,189,8929,2018,,,,,SCG,842890
25652117,189,8930,2018,,,,,SCG,842911
25658643,189,8931,2018,,,,,SCG,842919
25665169,189,8932,2018,,,,,SCG,842920
25671695,189,8933,2018,,,,,SCG,842930
25678221,189,8934,2018,,,,,SCG,842940
25684747,189,8935,2018,,,,,SCG,842951
25691273,189,8936,2018,,,,,SCG,842952
25697799,189,8937,2018,,,,,SCG,842959
25704325,189,8938,2018,,,,,SCG,843010
25710851,189,8939,2018,,,,,SCG,843020
25717377,189,8940,2018,,,,,SCG,843031
25723903,189,8941,2018,,,,,SCG,843039
25730429,189,8942,2018,,,,,SCG,843041
25736955,189,8943,2018,,,,,SCG,843049
25743481,189,8944,2018,,,,,SCG,843050
25750007,189,8945,2018,,,,,SCG,843061
25756533,189,8946,2018,,,,,SCG,843062
25763059,189,8947,2018,,,,,SCG,843069
25769585,189,8948,2018,,,,,SCG,843110
25776111,189,8949,2018,,,,,SCG,843120
25782637,189,8950,2018,,,,,SCG,843131
25789163,189,8951,2018,,,,,SCG,843139
25795689,189,8952,2018,,,,,SCG,843141
25802215,189,8953,2018,,,,,SCG,843142
25808741,189,8954,2018,,,,,SCG,843143
25815267,189,8955,2018,,,,,SCG,843149
25821793,189,8956,2018,,,,,SCG,843210
25828319,189,8957,2018,,,,,SCG,843221
25834845,189,8958,2018,,,,,SCG,843229
25841371,189,8959,2018,,,,,SCG,843230
25847897,189,8960,2018,,,,,SCG,843240
25854423,189,8961,2018,,,,,SCG,843280
25860949,189,8962,2018,,,,,SCG,843290
25867475,189,8963,2018,,,,,SCG,843311
25874001,189,8964,2018,,,,,SCG,843319
25880527,189,8965,2018,,,,,SCG,843320
25887053,189,8966,2018,,,,,SCG,843330
25893579,189,8967,2018,,,,,SCG,843340
25900105,189,8968,2018,,,,,SCG,843351
25906631,189,8969,2018,,,,,SCG,843352
25913157,189,8970,2018,,,,,SCG,843353
25919683,189,8971,2018,,,,,SCG,843359
25926209,189,8972,2018,,,,,SCG,843360
25932735,189,8973,2018,,,,,SCG,843390
25939261,189,8974,2018,,,,,SCG,843410
25945787,189,8975,2018,,,,,SCG,843420
25952313,189,8976,2018,,,,,SCG,843490
25958839,189,8977,2018,,,,,SCG,843510
25965365,189,8978,2018,,,,,SCG,843590
25971891,189,8979,2018,,,,,SCG,843610
25978417,189,8980,2018,,,,,SCG,843621
25984943,189,8981,2018,,,,,SCG,843629
25991469,189,8982,2018,,,,,SCG,843680
25997995,189,8983,2018,,,,,SCG,843691
26004521,189,8984,2018,,,,,SCG,843699
26011047,189,8985,2018,,,,,SCG,843710
26017573,189,8986,2018,,,,,SCG,843780
26024099,189,8987,2018,,,,,SCG,843790
26030625,189,8988,2018,,,,,SCG,843810
26037151,189,8989,2018,,,,,SCG,843820
26043677,189,8990,2018,,,,,SCG,843830
26050203,189,8991,2018,,,,,SCG,843840
26056729,189,8992,2018,,,,,SCG,843850
26063255,189,8993,2018,,,,,SCG,843860
26069781,189,8994,2018,,,,,SCG,843880
26076307,189,8995,2018,,,,,SCG,843890
26082833,189,8996,2018,,,,,SCG,843910
26089359,189,8997,2018,,,,,SCG,843920
26095885,189,8998,2018,,,,,SCG,843930
26102411,189,8999,2018,,,,,SCG,843991
26108937,189,9000,2018,,,,,SCG,843999
26115463,189,9001,2018,,,,,SCG,844010
26121989,189,9002,2018,,,,,SCG,844090
26128515,189,9003,2018,,,,,SCG,844110
26135041,189,9004,2018,,,,,SCG,844120
26141567,189,9005,2018,,,,,SCG,844130
26148093,189,9006,2018,,,,,SCG,844140
26154619,189,9007,2018,,,,,SCG,844180
26161145,189,9008,2018,,,,,SCG,844190
26167671,189,9009,2018,,,,,SCG,844210
26174197,189,9010,2018,,,,,SCG,844220
26180723,189,9011,2018,,,,,SCG,844230
26187249,189,9012,2018,,,,,SCG,844240
26193775,189,9013,2018,,,,,SCG,844250
26200301,189,9014,2018,,,,,SCG,844311
26206827,189,9015,2018,,,,,SCG,844312
26213353,189,9016,2018,,,,,SCG,844319
26219879,189,9017,2018,,,,,SCG,844321
26226405,189,9018,2018,,,,,SCG,844329
26232931,189,9019,2018,,,,,SCG,844330
26239457,189,9020,2018,,,,,SCG,844340
26245983,189,9021,2018,,,,,SCG,844350
26252509,189,9022,2018,,,,,SCG,844360
26259035,189,9023,2018,,,,,SCG,844390
26265561,189,9024,2018,,,,,SCG,844400
26272087,189,9025,2018,,,,,SCG,844511
26278613,189,9026,2018,,,,,SCG,844512
26285139,189,9027,2018,,,,,SCG,844513
26291665,189,9028,2018,,,,,SCG,844519
26298191,189,9029,2018,,,,,SCG,844520
26304717,189,9030,2018,,,,,SCG,844530
26311243,189,9031,2018,,,,,SCG,844540
26317769,189,9032,2018,,,,,SCG,844590
26324295,189,9033,2018,,,,,SCG,844610
26330821,189,9034,2018,,,,,SCG,844621
26337347,189,9035,2018,,,,,SCG,844629
26343873,189,9036,2018,,,,,SCG,844630
26350399,189,9037,2018,,,,,SCG,844711
26356925,189,9038,2018,,,,,SCG,844712
26363451,189,9039,2018,,,,,SCG,844720
26369977,189,9040,2018,,,,,SCG,844790
26376503,189,9041,2018,,,,,SCG,844811
26383029,189,9042,2018,,,,,SCG,844819
26389555,189,9043,2018,,,,,SCG,844820
26396081,189,9044,2018,,,,,SCG,844831
26402607,189,9045,2018,,,,,SCG,844832
26409133,189,9046,2018,,,,,SCG,844833
26415659,189,9047,2018,,,,,SCG,844839
26422185,189,9048,2018,,,,,SCG,844841
26428711,189,9049,2018,,,,,SCG,844842
26435237,189,9050,2018,,,,,SCG,844849
26441763,189,9051,2018,,,,,SCG,844851
26448289,189,9052,2018,,,,,SCG,844859
26454815,189,9053,2018,,,,,SCG,844900
26461341,189,9054,2018,,,,,SCG,845011
26467867,189,9055,2018,,,,,SCG,845012
26474393,189,9056,2018,,,,,SCG,845019
26480919,189,9057,2018,,,,,SCG,845020
26487445,189,9058,2018,,,,,SCG,845090
26493971,189,9059,2018,,,,,SCG,845110
26500497,189,9060,2018,,,,,SCG,845121
26507023,189,9061,2018,,,,,SCG,845129
26513549,189,9062,2018,,,,,SCG,845130
26520075,189,9063,2018,,,,,SCG,845140
26526601,189,9064,2018,,,,,SCG,845150
26533127,189,9065,2018,,,,,SCG,845180
26539653,189,9066,2018,,,,,SCG,845190
26546179,189,9067,2018,,,,,SCG,845210
26552705,189,9068,2018,,,,,SCG,845221
26559231,189,9069,2018,,,,,SCG,845229
26565757,189,9070,2018,,,,,SCG,845230
26572283,189,9071,2018,,,,,SCG,845240
26578809,189,9072,2018,,,,,SCG,845290
26585335,189,9073,2018,,,,,SCG,845310
26591861,189,9074,2018,,,,,SCG,845320
26598387,189,9075,2018,,,,,SCG,845380
26604913,189,9076,2018,,,,,SCG,845390
26611439,189,9077,2018,,,,,SCG,845410
26617965,189,9078,2018,,,,,SCG,845420
26624491,189,9079,2018,,,,,SCG,845430
26631017,189,9080,2018,,,,,SCG,845490
26637543,189,9081,2018,,,,,SCG,845510
26644069,189,9082,2018,,,,,SCG,845521
26650595,189,9083,2018,,,,,SCG,845522
26657121,189,9084,2018,,,,,SCG,845530
26663647,189,9085,2018,,,,,SCG,845590
26670173,189,9086,2018,,,,,SCG,845610
26676699,189,9087,2018,,,,,SCG,845620
26683225,189,9088,2018,,,,,SCG,845630
26689751,189,9089,2018,,,,,SCG,845690
26696277,189,9090,2018,,,,,SCG,845710
26702803,189,9091,2018,,,,,SCG,845720
26709329,189,9092,2018,,,,,SCG,845730
26715855,189,9093,2018,,,,,SCG,845811
26722381,189,9094,2018,,,,,SCG,845819
26728907,189,9095,2018,,,,,SCG,845891
26735433,189,9096,2018,,,,,SCG,845899
26741959,189,9097,2018,,,,,SCG,845910
26748485,189,9098,2018,,,,,SCG,845921
26755011,189,9099,2018,,,,,SCG,845929
26761537,189,9100,2018,,,,,SCG,845931
26768063,189,9101,2018,,,,,SCG,845939
26774589,189,9102,2018,,,,,SCG,845940
26781115,189,9103,2018,,,,,SCG,845951
26787641,189,9104,2018,,,,,SCG,845959
26794167,189,9105,2018,,,,,SCG,845961
26800693,189,9106,2018,,,,,SCG,845969
26807219,189,9107,2018,,,,,SCG,845970
26813745,189,9108,2018,,,,,SCG,846011
26820271,189,9109,2018,,,,,SCG,846019
26826797,189,9110,2018,,,,,SCG,846021
26833323,189,9111,2018,,,,,SCG,846029
26839849,189,9112,2018,,,,,SCG,846031
26846375,189,9113,2018,,,,,SCG,846039
26852901,189,9114,2018,,,,,SCG,846040
26859427,189,9115,2018,,,,,SCG,846090
26865953,189,9116,2018,,,,,SCG,846110
26872479,189,9117,2018,,,,,SCG,846120
26879005,189,9118,2018,,,,,SCG,846130
26885531,189,9119,2018,,,,,SCG,846140
26892057,189,9120,2018,,,,,SCG,846150
26898583,189,9121,2018,,,,,SCG,846190
26905109,189,9122,2018,,,,,SCG,846210
26911635,189,9123,2018,,,,,SCG,846221
26918161,189,9124,2018,,,,,SCG,846229
26924687,189,9125,2018,,,,,SCG,846231
26931213,189,9126,2018,,,,,SCG,846239
26937739,189,9127,2018,,,,,SCG,846241
26944265,189,9128,2018,,,,,SCG,846249
26950791,189,9129,2018,,,,,SCG,846291
26957317,189,9130,2018,,,,,SCG,846299
26963843,189,9131,2018,,,,,SCG,846310
26970369,189,9132,2018,,,,,SCG,846320
26976895,189,9133,2018,,,,,SCG,846330
26983421,189,9134,2018,,,,,SCG,846390
26989947,189,9135,2018,,,,,SCG,846410
26996473,189,9136,2018,,,,,SCG,846420
27002999,189,9137,2018,,,,,SCG,846490
27009525,189,9138,2018,,,,,SCG,846510
27016051,189,9139,2018,,,,,SCG,846591
27022577,189,9140,2018,,,,,SCG,846592
27029103,189,9141,2018,,,,,SCG,846593
27035629,189,9142,2018,,,,,SCG,846594
27042155,189,9143,2018,,,,,SCG,846595
27048681,189,9144,2018,,,,,SCG,846596
27055207,189,9145,2018,,,,,SCG,846599
27061733,189,9146,2018,,,,,SCG,846610
27068259,189,9147,2018,,,,,SCG,846620
27074785,189,9148,2018,,,,,SCG,846630
27081311,189,9149,2018,,,,,SCG,846691
27087837,189,9150,2018,,,,,SCG,846692
27094363,189,9151,2018,,,,,SCG,846693
27100889,189,9152,2018,,,,,SCG,846694
27107415,189,9153,2018,,,,,SCG,846711
27113941,189,9154,2018,,,,,SCG,846719
27120467,189,9155,2018,,,,,SCG,846781
27126993,189,9156,2018,,,,,SCG,846789
27133519,189,9157,2018,,,,,SCG,846791
27140045,189,9158,2018,,,,,SCG,846792
27146571,189,9159,2018,,,,,SCG,846799
27153097,189,9160,2018,,,,,SCG,846810
27159623,189,9161,2018,,,,,SCG,846820
27166149,189,9162,2018,,,,,SCG,846880
27172675,189,9163,2018,,,,,SCG,846890
27179201,189,9164,2018,,,,,SCG,846910
27185727,189,9165,2018,,,,,SCG,846921
27192253,189,9166,2018,,,,,SCG,846929
27198779,189,9167,2018,,,,,SCG,846931
27205305,189,9168,2018,,,,,SCG,846939
27211831,189,9169,2018,,,,,SCG,847010
27218357,189,9170,2018,,,,,SCG,847021
27224883,189,9171,2018,,,,,SCG,847029
27231409,189,9172,2018,,,,,SCG,847030
27237935,189,9173,2018,,,,,SCG,847040
27244461,189,9174,2018,,,,,SCG,847050
27250987,189,9175,2018,,,,,SCG,847090
27257513,189,9176,2018,,,,,SCG,847110
27264039,189,9177,2018,,,,,SCG,847120
27270565,189,9178,2018,,,,,SCG,847191
27277091,189,9179,2018,,,,,SCG,847192
27283617,189,9180,2018,,,,,SCG,847193
27290143,189,9181,2018,,,,,SCG,847199
27296669,189,9182,2018,,,,,SCG,847210
27303195,189,9183,2018,,,,,SCG,847220
27309721,189,9184,2018,,,,,SCG,847230
27316247,189,9185,2018,,,,,SCG,847290
27322773,189,9186,2018,,,,,SCG,847310
27329299,189,9187,2018,,,,,SCG,847321
27335825,189,9188,2018,,,,,SCG,847329
27342351,189,9189,2018,,,,,SCG,847330
27348877,189,9190,2018,,,,,SCG,847340
27355403,189,9191,2018,,,,,SCG,847410
27361929,189,9192,2018,,,,,SCG,847420
27368455,189,9193,2018,,,,,SCG,847431
27374981,189,9194,2018,,,,,SCG,847432
27381507,189,9195,2018,,,,,SCG,847439
27388033,189,9196,2018,,,,,SCG,847480
27394559,189,9197,2018,,,,,SCG,847490
27401085,189,9198,2018,,,,,SCG,847510
27407611,189,9199,2018,,,,,SCG,847520
27414137,189,9200,2018,,,,,SCG,847590
27420663,189,9201,2018,,,,,SCG,847611
27427189,189,9202,2018,,,,,SCG,847619
27433715,189,9203,2018,,,,,SCG,847690
27440241,189,9204,2018,,,,,SCG,847710
27446767,189,9205,2018,,,,,SCG,847720
27453293,189,9206,2018,,,,,SCG,847730
27459819,189,9207,2018,,,,,SCG,847740
27466345,189,9208,2018,,,,,SCG,847751
27472871,189,9209,2018,,,,,SCG,847759
27479397,189,9210,2018,,,,,SCG,847780
27485923,189,9211,2018,,,,,SCG,847790
27492449,189,9212,2018,,,,,SCG,847810
27498975,189,9213,2018,,,,,SCG,847890
27505501,189,9214,2018,,,,,SCG,847910
27512027,189,9215,2018,,,,,SCG,847920
27518553,189,9216,2018,,,,,SCG,847930
27525079,189,9217,2018,,,,,SCG,847940
27531605,189,9218,2018,,,,,SCG,847981
27538131,189,9219,2018,,,,,SCG,847982
27544657,189,9220,2018,,,,,SCG,847989
27551183,189,9221,2018,,,,,SCG,847990
27557709,189,9222,2018,,,,,SCG,848010
27564235,189,9223,2018,,,,,SCG,848020
27570761,189,9224,2018,,,,,SCG,848030
27577287,189,9225,2018,,,,,SCG,848041
27583813,189,9226,2018,,,,,SCG,848049
27590339,189,9227,2018,,,,,SCG,848050
27596865,189,9228,2018,,,,,SCG,848060
27603391,189,9229,2018,,,,,SCG,848071
27609917,189,9230,2018,,,,,SCG,848079
27616443,189,9231,2018,,,,,SCG,848110
27622969,189,9232,2018,,,,,SCG,848120
27629495,189,9233,2018,,,,,SCG,848130
27636021,189,9234,2018,,,,,SCG,848140
27642547,189,9235,2018,,,,,SCG,848180
27649073,189,9236,2018,,,,,SCG,848190
27655599,189,9237,2018,,,,,SCG,848210
27662125,189,9238,2018,,,,,SCG,848220
27668651,189,9239,2018,,,,,SCG,848230
27675177,189,9240,2018,,,,,SCG,848240
27681703,189,9241,2018,,,,,SCG,848250
27688229,189,9242,2018,,,,,SCG,848280
27694755,189,9243,2018,,,,,SCG,848291
27701281,189,9244,2018,,,,,SCG,848299
27707807,189,9245,2018,,,,,SCG,848310
27714333,189,9246,2018,,,,,SCG,848320
27720859,189,9247,2018,,,,,SCG,848330
27727385,189,9248,2018,,,,,SCG,848340
27733911,189,9249,2018,,,,,SCG,848350
27740437,189,9250,2018,,,,,SCG,848360
27746963,189,9251,2018,,,,,SCG,848390
27753489,189,9252,2018,,,,,SCG,848410
27760015,189,9253,2018,,,,,SCG,848490
27766541,189,9254,2018,,,,,SCG,848510
27773067,189,9255,2018,,,,,SCG,848590
27779593,189,9256,2018,,,,,SCG,850110
27786119,189,9257,2018,,,,,SCG,850120
27792645,189,9258,2018,,,,,SCG,850131
27799171,189,9259,2018,,,,,SCG,850132
27805697,189,9260,2018,,,,,SCG,850133
27812223,189,9261,2018,,,,,SCG,850134
27818749,189,9262,2018,,,,,SCG,850140
27825275,189,9263,2018,,,,,SCG,850151
27831801,189,9264,2018,,,,,SCG,850152
27838327,189,9265,2018,,,,,SCG,850153
27844853,189,9266,2018,,,,,SCG,850161
27851379,189,9267,2018,,,,,SCG,850162
27857905,189,9268,2018,,,,,SCG,850163
27864431,189,9269,2018,,,,,SCG,850164
27870957,189,9270,2018,,,,,SCG,850211
27877483,189,9271,2018,,,,,SCG,850212
27884009,189,9272,2018,,,,,SCG,850213
27890535,189,9273,2018,,,,,SCG,850220
27897061,189,9274,2018,,,,,SCG,850230
27903587,189,9275,2018,,,,,SCG,850240
27910113,189,9276,2018,,,,,SCG,850300
27916639,189,9277,2018,,,,,SCG,850410
27923165,189,9278,2018,,,,,SCG,850421
27929691,189,9279,2018,,,,,SCG,850422
27936217,189,9280,2018,,,,,SCG,850423
27942743,189,9281,2018,,,,,SCG,850431
27949269,189,9282,2018,,,,,SCG,850432
27955795,189,9283,2018,,,,,SCG,850433
27962321,189,9284,2018,,,,,SCG,850434
27968847,189,9285,2018,,,,,SCG,850440
27975373,189,9286,2018,,,,,SCG,850450
27981899,189,9287,2018,,,,,SCG,850490
27988425,189,9288,2018,,,,,SCG,850511
27994951,189,9289,2018,,,,,SCG,850519
28001477,189,9290,2018,,,,,SCG,850520
28008003,189,9291,2018,,,,,SCG,850530
28014529,189,9292,2018,,,,,SCG,850590
28021055,189,9293,2018,,,,,SCG,850611
28027581,189,9294,2018,,,,,SCG,850612
28034107,189,9295,2018,,,,,SCG,850613
28040633,189,9296,2018,,,,,SCG,850619
28047159,189,9297,2018,,,,,SCG,850620
28053685,189,9298,2018,,,,,SCG,850690
28060211,189,9299,2018,,,,,SCG,850710
28066737,189,9300,2018,,,,,SCG,850720
28073263,189,9301,2018,,,,,SCG,850730
28079789,189,9302,2018,,,,,SCG,850740
28086315,189,9303,2018,,,,,SCG,850780
28092841,189,9304,2018,,,,,SCG,850790
28099367,189,9305,2018,,,,,SCG,850810
28105893,189,9306,2018,,,,,SCG,850820
28112419,189,9307,2018,,,,,SCG,850880
28118945,189,9308,2018,,,,,SCG,850890
28125471,189,9309,2018,,,,,SCG,850910
28131997,189,9310,2018,,,,,SCG,850920
28138523,189,9311,2018,,,,,SCG,850930
28145049,189,9312,2018,,,,,SCG,850940
28151575,189,9313,2018,,,,,SCG,850980
28158101,189,9314,2018,,,,,SCG,850990
28164627,189,9315,2018,,,,,SCG,851010
28171153,189,9316,2018,,,,,SCG,851020
28177679,189,9317,2018,,,,,SCG,851090
28184205,189,9318,2018,,,,,SCG,851110
28190731,189,9319,2018,,,,,SCG,851120
28197257,189,9320,2018,,,,,SCG,851130
28203783,189,9321,2018,,,,,SCG,851140
28210309,189,9322,2018,,,,,SCG,851150
28216835,189,9323,2018,,,,,SCG,851180
28223361,189,9324,2018,,,,,SCG,851190
28229887,189,9325,2018,,,,,SCG,851210
28236413,189,9326,2018,,,,,SCG,851220
28242939,189,9327,2018,,,,,SCG,851230
28249465,189,9328,2018,,,,,SCG,851240
28255991,189,9329,2018,,,,,SCG,851290
28262517,189,9330,2018,,,,,SCG,851310
28269043,189,9331,2018,,,,,SCG,851390
28275569,189,9332,2018,,,,,SCG,851410
28282095,189,9333,2018,,,,,SCG,851420
28288621,189,9334,2018,,,,,SCG,851430
28295147,189,9335,2018,,,,,SCG,851440
28301673,189,9336,2018,,,,,SCG,851490
28308199,189,9337,2018,,,,,SCG,851511
28314725,189,9338,2018,,,,,SCG,851519
28321251,189,9339,2018,,,,,SCG,851521
28327777,189,9340,2018,,,,,SCG,851529
28334303,189,9341,2018,,,,,SCG,851531
28340829,189,9342,2018,,,,,SCG,851539
28347355,189,9343,2018,,,,,SCG,851580
28353881,189,9344,2018,,,,,SCG,851590
28360407,189,9345,2018,,,,,SCG,851610
28366933,189,9346,2018,,,,,SCG,851621
28373459,189,9347,2018,,,,,SCG,851629
28379985,189,9348,2018,,,,,SCG,851631
28386511,189,9349,2018,,,,,SCG,851632
28393037,189,9350,2018,,,,,SCG,851633
28399563,189,9351,2018,,,,,SCG,851640
28406089,189,9352,2018,,,,,SCG,851650
28412615,189,9353,2018,,,,,SCG,851660
28419141,189,9354,2018,,,,,SCG,851671
28425667,189,9355,2018,,,,,SCG,851672
28432193,189,9356,2018,,,,,SCG,851679
28438719,189,9357,2018,,,,,SCG,851680
28445245,189,9358,2018,,,,,SCG,851690
28451771,189,9359,2018,,,,,SCG,851710
28458297,189,9360,2018,,,,,SCG,851720
28464823,189,9361,2018,,,,,SCG,851730
28471349,189,9362,2018,,,,,SCG,851740
28477875,189,9363,2018,,,,,SCG,851781
28484401,189,9364,2018,,,,,SCG,851782
28490927,189,9365,2018,,,,,SCG,851790
28497453,189,9366,2018,,,,,SCG,851810
28503979,189,9367,2018,,,,,SCG,851821
28510505,189,9368,2018,,,,,SCG,851822
28517031,189,9369,2018,,,,,SCG,851829
28523557,189,9370,2018,,,,,SCG,851830
28530083,189,9371,2018,,,,,SCG,851840
28536609,189,9372,2018,,,,,SCG,851850
28543135,189,9373,2018,,,,,SCG,851890
28549661,189,9374,2018,,,,,SCG,851910
28556187,189,9375,2018,,,,,SCG,851921
28562713,189,9376,2018,,,,,SCG,851929
28569239,189,9377,2018,,,,,SCG,851931
28575765,189,9378,2018,,,,,SCG,851939
28582291,189,9379,2018,,,,,SCG,851940
28588817,189,9380,2018,,,,,SCG,851991
28595343,189,9381,2018,,,,,SCG,851999
28601869,189,9382,2018,,,,,SCG,852010
28608395,189,9383,2018,,,,,SCG,852020
28614921,189,9384,2018,,,,,SCG,852031
28621447,189,9385,2018,,,,,SCG,852039
28627973,189,9386,2018,,,,,SCG,852090
28634499,189,9387,2018,,,,,SCG,852110
28641025,189,9388,2018,,,,,SCG,852190
28647551,189,9389,2018,,,,,SCG,852210
28654077,189,9390,2018,,,,,SCG,852290
28660603,189,9391,2018,,,,,SCG,852311
28667129,189,9392,2018,,,,,SCG,852312
28673655,189,9393,2018,,,,,SCG,852313
28680181,189,9394,2018,,,,,SCG,852320
28686707,189,9395,2018,,,,,SCG,852390
28693233,189,9396,2018,,,,,SCG,852410
28699759,189,9397,2018,,,,,SCG,852421
28706285,189,9398,2018,,,,,SCG,852422
28712811,189,9399,2018,,,,,SCG,852423
28719337,189,9400,2018,,,,,SCG,852490
28725863,189,9401,2018,,,,,SCG,852510
28732389,189,9402,2018,,,,,SCG,852520
28738915,189,9403,2018,,,,,SCG,852530
28745441,189,9404,2018,,,,,SCG,852610
28751967,189,9405,2018,,,,,SCG,852691
28758493,189,9406,2018,,,,,SCG,852692
28765019,189,9407,2018,,,,,SCG,852711
28771545,189,9408,2018,,,,,SCG,852719
28778071,189,9409,2018,,,,,SCG,852721
28784597,189,9410,2018,,,,,SCG,852729
28791123,189,9411,2018,,,,,SCG,852731
28797649,189,9412,2018,,,,,SCG,852732
28804175,189,9413,2018,,,,,SCG,852739
28810701,189,9414,2018,,,,,SCG,852790
28817227,189,9415,2018,,,,,SCG,852810
28823753,189,9416,2018,,,,,SCG,852820
28830279,189,9417,2018,,,,,SCG,852910
28836805,189,9418,2018,,,,,SCG,852990
28843331,189,9419,2018,,,,,SCG,853010
28849857,189,9420,2018,,,,,SCG,853080
28856383,189,9421,2018,,,,,SCG,853090
28862909,189,9422,2018,,,,,SCG,853110
28869435,189,9423,2018,,,,,SCG,853120
28875961,189,9424,2018,,,,,SCG,853180
28882487,189,9425,2018,,,,,SCG,853190
28889013,189,9426,2018,,,,,SCG,853210
28895539,189,9427,2018,,,,,SCG,853221
28902065,189,9428,2018,,,,,SCG,853222
28908591,189,9429,2018,,,,,SCG,853223
28915117,189,9430,2018,,,,,SCG,853224
28921643,189,9431,2018,,,,,SCG,853225
28928169,189,9432,2018,,,,,SCG,853229
28934695,189,9433,2018,,,,,SCG,853230
28941221,189,9434,2018,,,,,SCG,853290
28947747,189,9435,2018,,,,,SCG,853310
28954273,189,9436,2018,,,,,SCG,853321
28960799,189,9437,2018,,,,,SCG,853329
28967325,189,9438,2018,,,,,SCG,853331
28973851,189,9439,2018,,,,,SCG,853339
28980377,189,9440,2018,,,,,SCG,853340
28986903,189,9441,2018,,,,,SCG,853390
28993429,189,9442,2018,,,,,SCG,853400
28999955,189,9443,2018,,,,,SCG,853510
29006481,189,9444,2018,,,,,SCG,853521
29013007,189,9445,2018,,,,,SCG,853529
29019533,189,9446,2018,,,,,SCG,853530
29026059,189,9447,2018,,,,,SCG,853540
29032585,189,9448,2018,,,,,SCG,853590
29039111,189,9449,2018,,,,,SCG,853610
29045637,189,9450,2018,,,,,SCG,853620
29052163,189,9451,2018,,,,,SCG,853630
29058689,189,9452,2018,,,,,SCG,853641
29065215,189,9453,2018,,,,,SCG,853649
29071741,189,9454,2018,,,,,SCG,853650
29078267,189,9455,2018,,,,,SCG,853661
29084793,189,9456,2018,,,,,SCG,853669
29091319,189,9457,2018,,,,,SCG,853690
29097845,189,9458,2018,,,,,SCG,853710
29104371,189,9459,2018,,,,,SCG,853720
29110897,189,9460,2018,,,,,SCG,853810
29117423,189,9461,2018,,,,,SCG,853890
29123949,189,9462,2018,,,,,SCG,853910
29130475,189,9463,2018,,,,,SCG,853921
29137001,189,9464,2018,,,,,SCG,853922
29143527,189,9465,2018,,,,,SCG,853929
29150053,189,9466,2018,,,,,SCG,853931
29156579,189,9467,2018,,,,,SCG,853939
29163105,189,9468,2018,,,,,SCG,853940
29169631,189,9469,2018,,,,,SCG,853990
29176157,189,9470,2018,,,,,SCG,854011
29182683,189,9471,2018,,,,,SCG,854012
29189209,189,9472,2018,,,,,SCG,854020
29195735,189,9473,2018,,,,,SCG,854030
29202261,189,9474,2018,,,,,SCG,854041
29208787,189,9475,2018,,,,,SCG,854042
29215313,189,9476,2018,,,,,SCG,854049
29221839,189,9477,2018,,,,,SCG,854081
29228365,189,9478,2018,,,,,SCG,854089
29234891,189,9479,2018,,,,,SCG,854091
29241417,189,9480,2018,,,,,SCG,854099
29247943,189,9481,2018,,,,,SCG,854110
29254469,189,9482,2018,,,,,SCG,854121
29260995,189,9483,2018,,,,,SCG,854129
29267521,189,9484,2018,,,,,SCG,854130
29274047,189,9485,2018,,,,,SCG,854140
29280573,189,9486,2018,,,,,SCG,854150
29287099,189,9487,2018,,,,,SCG,854160
29293625,189,9488,2018,,,,,SCG,854190
29300151,189,9489,2018,,,,,SCG,854211
29306677,189,9490,2018,,,,,SCG,854219
29313203,189,9491,2018,,,,,SCG,854220
29319729,189,9492,2018,,,,,SCG,854280
29326255,189,9493,2018,,,,,SCG,854290
29332781,189,9494,2018,,,,,SCG,854310
29339307,189,9495,2018,,,,,SCG,854320
29345833,189,9496,2018,,,,,SCG,854330
29352359,189,9497,2018,,,,,SCG,854380
29358885,189,9498,2018,,,,,SCG,854390
29365411,189,9499,2018,,,,,SCG,854411
29371937,189,9500,2018,,,,,SCG,854419
29378463,189,9501,2018,,,,,SCG,854420
29384989,189,9502,2018,,,,,SCG,854430
29391515,189,9503,2018,,,,,SCG,854441
29398041,189,9504,2018,,,,,SCG,854449
29404567,189,9505,2018,,,,,SCG,854451
29411093,189,9506,2018,,,,,SCG,854459
29417619,189,9507,2018,,,,,SCG,854460
29424145,189,9508,2018,,,,,SCG,854470
29430671,189,9509,2018,,,,,SCG,854511
29437197,189,9510,2018,,,,,SCG,854519
29443723,189,9511,2018,,,,,SCG,854520
29450249,189,9512,2018,,,,,SCG,854590
29456775,189,9513,2018,,,,,SCG,854610
29463301,189,9514,2018,,,,,SCG,854620
29469827,189,9515,2018,,,,,SCG,854690
29476353,189,9516,2018,,,,,SCG,854710
29482879,189,9517,2018,,,,,SCG,854720
29489405,189,9518,2018,,,,,SCG,854790
29495931,189,9519,2018,,,,,SCG,854800
29502457,189,9520,2018,,,,,SCG,860110
29508983,189,9521,2018,,,,,SCG,860120
29515509,189,9522,2018,,,,,SCG,860210
29522035,189,9523,2018,,,,,SCG,860290
29528561,189,9524,2018,,,,,SCG,860310
29535087,189,9525,2018,,,,,SCG,860390
29541613,189,9526,2018,,,,,SCG,860400
29548139,189,9527,2018,,,,,SCG,860500
29554665,189,9528,2018,,,,,SCG,860610
29561191,189,9529,2018,,,,,SCG,860620
29567717,189,9530,2018,,,,,SCG,860630
29574243,189,9531,2018,,,,,SCG,860691
29580769,189,9532,2018,,,,,SCG,860692
29587295,189,9533,2018,,,,,SCG,860699
29593821,189,9534,2018,,,,,SCG,860711
29600347,189,9535,2018,,,,,SCG,860712
29606873,189,9536,2018,,,,,SCG,860719
29613399,189,9537,2018,,,,,SCG,860721
29619925,189,9538,2018,,,,,SCG,860729
29626451,189,9539,2018,,,,,SCG,860730
29632977,189,9540,2018,,,,,SCG,860791
29639503,189,9541,2018,,,,,SCG,860799
29646029,189,9542,2018,,,,,SCG,860800
29652555,189,9543,2018,,,,,SCG,860900
29659081,189,9544,2018,,,,,SCG,870110
29665607,189,9545,2018,,,,,SCG,870120
29672133,189,9546,2018,,,,,SCG,870130
29678659,189,9547,2018,,,,,SCG,870190
29685185,189,9548,2018,,,,,SCG,870210
29691711,189,9549,2018,,,,,SCG,870290
29698237,189,9550,2018,,,,,SCG,870310
29704763,189,9551,2018,,,,,SCG,870321
29711289,189,9552,2018,,,,,SCG,870322
29717815,189,9553,2018,,,,,SCG,870323
29724341,189,9554,2018,,,,,SCG,870324
29730867,189,9555,2018,,,,,SCG,870331
29737393,189,9556,2018,,,,,SCG,870332
29743919,189,9557,2018,,,,,SCG,870333
29750445,189,9558,2018,,,,,SCG,870390
29756971,189,9559,2018,,,,,SCG,870410
29763497,189,9560,2018,,,,,SCG,870421
29770023,189,9561,2018,,,,,SCG,870422
29776549,189,9562,2018,,,,,SCG,870423
29783075,189,9563,2018,,,,,SCG,870431
29789601,189,9564,2018,,,,,SCG,870432
29796127,189,9565,2018,,,,,SCG,870490
29802653,189,9566,2018,,,,,SCG,870510
29809179,189,9567,2018,,,,,SCG,870520
29815705,189,9568,2018,,,,,SCG,870530
29822231,189,9569,2018,,,,,SCG,870540
29828757,189,9570,2018,,,,,SCG,870590
29835283,189,9571,2018,,,,,SCG,870600
29841809,189,9572,2018,,,,,SCG,870710
29848335,189,9573,2018,,,,,SCG,870790
29854861,189,9574,2018,,,,,SCG,870810
29861387,189,9575,2018,,,,,SCG,870821
29867913,189,9576,2018,,,,,SCG,870829
29874439,189,9577,2018,,,,,SCG,870831
29880965,189,9578,2018,,,,,SCG,870839
29887491,189,9579,2018,,,,,SCG,870840
29894017,189,9580,2018,,,,,SCG,870850
29900543,189,9581,2018,,,,,SCG,870860
29907069,189,9582,2018,,,,,SCG,870870
29913595,189,9583,2018,,,,,SCG,870880
29920121,189,9584,2018,,,,,SCG,870891
29926647,189,9585,2018,,,,,SCG,870892
29933173,189,9586,2018,,,,,SCG,870893
29939699,189,9587,2018,,,,,SCG,870894
29946225,189,9588,2018,,,,,SCG,870899
29952751,189,9589,2018,,,,,SCG,870911
29959277,189,9590,2018,,,,,SCG,870919
29965803,189,9591,2018,,,,,SCG,870990
29972329,189,9592,2018,,,,,SCG,871000
29978855,189,9593,2018,,,,,SCG,871110
29985381,189,9594,2018,,,,,SCG,871120
29991907,189,9595,2018,,,,,SCG,871130
29998433,189,9596,2018,,,,,SCG,871140
30004959,189,9597,2018,,,,,SCG,871150
30011485,189,9598,2018,,,,,SCG,871190
30018011,189,9599,2018,,,,,SCG,871200
30024537,189,9600,2018,,,,,SCG,871310
30031063,189,9601,2018,,,,,SCG,871390
30037589,189,9602,2018,,,,,SCG,871411
30044115,189,9603,2018,,,,,SCG,871419
30050641,189,9604,2018,,,,,SCG,871420
30057167,189,9605,2018,,,,,SCG,871491
30063693,189,9606,2018,,,,,SCG,871492
30070219,189,9607,2018,,,,,SCG,871493
30076745,189,9608,2018,,,,,SCG,871494
30083271,189,9609,2018,,,,,SCG,871495
30089797,189,9610,2018,,,,,SCG,871496
30096323,189,9611,2018,,,,,SCG,871499
30102849,189,9612,2018,,,,,SCG,871500
30109375,189,9613,2018,,,,,SCG,871610
30115901,189,9614,2018,,,,,SCG,871620
30122427,189,9615,2018,,,,,SCG,871631
30128953,189,9616,2018,,,,,SCG,871639
30135479,189,9617,2018,,,,,SCG,871640
30142005,189,9618,2018,,,,,SCG,871680
30148531,189,9619,2018,,,,,SCG,871690
30155057,189,9620,2018,,,,,SCG,880110
30161583,189,9621,2018,,,,,SCG,880190
30168109,189,9622,2018,,,,,SCG,880211
30174635,189,9623,2018,,,,,SCG,880212
30181161,189,9624,2018,,,,,SCG,880220
30187687,189,9625,2018,,,,,SCG,880230
30194213,189,9626,2018,,,,,SCG,880240
30200739,189,9627,2018,,,,,SCG,880250
30207265,189,9628,2018,,,,,SCG,880310
30213791,189,9629,2018,,,,,SCG,880320
30220317,189,9630,2018,,,,,SCG,880330
30226843,189,9631,2018,,,,,SCG,880390
30233369,189,9632,2018,,,,,SCG,880400
30239895,189,9633,2018,,,,,SCG,880510
30246421,189,9634,2018,,,,,SCG,880520
30252947,189,9635,2018,,,,,SCG,890110
30259473,189,9636,2018,,,,,SCG,890120
30265999,189,9637,2018,,,,,SCG,890130
30272525,189,9638,2018,,,,,SCG,890190
30279051,189,9639,2018,,,,,SCG,890200
30285577,189,9640,2018,,,,,SCG,890310
30292103,189,9641,2018,,,,,SCG,890391
30298629,189,9642,2018,,,,,SCG,890392
30305155,189,9643,2018,,,,,SCG,890399
30311681,189,9644,2018,,,,,SCG,890400
30318207,189,9645,2018,,,,,SCG,890510
30324733,189,9646,2018,,,,,SCG,890520
30331259,189,9647,2018,,,,,SCG,890590
30337785,189,9648,2018,,,,,SCG,890600
30344311,189,9649,2018,,,,,SCG,890710
30350837,189,9650,2018,,,,,SCG,890790
30357363,189,9651,2018,,,,,SCG,890800
30363889,189,9652,2018,,,,,SCG,900110
30370415,189,9653,2018,,,,,SCG,900120
30376941,189,9654,2018,,,,,SCG,900130
30383467,189,9655,2018,,,,,SCG,900140
30389993,189,9656,2018,,,,,SCG,900150
30396519,189,9657,2018,,,,,SCG,900190
30403045,189,9658,2018,,,,,SCG,900211
30409571,189,9659,2018,,,,,SCG,900219
30416097,189,9660,2018,,,,,SCG,900220
30422623,189,9661,2018,,,,,SCG,900290
30429149,189,9662,2018,,,,,SCG,900311
30435675,189,9663,2018,,,,,SCG,900319
30442201,189,9664,2018,,,,,SCG,900390
30448727,189,9665,2018,,,,,SCG,900410
30455253,189,9666,2018,,,,,SCG,900490
30461779,189,9667,2018,,,,,SCG,900510
30468305,189,9668,2018,,,,,SCG,900580
30474831,189,9669,2018,,,,,SCG,900590
30481357,189,9670,2018,,,,,SCG,900610
30487883,189,9671,2018,,,,,SCG,900620
30494409,189,9672,2018,,,,,SCG,900630
30500935,189,9673,2018,,,,,SCG,900640
30507461,189,9674,2018,,,,,SCG,900651
30513987,189,9675,2018,,,,,SCG,900652
30520513,189,9676,2018,,,,,SCG,900653
30527039,189,9677,2018,,,,,SCG,900659
30533565,189,9678,2018,,,,,SCG,900661
30540091,189,9679,2018,,,,,SCG,900662
30546617,189,9680,2018,,,,,SCG,900669
30553143,189,9681,2018,,,,,SCG,900691
30559669,189,9682,2018,,,,,SCG,900699
30566195,189,9683,2018,,,,,SCG,900711
30572721,189,9684,2018,,,,,SCG,900719
30579247,189,9685,2018,,,,,SCG,900721
30585773,189,9686,2018,,,,,SCG,900729
30592299,189,9687,2018,,,,,SCG,900791
30598825,189,9688,2018,,,,,SCG,900792
30605351,189,9689,2018,,,,,SCG,900810
30611877,189,9690,2018,,,,,SCG,900820
30618403,189,9691,2018,,,,,SCG,900830
30624929,189,9692,2018,,,,,SCG,900840
30631455,189,9693,2018,,,,,SCG,900890
30637981,189,9694,2018,,,,,SCG,900911
30644507,189,9695,2018,,,,,SCG,900912
30651033,189,9696,2018,,,,,SCG,900921
30657559,189,9697,2018,,,,,SCG,900922
30664085,189,9698,2018,,,,,SCG,900930
30670611,189,9699,2018,,,,,SCG,900990
30677137,189,9700,2018,,,,,SCG,901010
30683663,189,9701,2018,,,,,SCG,901020
30690189,189,9702,2018,,,,,SCG,901030
30696715,189,9703,2018,,,,,SCG,901090
30703241,189,9704,2018,,,,,SCG,901110
30709767,189,9705,2018,,,,,SCG,901120
30716293,189,9706,2018,,,,,SCG,901180
30722819,189,9707,2018,,,,,SCG,901190
30729345,189,9708,2018,,,,,SCG,901210
30735871,189,9709,2018,,,,,SCG,901290
30742397,189,9710,2018,,,,,SCG,901310
30748923,189,9711,2018,,,,,SCG,901320
30755449,189,9712,2018,,,,,SCG,901380
30761975,189,9713,2018,,,,,SCG,901390
30768501,189,9714,2018,,,,,SCG,901410
30775027,189,9715,2018,,,,,SCG,901420
30781553,189,9716,2018,,,,,SCG,901480
30788079,189,9717,2018,,,,,SCG,901490
30794605,189,9718,2018,,,,,SCG,901510
30801131,189,9719,2018,,,,,SCG,901520
30807657,189,9720,2018,,,,,SCG,901530
30814183,189,9721,2018,,,,,SCG,901540
30820709,189,9722,2018,,,,,SCG,901580
30827235,189,9723,2018,,,,,SCG,901590
30833761,189,9724,2018,,,,,SCG,901600
30840287,189,9725,2018,,,,,SCG,901710
30846813,189,9726,2018,,,,,SCG,901720
30853339,189,9727,2018,,,,,SCG,901730
30859865,189,9728,2018,,,,,SCG,901780
30866391,189,9729,2018,,,,,SCG,901790
30872917,189,9730,2018,,,,,SCG,901811
30879443,189,9731,2018,,,,,SCG,901819
30885969,189,9732,2018,,,,,SCG,901820
30892495,189,9733,2018,,,,,SCG,901831
30899021,189,9734,2018,,,,,SCG,901832
30905547,189,9735,2018,,,,,SCG,901839
30912073,189,9736,2018,,,,,SCG,901841
30918599,189,9737,2018,,,,,SCG,901849
30925125,189,9738,2018,,,,,SCG,901850
30931651,189,9739,2018,,,,,SCG,901890
30938177,189,9740,2018,,,,,SCG,901910
30944703,189,9741,2018,,,,,SCG,901920
30951229,189,9742,2018,,,,,SCG,902000
30957755,189,9743,2018,,,,,SCG,902111
30964281,189,9744,2018,,,,,SCG,902119
30970807,189,9745,2018,,,,,SCG,902121
30977333,189,9746,2018,,,,,SCG,902129
30983859,189,9747,2018,,,,,SCG,902130
30990385,189,9748,2018,,,,,SCG,902140
30996911,189,9749,2018,,,,,SCG,902150
31003437,189,9750,2018,,,,,SCG,902190
31009963,189,9751,2018,,,,,SCG,902211
31016489,189,9752,2018,,,,,SCG,902219
31023015,189,9753,2018,,,,,SCG,902221
31029541,189,9754,2018,,,,,SCG,902229
31036067,189,9755,2018,,,,,SCG,902230
31042593,189,9756,2018,,,,,SCG,902290
31049119,189,9757,2018,,,,,SCG,902300
31055645,189,9758,2018,,,,,SCG,902410
31062171,189,9759,2018,,,,,SCG,902480
31068697,189,9760,2018,,,,,SCG,902490
31075223,189,9761,2018,,,,,SCG,902511
31081749,189,9762,2018,,,,,SCG,902519
31088275,189,9763,2018,,,,,SCG,902520
31094801,189,9764,2018,,,,,SCG,902580
31101327,189,9765,2018,,,,,SCG,902590
31107853,189,9766,2018,,,,,SCG,902610
31114379,189,9767,2018,,,,,SCG,902620
31120905,189,9768,2018,,,,,SCG,902680
31127431,189,9769,2018,,,,,SCG,902690
31133957,189,9770,2018,,,,,SCG,902710
31140483,189,9771,2018,,,,,SCG,902720
31147009,189,9772,2018,,,,,SCG,902730
31153535,189,9773,2018,,,,,SCG,902740
31160061,189,9774,2018,,,,,SCG,902750
31166587,189,9775,2018,,,,,SCG,902780
31173113,189,9776,2018,,,,,SCG,902790
31179639,189,9777,2018,,,,,SCG,902810
31186165,189,9778,2018,,,,,SCG,902820
31192691,189,9779,2018,,,,,SCG,902830
31199217,189,9780,2018,,,,,SCG,902890
31205743,189,9781,2018,,,,,SCG,902910
31212269,189,9782,2018,,,,,SCG,902920
31218795,189,9783,2018,,,,,SCG,902990
31225321,189,9784,2018,,,,,SCG,903010
31231847,189,9785,2018,,,,,SCG,903020
31238373,189,9786,2018,,,,,SCG,903031
31244899,189,9787,2018,,,,,SCG,903039
31251425,189,9788,2018,,,,,SCG,903040
31257951,189,9789,2018,,,,,SCG,903081
31264477,189,9790,2018,,,,,SCG,903089
31271003,189,9791,2018,,,,,SCG,903090
31277529,189,9792,2018,,,,,SCG,903110
31284055,189,9793,2018,,,,,SCG,903120
31290581,189,9794,2018,,,,,SCG,903130
31297107,189,9795,2018,,,,,SCG,903140
31303633,189,9796,2018,,,,,SCG,903180
31310159,189,9797,2018,,,,,SCG,903190
31316685,189,9798,2018,,,,,SCG,903210
31323211,189,9799,2018,,,,,SCG,903220
31329737,189,9800,2018,,,,,SCG,903281
31336263,189,9801,2018,,,,,SCG,903289
31342789,189,9802,2018,,,,,SCG,903290
31349315,189,9803,2018,,,,,SCG,903300
31355841,189,9804,2018,,,,,SCG,910111
31362367,189,9805,2018,,,,,SCG,910112
31368893,189,9806,2018,,,,,SCG,910119
31375419,189,9807,2018,,,,,SCG,910121
31381945,189,9808,2018,,,,,SCG,910129
31388471,189,9809,2018,,,,,SCG,910191
31394997,189,9810,2018,,,,,SCG,910199
31401523,189,9811,2018,,,,,SCG,910211
31408049,189,9812,2018,,,,,SCG,910212
31414575,189,9813,2018,,,,,SCG,910219
31421101,189,9814,2018,,,,,SCG,910221
31427627,189,9815,2018,,,,,SCG,910229
31434153,189,9816,2018,,,,,SCG,910291
31440679,189,9817,2018,,,,,SCG,910299
31447205,189,9818,2018,,,,,SCG,910310
31453731,189,9819,2018,,,,,SCG,910390
31460257,189,9820,2018,,,,,SCG,910400
31466783,189,9821,2018,,,,,SCG,910511
31473309,189,9822,2018,,,,,SCG,910519
31479835,189,9823,2018,,,,,SCG,910521
31486361,189,9824,2018,,,,,SCG,910529
31492887,189,9825,2018,,,,,SCG,910591
31499413,189,9826,2018,,,,,SCG,910599
31505939,189,9827,2018,,,,,SCG,910610
31512465,189,9828,2018,,,,,SCG,910620
31518991,189,9829,2018,,,,,SCG,910690
31525517,189,9830,2018,,,,,SCG,910700
31532043,189,9831,2018,,,,,SCG,910811
31538569,189,9832,2018,,,,,SCG,910812
31545095,189,9833,2018,,,,,SCG,910819
31551621,189,9834,2018,,,,,SCG,910820
31558147,189,9835,2018,,,,,SCG,910891
31564673,189,9836,2018,,,,,SCG,910899
31571199,189,9837,2018,,,,,SCG,910911
31577725,189,9838,2018,,,,,SCG,910919
31584251,189,9839,2018,,,,,SCG,910990
31590777,189,9840,2018,,,,,SCG,911011
31597303,189,9841,2018,,,,,SCG,911012
31603829,189,9842,2018,,,,,SCG,911019
31610355,189,9843,2018,,,,,SCG,911090
31616881,189,9844,2018,,,,,SCG,911110
31623407,189,9845,2018,,,,,SCG,911120
31629933,189,9846,2018,,,,,SCG,911180
31636459,189,9847,2018,,,,,SCG,911190
31642985,189,9848,2018,,,,,SCG,911210
31649511,189,9849,2018,,,,,SCG,911280
31656037,189,9850,2018,,,,,SCG,911290
31662563,189,9851,2018,,,,,SCG,911310
31669089,189,9852,2018,,,,,SCG,911320
31675615,189,9853,2018,,,,,SCG,911390
31682141,189,9854,2018,,,,,SCG,911410
31688667,189,9855,2018,,,,,SCG,911420
31695193,189,9856,2018,,,,,SCG,911430
31701719,189,9857,2018,,,,,SCG,911440
31708245,189,9858,2018,,,,,SCG,911490
31714771,189,9859,2018,,,,,SCG,920110
31721297,189,9860,2018,,,,,SCG,920120
31727823,189,9861,2018,,,,,SCG,920190
31734349,189,9862,2018,,,,,SCG,920210
31740875,189,9863,2018,,,,,SCG,920290
31747401,189,9864,2018,,,,,SCG,920300
31753927,189,9865,2018,,,,,SCG,920410
31760453,189,9866,2018,,,,,SCG,920420
31766979,189,9867,2018,,,,,SCG,920510
31773505,189,9868,2018,,,,,SCG,920590
31780031,189,9869,2018,,,,,SCG,920600
31786557,189,9870,2018,,,,,SCG,920710
31793083,189,9871,2018,,,,,SCG,920790
31799609,189,9872,2018,,,,,SCG,920810
31806135,189,9873,2018,,,,,SCG,920890
31812661,189,9874,2018,,,,,SCG,920910
31819187,189,9875,2018,,,,,SCG,920920
31825713,189,9876,2018,,,,,SCG,920930
31832239,189,9877,2018,,,,,SCG,920991
31838765,189,9878,2018,,,,,SCG,920992
31845291,189,9879,2018,,,,,SCG,920993
31851817,189,9880,2018,,,,,SCG,920994
31858343,189,9881,2018,,,,,SCG,920999
31864869,189,9882,2018,,,,,SCG,930100
31871395,189,9883,2018,,,,,SCG,930200
31877921,189,9884,2018,,,,,SCG,930310
31884447,189,9885,2018,,,,,SCG,930320
31890973,189,9886,2018,,,,,SCG,930330
31897499,189,9887,2018,,,,,SCG,930390
31904025,189,9888,2018,,,,,SCG,930400
31910551,189,9889,2018,,,,,SCG,930510
31917077,189,9890,2018,,,,,SCG,930521
31923603,189,9891,2018,,,,,SCG,930529
31930129,189,9892,2018,,,,,SCG,930590
31936655,189,9893,2018,,,,,SCG,930610
31943181,189,9894,2018,,,,,SCG,930621
31949707,189,9895,2018,,,,,SCG,930629
31956233,189,9896,2018,,,,,SCG,930630
31962759,189,9897,2018,,,,,SCG,930690
31969285,189,9898,2018,,,,,SCG,930700
31975811,189,9899,2018,,,,,SCG,940110
31982337,189,9900,2018,,,,,SCG,940120
31988863,189,9901,2018,,,,,SCG,940130
31995389,189,9902,2018,,,,,SCG,940140
32001915,189,9903,2018,,,,,SCG,940150
32008441,189,9904,2018,,,,,SCG,940161
32014967,189,9905,2018,,,,,SCG,940169
32021493,189,9906,2018,,,,,SCG,940171
32028019,189,9907,2018,,,,,SCG,940179
32034545,189,9908,2018,,,,,SCG,940180
32041071,189,9909,2018,,,,,SCG,940190
32047597,189,9910,2018,,,,,SCG,940210
32054123,189,9911,2018,,,,,SCG,940290
32060649,189,9912,2018,,,,,SCG,940310
32067175,189,9913,2018,,,,,SCG,940320
32073701,189,9914,2018,,,,,SCG,940330
32080227,189,9915,2018,,,,,SCG,940340
32086753,189,9916,2018,,,,,SCG,940350
32093279,189,9917,2018,,,,,SCG,940360
32099805,189,9918,2018,,,,,SCG,940370
32106331,189,9919,2018,,,,,SCG,940380
32112857,189,9920,2018,,,,,SCG,940390
32119383,189,9921,2018,,,,,SCG,940410
32125909,189,9922,2018,,,,,SCG,940421
32132435,189,9923,2018,,,,,SCG,940429
32138961,189,9924,2018,,,,,SCG,940430
32145487,189,9925,2018,,,,,SCG,940490
32152013,189,9926,2018,,,,,SCG,940510
32158539,189,9927,2018,,,,,SCG,940520
32165065,189,9928,2018,,,,,SCG,940530
32171591,189,9929,2018,,,,,SCG,940540
32178117,189,9930,2018,,,,,SCG,940550
32184643,189,9931,2018,,,,,SCG,940560
32191169,189,9932,2018,,,,,SCG,940591
32197695,189,9933,2018,,,,,SCG,940592
32204221,189,9934,2018,,,,,SCG,940599
32210747,189,9935,2018,,,,,SCG,940600
32217273,189,9936,2018,,,,,SCG,950100
32223799,189,9937,2018,,,,,SCG,950210
32230325,189,9938,2018,,,,,SCG,950291
32236851,189,9939,2018,,,,,SCG,950299
32243377,189,9940,2018,,,,,SCG,950310
32249903,189,9941,2018,,,,,SCG,950320
32256429,189,9942,2018,,,,,SCG,950330
32262955,189,9943,2018,,,,,SCG,950341
32269481,189,9944,2018,,,,,SCG,950349
32276007,189,9945,2018,,,,,SCG,950350
32282533,189,9946,2018,,,,,SCG,950360
32289059,189,9947,2018,,,,,SCG,950370
32295585,189,9948,2018,,,,,SCG,950380
32302111,189,9949,2018,,,,,SCG,950390
32308637,189,9950,2018,,,,,SCG,950410
32315163,189,9951,2018,,,,,SCG,950420
32321689,189,9952,2018,,,,,SCG,950430
32328215,189,9953,2018,,,,,SCG,950440
32334741,189,9954,2018,,,,,SCG,950490
32341267,189,9955,2018,,,,,SCG,950510
32347793,189,9956,2018,,,,,SCG,950590
32354319,189,9957,2018,,,,,SCG,950611
32360845,189,9958,2018,,,,,SCG,950612
32367371,189,9959,2018,,,,,SCG,950619
32373897,189,9960,2018,,,,,SCG,950621
32380423,189,9961,2018,,,,,SCG,950629
32386949,189,9962,2018,,,,,SCG,950631
32393475,189,9963,2018,,,,,SCG,950632
32400001,189,9964,2018,,,,,SCG,950639
32406527,189,9965,2018,,,,,SCG,950640
32413053,189,9966,2018,,,,,SCG,950651
32419579,189,9967,2018,,,,,SCG,950659
32426105,189,9968,2018,,,,,SCG,950661
32432631,189,9969,2018,,,,,SCG,950662
32439157,189,9970,2018,,,,,SCG,950669
32445683,189,9971,2018,,,,,SCG,950670
32452209,189,9972,2018,,,,,SCG,950691
32458735,189,9973,2018,,,,,SCG,950699
32465261,189,9974,2018,,,,,SCG,950710
32471787,189,9975,2018,,,,,SCG,950720
32478313,189,9976,2018,,,,,SCG,950730
32484839,189,9977,2018,,,,,SCG,950790
32491365,189,9978,2018,,,,,SCG,950800
32497891,189,9979,2018,,,,,SCG,960110
32504417,189,9980,2018,,,,,SCG,960190
32510943,189,9981,2018,,,,,SCG,960200
32517469,189,9982,2018,,,,,SCG,960310
32523995,189,9983,2018,,,,,SCG,960321
32530521,189,9984,2018,,,,,SCG,960329
32537047,189,9985,2018,,,,,SCG,960330
32543573,189,9986,2018,,,,,SCG,960340
32550099,189,9987,2018,,,,,SCG,960350
32556625,189,9988,2018,,,,,SCG,960390
32563151,189,9989,2018,,,,,SCG,960400
32569677,189,9990,2018,,,,,SCG,960500
32576203,189,9991,2018,,,,,SCG,960610
32582729,189,9992,2018,,,,,SCG,960621
32589255,189,9993,2018,,,,,SCG,960622
32595781,189,9994,2018,,,,,SCG,960629
32602307,189,9995,2018,,,,,SCG,960630
32608833,189,9996,2018,,,,,SCG,960711
32615359,189,9997,2018,,,,,SCG,960719
32621885,189,9998,2018,,,,,SCG,960720
32628411,189,9999,2018,,,,,SCG,960810
32634937,189,10000,2018,,,,,SCG,960820
32641463,189,10001,2018,,,,,SCG,960831
32647989,189,10002,2018,,,,,SCG,960839
32654515,189,10003,2018,,,,,SCG,960840
32661041,189,10004,2018,,,,,SCG,960850
32667567,189,10005,2018,,,,,SCG,960860
32674093,189,10006,2018,,,,,SCG,960891
32680619,189,10007,2018,,,,,SCG,960899
32687145,189,10008,2018,,,,,SCG,960910
32693671,189,10009,2018,,,,,SCG,960920
32700197,189,10010,2018,,,,,SCG,960990
32706723,189,10011,2018,,,,,SCG,961000
32713249,189,10012,2018,,,,,SCG,961100
32719775,189,10013,2018,,,,,SCG,961210
32726301,189,10014,2018,,,,,SCG,961220
32732827,189,10015,2018,,,,,SCG,961310
32739353,189,10016,2018,,,,,SCG,961320
32745879,189,10017,2018,,,,,SCG,961330
32752405,189,10018,2018,,,,,SCG,961380
32758931,189,10019,2018,,,,,SCG,961390
32765457,189,10020,2018,,,,,SCG,961410
32771983,189,10021,2018,,,,,SCG,961420
32778509,189,10022,2018,,,,,SCG,961490
32785035,189,10023,2018,,,,,SCG,961511
32791561,189,10024,2018,,,,,SCG,961519
32798087,189,10025,2018,,,,,SCG,961590
32804613,189,10026,2018,,,,,SCG,961610
32811139,189,10027,2018,,,,,SCG,961620
32817665,189,10028,2018,,,,,SCG,961700
32824191,189,10029,2018,,,,,SCG,961800
32830717,189,10030,2018,,,,,SCG,970110
32837243,189,10031,2018,,,,,SCG,970190
32843769,189,10032,2018,,,,,SCG,970200
32850295,189,10033,2018,,,,,SCG,970300
32856821,189,10034,2018,,,,,SCG,970400
32863347,189,10035,2018,,,,,SCG,970500
32869873,189,10036,2018,,,,,SCG,970600
32876399,189,10037,2018,,,,,SCG,999999
32882925,189,10038,2018,,,,,SCG,9999AA
32889451,189,10039,2018,,,,,SCG,XXXXXX
