,location_id,product_id,year,export_value,import_value,hs_eci,hs_coi,location_code,hs_product_code
5213,200,5000,2008,0.0,0.0,-0.01135,-0.8057350000000001,SPM,010111
11739,200,5001,2008,0.0,0.0,-0.01135,-0.8057350000000001,SPM,010119
18265,200,5002,2008,0.0,0.0,-0.01135,-0.8057350000000001,SPM,010120
24791,200,5003,2008,0.0,0.0,-0.01135,-0.8057350000000001,SPM,010210
31317,200,5004,2008,0.0,0.0,-0.01135,-0.8057350000000001,SPM,010290
37843,200,5005,2008,0.0,0.0,-0.01135,-0.8057350000000001,SPM,010310
44369,200,5006,2008,0.0,1.174929992758611e-09,-0.01135,-0.8057350000000001,SPM,010391
50895,200,5007,2008,0.0,0.0,-0.01135,-0.8057350000000001,SPM,010392
57421,200,5008,2008,0.0,0.0,-0.01135,-0.8057350000000001,SPM,010410
63947,200,5009,2008,0.0,0.0,-0.01135,-0.8057350000000001,SPM,010420
70473,200,5010,2008,0.0,0.0,-0.01135,-0.8057350000000001,SPM,010511
76999,200,5011,2008,0.0,0.0,-0.01135,-0.8057350000000001,SPM,010519
83525,200,5012,2008,0.0,0.0,-0.01135,-0.8057350000000001,SPM,010591
90051,200,5013,2008,0.0,0.0,-0.01135,-0.8057350000000001,SPM,010599
96577,200,5014,2008,0.0,0.0,-0.01135,-0.8057350000000001,SPM,010600
103103,200,5015,2008,0.0,1.9365663461180512e-07,-0.01135,-0.8057350000000001,SPM,020110
109629,200,5016,2008,0.0,1.4794837784697216e-08,-0.01135,-0.8057350000000001,SPM,020120
116155,200,5017,2008,0.0,6.222720902691529e-08,-0.01135,-0.8057350000000001,SPM,020130
122681,200,5018,2008,0.0,0.0,-0.01135,-0.8057350000000001,SPM,020210
129207,200,5019,2008,0.0,0.0,-0.01135,-0.8057350000000001,SPM,020220
135733,200,5020,2008,0.0,0.0,-0.01135,-0.8057350000000001,SPM,020230
142259,200,5021,2008,0.0,3.0150460209097555e-09,-0.01135,-0.8057350000000001,SPM,020311
148785,200,5022,2008,0.0,7.062505843637021e-09,-0.01135,-0.8057350000000001,SPM,020312
155311,200,5023,2008,0.0,8.643805840379083e-08,-0.01135,-0.8057350000000001,SPM,020319
161837,200,5024,2008,0.0,0.0,-0.01135,-0.8057350000000001,SPM,020321
168363,200,5025,2008,0.0,0.0,-0.01135,-0.8057350000000001,SPM,020322
174889,200,5026,2008,0.0,4.666576670815583e-10,-0.01135,-0.8057350000000001,SPM,020329
181415,200,5027,2008,0.0,1.332360668798199e-09,-0.01135,-0.8057350000000001,SPM,020410
187941,200,5028,2008,0.0,0.0,-0.01135,-0.8057350000000001,SPM,020421
194467,200,5029,2008,0.0,5.953862451316131e-09,-0.01135,-0.8057350000000001,SPM,020422
200993,200,5030,2008,0.0,2.329642572383717e-08,-0.01135,-0.8057350000000001,SPM,020423
207519,200,5031,2008,0.0,4.026248110587194e-09,-0.01135,-0.8057350000000001,SPM,020430
214045,200,5032,2008,0.0,0.0,-0.01135,-0.8057350000000001,SPM,020441
220571,200,5033,2008,0.0,8.358740315196662e-09,-0.01135,-0.8057350000000001,SPM,020442
227097,200,5034,2008,0.0,3.0637666722314805e-09,-0.01135,-0.8057350000000001,SPM,020443
233623,200,5035,2008,0.0,0.0,-0.01135,-0.8057350000000001,SPM,020450
240149,200,5036,2008,0.0,0.0,-0.01135,-0.8057350000000001,SPM,020500
246675,200,5037,2008,0.0,0.0,-0.01135,-0.8057350000000001,SPM,020610
253201,200,5038,2008,0.0,0.0,-0.01135,-0.8057350000000001,SPM,020621
259727,200,5039,2008,0.0,0.0,-0.01135,-0.8057350000000001,SPM,020622
266253,200,5040,2008,0.0,0.0,-0.01135,-0.8057350000000001,SPM,020629
272779,200,5041,2008,0.0,0.0,-0.01135,-0.8057350000000001,SPM,020630
279305,200,5042,2008,0.0,0.0,-0.01135,-0.8057350000000001,SPM,020641
285831,200,5043,2008,0.0,0.0,-0.01135,-0.8057350000000001,SPM,020649
292357,200,5044,2008,0.0,1.2316050361328627e-09,-0.01135,-0.8057350000000001,SPM,020680
298883,200,5045,2008,0.0,0.0,-0.01135,-0.8057350000000001,SPM,020690
305409,200,5046,2008,0.0,6.994230645186168e-09,-0.01135,-0.8057350000000001,SPM,020710
311935,200,5047,2008,0.0,1.819103175812387e-08,-0.01135,-0.8057350000000001,SPM,020721
318461,200,5048,2008,0.0,2.354831480550051e-09,-0.01135,-0.8057350000000001,SPM,020722
324987,200,5049,2008,0.0,0.0,-0.01135,-0.8057350000000001,SPM,020723
331513,200,5050,2008,0.0,9.777273564563898e-10,-0.01135,-0.8057350000000001,SPM,020731
338039,200,5051,2008,0.0,2.3894662292787604e-08,-0.01135,-0.8057350000000001,SPM,020739
344565,200,5052,2008,0.0,5.550508487652597e-09,-0.01135,-0.8057350000000001,SPM,020741
351091,200,5053,2008,0.0,0.0,-0.01135,-0.8057350000000001,SPM,020742
357617,200,5054,2008,0.0,0.0,-0.01135,-0.8057350000000001,SPM,020743
364143,200,5055,2008,0.0,0.0,-0.01135,-0.8057350000000001,SPM,020750
370669,200,5056,2008,0.0,0.0,-0.01135,-0.8057350000000001,SPM,020810
377195,200,5057,2008,0.0,0.0,-0.01135,-0.8057350000000001,SPM,020820
383721,200,5058,2008,0.0,5.557037717795713e-08,-0.01135,-0.8057350000000001,SPM,020890
390247,200,5059,2008,0.0,0.0,-0.01135,-0.8057350000000001,SPM,020900
396773,200,5060,2008,0.0,1.962746238960929e-09,-0.01135,-0.8057350000000001,SPM,021011
403299,200,5061,2008,0.0,1.3286486191736866e-08,-0.01135,-0.8057350000000001,SPM,021012
409825,200,5062,2008,0.0,3.9980763054011635e-09,-0.01135,-0.8057350000000001,SPM,021019
416351,200,5063,2008,0.0,0.0,-0.01135,-0.8057350000000001,SPM,021020
422877,200,5064,2008,0.0,0.0,-0.01135,-0.8057350000000001,SPM,021090
429403,200,5065,2008,0.0,0.0,-0.01135,-0.8057350000000001,SPM,030110
435929,200,5066,2008,0.0,0.0,-0.01135,-0.8057350000000001,SPM,030191
442455,200,5067,2008,0.0,0.0,-0.01135,-0.8057350000000001,SPM,030192
448981,200,5068,2008,0.0,0.0,-0.01135,-0.8057350000000001,SPM,030193
455507,200,5069,2008,0.0,0.0,-0.01135,-0.8057350000000001,SPM,030199
462033,200,5070,2008,0.0,0.0,-0.01135,-0.8057350000000001,SPM,030211
468559,200,5071,2008,0.0,2.626937975346897e-09,-0.01135,-0.8057350000000001,SPM,030212
475085,200,5072,2008,0.0,0.0,-0.01135,-0.8057350000000001,SPM,030219
481611,200,5073,2008,3.9243296530831144e-10,0.0,-0.01135,-0.8057350000000001,SPM,030221
488137,200,5074,2008,0.0,0.0,-0.01135,-0.8057350000000001,SPM,030222
494663,200,5075,2008,0.0,0.0,-0.01135,-0.8057350000000001,SPM,030223
501189,200,5076,2008,0.0,0.0,-0.01135,-0.8057350000000001,SPM,030229
507715,200,5077,2008,0.0,0.0,-0.01135,-0.8057350000000001,SPM,030231
514241,200,5078,2008,0.0,0.0,-0.01135,-0.8057350000000001,SPM,030232
520767,200,5079,2008,0.0,0.0,-0.01135,-0.8057350000000001,SPM,030233
527293,200,5080,2008,0.0,0.0,-0.01135,-0.8057350000000001,SPM,030239
533819,200,5081,2008,0.0,0.0,-0.01135,-0.8057350000000001,SPM,030240
540345,200,5082,2008,8.203818715696222e-09,0.0,-0.01135,-0.8057350000000001,SPM,030250
546871,200,5083,2008,0.0,0.0,-0.01135,-0.8057350000000001,SPM,030261
553397,200,5084,2008,0.0,0.0,-0.01135,-0.8057350000000001,SPM,030262
559923,200,5085,2008,0.0,0.0,-0.01135,-0.8057350000000001,SPM,030263
566449,200,5086,2008,0.0,0.0,-0.01135,-0.8057350000000001,SPM,030264
572975,200,5087,2008,0.0,0.0,-0.01135,-0.8057350000000001,SPM,030265
579501,200,5088,2008,0.0,0.0,-0.01135,-0.8057350000000001,SPM,030266
586027,200,5089,2008,6.253866281820244e-08,0.0,-0.01135,-0.8057350000000001,SPM,030269
592553,200,5090,2008,0.0,0.0,-0.01135,-0.8057350000000001,SPM,030270
599079,200,5091,2008,0.0,0.0,-0.01135,-0.8057350000000001,SPM,030310
605605,200,5092,2008,0.0,0.0,-0.01135,-0.8057350000000001,SPM,030321
612131,200,5093,2008,0.0,0.0,-0.01135,-0.8057350000000001,SPM,030322
618657,200,5094,2008,0.0,0.0,-0.01135,-0.8057350000000001,SPM,030329
625183,200,5095,2008,3.6508508470042425e-07,0.0,-0.01135,-0.8057350000000001,SPM,030331
631709,200,5096,2008,0.0,0.0,-0.01135,-0.8057350000000001,SPM,030332
638235,200,5097,2008,0.0,0.0,-0.01135,-0.8057350000000001,SPM,030333
644761,200,5098,2008,2.732603163738621e-07,0.0,-0.01135,-0.8057350000000001,SPM,030339
651287,200,5099,2008,0.0,0.0,-0.01135,-0.8057350000000001,SPM,030341
657813,200,5100,2008,0.0,0.0,-0.01135,-0.8057350000000001,SPM,030342
664339,200,5101,2008,0.0,0.0,-0.01135,-0.8057350000000001,SPM,030343
670865,200,5102,2008,0.0,0.0,-0.01135,-0.8057350000000001,SPM,030349
677391,200,5103,2008,0.0,0.0,-0.01135,-0.8057350000000001,SPM,030350
683917,200,5104,2008,1.8072825959862847e-08,0.0,-0.01135,-0.8057350000000001,SPM,030360
690443,200,5105,2008,0.0,0.0,-0.01135,-0.8057350000000001,SPM,030371
696969,200,5106,2008,0.0,0.0,-0.01135,-0.8057350000000001,SPM,030372
703495,200,5107,2008,0.0,0.0,-0.01135,-0.8057350000000001,SPM,030373
710021,200,5108,2008,0.0,0.0,-0.01135,-0.8057350000000001,SPM,030374
716547,200,5109,2008,0.0,0.0,-0.01135,-0.8057350000000001,SPM,030375
723073,200,5110,2008,0.0,0.0,-0.01135,-0.8057350000000001,SPM,030376
729599,200,5111,2008,0.0,0.0,-0.01135,-0.8057350000000001,SPM,030377
736125,200,5112,2008,0.0,0.0,-0.01135,-0.8057350000000001,SPM,030378
742651,200,5113,2008,1.2198755998830948e-07,2.519885115639977e-09,-0.01135,-0.8057350000000001,SPM,030379
749177,200,5114,2008,0.0,0.0,-0.01135,-0.8057350000000001,SPM,030380
755703,200,5115,2008,0.0,1.3827384851308673e-09,-0.01135,-0.8057350000000001,SPM,030410
762229,200,5116,2008,1.950315472248518e-06,0.0,-0.01135,-0.8057350000000001,SPM,030420
768755,200,5117,2008,2.269929243195705e-08,0.0,-0.01135,-0.8057350000000001,SPM,030490
775281,200,5118,2008,0.0,4.130649506276606e-09,-0.01135,-0.8057350000000001,SPM,030510
781807,200,5119,2008,0.0,0.0,-0.01135,-0.8057350000000001,SPM,030520
788333,200,5120,2008,0.0,0.0,-0.01135,-0.8057350000000001,SPM,030530
794859,200,5121,2008,0.0,2.5328110027253326e-09,-0.01135,-0.8057350000000001,SPM,030541
801385,200,5122,2008,0.0,0.0,-0.01135,-0.8057350000000001,SPM,030542
807911,200,5123,2008,0.0,0.0,-0.01135,-0.8057350000000001,SPM,030549
814437,200,5124,2008,0.0,0.0,-0.01135,-0.8057350000000001,SPM,030551
820963,200,5125,2008,2.7197574236618494e-09,0.0,-0.01135,-0.8057350000000001,SPM,030559
827489,200,5126,2008,0.0,0.0,-0.01135,-0.8057350000000001,SPM,030561
834015,200,5127,2008,3.1581247433187587e-07,0.0,-0.01135,-0.8057350000000001,SPM,030562
840541,200,5128,2008,0.0,0.0,-0.01135,-0.8057350000000001,SPM,030563
847067,200,5129,2008,3.6185652808853644e-09,0.0,-0.01135,-0.8057350000000001,SPM,030569
853593,200,5130,2008,0.0,0.0,-0.01135,-0.8057350000000001,SPM,030611
860119,200,5131,2008,0.0,0.0,-0.01135,-0.8057350000000001,SPM,030612
866645,200,5132,2008,0.0,3.538047298363377e-09,-0.01135,-0.8057350000000001,SPM,030613
873171,200,5133,2008,2.0019566201127035e-07,2.0108040242782772e-09,-0.01135,-0.8057350000000001,SPM,030614
879697,200,5134,2008,0.0,0.0,-0.01135,-0.8057350000000001,SPM,030619
886223,200,5135,2008,0.0,0.0,-0.01135,-0.8057350000000001,SPM,030621
892749,200,5136,2008,2.5514506522856053e-08,0.0,-0.01135,-0.8057350000000001,SPM,030622
899275,200,5137,2008,0.0,0.0,-0.01135,-0.8057350000000001,SPM,030623
905801,200,5138,2008,8.744436793001262e-09,0.0,-0.01135,-0.8057350000000001,SPM,030624
912327,200,5139,2008,0.0,0.0,-0.01135,-0.8057350000000001,SPM,030629
918853,200,5140,2008,0.0,1.3776344168971627e-08,-0.01135,-0.8057350000000001,SPM,030710
925379,200,5141,2008,0.0,9.094853013057558e-09,-0.01135,-0.8057350000000001,SPM,030721
931905,200,5142,2008,1.1654804514098577e-09,0.0,-0.01135,-0.8057350000000001,SPM,030729
938431,200,5143,2008,0.0,0.0,-0.01135,-0.8057350000000001,SPM,030731
944957,200,5144,2008,0.0,0.0,-0.01135,-0.8057350000000001,SPM,030739
951483,200,5145,2008,0.0,0.0,-0.01135,-0.8057350000000001,SPM,030741
958009,200,5146,2008,0.0,0.0,-0.01135,-0.8057350000000001,SPM,030749
964535,200,5147,2008,0.0,0.0,-0.01135,-0.8057350000000001,SPM,030751
971061,200,5148,2008,0.0,0.0,-0.01135,-0.8057350000000001,SPM,030759
977587,200,5149,2008,0.0,0.0,-0.01135,-0.8057350000000001,SPM,030760
984113,200,5150,2008,0.0,0.0,-0.01135,-0.8057350000000001,SPM,030791
990639,200,5151,2008,0.0,0.0,-0.01135,-0.8057350000000001,SPM,030799
997165,200,5152,2008,0.0,4.565920468050903e-08,-0.01135,-0.8057350000000001,SPM,040110
1003691,200,5153,2008,0.0,5.8668281449414036e-08,-0.01135,-0.8057350000000001,SPM,040120
1010217,200,5154,2008,0.0,3.08007317593916e-08,-0.01135,-0.8057350000000001,SPM,040130
1016743,200,5155,2008,0.0,0.0,-0.01135,-0.8057350000000001,SPM,040210
1023269,200,5156,2008,0.0,3.567213402555974e-08,-0.01135,-0.8057350000000001,SPM,040221
1029795,200,5157,2008,0.0,9.575099433228849e-10,-0.01135,-0.8057350000000001,SPM,040229
1036321,200,5158,2008,0.0,2.4428932292315638e-08,-0.01135,-0.8057350000000001,SPM,040291
1042847,200,5159,2008,0.0,0.0,-0.01135,-0.8057350000000001,SPM,040299
1049373,200,5160,2008,0.0,6.047127698132005e-08,-0.01135,-0.8057350000000001,SPM,040310
1055899,200,5161,2008,0.0,1.4665910346845848e-09,-0.01135,-0.8057350000000001,SPM,040390
1062425,200,5162,2008,0.0,0.0,-0.01135,-0.8057350000000001,SPM,040410
1068951,200,5163,2008,0.0,1.492277092354202e-08,-0.01135,-0.8057350000000001,SPM,040490
1075477,200,5164,2008,0.0,6.60814434093666e-08,-0.01135,-0.8057350000000001,SPM,040500
1082003,200,5165,2008,0.0,3.278203824647509e-09,-0.01135,-0.8057350000000001,SPM,040610
1088529,200,5166,2008,0.0,1.453002281594852e-08,-0.01135,-0.8057350000000001,SPM,040620
1095055,200,5167,2008,0.0,2.5286018035975373e-08,-0.01135,-0.8057350000000001,SPM,040630
1101581,200,5168,2008,0.0,0.0,-0.01135,-0.8057350000000001,SPM,040640
1108107,200,5169,2008,3.068583359079917e-08,2.3485243105184016e-07,-0.01135,-0.8057350000000001,SPM,040690
1114633,200,5170,2008,0.0,1.8672935343306105e-09,-0.01135,-0.8057350000000001,SPM,040700
1121159,200,5171,2008,0.0,0.0,-0.01135,-0.8057350000000001,SPM,040811
1127685,200,5172,2008,0.0,0.0,-0.01135,-0.8057350000000001,SPM,040819
1134211,200,5173,2008,0.0,0.0,-0.01135,-0.8057350000000001,SPM,040891
1140737,200,5174,2008,0.0,0.0,-0.01135,-0.8057350000000001,SPM,040899
1147263,200,5175,2008,0.0,2.0190898493329924e-09,-0.01135,-0.8057350000000001,SPM,040900
1153789,200,5176,2008,0.0,0.0,-0.01135,-0.8057350000000001,SPM,041000
1160315,200,5177,2008,0.0,0.0,-0.01135,-0.8057350000000001,SPM,050100
1166841,200,5178,2008,0.0,0.0,-0.01135,-0.8057350000000001,SPM,050210
1173367,200,5179,2008,0.0,0.0,-0.01135,-0.8057350000000001,SPM,050290
1179893,200,5180,2008,0.0,0.0,-0.01135,-0.8057350000000001,SPM,050300
1186419,200,5181,2008,0.0,5.464004474081371e-09,-0.01135,-0.8057350000000001,SPM,050400
1192945,200,5182,2008,0.0,0.0,-0.01135,-0.8057350000000001,SPM,050510
1199471,200,5183,2008,0.0,0.0,-0.01135,-0.8057350000000001,SPM,050590
1205997,200,5184,2008,0.0,0.0,-0.01135,-0.8057350000000001,SPM,050610
1212523,200,5185,2008,0.0,0.0,-0.01135,-0.8057350000000001,SPM,050690
1219049,200,5186,2008,0.0,0.0,-0.01135,-0.8057350000000001,SPM,050710
1225575,200,5187,2008,0.0,0.0,-0.01135,-0.8057350000000001,SPM,050790
1232101,200,5188,2008,0.0,0.0,-0.01135,-0.8057350000000001,SPM,050800
1238627,200,5189,2008,0.0,0.0,-0.01135,-0.8057350000000001,SPM,050900
1245153,200,5190,2008,0.0,0.0,-0.01135,-0.8057350000000001,SPM,051000
1251679,200,5191,2008,0.0,0.0,-0.01135,-0.8057350000000001,SPM,051110
1258205,200,5192,2008,6.092256629002543e-09,0.0,-0.01135,-0.8057350000000001,SPM,051191
1264731,200,5193,2008,0.0,0.0,-0.01135,-0.8057350000000001,SPM,051199
1271257,200,5194,2008,0.0,0.0,-0.01135,-0.8057350000000001,SPM,060110
1277783,200,5195,2008,0.0,0.0,-0.01135,-0.8057350000000001,SPM,060120
1284309,200,5196,2008,0.0,0.0,-0.01135,-0.8057350000000001,SPM,060210
1290835,200,5197,2008,0.0,0.0,-0.01135,-0.8057350000000001,SPM,060220
1297361,200,5198,2008,0.0,0.0,-0.01135,-0.8057350000000001,SPM,060230
1303887,200,5199,2008,0.0,0.0,-0.01135,-0.8057350000000001,SPM,060240
1310413,200,5200,2008,0.0,0.0,-0.01135,-0.8057350000000001,SPM,060291
1316939,200,5201,2008,0.0,6.738032934494375e-10,-0.01135,-0.8057350000000001,SPM,060299
1323465,200,5202,2008,0.0,0.0,-0.01135,-0.8057350000000001,SPM,060310
1329991,200,5203,2008,0.0,0.0,-0.01135,-0.8057350000000001,SPM,060390
1336517,200,5204,2008,0.0,0.0,-0.01135,-0.8057350000000001,SPM,060410
1343043,200,5205,2008,0.0,0.0,-0.01135,-0.8057350000000001,SPM,060491
1349569,200,5206,2008,0.0,1.2206677470606387e-09,-0.01135,-0.8057350000000001,SPM,060499
1356095,200,5207,2008,0.0,2.933513502371358e-09,-0.01135,-0.8057350000000001,SPM,070110
1362621,200,5208,2008,0.0,8.996085978405353e-09,-0.01135,-0.8057350000000001,SPM,070190
1369147,200,5209,2008,0.0,9.807102534760872e-10,-0.01135,-0.8057350000000001,SPM,070200
1375673,200,5210,2008,0.0,0.0,-0.01135,-0.8057350000000001,SPM,070310
1382199,200,5211,2008,0.0,0.0,-0.01135,-0.8057350000000001,SPM,070320
1388725,200,5212,2008,0.0,0.0,-0.01135,-0.8057350000000001,SPM,070390
1395251,200,5213,2008,0.0,0.0,-0.01135,-0.8057350000000001,SPM,070410
1401777,200,5214,2008,0.0,0.0,-0.01135,-0.8057350000000001,SPM,070420
1408303,200,5215,2008,0.0,0.0,-0.01135,-0.8057350000000001,SPM,070490
1414829,200,5216,2008,0.0,3.7120496245123956e-10,-0.01135,-0.8057350000000001,SPM,070511
1421355,200,5217,2008,0.0,0.0,-0.01135,-0.8057350000000001,SPM,070519
1427881,200,5218,2008,0.0,0.0,-0.01135,-0.8057350000000001,SPM,070521
1434407,200,5219,2008,0.0,0.0,-0.01135,-0.8057350000000001,SPM,070529
1440933,200,5220,2008,0.0,0.0,-0.01135,-0.8057350000000001,SPM,070610
1447459,200,5221,2008,0.0,5.342699995280341e-10,-0.01135,-0.8057350000000001,SPM,070690
1453985,200,5222,2008,0.0,0.0,-0.01135,-0.8057350000000001,SPM,070700
1460511,200,5223,2008,0.0,0.0,-0.01135,-0.8057350000000001,SPM,070810
1467037,200,5224,2008,0.0,0.0,-0.01135,-0.8057350000000001,SPM,070820
1473563,200,5225,2008,0.0,6.47288653274349e-10,-0.01135,-0.8057350000000001,SPM,070890
1480089,200,5226,2008,0.0,0.0,-0.01135,-0.8057350000000001,SPM,070910
1486615,200,5227,2008,0.0,0.0,-0.01135,-0.8057350000000001,SPM,070920
1493141,200,5228,2008,0.0,0.0,-0.01135,-0.8057350000000001,SPM,070930
1499667,200,5229,2008,0.0,0.0,-0.01135,-0.8057350000000001,SPM,070940
1506193,200,5230,2008,0.0,0.0,-0.01135,-0.8057350000000001,SPM,070951
1512719,200,5231,2008,0.0,0.0,-0.01135,-0.8057350000000001,SPM,070952
1519245,200,5232,2008,0.0,4.709662961100102e-10,-0.01135,-0.8057350000000001,SPM,070960
1525771,200,5233,2008,0.0,0.0,-0.01135,-0.8057350000000001,SPM,070970
1532297,200,5234,2008,0.0,1.2180858839735895e-07,-0.01135,-0.8057350000000001,SPM,070990
1538823,200,5235,2008,0.0,6.148082190598655e-10,-0.01135,-0.8057350000000001,SPM,071010
1545349,200,5236,2008,0.0,0.0,-0.01135,-0.8057350000000001,SPM,071021
1551875,200,5237,2008,0.0,0.0,-0.01135,-0.8057350000000001,SPM,071022
1558401,200,5238,2008,0.0,0.0,-0.01135,-0.8057350000000001,SPM,071029
1564927,200,5239,2008,0.0,0.0,-0.01135,-0.8057350000000001,SPM,071030
1571453,200,5240,2008,0.0,0.0,-0.01135,-0.8057350000000001,SPM,071040
1577979,200,5241,2008,0.0,3.3898967463850696e-09,-0.01135,-0.8057350000000001,SPM,071080
1584505,200,5242,2008,0.0,0.0,-0.01135,-0.8057350000000001,SPM,071090
1591031,200,5243,2008,0.0,0.0,-0.01135,-0.8057350000000001,SPM,071110
1597557,200,5244,2008,0.0,0.0,-0.01135,-0.8057350000000001,SPM,071120
1604083,200,5245,2008,0.0,0.0,-0.01135,-0.8057350000000001,SPM,071130
1610609,200,5246,2008,0.0,0.0,-0.01135,-0.8057350000000001,SPM,071140
1617135,200,5247,2008,0.0,4.5605181101152287e-10,-0.01135,-0.8057350000000001,SPM,071190
1623661,200,5248,2008,0.0,0.0,-0.01135,-0.8057350000000001,SPM,071210
1630187,200,5249,2008,0.0,0.0,-0.01135,-0.8057350000000001,SPM,071220
1636713,200,5250,2008,0.0,0.0,-0.01135,-0.8057350000000001,SPM,071230
1643239,200,5251,2008,0.0,0.0,-0.01135,-0.8057350000000001,SPM,071290
1649765,200,5252,2008,0.0,0.0,-0.01135,-0.8057350000000001,SPM,071310
1656291,200,5253,2008,0.0,0.0,-0.01135,-0.8057350000000001,SPM,071320
1662817,200,5254,2008,0.0,0.0,-0.01135,-0.8057350000000001,SPM,071331
1669343,200,5255,2008,0.0,0.0,-0.01135,-0.8057350000000001,SPM,071332
1675869,200,5256,2008,0.0,0.0,-0.01135,-0.8057350000000001,SPM,071333
1682395,200,5257,2008,0.0,0.0,-0.01135,-0.8057350000000001,SPM,071339
1688921,200,5258,2008,0.0,0.0,-0.01135,-0.8057350000000001,SPM,071340
1695447,200,5259,2008,0.0,0.0,-0.01135,-0.8057350000000001,SPM,071350
1701973,200,5260,2008,0.0,0.0,-0.01135,-0.8057350000000001,SPM,071390
1708499,200,5261,2008,0.0,0.0,-0.01135,-0.8057350000000001,SPM,071410
1715025,200,5262,2008,0.0,1.4198258380757725e-08,-0.01135,-0.8057350000000001,SPM,071420
1721551,200,5263,2008,0.0,0.0,-0.01135,-0.8057350000000001,SPM,071490
1728077,200,5264,2008,0.0,8.246053094452536e-10,-0.01135,-0.8057350000000001,SPM,080110
1734603,200,5265,2008,0.0,0.0,-0.01135,-0.8057350000000001,SPM,080120
1741129,200,5266,2008,0.0,0.0,-0.01135,-0.8057350000000001,SPM,080130
1747655,200,5267,2008,0.0,0.0,-0.01135,-0.8057350000000001,SPM,080211
1754181,200,5268,2008,0.0,2.2829105190751233e-09,-0.01135,-0.8057350000000001,SPM,080212
1760707,200,5269,2008,0.0,0.0,-0.01135,-0.8057350000000001,SPM,080221
1767233,200,5270,2008,0.0,0.0,-0.01135,-0.8057350000000001,SPM,080222
1773759,200,5271,2008,0.0,0.0,-0.01135,-0.8057350000000001,SPM,080231
1780285,200,5272,2008,0.0,1.1934902408811728e-09,-0.01135,-0.8057350000000001,SPM,080232
1786811,200,5273,2008,0.0,0.0,-0.01135,-0.8057350000000001,SPM,080240
1793337,200,5274,2008,0.0,0.0,-0.01135,-0.8057350000000001,SPM,080250
1799863,200,5275,2008,0.0,3.982830387300487e-09,-0.01135,-0.8057350000000001,SPM,080290
1806389,200,5276,2008,0.0,7.284897388105576e-10,-0.01135,-0.8057350000000001,SPM,080300
1812915,200,5277,2008,0.0,4.832293171909886e-10,-0.01135,-0.8057350000000001,SPM,080410
1819441,200,5278,2008,0.0,0.0,-0.01135,-0.8057350000000001,SPM,080420
1825967,200,5279,2008,0.0,0.0,-0.01135,-0.8057350000000001,SPM,080430
1832493,200,5280,2008,0.0,0.0,-0.01135,-0.8057350000000001,SPM,080440
1839019,200,5281,2008,0.0,0.0,-0.01135,-0.8057350000000001,SPM,080450
1845545,200,5282,2008,0.0,9.263552411171558e-10,-0.01135,-0.8057350000000001,SPM,080510
1852071,200,5283,2008,0.0,0.0,-0.01135,-0.8057350000000001,SPM,080520
1858597,200,5284,2008,0.0,0.0,-0.01135,-0.8057350000000001,SPM,080530
1865123,200,5285,2008,0.0,0.0,-0.01135,-0.8057350000000001,SPM,080540
1871649,200,5286,2008,0.0,0.0,-0.01135,-0.8057350000000001,SPM,080590
1878175,200,5287,2008,0.0,5.919393419088516e-10,-0.01135,-0.8057350000000001,SPM,080610
1884701,200,5288,2008,0.0,1.0857745151698756e-09,-0.01135,-0.8057350000000001,SPM,080620
1891227,200,5289,2008,0.0,0.0,-0.01135,-0.8057350000000001,SPM,080710
1897753,200,5290,2008,0.0,0.0,-0.01135,-0.8057350000000001,SPM,080720
1904279,200,5291,2008,0.0,0.0,-0.01135,-0.8057350000000001,SPM,080810
1910805,200,5292,2008,0.0,0.0,-0.01135,-0.8057350000000001,SPM,080820
1917331,200,5293,2008,0.0,0.0,-0.01135,-0.8057350000000001,SPM,080910
1923857,200,5294,2008,0.0,0.0,-0.01135,-0.8057350000000001,SPM,080920
1930383,200,5295,2008,0.0,0.0,-0.01135,-0.8057350000000001,SPM,080930
1936909,200,5296,2008,0.0,0.0,-0.01135,-0.8057350000000001,SPM,080940
1943435,200,5297,2008,0.0,0.0,-0.01135,-0.8057350000000001,SPM,081010
1949961,200,5298,2008,0.0,0.0,-0.01135,-0.8057350000000001,SPM,081020
1956487,200,5299,2008,0.0,0.0,-0.01135,-0.8057350000000001,SPM,081030
1963013,200,5300,2008,0.0,0.0,-0.01135,-0.8057350000000001,SPM,081040
1969539,200,5301,2008,0.0,7.811643858483928e-08,-0.01135,-0.8057350000000001,SPM,081090
1976065,200,5302,2008,0.0,0.0,-0.01135,-0.8057350000000001,SPM,081110
1982591,200,5303,2008,0.0,0.0,-0.01135,-0.8057350000000001,SPM,081120
1989117,200,5304,2008,0.0,0.0,-0.01135,-0.8057350000000001,SPM,081190
1995643,200,5305,2008,0.0,0.0,-0.01135,-0.8057350000000001,SPM,081210
2002169,200,5306,2008,0.0,0.0,-0.01135,-0.8057350000000001,SPM,081220
2008695,200,5307,2008,0.0,8.345482995109117e-10,-0.01135,-0.8057350000000001,SPM,081290
2015221,200,5308,2008,0.0,5.684075987534606e-10,-0.01135,-0.8057350000000001,SPM,081310
2021747,200,5309,2008,0.0,9.140922200361774e-10,-0.01135,-0.8057350000000001,SPM,081320
2028273,200,5310,2008,0.0,0.0,-0.01135,-0.8057350000000001,SPM,081330
2034799,200,5311,2008,0.0,0.0,-0.01135,-0.8057350000000001,SPM,081340
2041325,200,5312,2008,0.0,0.0,-0.01135,-0.8057350000000001,SPM,081350
2047851,200,5313,2008,0.0,0.0,-0.01135,-0.8057350000000001,SPM,081400
2054377,200,5314,2008,0.0,0.0,-0.01135,-0.8057350000000001,SPM,090111
2060903,200,5315,2008,0.0,9.777273564563898e-10,-0.01135,-0.8057350000000001,SPM,090112
2067429,200,5316,2008,0.0,9.1750597995872e-09,-0.01135,-0.8057350000000001,SPM,090121
2073955,200,5317,2008,0.0,0.0,-0.01135,-0.8057350000000001,SPM,090122
2080481,200,5318,2008,0.0,0.0,-0.01135,-0.8057350000000001,SPM,090130
2087007,200,5319,2008,0.0,0.0,-0.01135,-0.8057350000000001,SPM,090140
2093533,200,5320,2008,0.0,0.0,-0.01135,-0.8057350000000001,SPM,090210
2100059,200,5321,2008,0.0,0.0,-0.01135,-0.8057350000000001,SPM,090220
2106585,200,5322,2008,0.0,1.7864238817965903e-08,-0.01135,-0.8057350000000001,SPM,090230
2113111,200,5323,2008,0.0,0.0,-0.01135,-0.8057350000000001,SPM,090240
2119637,200,5324,2008,0.0,0.0,-0.01135,-0.8057350000000001,SPM,090300
2126163,200,5325,2008,0.0,0.0,-0.01135,-0.8057350000000001,SPM,090411
2132689,200,5326,2008,0.0,0.0,-0.01135,-0.8057350000000001,SPM,090412
2139215,200,5327,2008,0.0,0.0,-0.01135,-0.8057350000000001,SPM,090420
2145741,200,5328,2008,0.0,0.0,-0.01135,-0.8057350000000001,SPM,090500
2152267,200,5329,2008,0.0,3.346180733396392e-08,-0.01135,-0.8057350000000001,SPM,090610
2158793,200,5330,2008,0.0,0.0,-0.01135,-0.8057350000000001,SPM,090620
2165319,200,5331,2008,0.0,0.0,-0.01135,-0.8057350000000001,SPM,090700
2171845,200,5332,2008,0.0,0.0,-0.01135,-0.8057350000000001,SPM,090810
2178371,200,5333,2008,0.0,0.0,-0.01135,-0.8057350000000001,SPM,090820
2184897,200,5334,2008,0.0,0.0,-0.01135,-0.8057350000000001,SPM,090830
2191423,200,5335,2008,0.0,0.0,-0.01135,-0.8057350000000001,SPM,090910
2197949,200,5336,2008,0.0,0.0,-0.01135,-0.8057350000000001,SPM,090920
2204475,200,5337,2008,0.0,0.0,-0.01135,-0.8057350000000001,SPM,090930
2211001,200,5338,2008,0.0,0.0,-0.01135,-0.8057350000000001,SPM,090940
2217527,200,5339,2008,0.0,0.0,-0.01135,-0.8057350000000001,SPM,090950
2224053,200,5340,2008,0.0,0.0,-0.01135,-0.8057350000000001,SPM,091010
2230579,200,5341,2008,0.0,0.0,-0.01135,-0.8057350000000001,SPM,091020
2237105,200,5342,2008,0.0,0.0,-0.01135,-0.8057350000000001,SPM,091030
2243631,200,5343,2008,0.0,0.0,-0.01135,-0.8057350000000001,SPM,091040
2250157,200,5344,2008,0.0,0.0,-0.01135,-0.8057350000000001,SPM,091050
2256683,200,5345,2008,0.0,0.0,-0.01135,-0.8057350000000001,SPM,091091
2263209,200,5346,2008,0.0,3.3826052203369206e-09,-0.01135,-0.8057350000000001,SPM,091099
2269735,200,5347,2008,0.0,0.0,-0.01135,-0.8057350000000001,SPM,100110
2276261,200,5348,2008,0.0,0.0,-0.01135,-0.8057350000000001,SPM,100190
2282787,200,5349,2008,0.0,0.0,-0.01135,-0.8057350000000001,SPM,100200
2289313,200,5350,2008,0.0,0.0,-0.01135,-0.8057350000000001,SPM,100300
2295839,200,5351,2008,0.0,6.290598381539756e-10,-0.01135,-0.8057350000000001,SPM,100400
2302365,200,5352,2008,0.0,0.0,-0.01135,-0.8057350000000001,SPM,100510
2308891,200,5353,2008,0.0,0.0,-0.01135,-0.8057350000000001,SPM,100590
2315417,200,5354,2008,0.0,0.0,-0.01135,-0.8057350000000001,SPM,100610
2321943,200,5355,2008,0.0,0.0,-0.01135,-0.8057350000000001,SPM,100620
2328469,200,5356,2008,0.0,1.6883197131487626e-09,-0.01135,-0.8057350000000001,SPM,100630
2334995,200,5357,2008,0.0,4.162798507488901e-10,-0.01135,-0.8057350000000001,SPM,100640
2341521,200,5358,2008,0.0,0.0,-0.01135,-0.8057350000000001,SPM,100700
2348047,200,5359,2008,0.0,0.0,-0.01135,-0.8057350000000001,SPM,100810
2354573,200,5360,2008,0.0,0.0,-0.01135,-0.8057350000000001,SPM,100820
2361099,200,5361,2008,0.0,0.0,-0.01135,-0.8057350000000001,SPM,100830
2367625,200,5362,2008,0.0,3.390559612389447e-09,-0.01135,-0.8057350000000001,SPM,100890
2374151,200,5363,2008,0.0,3.204857701263171e-08,-0.01135,-0.8057350000000001,SPM,110100
2380677,200,5364,2008,0.0,0.0,-0.01135,-0.8057350000000001,SPM,110210
2387203,200,5365,2008,0.0,0.0,-0.01135,-0.8057350000000001,SPM,110220
2393729,200,5366,2008,0.0,0.0,-0.01135,-0.8057350000000001,SPM,110230
2400255,200,5367,2008,0.0,1.1968045709030589e-09,-0.01135,-0.8057350000000001,SPM,110290
2406781,200,5368,2008,0.0,0.0,-0.01135,-0.8057350000000001,SPM,110311
2413307,200,5369,2008,0.0,0.0,-0.01135,-0.8057350000000001,SPM,110312
2419833,200,5370,2008,0.0,0.0,-0.01135,-0.8057350000000001,SPM,110313
2426359,200,5371,2008,0.0,0.0,-0.01135,-0.8057350000000001,SPM,110314
2432885,200,5372,2008,0.0,0.0,-0.01135,-0.8057350000000001,SPM,110319
2439411,200,5373,2008,0.0,0.0,-0.01135,-0.8057350000000001,SPM,110321
2445937,200,5374,2008,0.0,0.0,-0.01135,-0.8057350000000001,SPM,110329
2452463,200,5375,2008,0.0,0.0,-0.01135,-0.8057350000000001,SPM,110411
2458989,200,5376,2008,0.0,0.0,-0.01135,-0.8057350000000001,SPM,110412
2465515,200,5377,2008,0.0,0.0,-0.01135,-0.8057350000000001,SPM,110419
2472041,200,5378,2008,0.0,0.0,-0.01135,-0.8057350000000001,SPM,110421
2478567,200,5379,2008,0.0,0.0,-0.01135,-0.8057350000000001,SPM,110422
2485093,200,5380,2008,0.0,0.0,-0.01135,-0.8057350000000001,SPM,110423
2491619,200,5381,2008,0.0,0.0,-0.01135,-0.8057350000000001,SPM,110429
2498145,200,5382,2008,0.0,0.0,-0.01135,-0.8057350000000001,SPM,110430
2504671,200,5383,2008,0.0,0.0,-0.01135,-0.8057350000000001,SPM,110510
2511197,200,5384,2008,0.0,4.888636782281949e-10,-0.01135,-0.8057350000000001,SPM,110520
2517723,200,5385,2008,0.0,0.0,-0.01135,-0.8057350000000001,SPM,110610
2524249,200,5386,2008,0.0,0.0,-0.01135,-0.8057350000000001,SPM,110620
2530775,200,5387,2008,0.0,0.0,-0.01135,-0.8057350000000001,SPM,110630
2537301,200,5388,2008,0.0,4.207210529782174e-09,-0.01135,-0.8057350000000001,SPM,110710
2543827,200,5389,2008,0.0,0.0,-0.01135,-0.8057350000000001,SPM,110720
2550353,200,5390,2008,0.0,0.0,-0.01135,-0.8057350000000001,SPM,110811
2556879,200,5391,2008,0.0,0.0,-0.01135,-0.8057350000000001,SPM,110812
2563405,200,5392,2008,0.0,0.0,-0.01135,-0.8057350000000001,SPM,110813
2569931,200,5393,2008,0.0,0.0,-0.01135,-0.8057350000000001,SPM,110814
2576457,200,5394,2008,0.0,0.0,-0.01135,-0.8057350000000001,SPM,110819
2582983,200,5395,2008,0.0,0.0,-0.01135,-0.8057350000000001,SPM,110820
2589509,200,5396,2008,0.0,0.0,-0.01135,-0.8057350000000001,SPM,110900
2596035,200,5397,2008,0.0,0.0,-0.01135,-0.8057350000000001,SPM,120100
2602561,200,5398,2008,0.0,0.0,-0.01135,-0.8057350000000001,SPM,120210
2609087,200,5399,2008,0.0,4.5406321299839123e-10,-0.01135,-0.8057350000000001,SPM,120220
2615613,200,5400,2008,0.0,0.0,-0.01135,-0.8057350000000001,SPM,120300
2622139,200,5401,2008,0.0,0.0,-0.01135,-0.8057350000000001,SPM,120400
2628665,200,5402,2008,0.0,0.0,-0.01135,-0.8057350000000001,SPM,120500
2635191,200,5403,2008,0.0,0.0,-0.01135,-0.8057350000000001,SPM,120600
2641717,200,5404,2008,0.0,0.0,-0.01135,-0.8057350000000001,SPM,120710
2648243,200,5405,2008,0.0,0.0,-0.01135,-0.8057350000000001,SPM,120720
2654769,200,5406,2008,0.0,0.0,-0.01135,-0.8057350000000001,SPM,120730
2661295,200,5407,2008,0.0,0.0,-0.01135,-0.8057350000000001,SPM,120740
2667821,200,5408,2008,0.0,0.0,-0.01135,-0.8057350000000001,SPM,120750
2674347,200,5409,2008,0.0,0.0,-0.01135,-0.8057350000000001,SPM,120760
2680873,200,5410,2008,0.0,0.0,-0.01135,-0.8057350000000001,SPM,120791
2687399,200,5411,2008,0.0,0.0,-0.01135,-0.8057350000000001,SPM,120792
2693925,200,5412,2008,0.0,0.0,-0.01135,-0.8057350000000001,SPM,120799
2700451,200,5413,2008,0.0,0.0,-0.01135,-0.8057350000000001,SPM,120810
2706977,200,5414,2008,0.0,0.0,-0.01135,-0.8057350000000001,SPM,120890
2713503,200,5415,2008,0.0,0.0,-0.01135,-0.8057350000000001,SPM,120911
2720029,200,5416,2008,0.0,0.0,-0.01135,-0.8057350000000001,SPM,120919
2726555,200,5417,2008,0.0,0.0,-0.01135,-0.8057350000000001,SPM,120921
2733081,200,5418,2008,0.0,0.0,-0.01135,-0.8057350000000001,SPM,120922
2739607,200,5419,2008,0.0,0.0,-0.01135,-0.8057350000000001,SPM,120923
2746133,200,5420,2008,0.0,0.0,-0.01135,-0.8057350000000001,SPM,120924
2752659,200,5421,2008,0.0,0.0,-0.01135,-0.8057350000000001,SPM,120925
2759185,200,5422,2008,0.0,0.0,-0.01135,-0.8057350000000001,SPM,120926
2765711,200,5423,2008,0.0,0.0,-0.01135,-0.8057350000000001,SPM,120929
2772237,200,5424,2008,0.0,0.0,-0.01135,-0.8057350000000001,SPM,120930
2778763,200,5425,2008,0.0,0.0,-0.01135,-0.8057350000000001,SPM,120991
2785289,200,5426,2008,0.0,0.0,-0.01135,-0.8057350000000001,SPM,120999
2791815,200,5427,2008,0.0,0.0,-0.01135,-0.8057350000000001,SPM,121010
2798341,200,5428,2008,0.0,0.0,-0.01135,-0.8057350000000001,SPM,121020
2804867,200,5429,2008,0.0,0.0,-0.01135,-0.8057350000000001,SPM,121110
2811393,200,5430,2008,0.0,0.0,-0.01135,-0.8057350000000001,SPM,121120
2817919,200,5431,2008,0.0,3.526447143286776e-10,-0.01135,-0.8057350000000001,SPM,121190
2824445,200,5432,2008,0.0,0.0,-0.01135,-0.8057350000000001,SPM,121210
2830971,200,5433,2008,0.0,0.0,-0.01135,-0.8057350000000001,SPM,121220
2837497,200,5434,2008,0.0,0.0,-0.01135,-0.8057350000000001,SPM,121230
2844023,200,5435,2008,0.0,0.0,-0.01135,-0.8057350000000001,SPM,121291
2850549,200,5436,2008,0.0,0.0,-0.01135,-0.8057350000000001,SPM,121292
2857075,200,5437,2008,0.0,3.123292039424554e-08,-0.01135,-0.8057350000000001,SPM,121299
2863601,200,5438,2008,0.0,0.0,-0.01135,-0.8057350000000001,SPM,121300
2870127,200,5439,2008,0.0,0.0,-0.01135,-0.8057350000000001,SPM,121410
2876653,200,5440,2008,0.0,0.0,-0.01135,-0.8057350000000001,SPM,121490
2883179,200,5441,2008,0.0,0.0,-0.01135,-0.8057350000000001,SPM,130110
2889705,200,5442,2008,0.0,0.0,-0.01135,-0.8057350000000001,SPM,130120
2896231,200,5443,2008,0.0,0.0,-0.01135,-0.8057350000000001,SPM,130190
2902757,200,5444,2008,0.0,0.0,-0.01135,-0.8057350000000001,SPM,130211
2909283,200,5445,2008,0.0,0.0,-0.01135,-0.8057350000000001,SPM,130212
2915809,200,5446,2008,0.0,0.0,-0.01135,-0.8057350000000001,SPM,130213
2922335,200,5447,2008,0.0,0.0,-0.01135,-0.8057350000000001,SPM,130214
2928861,200,5448,2008,0.0,0.0,-0.01135,-0.8057350000000001,SPM,130219
2935387,200,5449,2008,0.0,0.0,-0.01135,-0.8057350000000001,SPM,130220
2941913,200,5450,2008,0.0,0.0,-0.01135,-0.8057350000000001,SPM,130231
2948439,200,5451,2008,0.0,0.0,-0.01135,-0.8057350000000001,SPM,130232
2954965,200,5452,2008,0.0,0.0,-0.01135,-0.8057350000000001,SPM,130239
2961491,200,5453,2008,0.0,0.0,-0.01135,-0.8057350000000001,SPM,140110
2968017,200,5454,2008,0.0,0.0,-0.01135,-0.8057350000000001,SPM,140120
2974543,200,5455,2008,0.0,0.0,-0.01135,-0.8057350000000001,SPM,140190
2981069,200,5456,2008,0.0,0.0,-0.01135,-0.8057350000000001,SPM,140210
2987595,200,5457,2008,0.0,0.0,-0.01135,-0.8057350000000001,SPM,140291
2994121,200,5458,2008,0.0,0.0,-0.01135,-0.8057350000000001,SPM,140299
3000647,200,5459,2008,0.0,0.0,-0.01135,-0.8057350000000001,SPM,140310
3007173,200,5460,2008,0.0,0.0,-0.01135,-0.8057350000000001,SPM,140390
3013699,200,5461,2008,0.0,0.0,-0.01135,-0.8057350000000001,SPM,140410
3020225,200,5462,2008,0.0,0.0,-0.01135,-0.8057350000000001,SPM,140420
3026751,200,5463,2008,0.0,0.0,-0.01135,-0.8057350000000001,SPM,140490
3033277,200,5464,2008,0.0,3.526447143286776e-10,-0.01135,-0.8057350000000001,SPM,150100
3039803,200,5465,2008,0.0,0.0,-0.01135,-0.8057350000000001,SPM,150200
3046329,200,5466,2008,0.0,0.0,-0.01135,-0.8057350000000001,SPM,150300
3052855,200,5467,2008,0.0,0.0,-0.01135,-0.8057350000000001,SPM,150410
3059381,200,5468,2008,0.0,0.0,-0.01135,-0.8057350000000001,SPM,150420
3065907,200,5469,2008,0.0,0.0,-0.01135,-0.8057350000000001,SPM,150430
3072433,200,5470,2008,0.0,0.0,-0.01135,-0.8057350000000001,SPM,150510
3078959,200,5471,2008,0.0,0.0,-0.01135,-0.8057350000000001,SPM,150590
3085485,200,5472,2008,0.0,0.0,-0.01135,-0.8057350000000001,SPM,150600
3092011,200,5473,2008,0.0,0.0,-0.01135,-0.8057350000000001,SPM,150710
3098537,200,5474,2008,0.0,0.0,-0.01135,-0.8057350000000001,SPM,150790
3105063,200,5475,2008,0.0,0.0,-0.01135,-0.8057350000000001,SPM,150810
3111589,200,5476,2008,0.0,1.9554547129127796e-09,-0.01135,-0.8057350000000001,SPM,150890
3118115,200,5477,2008,0.0,1.4665910346845848e-09,-0.01135,-0.8057350000000001,SPM,150910
3124641,200,5478,2008,0.0,0.0,-0.01135,-0.8057350000000001,SPM,150990
3131167,200,5479,2008,0.0,0.0,-0.01135,-0.8057350000000001,SPM,151000
3137693,200,5480,2008,0.0,0.0,-0.01135,-0.8057350000000001,SPM,151110
3144219,200,5481,2008,0.0,0.0,-0.01135,-0.8057350000000001,SPM,151190
3150745,200,5482,2008,0.0,2.4446498241431635e-09,-0.01135,-0.8057350000000001,SPM,151211
3157271,200,5483,2008,0.0,3.911240858827748e-09,-0.01135,-0.8057350000000001,SPM,151219
3163797,200,5484,2008,0.0,0.0,-0.01135,-0.8057350000000001,SPM,151221
3170323,200,5485,2008,0.0,0.0,-0.01135,-0.8057350000000001,SPM,151229
3176849,200,5486,2008,0.0,0.0,-0.01135,-0.8057350000000001,SPM,151311
3183375,200,5487,2008,0.0,0.0,-0.01135,-0.8057350000000001,SPM,151319
3189901,200,5488,2008,0.0,0.0,-0.01135,-0.8057350000000001,SPM,151321
3196427,200,5489,2008,0.0,0.0,-0.01135,-0.8057350000000001,SPM,151329
3202953,200,5490,2008,0.0,0.0,-0.01135,-0.8057350000000001,SPM,151410
3209479,200,5491,2008,0.0,0.0,-0.01135,-0.8057350000000001,SPM,151490
3216005,200,5492,2008,0.0,0.0,-0.01135,-0.8057350000000001,SPM,151511
3222531,200,5493,2008,0.0,0.0,-0.01135,-0.8057350000000001,SPM,151519
3229057,200,5494,2008,0.0,0.0,-0.01135,-0.8057350000000001,SPM,151521
3235583,200,5495,2008,0.0,0.0,-0.01135,-0.8057350000000001,SPM,151529
3242109,200,5496,2008,0.0,0.0,-0.01135,-0.8057350000000001,SPM,151530
3248635,200,5497,2008,0.0,0.0,-0.01135,-0.8057350000000001,SPM,151540
3255161,200,5498,2008,0.0,0.0,-0.01135,-0.8057350000000001,SPM,151550
3261687,200,5499,2008,0.0,0.0,-0.01135,-0.8057350000000001,SPM,151560
3268213,200,5500,2008,0.0,1.7499662515558435e-09,-0.01135,-0.8057350000000001,SPM,151590
3274739,200,5501,2008,0.0,0.0,-0.01135,-0.8057350000000001,SPM,151610
3281265,200,5502,2008,0.0,9.730872944257493e-10,-0.01135,-0.8057350000000001,SPM,151620
3287791,200,5503,2008,0.0,2.0104394479758696e-08,-0.01135,-0.8057350000000001,SPM,151710
3294317,200,5504,2008,0.0,0.0,-0.01135,-0.8057350000000001,SPM,151790
3300843,200,5505,2008,0.0,0.0,-0.01135,-0.8057350000000001,SPM,151800
3307369,200,5506,2008,0.0,0.0,-0.01135,-0.8057350000000001,SPM,151911
3313895,200,5507,2008,0.0,0.0,-0.01135,-0.8057350000000001,SPM,151912
3320421,200,5508,2008,0.0,0.0,-0.01135,-0.8057350000000001,SPM,151913
3326947,200,5509,2008,0.0,0.0,-0.01135,-0.8057350000000001,SPM,151919
3333473,200,5510,2008,0.0,0.0,-0.01135,-0.8057350000000001,SPM,151920
3339999,200,5511,2008,0.0,0.0,-0.01135,-0.8057350000000001,SPM,151930
3346525,200,5512,2008,0.0,0.0,-0.01135,-0.8057350000000001,SPM,152010
3353051,200,5513,2008,0.0,0.0,-0.01135,-0.8057350000000001,SPM,152090
3359577,200,5514,2008,0.0,0.0,-0.01135,-0.8057350000000001,SPM,152110
3366103,200,5515,2008,0.0,0.0,-0.01135,-0.8057350000000001,SPM,152190
3372629,200,5516,2008,0.0,0.0,-0.01135,-0.8057350000000001,SPM,152200
3379155,200,5517,2008,0.0,8.599725251087998e-08,-0.01135,-0.8057350000000001,SPM,160100
3385681,200,5518,2008,0.0,0.0,-0.01135,-0.8057350000000001,SPM,160210
3392207,200,5519,2008,0.0,1.0912431597059876e-08,-0.01135,-0.8057350000000001,SPM,160220
3398733,200,5520,2008,0.0,0.0,-0.01135,-0.8057350000000001,SPM,160231
3405259,200,5521,2008,0.0,3.834050112618022e-08,-0.01135,-0.8057350000000001,SPM,160239
3411785,200,5522,2008,0.0,1.105660495301192e-08,-0.01135,-0.8057350000000001,SPM,160241
3418311,200,5523,2008,0.0,5.763619908059871e-10,-0.01135,-0.8057350000000001,SPM,160242
3424837,200,5524,2008,0.0,8.547159976940885e-08,-0.01135,-0.8057350000000001,SPM,160249
3431363,200,5525,2008,0.0,4.589021348303449e-09,-0.01135,-0.8057350000000001,SPM,160250
3437889,200,5526,2008,0.0,8.403815203494313e-09,-0.01135,-0.8057350000000001,SPM,160290
3444415,200,5527,2008,0.0,0.0,-0.01135,-0.8057350000000001,SPM,160300
3450941,200,5528,2008,0.0,0.0,-0.01135,-0.8057350000000001,SPM,160411
3457467,200,5529,2008,0.0,0.0,-0.01135,-0.8057350000000001,SPM,160412
3463993,200,5530,2008,0.0,0.0,-0.01135,-0.8057350000000001,SPM,160413
3470519,200,5531,2008,0.0,0.0,-0.01135,-0.8057350000000001,SPM,160414
3477045,200,5532,2008,0.0,0.0,-0.01135,-0.8057350000000001,SPM,160415
3483571,200,5533,2008,0.0,0.0,-0.01135,-0.8057350000000001,SPM,160416
3490097,200,5534,2008,0.0,4.572781131196207e-09,-0.01135,-0.8057350000000001,SPM,160419
3496623,200,5535,2008,3.309528108668055e-08,1.9554547129127796e-09,-0.01135,-0.8057350000000001,SPM,160420
3503149,200,5536,2008,0.0,0.0,-0.01135,-0.8057350000000001,SPM,160430
3509675,200,5537,2008,0.0,0.0,-0.01135,-0.8057350000000001,SPM,160510
3516201,200,5538,2008,0.0,1.0460025549072429e-09,-0.01135,-0.8057350000000001,SPM,160520
3522727,200,5539,2008,0.0,0.0,-0.01135,-0.8057350000000001,SPM,160530
3529253,200,5540,2008,0.0,0.0,-0.01135,-0.8057350000000001,SPM,160540
3535779,200,5541,2008,0.0,3.7750218949282307e-10,-0.01135,-0.8057350000000001,SPM,160590
3542305,200,5542,2008,0.0,0.0,-0.01135,-0.8057350000000001,SPM,170111
3548831,200,5543,2008,0.0,0.0,-0.01135,-0.8057350000000001,SPM,170112
3555357,200,5544,2008,0.0,1.6008214005709706e-09,-0.01135,-0.8057350000000001,SPM,170191
3561883,200,5545,2008,0.0,5.55216565266354e-09,-0.01135,-0.8057350000000001,SPM,170199
3568409,200,5546,2008,0.0,0.0,-0.01135,-0.8057350000000001,SPM,170210
3574935,200,5547,2008,0.0,0.0,-0.01135,-0.8057350000000001,SPM,170220
3581461,200,5548,2008,0.0,0.0,-0.01135,-0.8057350000000001,SPM,170230
3587987,200,5549,2008,0.0,1.104003330290249e-09,-0.01135,-0.8057350000000001,SPM,170240
3594513,200,5550,2008,0.0,0.0,-0.01135,-0.8057350000000001,SPM,170250
3601039,200,5551,2008,0.0,0.0,-0.01135,-0.8057350000000001,SPM,170260
3607565,200,5552,2008,0.0,7.487071519440626e-10,-0.01135,-0.8057350000000001,SPM,170290
3614091,200,5553,2008,0.0,0.0,-0.01135,-0.8057350000000001,SPM,170310
3620617,200,5554,2008,0.0,0.0,-0.01135,-0.8057350000000001,SPM,170390
3627143,200,5555,2008,0.0,8.399838007468048e-09,-0.01135,-0.8057350000000001,SPM,170410
3633669,200,5556,2008,0.0,4.733128417655055e-08,-0.01135,-0.8057350000000001,SPM,170490
3640195,200,5557,2008,0.0,0.0,-0.01135,-0.8057350000000001,SPM,180100
3646721,200,5558,2008,0.0,0.0,-0.01135,-0.8057350000000001,SPM,180200
3653247,200,5559,2008,0.0,0.0,-0.01135,-0.8057350000000001,SPM,180310
3659773,200,5560,2008,0.0,0.0,-0.01135,-0.8057350000000001,SPM,180320
3666299,200,5561,2008,0.0,0.0,-0.01135,-0.8057350000000001,SPM,180400
3672825,200,5562,2008,0.0,5.359271645389771e-10,-0.01135,-0.8057350000000001,SPM,180500
3679351,200,5563,2008,0.0,4.888636782281949e-10,-0.01135,-0.8057350000000001,SPM,180610
3685877,200,5564,2008,0.0,5.680761657512719e-10,-0.01135,-0.8057350000000001,SPM,180620
3692403,200,5565,2008,0.0,6.131510540489225e-09,-0.01135,-0.8057350000000001,SPM,180631
3698929,200,5566,2008,0.0,2.701874977141741e-08,-0.01135,-0.8057350000000001,SPM,180632
3705455,200,5567,2008,0.0,6.52289977277375e-08,-0.01135,-0.8057350000000001,SPM,180690
3711981,200,5568,2008,0.0,4.149541187401356e-09,-0.01135,-0.8057350000000001,SPM,190110
3718507,200,5569,2008,0.0,5.0306226804195487e-08,-0.01135,-0.8057350000000001,SPM,190120
3725033,200,5570,2008,0.0,1.1702567874277515e-08,-0.01135,-0.8057350000000001,SPM,190190
3731559,200,5571,2008,0.0,4.8067728307413634e-09,-0.01135,-0.8057350000000001,SPM,190211
3738085,200,5572,2008,0.0,1.8089281826451967e-08,-0.01135,-0.8057350000000001,SPM,190219
3744611,200,5573,2008,0.0,7.50496890155881e-09,-0.01135,-0.8057350000000001,SPM,190220
3751137,200,5574,2008,0.0,8.872461468589002e-10,-0.01135,-0.8057350000000001,SPM,190230
3757663,200,5575,2008,0.0,0.0,-0.01135,-0.8057350000000001,SPM,190240
3764189,200,5576,2008,0.0,0.0,-0.01135,-0.8057350000000001,SPM,190300
3770715,200,5577,2008,0.0,1.0194547714319354e-08,-0.01135,-0.8057350000000001,SPM,190410
3777241,200,5578,2008,0.0,3.132704736686711e-09,-0.01135,-0.8057350000000001,SPM,190490
3783767,200,5579,2008,0.0,0.0,-0.01135,-0.8057350000000001,SPM,190510
3790293,200,5580,2008,0.0,9.777273564563898e-10,-0.01135,-0.8057350000000001,SPM,190520
3796819,200,5581,2008,0.0,1.6741012373548714e-08,-0.01135,-0.8057350000000001,SPM,190530
3803345,200,5582,2008,0.0,1.417804096762422e-08,-0.01135,-0.8057350000000001,SPM,190540
3809871,200,5583,2008,0.0,8.003941286353759e-08,-0.01135,-0.8057350000000001,SPM,190590
3816397,200,5584,2008,0.0,5.83984949856325e-10,-0.01135,-0.8057350000000001,SPM,200110
3822923,200,5585,2008,0.0,0.0,-0.01135,-0.8057350000000001,SPM,200120
3829449,200,5586,2008,0.0,0.0,-0.01135,-0.8057350000000001,SPM,200190
3835975,200,5587,2008,0.0,2.8456837567913774e-09,-0.01135,-0.8057350000000001,SPM,200210
3842501,200,5588,2008,0.0,0.0,-0.01135,-0.8057350000000001,SPM,200290
3849027,200,5589,2008,0.0,5.159086112067852e-09,-0.01135,-0.8057350000000001,SPM,200310
3855553,200,5590,2008,0.0,0.0,-0.01135,-0.8057350000000001,SPM,200320
3862079,200,5591,2008,0.0,8.27124200261887e-09,-0.01135,-0.8057350000000001,SPM,200410
3868605,200,5592,2008,0.0,4.31525768849566e-10,-0.01135,-0.8057350000000001,SPM,200490
3875131,200,5593,2008,0.0,3.911240858827748e-09,-0.01135,-0.8057350000000001,SPM,200510
3881657,200,5594,2008,0.0,3.669129050728971e-08,-0.01135,-0.8057350000000001,SPM,200520
3888183,200,5595,2008,0.0,0.0,-0.01135,-0.8057350000000001,SPM,200530
3894709,200,5596,2008,0.0,0.0,-0.01135,-0.8057350000000001,SPM,200540
3901235,200,5597,2008,0.0,0.0,-0.01135,-0.8057350000000001,SPM,200551
3907761,200,5598,2008,0.0,0.0,-0.01135,-0.8057350000000001,SPM,200559
3914287,200,5599,2008,0.0,3.412434190533895e-09,-0.01135,-0.8057350000000001,SPM,200560
3920813,200,5600,2008,0.0,2.144702957162474e-09,-0.01135,-0.8057350000000001,SPM,200570
3927339,200,5601,2008,0.0,6.045337959920187e-10,-0.01135,-0.8057350000000001,SPM,200580
3933865,200,5602,2008,0.0,1.0755995220026854e-08,-0.01135,-0.8057350000000001,SPM,200590
3940391,200,5603,2008,0.0,4.888636782281949e-10,-0.01135,-0.8057350000000001,SPM,200600
3946917,200,5604,2008,0.0,0.0,-0.01135,-0.8057350000000001,SPM,200710
3953443,200,5605,2008,0.0,0.0,-0.01135,-0.8057350000000001,SPM,200791
3959969,200,5606,2008,0.0,1.0041425667308218e-08,-0.01135,-0.8057350000000001,SPM,200799
3966495,200,5607,2008,0.0,1.200118900924945e-09,-0.01135,-0.8057350000000001,SPM,200811
3973021,200,5608,2008,0.0,0.0,-0.01135,-0.8057350000000001,SPM,200819
3979547,200,5609,2008,0.0,1.5202831810391392e-09,-0.01135,-0.8057350000000001,SPM,200820
3986073,200,5610,2008,0.0,3.1380076647217284e-09,-0.01135,-0.8057350000000001,SPM,200830
3992599,200,5611,2008,0.0,2.1261427090399123e-09,-0.01135,-0.8057350000000001,SPM,200840
3999125,200,5612,2008,0.0,0.0,-0.01135,-0.8057350000000001,SPM,200850
4005651,200,5613,2008,0.0,7.626273380359841e-10,-0.01135,-0.8057350000000001,SPM,200860
4012177,200,5614,2008,0.0,2.0913422438101085e-09,-0.01135,-0.8057350000000001,SPM,200870
4018703,200,5615,2008,0.0,0.0,-0.01135,-0.8057350000000001,SPM,200880
4025229,200,5616,2008,0.0,0.0,-0.01135,-0.8057350000000001,SPM,200891
4031755,200,5617,2008,0.0,5.869678468760226e-10,-0.01135,-0.8057350000000001,SPM,200892
4038281,200,5618,2008,0.0,1.3790927221067926e-09,-0.01135,-0.8057350000000001,SPM,200899
4044807,200,5619,2008,0.0,1.192495941874607e-09,-0.01135,-0.8057350000000001,SPM,200911
4051333,200,5620,2008,0.0,9.295369979381665e-09,-0.01135,-0.8057350000000001,SPM,200919
4057859,200,5621,2008,0.0,0.0,-0.01135,-0.8057350000000001,SPM,200920
4064385,200,5622,2008,0.0,2.8556267468570356e-09,-0.01135,-0.8057350000000001,SPM,200930
4070911,200,5623,2008,0.0,1.152061115607597e-09,-0.01135,-0.8057350000000001,SPM,200940
4077437,200,5624,2008,0.0,5.289670714930164e-10,-0.01135,-0.8057350000000001,SPM,200950
4083963,200,5625,2008,0.0,0.0,-0.01135,-0.8057350000000001,SPM,200960
4090489,200,5626,2008,0.0,6.588888083509502e-09,-0.01135,-0.8057350000000001,SPM,200970
4097015,200,5627,2008,0.0,5.292985044952049e-09,-0.01135,-0.8057350000000001,SPM,200980
4103541,200,5628,2008,0.0,4.5900156473100145e-09,-0.01135,-0.8057350000000001,SPM,200990
4110067,200,5629,2008,0.0,6.716158356349927e-09,-0.01135,-0.8057350000000001,SPM,210110
4116593,200,5630,2008,0.0,0.0,-0.01135,-0.8057350000000001,SPM,210120
4123119,200,5631,2008,0.0,0.0,-0.01135,-0.8057350000000001,SPM,210130
4129645,200,5632,2008,0.0,4.676519660881241e-10,-0.01135,-0.8057350000000001,SPM,210210
4136171,200,5633,2008,0.0,0.0,-0.01135,-0.8057350000000001,SPM,210220
4142697,200,5634,2008,0.0,4.042488327694436e-09,-0.01135,-0.8057350000000001,SPM,210230
4149223,200,5635,2008,0.0,0.0,-0.01135,-0.8057350000000001,SPM,210310
4155749,200,5636,2008,0.0,6.710523995312721e-09,-0.01135,-0.8057350000000001,SPM,210320
4162275,200,5637,2008,0.0,0.0,-0.01135,-0.8057350000000001,SPM,210330
4168801,200,5638,2008,0.0,3.027110182189421e-08,-0.01135,-0.8057350000000001,SPM,210390
4175327,200,5639,2008,0.0,1.778933495947128e-08,-0.01135,-0.8057350000000001,SPM,210410
4181853,200,5640,2008,0.0,0.0,-0.01135,-0.8057350000000001,SPM,210420
4188379,200,5641,2008,0.0,2.542753992790991e-08,-0.01135,-0.8057350000000001,SPM,210500
4194905,200,5642,2008,0.0,0.0,-0.01135,-0.8057350000000001,SPM,210610
4201431,200,5643,2008,0.0,7.810977678149529e-07,-0.01135,-0.8057350000000001,SPM,210690
4207957,200,5644,2008,0.0,7.397120602646638e-08,-0.01135,-0.8057350000000001,SPM,220110
4214483,200,5645,2008,8.782013385818429e-10,7.822481717655495e-09,-0.01135,-0.8057350000000001,SPM,220190
4221009,200,5646,2008,0.0,6.457010891938655e-08,-0.01135,-0.8057350000000001,SPM,220210
4227535,200,5647,2008,0.0,2.0820952630490463e-08,-0.01135,-0.8057350000000001,SPM,220290
4234061,200,5648,2008,0.0,6.938947620421109e-08,-0.01135,-0.8057350000000001,SPM,220300
4240587,200,5649,2008,0.0,3.3245381583534765e-08,-0.01135,-0.8057350000000001,SPM,220410
4247113,200,5650,2008,0.0,2.698736306611015e-07,-0.01135,-0.8057350000000001,SPM,220421
4253639,200,5651,2008,0.0,1.6133827113539187e-08,-0.01135,-0.8057350000000001,SPM,220429
4260165,200,5652,2008,0.0,0.0,-0.01135,-0.8057350000000001,SPM,220430
4266691,200,5653,2008,0.0,2.933513502371358e-09,-0.01135,-0.8057350000000001,SPM,220510
4273217,200,5654,2008,0.0,0.0,-0.01135,-0.8057350000000001,SPM,220590
4279743,200,5655,2008,0.0,1.9554547129127796e-09,-0.01135,-0.8057350000000001,SPM,220600
4286269,200,5656,2008,0.0,0.0,-0.01135,-0.8057350000000001,SPM,220710
4292795,200,5657,2008,0.0,0.0,-0.01135,-0.8057350000000001,SPM,220720
4299321,200,5658,2008,0.0,0.0,-0.01135,-0.8057350000000001,SPM,220810
4305847,200,5659,2008,0.0,2.933513502371358e-09,-0.01135,-0.8057350000000001,SPM,220820
4312373,200,5660,2008,0.0,4.1640248095969985e-08,-0.01135,-0.8057350000000001,SPM,220830
4318899,200,5661,2008,0.0,6.278003927456589e-09,-0.01135,-0.8057350000000001,SPM,220840
4325425,200,5662,2008,0.0,4.885322452260064e-10,-0.01135,-0.8057350000000001,SPM,220850
4331951,200,5663,2008,0.0,2.933082639468513e-08,-0.01135,-0.8057350000000001,SPM,220890
4338477,200,5664,2008,0.0,0.0,-0.01135,-0.8057350000000001,SPM,220900
4345003,200,5665,2008,0.0,0.0,-0.01135,-0.8057350000000001,SPM,230110
4351529,200,5666,2008,0.0,0.0,-0.01135,-0.8057350000000001,SPM,230120
4358055,200,5667,2008,0.0,0.0,-0.01135,-0.8057350000000001,SPM,230210
4364581,200,5668,2008,0.0,0.0,-0.01135,-0.8057350000000001,SPM,230220
4371107,200,5669,2008,0.0,0.0,-0.01135,-0.8057350000000001,SPM,230230
4377633,200,5670,2008,0.0,0.0,-0.01135,-0.8057350000000001,SPM,230240
4384159,200,5671,2008,0.0,0.0,-0.01135,-0.8057350000000001,SPM,230250
4390685,200,5672,2008,0.0,0.0,-0.01135,-0.8057350000000001,SPM,230310
4397211,200,5673,2008,0.0,0.0,-0.01135,-0.8057350000000001,SPM,230320
4403737,200,5674,2008,0.0,0.0,-0.01135,-0.8057350000000001,SPM,230330
4410263,200,5675,2008,0.0,0.0,-0.01135,-0.8057350000000001,SPM,230400
4416789,200,5676,2008,0.0,0.0,-0.01135,-0.8057350000000001,SPM,230500
4423315,200,5677,2008,0.0,0.0,-0.01135,-0.8057350000000001,SPM,230610
4429841,200,5678,2008,0.0,0.0,-0.01135,-0.8057350000000001,SPM,230620
4436367,200,5679,2008,0.0,0.0,-0.01135,-0.8057350000000001,SPM,230630
4442893,200,5680,2008,0.0,0.0,-0.01135,-0.8057350000000001,SPM,230640
4449419,200,5681,2008,0.0,0.0,-0.01135,-0.8057350000000001,SPM,230650
4455945,200,5682,2008,0.0,0.0,-0.01135,-0.8057350000000001,SPM,230660
4462471,200,5683,2008,0.0,0.0,-0.01135,-0.8057350000000001,SPM,230690
4468997,200,5684,2008,0.0,0.0,-0.01135,-0.8057350000000001,SPM,230700
4475523,200,5685,2008,0.0,0.0,-0.01135,-0.8057350000000001,SPM,230810
4482049,200,5686,2008,0.0,0.0,-0.01135,-0.8057350000000001,SPM,230890
4488575,200,5687,2008,0.0,2.165715809501232e-08,-0.01135,-0.8057350000000001,SPM,230910
4495101,200,5688,2008,0.0,3.9562826038251795e-08,-0.01135,-0.8057350000000001,SPM,230990
4501627,200,5689,2008,0.0,0.0,-0.01135,-0.8057350000000001,SPM,240110
4508153,200,5690,2008,0.0,0.0,-0.01135,-0.8057350000000001,SPM,240120
4514679,200,5691,2008,0.0,0.0,-0.01135,-0.8057350000000001,SPM,240130
4521205,200,5692,2008,0.0,1.4665910346845848e-09,-0.01135,-0.8057350000000001,SPM,240210
4527731,200,5693,2008,0.0,6.306838598646998e-08,-0.01135,-0.8057350000000001,SPM,240220
4534257,200,5694,2008,0.0,0.0,-0.01135,-0.8057350000000001,SPM,240290
4540783,200,5695,2008,0.0,0.0,-0.01135,-0.8057350000000001,SPM,240310
4547309,200,5696,2008,0.0,0.0,-0.01135,-0.8057350000000001,SPM,240391
4553835,200,5697,2008,0.0,0.0,-0.01135,-0.8057350000000001,SPM,240399
4560361,200,5698,2008,0.0,1.7620304128355087e-08,-0.01135,-0.8057350000000001,SPM,250100
4566887,200,5699,2008,0.0,0.0,-0.01135,-0.8057350000000001,SPM,250200
4573413,200,5700,2008,0.0,0.0,-0.01135,-0.8057350000000001,SPM,250310
4579939,200,5701,2008,0.0,0.0,-0.01135,-0.8057350000000001,SPM,250390
4586465,200,5702,2008,0.0,0.0,-0.01135,-0.8057350000000001,SPM,250410
4592991,200,5703,2008,0.0,0.0,-0.01135,-0.8057350000000001,SPM,250490
4599517,200,5704,2008,0.0,1.570992430373996e-09,-0.01135,-0.8057350000000001,SPM,250510
4606043,200,5705,2008,0.0,0.0,-0.01135,-0.8057350000000001,SPM,250590
4612569,200,5706,2008,0.0,0.0,-0.01135,-0.8057350000000001,SPM,250610
4619095,200,5707,2008,0.0,0.0,-0.01135,-0.8057350000000001,SPM,250621
4625621,200,5708,2008,0.0,0.0,-0.01135,-0.8057350000000001,SPM,250629
4632147,200,5709,2008,0.0,0.0,-0.01135,-0.8057350000000001,SPM,250700
4638673,200,5710,2008,0.0,0.0,-0.01135,-0.8057350000000001,SPM,250810
4645199,200,5711,2008,0.0,0.0,-0.01135,-0.8057350000000001,SPM,250820
4651725,200,5712,2008,0.0,0.0,-0.01135,-0.8057350000000001,SPM,250830
4658251,200,5713,2008,0.0,0.0,-0.01135,-0.8057350000000001,SPM,250840
4664777,200,5714,2008,0.0,0.0,-0.01135,-0.8057350000000001,SPM,250850
4671303,200,5715,2008,0.0,0.0,-0.01135,-0.8057350000000001,SPM,250860
4677829,200,5716,2008,0.0,0.0,-0.01135,-0.8057350000000001,SPM,250870
4684355,200,5717,2008,0.0,0.0,-0.01135,-0.8057350000000001,SPM,250900
4690881,200,5718,2008,0.0,0.0,-0.01135,-0.8057350000000001,SPM,251010
4697407,200,5719,2008,0.0,0.0,-0.01135,-0.8057350000000001,SPM,251020
4703933,200,5720,2008,0.0,0.0,-0.01135,-0.8057350000000001,SPM,251110
4710459,200,5721,2008,0.0,0.0,-0.01135,-0.8057350000000001,SPM,251120
4716985,200,5722,2008,0.0,0.0,-0.01135,-0.8057350000000001,SPM,251200
4723511,200,5723,2008,0.0,0.0,-0.01135,-0.8057350000000001,SPM,251311
4730037,200,5724,2008,0.0,0.0,-0.01135,-0.8057350000000001,SPM,251319
4736563,200,5725,2008,0.0,0.0,-0.01135,-0.8057350000000001,SPM,251321
4743089,200,5726,2008,0.0,0.0,-0.01135,-0.8057350000000001,SPM,251329
4749615,200,5727,2008,0.0,0.0,-0.01135,-0.8057350000000001,SPM,251400
4756141,200,5728,2008,0.0,0.0,-0.01135,-0.8057350000000001,SPM,251511
4762667,200,5729,2008,0.0,0.0,-0.01135,-0.8057350000000001,SPM,251512
4769193,200,5730,2008,0.0,0.0,-0.01135,-0.8057350000000001,SPM,251520
4775719,200,5731,2008,0.0,0.0,-0.01135,-0.8057350000000001,SPM,251611
4782245,200,5732,2008,0.0,0.0,-0.01135,-0.8057350000000001,SPM,251612
4788771,200,5733,2008,0.0,0.0,-0.01135,-0.8057350000000001,SPM,251621
4795297,200,5734,2008,0.0,0.0,-0.01135,-0.8057350000000001,SPM,251622
4801823,200,5735,2008,0.0,0.0,-0.01135,-0.8057350000000001,SPM,251690
4808349,200,5736,2008,0.0,0.0,-0.01135,-0.8057350000000001,SPM,251710
4814875,200,5737,2008,0.0,0.0,-0.01135,-0.8057350000000001,SPM,251720
4821401,200,5738,2008,0.0,0.0,-0.01135,-0.8057350000000001,SPM,251730
4827927,200,5739,2008,0.0,0.0,-0.01135,-0.8057350000000001,SPM,251741
4834453,200,5740,2008,0.0,0.0,-0.01135,-0.8057350000000001,SPM,251749
4840979,200,5741,2008,0.0,3.917538085869332e-10,-0.01135,-0.8057350000000001,SPM,251810
4847505,200,5742,2008,0.0,0.0,-0.01135,-0.8057350000000001,SPM,251820
4854031,200,5743,2008,0.0,0.0,-0.01135,-0.8057350000000001,SPM,251830
4860557,200,5744,2008,0.0,0.0,-0.01135,-0.8057350000000001,SPM,251910
4867083,200,5745,2008,0.0,0.0,-0.01135,-0.8057350000000001,SPM,251990
4873609,200,5746,2008,0.0,0.0,-0.01135,-0.8057350000000001,SPM,252010
4880135,200,5747,2008,0.0,6.118253220401681e-10,-0.01135,-0.8057350000000001,SPM,252020
4886661,200,5748,2008,0.0,0.0,-0.01135,-0.8057350000000001,SPM,252100
4893187,200,5749,2008,0.0,0.0,-0.01135,-0.8057350000000001,SPM,252210
4899713,200,5750,2008,0.0,4.729548941231418e-10,-0.01135,-0.8057350000000001,SPM,252220
4906239,200,5751,2008,0.0,0.0,-0.01135,-0.8057350000000001,SPM,252230
4912765,200,5752,2008,0.0,0.0,-0.01135,-0.8057350000000001,SPM,252310
4919291,200,5753,2008,0.0,0.0,-0.01135,-0.8057350000000001,SPM,252321
4925817,200,5754,2008,0.0,1.1004636258268747e-07,-0.01135,-0.8057350000000001,SPM,252329
4932343,200,5755,2008,0.0,0.0,-0.01135,-0.8057350000000001,SPM,252330
4938869,200,5756,2008,0.0,7.74790929216306e-09,-0.01135,-0.8057350000000001,SPM,252390
4945395,200,5757,2008,0.0,0.0,-0.01135,-0.8057350000000001,SPM,252400
4951921,200,5758,2008,0.0,0.0,-0.01135,-0.8057350000000001,SPM,252510
4958447,200,5759,2008,0.0,0.0,-0.01135,-0.8057350000000001,SPM,252520
4964973,200,5760,2008,0.0,0.0,-0.01135,-0.8057350000000001,SPM,252530
4971499,200,5761,2008,0.0,0.0,-0.01135,-0.8057350000000001,SPM,252610
4978025,200,5762,2008,0.0,0.0,-0.01135,-0.8057350000000001,SPM,252620
4984551,200,5763,2008,0.0,0.0,-0.01135,-0.8057350000000001,SPM,252700
4991077,200,5764,2008,0.0,0.0,-0.01135,-0.8057350000000001,SPM,252810
4997603,200,5765,2008,0.0,0.0,-0.01135,-0.8057350000000001,SPM,252890
5004129,200,5766,2008,0.0,0.0,-0.01135,-0.8057350000000001,SPM,252910
5010655,200,5767,2008,0.0,0.0,-0.01135,-0.8057350000000001,SPM,252921
5017181,200,5768,2008,0.0,0.0,-0.01135,-0.8057350000000001,SPM,252922
5023707,200,5769,2008,0.0,0.0,-0.01135,-0.8057350000000001,SPM,252930
5030233,200,5770,2008,0.0,0.0,-0.01135,-0.8057350000000001,SPM,253010
5036759,200,5771,2008,0.0,0.0,-0.01135,-0.8057350000000001,SPM,253020
5043285,200,5772,2008,0.0,0.0,-0.01135,-0.8057350000000001,SPM,253030
5049811,200,5773,2008,0.0,0.0,-0.01135,-0.8057350000000001,SPM,253040
5056337,200,5774,2008,0.0,0.0,-0.01135,-0.8057350000000001,SPM,253090
5062863,200,5775,2008,0.0,0.0,-0.01135,-0.8057350000000001,SPM,260111
5069389,200,5776,2008,0.0,0.0,-0.01135,-0.8057350000000001,SPM,260112
5075915,200,5777,2008,0.0,0.0,-0.01135,-0.8057350000000001,SPM,260120
5082441,200,5778,2008,0.0,0.0,-0.01135,-0.8057350000000001,SPM,260200
5088967,200,5779,2008,0.0,0.0,-0.01135,-0.8057350000000001,SPM,260300
5095493,200,5780,2008,0.0,0.0,-0.01135,-0.8057350000000001,SPM,260400
5102019,200,5781,2008,0.0,0.0,-0.01135,-0.8057350000000001,SPM,260500
5108545,200,5782,2008,0.0,0.0,-0.01135,-0.8057350000000001,SPM,260600
5115071,200,5783,2008,0.0,0.0,-0.01135,-0.8057350000000001,SPM,260700
5121597,200,5784,2008,0.0,0.0,-0.01135,-0.8057350000000001,SPM,260800
5128123,200,5785,2008,0.0,0.0,-0.01135,-0.8057350000000001,SPM,260900
5134649,200,5786,2008,0.0,0.0,-0.01135,-0.8057350000000001,SPM,261000
5141175,200,5787,2008,0.0,0.0,-0.01135,-0.8057350000000001,SPM,261100
5147701,200,5788,2008,0.0,0.0,-0.01135,-0.8057350000000001,SPM,261210
5154227,200,5789,2008,0.0,0.0,-0.01135,-0.8057350000000001,SPM,261220
5160753,200,5790,2008,0.0,0.0,-0.01135,-0.8057350000000001,SPM,261310
5167279,200,5791,2008,0.0,0.0,-0.01135,-0.8057350000000001,SPM,261390
5173805,200,5792,2008,0.0,0.0,-0.01135,-0.8057350000000001,SPM,261400
5180331,200,5793,2008,0.0,0.0,-0.01135,-0.8057350000000001,SPM,261510
5186857,200,5794,2008,0.0,0.0,-0.01135,-0.8057350000000001,SPM,261590
5193383,200,5795,2008,0.0,0.0,-0.01135,-0.8057350000000001,SPM,261610
5199909,200,5796,2008,0.0,0.0,-0.01135,-0.8057350000000001,SPM,261690
5206435,200,5797,2008,0.0,0.0,-0.01135,-0.8057350000000001,SPM,261710
5212961,200,5798,2008,0.0,0.0,-0.01135,-0.8057350000000001,SPM,261790
5219487,200,5799,2008,0.0,0.0,-0.01135,-0.8057350000000001,SPM,261800
5226013,200,5800,2008,0.0,0.0,-0.01135,-0.8057350000000001,SPM,261900
5232539,200,5801,2008,0.0,0.0,-0.01135,-0.8057350000000001,SPM,262011
5239065,200,5802,2008,0.0,0.0,-0.01135,-0.8057350000000001,SPM,262019
5245591,200,5803,2008,0.0,0.0,-0.01135,-0.8057350000000001,SPM,262020
5252117,200,5804,2008,0.0,0.0,-0.01135,-0.8057350000000001,SPM,262030
5258643,200,5805,2008,0.0,0.0,-0.01135,-0.8057350000000001,SPM,262040
5265169,200,5806,2008,0.0,0.0,-0.01135,-0.8057350000000001,SPM,262050
5271695,200,5807,2008,0.0,0.0,-0.01135,-0.8057350000000001,SPM,262090
5278221,200,5808,2008,0.0,0.0,-0.01135,-0.8057350000000001,SPM,262100
5284747,200,5809,2008,0.0,0.0,-0.01135,-0.8057350000000001,SPM,270111
5291273,200,5810,2008,0.0,0.0,-0.01135,-0.8057350000000001,SPM,270112
5297799,200,5811,2008,0.0,0.0,-0.01135,-0.8057350000000001,SPM,270119
5304325,200,5812,2008,0.0,0.0,-0.01135,-0.8057350000000001,SPM,270120
5310851,200,5813,2008,0.0,0.0,-0.01135,-0.8057350000000001,SPM,270210
5317377,200,5814,2008,0.0,0.0,-0.01135,-0.8057350000000001,SPM,270220
5323903,200,5815,2008,0.0,2.9454450904501482e-09,-0.01135,-0.8057350000000001,SPM,270300
5330429,200,5816,2008,0.0,0.0,-0.01135,-0.8057350000000001,SPM,270400
5336955,200,5817,2008,0.0,0.0,-0.01135,-0.8057350000000001,SPM,270500
5343481,200,5818,2008,0.0,0.0,-0.01135,-0.8057350000000001,SPM,270600
5350007,200,5819,2008,0.0,0.0,-0.01135,-0.8057350000000001,SPM,270710
5356533,200,5820,2008,0.0,0.0,-0.01135,-0.8057350000000001,SPM,270720
5363059,200,5821,2008,0.0,0.0,-0.01135,-0.8057350000000001,SPM,270730
5369585,200,5822,2008,0.0,0.0,-0.01135,-0.8057350000000001,SPM,270740
5376111,200,5823,2008,0.0,0.0,-0.01135,-0.8057350000000001,SPM,270750
5382637,200,5824,2008,0.0,0.0,-0.01135,-0.8057350000000001,SPM,270760
5389163,200,5825,2008,0.0,0.0,-0.01135,-0.8057350000000001,SPM,270791
5395689,200,5826,2008,0.0,0.0,-0.01135,-0.8057350000000001,SPM,270799
5402215,200,5827,2008,0.0,0.0,-0.01135,-0.8057350000000001,SPM,270810
5408741,200,5828,2008,0.0,0.0,-0.01135,-0.8057350000000001,SPM,270820
5415267,200,5829,2008,0.0,0.0,-0.01135,-0.8057350000000001,SPM,270900
5421793,200,5830,2008,0.0,4.42956893095051e-08,-0.01135,-0.8057350000000001,SPM,271000
5428319,200,5831,2008,0.0,0.0,-0.01135,-0.8057350000000001,SPM,271011
5434845,200,5832,2008,0.0,0.0,-0.01135,-0.8057350000000001,SPM,271012
5441371,200,5833,2008,0.0,0.0,-0.01135,-0.8057350000000001,SPM,271013
5447897,200,5834,2008,0.0,0.0,-0.01135,-0.8057350000000001,SPM,271014
5454423,200,5835,2008,0.0,0.0,-0.01135,-0.8057350000000001,SPM,271015
5460949,200,5836,2008,0.0,0.0,-0.01135,-0.8057350000000001,SPM,271016
5467475,200,5837,2008,0.0,0.0,-0.01135,-0.8057350000000001,SPM,271019
5474001,200,5838,2008,0.0,0.0,-0.01135,-0.8057350000000001,SPM,271021
5480527,200,5839,2008,0.0,0.0,-0.01135,-0.8057350000000001,SPM,271022
5487053,200,5840,2008,0.0,0.0,-0.01135,-0.8057350000000001,SPM,271025
5493579,200,5841,2008,0.0,0.0,-0.01135,-0.8057350000000001,SPM,271026
5500105,200,5842,2008,0.0,0.0,-0.01135,-0.8057350000000001,SPM,271027
5506631,200,5843,2008,0.0,0.0,-0.01135,-0.8057350000000001,SPM,271029
5513157,200,5844,2008,0.0,0.0,-0.01135,-0.8057350000000001,SPM,271091
5519683,200,5845,2008,0.0,0.0,-0.01135,-0.8057350000000001,SPM,271093
5526209,200,5846,2008,0.0,0.0,-0.01135,-0.8057350000000001,SPM,271094
5532735,200,5847,2008,0.0,0.0,-0.01135,-0.8057350000000001,SPM,271095
5539261,200,5848,2008,0.0,0.0,-0.01135,-0.8057350000000001,SPM,271096
5545787,200,5849,2008,0.0,0.0,-0.01135,-0.8057350000000001,SPM,271099
5552313,200,5850,2008,0.0,0.0,-0.01135,-0.8057350000000001,SPM,271111
5558839,200,5851,2008,0.0,4.127003743252531e-09,-0.01135,-0.8057350000000001,SPM,271112
5565365,200,5852,2008,0.0,0.0,-0.01135,-0.8057350000000001,SPM,271113
5571891,200,5853,2008,0.0,0.0,-0.01135,-0.8057350000000001,SPM,271114
5578417,200,5854,2008,0.0,0.0,-0.01135,-0.8057350000000001,SPM,271119
5584943,200,5855,2008,0.0,0.0,-0.01135,-0.8057350000000001,SPM,271121
5591469,200,5856,2008,0.0,0.0,-0.01135,-0.8057350000000001,SPM,271129
5597995,200,5857,2008,0.0,0.0,-0.01135,-0.8057350000000001,SPM,271210
5604521,200,5858,2008,0.0,0.0,-0.01135,-0.8057350000000001,SPM,271220
5611047,200,5859,2008,0.0,0.0,-0.01135,-0.8057350000000001,SPM,271290
5617573,200,5860,2008,0.0,0.0,-0.01135,-0.8057350000000001,SPM,271311
5624099,200,5861,2008,0.0,0.0,-0.01135,-0.8057350000000001,SPM,271312
5630625,200,5862,2008,0.0,0.0,-0.01135,-0.8057350000000001,SPM,271320
5637151,200,5863,2008,0.0,0.0,-0.01135,-0.8057350000000001,SPM,271390
5643677,200,5864,2008,0.0,0.0,-0.01135,-0.8057350000000001,SPM,271410
5650203,200,5865,2008,0.0,1.1443950702669746e-07,-0.01135,-0.8057350000000001,SPM,271490
5656729,200,5866,2008,0.0,2.138571446621985e-08,-0.01135,-0.8057350000000001,SPM,271500
5663255,200,5867,2008,0.0,0.0,-0.01135,-0.8057350000000001,SPM,271600
5669781,200,5868,2008,0.0,0.0,-0.01135,-0.8057350000000001,SPM,280110
5676307,200,5869,2008,0.0,0.0,-0.01135,-0.8057350000000001,SPM,280120
5682833,200,5870,2008,0.0,0.0,-0.01135,-0.8057350000000001,SPM,280130
5689359,200,5871,2008,0.0,0.0,-0.01135,-0.8057350000000001,SPM,280200
5695885,200,5872,2008,0.0,0.0,-0.01135,-0.8057350000000001,SPM,280300
5702411,200,5873,2008,0.0,0.0,-0.01135,-0.8057350000000001,SPM,280410
5708937,200,5874,2008,0.0,0.0,-0.01135,-0.8057350000000001,SPM,280421
5715463,200,5875,2008,0.0,0.0,-0.01135,-0.8057350000000001,SPM,280429
5721989,200,5876,2008,0.0,0.0,-0.01135,-0.8057350000000001,SPM,280430
5728515,200,5877,2008,0.0,8.186395154058586e-10,-0.01135,-0.8057350000000001,SPM,280440
5735041,200,5878,2008,0.0,0.0,-0.01135,-0.8057350000000001,SPM,280450
5741567,200,5879,2008,0.0,0.0,-0.01135,-0.8057350000000001,SPM,280461
5748093,200,5880,2008,0.0,0.0,-0.01135,-0.8057350000000001,SPM,280469
5754619,200,5881,2008,0.0,0.0,-0.01135,-0.8057350000000001,SPM,280470
5761145,200,5882,2008,0.0,0.0,-0.01135,-0.8057350000000001,SPM,280480
5767671,200,5883,2008,0.0,0.0,-0.01135,-0.8057350000000001,SPM,280490
5774197,200,5884,2008,0.0,0.0,-0.01135,-0.8057350000000001,SPM,280511
5780723,200,5885,2008,0.0,0.0,-0.01135,-0.8057350000000001,SPM,280519
5787249,200,5886,2008,0.0,0.0,-0.01135,-0.8057350000000001,SPM,280521
5793775,200,5887,2008,0.0,0.0,-0.01135,-0.8057350000000001,SPM,280522
5800301,200,5888,2008,0.0,0.0,-0.01135,-0.8057350000000001,SPM,280530
5806827,200,5889,2008,0.0,0.0,-0.01135,-0.8057350000000001,SPM,280540
5813353,200,5890,2008,0.0,0.0,-0.01135,-0.8057350000000001,SPM,280610
5819879,200,5891,2008,0.0,0.0,-0.01135,-0.8057350000000001,SPM,280620
5826405,200,5892,2008,0.0,0.0,-0.01135,-0.8057350000000001,SPM,280700
5832931,200,5893,2008,0.0,0.0,-0.01135,-0.8057350000000001,SPM,280800
5839457,200,5894,2008,0.0,0.0,-0.01135,-0.8057350000000001,SPM,280910
5845983,200,5895,2008,0.0,0.0,-0.01135,-0.8057350000000001,SPM,280920
5852509,200,5896,2008,0.0,0.0,-0.01135,-0.8057350000000001,SPM,281000
5859035,200,5897,2008,0.0,0.0,-0.01135,-0.8057350000000001,SPM,281111
5865561,200,5898,2008,0.0,0.0,-0.01135,-0.8057350000000001,SPM,281119
5872087,200,5899,2008,0.0,0.0,-0.01135,-0.8057350000000001,SPM,281121
5878613,200,5900,2008,0.0,0.0,-0.01135,-0.8057350000000001,SPM,281122
5885139,200,5901,2008,0.0,0.0,-0.01135,-0.8057350000000001,SPM,281123
5891665,200,5902,2008,0.0,0.0,-0.01135,-0.8057350000000001,SPM,281129
5898191,200,5903,2008,0.0,0.0,-0.01135,-0.8057350000000001,SPM,281210
5904717,200,5904,2008,0.0,0.0,-0.01135,-0.8057350000000001,SPM,281290
5911243,200,5905,2008,0.0,0.0,-0.01135,-0.8057350000000001,SPM,281310
5917769,200,5906,2008,0.0,0.0,-0.01135,-0.8057350000000001,SPM,281390
5924295,200,5907,2008,0.0,6.521607184065215e-09,-0.01135,-0.8057350000000001,SPM,281410
5930821,200,5908,2008,0.0,0.0,-0.01135,-0.8057350000000001,SPM,281420
5937347,200,5909,2008,0.0,0.0,-0.01135,-0.8057350000000001,SPM,281511
5943873,200,5910,2008,0.0,0.0,-0.01135,-0.8057350000000001,SPM,281512
5950399,200,5911,2008,0.0,0.0,-0.01135,-0.8057350000000001,SPM,281520
5956925,200,5912,2008,0.0,0.0,-0.01135,-0.8057350000000001,SPM,281530
5963451,200,5913,2008,0.0,0.0,-0.01135,-0.8057350000000001,SPM,281610
5969977,200,5914,2008,0.0,0.0,-0.01135,-0.8057350000000001,SPM,281620
5976503,200,5915,2008,0.0,0.0,-0.01135,-0.8057350000000001,SPM,281630
5983029,200,5916,2008,0.0,0.0,-0.01135,-0.8057350000000001,SPM,281700
5989555,200,5917,2008,0.0,0.0,-0.01135,-0.8057350000000001,SPM,281810
5996081,200,5918,2008,0.0,0.0,-0.01135,-0.8057350000000001,SPM,281820
6002607,200,5919,2008,0.0,0.0,-0.01135,-0.8057350000000001,SPM,281830
6009133,200,5920,2008,0.0,0.0,-0.01135,-0.8057350000000001,SPM,281910
6015659,200,5921,2008,0.0,0.0,-0.01135,-0.8057350000000001,SPM,281990
6022185,200,5922,2008,0.0,0.0,-0.01135,-0.8057350000000001,SPM,282010
6028711,200,5923,2008,0.0,0.0,-0.01135,-0.8057350000000001,SPM,282090
6035237,200,5924,2008,0.0,0.0,-0.01135,-0.8057350000000001,SPM,282110
6041763,200,5925,2008,0.0,0.0,-0.01135,-0.8057350000000001,SPM,282120
6048289,200,5926,2008,0.0,0.0,-0.01135,-0.8057350000000001,SPM,282200
6054815,200,5927,2008,0.0,0.0,-0.01135,-0.8057350000000001,SPM,282300
6061341,200,5928,2008,0.0,0.0,-0.01135,-0.8057350000000001,SPM,282410
6067867,200,5929,2008,0.0,0.0,-0.01135,-0.8057350000000001,SPM,282420
6074393,200,5930,2008,0.0,0.0,-0.01135,-0.8057350000000001,SPM,282490
6080919,200,5931,2008,0.0,0.0,-0.01135,-0.8057350000000001,SPM,282510
6087445,200,5932,2008,0.0,0.0,-0.01135,-0.8057350000000001,SPM,282520
6093971,200,5933,2008,0.0,0.0,-0.01135,-0.8057350000000001,SPM,282530
6100497,200,5934,2008,0.0,0.0,-0.01135,-0.8057350000000001,SPM,282540
6107023,200,5935,2008,0.0,0.0,-0.01135,-0.8057350000000001,SPM,282550
6113549,200,5936,2008,0.0,0.0,-0.01135,-0.8057350000000001,SPM,282560
6120075,200,5937,2008,0.0,0.0,-0.01135,-0.8057350000000001,SPM,282570
6126601,200,5938,2008,0.0,0.0,-0.01135,-0.8057350000000001,SPM,282580
6133127,200,5939,2008,0.0,0.0,-0.01135,-0.8057350000000001,SPM,282590
6139653,200,5940,2008,0.0,0.0,-0.01135,-0.8057350000000001,SPM,282611
6146179,200,5941,2008,0.0,4.686462650946899e-10,-0.01135,-0.8057350000000001,SPM,282612
6152705,200,5942,2008,0.0,0.0,-0.01135,-0.8057350000000001,SPM,282619
6159231,200,5943,2008,0.0,0.0,-0.01135,-0.8057350000000001,SPM,282620
6165757,200,5944,2008,0.0,0.0,-0.01135,-0.8057350000000001,SPM,282630
6172283,200,5945,2008,0.0,0.0,-0.01135,-0.8057350000000001,SPM,282690
6178809,200,5946,2008,0.0,0.0,-0.01135,-0.8057350000000001,SPM,282710
6185335,200,5947,2008,0.0,1.4539965806014178e-09,-0.01135,-0.8057350000000001,SPM,282720
6191861,200,5948,2008,0.0,0.0,-0.01135,-0.8057350000000001,SPM,282731
6198387,200,5949,2008,0.0,0.0,-0.01135,-0.8057350000000001,SPM,282732
6204913,200,5950,2008,0.0,0.0,-0.01135,-0.8057350000000001,SPM,282733
6211439,200,5951,2008,0.0,0.0,-0.01135,-0.8057350000000001,SPM,282734
6217965,200,5952,2008,0.0,0.0,-0.01135,-0.8057350000000001,SPM,282735
6224491,200,5953,2008,0.0,0.0,-0.01135,-0.8057350000000001,SPM,282736
6231017,200,5954,2008,0.0,0.0,-0.01135,-0.8057350000000001,SPM,282737
6237543,200,5955,2008,0.0,0.0,-0.01135,-0.8057350000000001,SPM,282738
6244069,200,5956,2008,0.0,4.9366945675992974e-09,-0.01135,-0.8057350000000001,SPM,282739
6250595,200,5957,2008,0.0,0.0,-0.01135,-0.8057350000000001,SPM,282741
6257121,200,5958,2008,0.0,0.0,-0.01135,-0.8057350000000001,SPM,282749
6263647,200,5959,2008,0.0,0.0,-0.01135,-0.8057350000000001,SPM,282751
6270173,200,5960,2008,0.0,0.0,-0.01135,-0.8057350000000001,SPM,282759
6276699,200,5961,2008,0.0,0.0,-0.01135,-0.8057350000000001,SPM,282760
6283225,200,5962,2008,0.0,0.0,-0.01135,-0.8057350000000001,SPM,282810
6289751,200,5963,2008,0.0,5.929336409154174e-10,-0.01135,-0.8057350000000001,SPM,282890
6296277,200,5964,2008,0.0,0.0,-0.01135,-0.8057350000000001,SPM,282911
6302803,200,5965,2008,0.0,0.0,-0.01135,-0.8057350000000001,SPM,282919
6309329,200,5966,2008,0.0,0.0,-0.01135,-0.8057350000000001,SPM,282990
6315855,200,5967,2008,0.0,0.0,-0.01135,-0.8057350000000001,SPM,283010
6322381,200,5968,2008,0.0,0.0,-0.01135,-0.8057350000000001,SPM,283020
6328907,200,5969,2008,0.0,0.0,-0.01135,-0.8057350000000001,SPM,283030
6335433,200,5970,2008,0.0,0.0,-0.01135,-0.8057350000000001,SPM,283090
6341959,200,5971,2008,0.0,0.0,-0.01135,-0.8057350000000001,SPM,283110
6348485,200,5972,2008,0.0,0.0,-0.01135,-0.8057350000000001,SPM,283190
6355011,200,5973,2008,0.0,0.0,-0.01135,-0.8057350000000001,SPM,283210
6361537,200,5974,2008,0.0,0.0,-0.01135,-0.8057350000000001,SPM,283220
6368063,200,5975,2008,0.0,0.0,-0.01135,-0.8057350000000001,SPM,283230
6374589,200,5976,2008,0.0,0.0,-0.01135,-0.8057350000000001,SPM,283311
6381115,200,5977,2008,0.0,0.0,-0.01135,-0.8057350000000001,SPM,283319
6387641,200,5978,2008,0.0,0.0,-0.01135,-0.8057350000000001,SPM,283321
6394167,200,5979,2008,0.0,0.0,-0.01135,-0.8057350000000001,SPM,283322
6400693,200,5980,2008,0.0,0.0,-0.01135,-0.8057350000000001,SPM,283323
6407219,200,5981,2008,0.0,0.0,-0.01135,-0.8057350000000001,SPM,283324
6413745,200,5982,2008,0.0,0.0,-0.01135,-0.8057350000000001,SPM,283325
6420271,200,5983,2008,0.0,0.0,-0.01135,-0.8057350000000001,SPM,283326
6426797,200,5984,2008,0.0,0.0,-0.01135,-0.8057350000000001,SPM,283327
6433323,200,5985,2008,0.0,7.825464614675193e-09,-0.01135,-0.8057350000000001,SPM,283329
6439849,200,5986,2008,0.0,0.0,-0.01135,-0.8057350000000001,SPM,283330
6446375,200,5987,2008,0.0,0.0,-0.01135,-0.8057350000000001,SPM,283340
6452901,200,5988,2008,0.0,0.0,-0.01135,-0.8057350000000001,SPM,283410
6459427,200,5989,2008,0.0,0.0,-0.01135,-0.8057350000000001,SPM,283421
6465953,200,5990,2008,0.0,0.0,-0.01135,-0.8057350000000001,SPM,283422
6472479,200,5991,2008,0.0,0.0,-0.01135,-0.8057350000000001,SPM,283429
6479005,200,5992,2008,0.0,0.0,-0.01135,-0.8057350000000001,SPM,283510
6485531,200,5993,2008,0.0,0.0,-0.01135,-0.8057350000000001,SPM,283521
6492057,200,5994,2008,0.0,0.0,-0.01135,-0.8057350000000001,SPM,283522
6498583,200,5995,2008,0.0,0.0,-0.01135,-0.8057350000000001,SPM,283523
6505109,200,5996,2008,0.0,0.0,-0.01135,-0.8057350000000001,SPM,283524
6511635,200,5997,2008,0.0,0.0,-0.01135,-0.8057350000000001,SPM,283525
6518161,200,5998,2008,0.0,0.0,-0.01135,-0.8057350000000001,SPM,283526
6524687,200,5999,2008,0.0,0.0,-0.01135,-0.8057350000000001,SPM,283529
6531213,200,6000,2008,0.0,0.0,-0.01135,-0.8057350000000001,SPM,283531
6537739,200,6001,2008,0.0,0.0,-0.01135,-0.8057350000000001,SPM,283539
6544265,200,6002,2008,0.0,0.0,-0.01135,-0.8057350000000001,SPM,283610
6550791,200,6003,2008,0.0,0.0,-0.01135,-0.8057350000000001,SPM,283620
6557317,200,6004,2008,0.0,0.0,-0.01135,-0.8057350000000001,SPM,283630
6563843,200,6005,2008,0.0,0.0,-0.01135,-0.8057350000000001,SPM,283640
6570369,200,6006,2008,0.0,0.0,-0.01135,-0.8057350000000001,SPM,283650
6576895,200,6007,2008,0.0,0.0,-0.01135,-0.8057350000000001,SPM,283660
6583421,200,6008,2008,0.0,0.0,-0.01135,-0.8057350000000001,SPM,283670
6589947,200,6009,2008,0.0,0.0,-0.01135,-0.8057350000000001,SPM,283691
6596473,200,6010,2008,0.0,0.0,-0.01135,-0.8057350000000001,SPM,283692
6602999,200,6011,2008,0.0,0.0,-0.01135,-0.8057350000000001,SPM,283693
6609525,200,6012,2008,0.0,0.0,-0.01135,-0.8057350000000001,SPM,283699
6616051,200,6013,2008,0.0,0.0,-0.01135,-0.8057350000000001,SPM,283711
6622577,200,6014,2008,0.0,0.0,-0.01135,-0.8057350000000001,SPM,283719
6629103,200,6015,2008,0.0,0.0,-0.01135,-0.8057350000000001,SPM,283720
6635629,200,6016,2008,0.0,0.0,-0.01135,-0.8057350000000001,SPM,283800
6642155,200,6017,2008,0.0,0.0,-0.01135,-0.8057350000000001,SPM,283911
6648681,200,6018,2008,0.0,0.0,-0.01135,-0.8057350000000001,SPM,283919
6655207,200,6019,2008,0.0,0.0,-0.01135,-0.8057350000000001,SPM,283920
6661733,200,6020,2008,0.0,0.0,-0.01135,-0.8057350000000001,SPM,283990
6668259,200,6021,2008,0.0,0.0,-0.01135,-0.8057350000000001,SPM,284011
6674785,200,6022,2008,0.0,0.0,-0.01135,-0.8057350000000001,SPM,284019
6681311,200,6023,2008,0.0,0.0,-0.01135,-0.8057350000000001,SPM,284020
6687837,200,6024,2008,0.0,0.0,-0.01135,-0.8057350000000001,SPM,284030
6694363,200,6025,2008,0.0,0.0,-0.01135,-0.8057350000000001,SPM,284110
6700889,200,6026,2008,0.0,0.0,-0.01135,-0.8057350000000001,SPM,284120
6707415,200,6027,2008,0.0,0.0,-0.01135,-0.8057350000000001,SPM,284130
6713941,200,6028,2008,0.0,0.0,-0.01135,-0.8057350000000001,SPM,284140
6720467,200,6029,2008,0.0,0.0,-0.01135,-0.8057350000000001,SPM,284150
6726993,200,6030,2008,0.0,0.0,-0.01135,-0.8057350000000001,SPM,284160
6733519,200,6031,2008,0.0,0.0,-0.01135,-0.8057350000000001,SPM,284170
6740045,200,6032,2008,0.0,0.0,-0.01135,-0.8057350000000001,SPM,284180
6746571,200,6033,2008,0.0,0.0,-0.01135,-0.8057350000000001,SPM,284190
6753097,200,6034,2008,0.0,0.0,-0.01135,-0.8057350000000001,SPM,284210
6759623,200,6035,2008,0.0,0.0,-0.01135,-0.8057350000000001,SPM,284290
6766149,200,6036,2008,0.0,0.0,-0.01135,-0.8057350000000001,SPM,284310
6772675,200,6037,2008,0.0,0.0,-0.01135,-0.8057350000000001,SPM,284321
6779201,200,6038,2008,0.0,0.0,-0.01135,-0.8057350000000001,SPM,284329
6785727,200,6039,2008,0.0,0.0,-0.01135,-0.8057350000000001,SPM,284330
6792253,200,6040,2008,0.0,0.0,-0.01135,-0.8057350000000001,SPM,284390
6798779,200,6041,2008,0.0,0.0,-0.01135,-0.8057350000000001,SPM,284410
6805305,200,6042,2008,0.0,0.0,-0.01135,-0.8057350000000001,SPM,284420
6811831,200,6043,2008,0.0,0.0,-0.01135,-0.8057350000000001,SPM,284430
6818357,200,6044,2008,0.0,0.0,-0.01135,-0.8057350000000001,SPM,284440
6824883,200,6045,2008,0.0,0.0,-0.01135,-0.8057350000000001,SPM,284450
6831409,200,6046,2008,0.0,0.0,-0.01135,-0.8057350000000001,SPM,284510
6837935,200,6047,2008,0.0,0.0,-0.01135,-0.8057350000000001,SPM,284590
6844461,200,6048,2008,0.0,0.0,-0.01135,-0.8057350000000001,SPM,284610
6850987,200,6049,2008,0.0,0.0,-0.01135,-0.8057350000000001,SPM,284690
6857513,200,6050,2008,0.0,0.0,-0.01135,-0.8057350000000001,SPM,284700
6864039,200,6051,2008,0.0,0.0,-0.01135,-0.8057350000000001,SPM,284810
6870565,200,6052,2008,0.0,0.0,-0.01135,-0.8057350000000001,SPM,284890
6877091,200,6053,2008,0.0,0.0,-0.01135,-0.8057350000000001,SPM,284910
6883617,200,6054,2008,0.0,0.0,-0.01135,-0.8057350000000001,SPM,284920
6890143,200,6055,2008,0.0,0.0,-0.01135,-0.8057350000000001,SPM,284990
6896669,200,6056,2008,0.0,0.0,-0.01135,-0.8057350000000001,SPM,285000
6903195,200,6057,2008,0.0,0.0,-0.01135,-0.8057350000000001,SPM,285100
6909721,200,6058,2008,0.0,0.0,-0.01135,-0.8057350000000001,SPM,290110
6916247,200,6059,2008,0.0,0.0,-0.01135,-0.8057350000000001,SPM,290121
6922773,200,6060,2008,0.0,0.0,-0.01135,-0.8057350000000001,SPM,290122
6929299,200,6061,2008,0.0,0.0,-0.01135,-0.8057350000000001,SPM,290123
6935825,200,6062,2008,0.0,0.0,-0.01135,-0.8057350000000001,SPM,290124
6942351,200,6063,2008,0.0,5.660875677381403e-10,-0.01135,-0.8057350000000001,SPM,290129
6948877,200,6064,2008,0.0,0.0,-0.01135,-0.8057350000000001,SPM,290211
6955403,200,6065,2008,0.0,0.0,-0.01135,-0.8057350000000001,SPM,290219
6961929,200,6066,2008,0.0,0.0,-0.01135,-0.8057350000000001,SPM,290220
6968455,200,6067,2008,0.0,0.0,-0.01135,-0.8057350000000001,SPM,290230
6974981,200,6068,2008,0.0,0.0,-0.01135,-0.8057350000000001,SPM,290241
6981507,200,6069,2008,0.0,0.0,-0.01135,-0.8057350000000001,SPM,290242
6988033,200,6070,2008,0.0,0.0,-0.01135,-0.8057350000000001,SPM,290243
6994559,200,6071,2008,0.0,0.0,-0.01135,-0.8057350000000001,SPM,290244
7001085,200,6072,2008,0.0,0.0,-0.01135,-0.8057350000000001,SPM,290250
7007611,200,6073,2008,0.0,0.0,-0.01135,-0.8057350000000001,SPM,290260
7014137,200,6074,2008,0.0,0.0,-0.01135,-0.8057350000000001,SPM,290270
7020663,200,6075,2008,0.0,0.0,-0.01135,-0.8057350000000001,SPM,290290
7027189,200,6076,2008,0.0,0.0,-0.01135,-0.8057350000000001,SPM,290311
7033715,200,6077,2008,0.0,0.0,-0.01135,-0.8057350000000001,SPM,290312
7040241,200,6078,2008,0.0,0.0,-0.01135,-0.8057350000000001,SPM,290313
7046767,200,6079,2008,0.0,0.0,-0.01135,-0.8057350000000001,SPM,290314
7053293,200,6080,2008,0.0,0.0,-0.01135,-0.8057350000000001,SPM,290315
7059819,200,6081,2008,0.0,0.0,-0.01135,-0.8057350000000001,SPM,290316
7066345,200,6082,2008,0.0,0.0,-0.01135,-0.8057350000000001,SPM,290319
7072871,200,6083,2008,0.0,0.0,-0.01135,-0.8057350000000001,SPM,290321
7079397,200,6084,2008,0.0,0.0,-0.01135,-0.8057350000000001,SPM,290322
7085923,200,6085,2008,0.0,0.0,-0.01135,-0.8057350000000001,SPM,290323
7092449,200,6086,2008,0.0,0.0,-0.01135,-0.8057350000000001,SPM,290329
7098975,200,6087,2008,0.0,0.0,-0.01135,-0.8057350000000001,SPM,290330
7105501,200,6088,2008,0.0,0.0,-0.01135,-0.8057350000000001,SPM,290340
7112027,200,6089,2008,0.0,0.0,-0.01135,-0.8057350000000001,SPM,290351
7118553,200,6090,2008,0.0,0.0,-0.01135,-0.8057350000000001,SPM,290359
7125079,200,6091,2008,0.0,0.0,-0.01135,-0.8057350000000001,SPM,290361
7131605,200,6092,2008,0.0,0.0,-0.01135,-0.8057350000000001,SPM,290362
7138131,200,6093,2008,0.0,0.0,-0.01135,-0.8057350000000001,SPM,290369
7144657,200,6094,2008,0.0,0.0,-0.01135,-0.8057350000000001,SPM,290410
7151183,200,6095,2008,0.0,0.0,-0.01135,-0.8057350000000001,SPM,290420
7157709,200,6096,2008,0.0,0.0,-0.01135,-0.8057350000000001,SPM,290490
7164235,200,6097,2008,0.0,0.0,-0.01135,-0.8057350000000001,SPM,290511
7170761,200,6098,2008,0.0,0.0,-0.01135,-0.8057350000000001,SPM,290512
7177287,200,6099,2008,0.0,0.0,-0.01135,-0.8057350000000001,SPM,290513
7183813,200,6100,2008,0.0,0.0,-0.01135,-0.8057350000000001,SPM,290514
7190339,200,6101,2008,0.0,0.0,-0.01135,-0.8057350000000001,SPM,290515
7196865,200,6102,2008,0.0,0.0,-0.01135,-0.8057350000000001,SPM,290516
7203391,200,6103,2008,0.0,0.0,-0.01135,-0.8057350000000001,SPM,290517
7209917,200,6104,2008,0.0,0.0,-0.01135,-0.8057350000000001,SPM,290519
7216443,200,6105,2008,0.0,0.0,-0.01135,-0.8057350000000001,SPM,290521
7222969,200,6106,2008,0.0,0.0,-0.01135,-0.8057350000000001,SPM,290522
7229495,200,6107,2008,0.0,0.0,-0.01135,-0.8057350000000001,SPM,290529
7236021,200,6108,2008,0.0,6.787747884822666e-10,-0.01135,-0.8057350000000001,SPM,290531
7242547,200,6109,2008,0.0,0.0,-0.01135,-0.8057350000000001,SPM,290532
7249073,200,6110,2008,0.0,0.0,-0.01135,-0.8057350000000001,SPM,290539
7255599,200,6111,2008,0.0,0.0,-0.01135,-0.8057350000000001,SPM,290541
7262125,200,6112,2008,0.0,0.0,-0.01135,-0.8057350000000001,SPM,290542
7268651,200,6113,2008,0.0,0.0,-0.01135,-0.8057350000000001,SPM,290543
7275177,200,6114,2008,0.0,0.0,-0.01135,-0.8057350000000001,SPM,290544
7281703,200,6115,2008,0.0,0.0,-0.01135,-0.8057350000000001,SPM,290549
7288229,200,6116,2008,0.0,0.0,-0.01135,-0.8057350000000001,SPM,290550
7294755,200,6117,2008,0.0,0.0,-0.01135,-0.8057350000000001,SPM,290611
7301281,200,6118,2008,0.0,0.0,-0.01135,-0.8057350000000001,SPM,290612
7307807,200,6119,2008,0.0,0.0,-0.01135,-0.8057350000000001,SPM,290613
7314333,200,6120,2008,0.0,0.0,-0.01135,-0.8057350000000001,SPM,290614
7320859,200,6121,2008,0.0,0.0,-0.01135,-0.8057350000000001,SPM,290619
7327385,200,6122,2008,0.0,0.0,-0.01135,-0.8057350000000001,SPM,290621
7333911,200,6123,2008,0.0,0.0,-0.01135,-0.8057350000000001,SPM,290629
7340437,200,6124,2008,0.0,0.0,-0.01135,-0.8057350000000001,SPM,290711
7346963,200,6125,2008,0.0,0.0,-0.01135,-0.8057350000000001,SPM,290712
7353489,200,6126,2008,0.0,0.0,-0.01135,-0.8057350000000001,SPM,290713
7360015,200,6127,2008,0.0,0.0,-0.01135,-0.8057350000000001,SPM,290714
7366541,200,6128,2008,0.0,0.0,-0.01135,-0.8057350000000001,SPM,290715
7373067,200,6129,2008,0.0,0.0,-0.01135,-0.8057350000000001,SPM,290719
7379593,200,6130,2008,0.0,0.0,-0.01135,-0.8057350000000001,SPM,290721
7386119,200,6131,2008,0.0,0.0,-0.01135,-0.8057350000000001,SPM,290722
7392645,200,6132,2008,0.0,0.0,-0.01135,-0.8057350000000001,SPM,290723
7399171,200,6133,2008,0.0,0.0,-0.01135,-0.8057350000000001,SPM,290729
7405697,200,6134,2008,0.0,0.0,-0.01135,-0.8057350000000001,SPM,290730
7412223,200,6135,2008,0.0,0.0,-0.01135,-0.8057350000000001,SPM,290810
7418749,200,6136,2008,0.0,0.0,-0.01135,-0.8057350000000001,SPM,290820
7425275,200,6137,2008,0.0,0.0,-0.01135,-0.8057350000000001,SPM,290890
7431801,200,6138,2008,0.0,0.0,-0.01135,-0.8057350000000001,SPM,290911
7438327,200,6139,2008,0.0,0.0,-0.01135,-0.8057350000000001,SPM,290919
7444853,200,6140,2008,0.0,0.0,-0.01135,-0.8057350000000001,SPM,290920
7451379,200,6141,2008,0.0,0.0,-0.01135,-0.8057350000000001,SPM,290930
7457905,200,6142,2008,0.0,0.0,-0.01135,-0.8057350000000001,SPM,290941
7464431,200,6143,2008,0.0,0.0,-0.01135,-0.8057350000000001,SPM,290942
7470957,200,6144,2008,0.0,0.0,-0.01135,-0.8057350000000001,SPM,290943
7477483,200,6145,2008,0.0,0.0,-0.01135,-0.8057350000000001,SPM,290944
7484009,200,6146,2008,0.0,0.0,-0.01135,-0.8057350000000001,SPM,290949
7490535,200,6147,2008,0.0,0.0,-0.01135,-0.8057350000000001,SPM,290950
7497061,200,6148,2008,0.0,0.0,-0.01135,-0.8057350000000001,SPM,290960
7503587,200,6149,2008,0.0,0.0,-0.01135,-0.8057350000000001,SPM,291010
7510113,200,6150,2008,0.0,0.0,-0.01135,-0.8057350000000001,SPM,291020
7516639,200,6151,2008,0.0,0.0,-0.01135,-0.8057350000000001,SPM,291030
7523165,200,6152,2008,0.0,0.0,-0.01135,-0.8057350000000001,SPM,291090
7529691,200,6153,2008,0.0,0.0,-0.01135,-0.8057350000000001,SPM,291100
7536217,200,6154,2008,0.0,0.0,-0.01135,-0.8057350000000001,SPM,291211
7542743,200,6155,2008,0.0,0.0,-0.01135,-0.8057350000000001,SPM,291212
7549269,200,6156,2008,0.0,0.0,-0.01135,-0.8057350000000001,SPM,291213
7555795,200,6157,2008,0.0,0.0,-0.01135,-0.8057350000000001,SPM,291219
7562321,200,6158,2008,0.0,0.0,-0.01135,-0.8057350000000001,SPM,291221
7568847,200,6159,2008,0.0,0.0,-0.01135,-0.8057350000000001,SPM,291229
7575373,200,6160,2008,0.0,0.0,-0.01135,-0.8057350000000001,SPM,291230
7581899,200,6161,2008,0.0,0.0,-0.01135,-0.8057350000000001,SPM,291241
7588425,200,6162,2008,0.0,0.0,-0.01135,-0.8057350000000001,SPM,291242
7594951,200,6163,2008,0.0,0.0,-0.01135,-0.8057350000000001,SPM,291249
7601477,200,6164,2008,0.0,0.0,-0.01135,-0.8057350000000001,SPM,291250
7608003,200,6165,2008,0.0,0.0,-0.01135,-0.8057350000000001,SPM,291260
7614529,200,6166,2008,0.0,0.0,-0.01135,-0.8057350000000001,SPM,291300
7621055,200,6167,2008,0.0,0.0,-0.01135,-0.8057350000000001,SPM,291411
7627581,200,6168,2008,0.0,0.0,-0.01135,-0.8057350000000001,SPM,291412
7634107,200,6169,2008,0.0,0.0,-0.01135,-0.8057350000000001,SPM,291413
7640633,200,6170,2008,0.0,0.0,-0.01135,-0.8057350000000001,SPM,291419
7647159,200,6171,2008,0.0,0.0,-0.01135,-0.8057350000000001,SPM,291421
7653685,200,6172,2008,0.0,0.0,-0.01135,-0.8057350000000001,SPM,291422
7660211,200,6173,2008,0.0,0.0,-0.01135,-0.8057350000000001,SPM,291423
7666737,200,6174,2008,0.0,0.0,-0.01135,-0.8057350000000001,SPM,291429
7673263,200,6175,2008,0.0,0.0,-0.01135,-0.8057350000000001,SPM,291430
7679789,200,6176,2008,0.0,0.0,-0.01135,-0.8057350000000001,SPM,291441
7686315,200,6177,2008,0.0,0.0,-0.01135,-0.8057350000000001,SPM,291449
7692841,200,6178,2008,0.0,0.0,-0.01135,-0.8057350000000001,SPM,291450
7699367,200,6179,2008,0.0,0.0,-0.01135,-0.8057350000000001,SPM,291461
7705893,200,6180,2008,0.0,0.0,-0.01135,-0.8057350000000001,SPM,291469
7712419,200,6181,2008,0.0,0.0,-0.01135,-0.8057350000000001,SPM,291470
7718945,200,6182,2008,0.0,0.0,-0.01135,-0.8057350000000001,SPM,291511
7725471,200,6183,2008,0.0,0.0,-0.01135,-0.8057350000000001,SPM,291512
7731997,200,6184,2008,0.0,0.0,-0.01135,-0.8057350000000001,SPM,291513
7738523,200,6185,2008,0.0,0.0,-0.01135,-0.8057350000000001,SPM,291521
7745049,200,6186,2008,0.0,0.0,-0.01135,-0.8057350000000001,SPM,291522
7751575,200,6187,2008,0.0,0.0,-0.01135,-0.8057350000000001,SPM,291523
7758101,200,6188,2008,0.0,0.0,-0.01135,-0.8057350000000001,SPM,291524
7764627,200,6189,2008,0.0,3.422377180599553e-09,-0.01135,-0.8057350000000001,SPM,291529
7771153,200,6190,2008,0.0,0.0,-0.01135,-0.8057350000000001,SPM,291531
7777679,200,6191,2008,0.0,0.0,-0.01135,-0.8057350000000001,SPM,291532
7784205,200,6192,2008,0.0,0.0,-0.01135,-0.8057350000000001,SPM,291533
7790731,200,6193,2008,0.0,0.0,-0.01135,-0.8057350000000001,SPM,291534
7797257,200,6194,2008,0.0,0.0,-0.01135,-0.8057350000000001,SPM,291535
7803783,200,6195,2008,0.0,0.0,-0.01135,-0.8057350000000001,SPM,291539
7810309,200,6196,2008,0.0,0.0,-0.01135,-0.8057350000000001,SPM,291540
7816835,200,6197,2008,0.0,0.0,-0.01135,-0.8057350000000001,SPM,291550
7823361,200,6198,2008,0.0,0.0,-0.01135,-0.8057350000000001,SPM,291560
7829887,200,6199,2008,0.0,0.0,-0.01135,-0.8057350000000001,SPM,291570
7836413,200,6200,2008,0.0,0.0,-0.01135,-0.8057350000000001,SPM,291590
7842939,200,6201,2008,0.0,0.0,-0.01135,-0.8057350000000001,SPM,291611
7849465,200,6202,2008,0.0,5.850090778330879e-08,-0.01135,-0.8057350000000001,SPM,291612
7855991,200,6203,2008,0.0,0.0,-0.01135,-0.8057350000000001,SPM,291613
7862517,200,6204,2008,0.0,0.0,-0.01135,-0.8057350000000001,SPM,291614
7869043,200,6205,2008,0.0,0.0,-0.01135,-0.8057350000000001,SPM,291615
7875569,200,6206,2008,0.0,0.0,-0.01135,-0.8057350000000001,SPM,291619
7882095,200,6207,2008,0.0,0.0,-0.01135,-0.8057350000000001,SPM,291620
7888621,200,6208,2008,0.0,0.0,-0.01135,-0.8057350000000001,SPM,291631
7895147,200,6209,2008,0.0,0.0,-0.01135,-0.8057350000000001,SPM,291632
7901673,200,6210,2008,0.0,0.0,-0.01135,-0.8057350000000001,SPM,291633
7908199,200,6211,2008,0.0,0.0,-0.01135,-0.8057350000000001,SPM,291639
7914725,200,6212,2008,7.365012192164634e-09,0.0,-0.01135,-0.8057350000000001,SPM,291711
7921251,200,6213,2008,0.0,0.0,-0.01135,-0.8057350000000001,SPM,291712
7927777,200,6214,2008,0.0,0.0,-0.01135,-0.8057350000000001,SPM,291713
7934303,200,6215,2008,0.0,0.0,-0.01135,-0.8057350000000001,SPM,291714
7940829,200,6216,2008,0.0,0.0,-0.01135,-0.8057350000000001,SPM,291719
7947355,200,6217,2008,0.0,0.0,-0.01135,-0.8057350000000001,SPM,291720
7953881,200,6218,2008,0.0,0.0,-0.01135,-0.8057350000000001,SPM,291731
7960407,200,6219,2008,0.0,0.0,-0.01135,-0.8057350000000001,SPM,291732
7966933,200,6220,2008,0.0,0.0,-0.01135,-0.8057350000000001,SPM,291733
7973459,200,6221,2008,0.0,0.0,-0.01135,-0.8057350000000001,SPM,291734
7979985,200,6222,2008,0.0,0.0,-0.01135,-0.8057350000000001,SPM,291735
7986511,200,6223,2008,0.0,0.0,-0.01135,-0.8057350000000001,SPM,291736
7993037,200,6224,2008,0.0,0.0,-0.01135,-0.8057350000000001,SPM,291737
7999563,200,6225,2008,0.0,0.0,-0.01135,-0.8057350000000001,SPM,291739
8006089,200,6226,2008,0.0,0.0,-0.01135,-0.8057350000000001,SPM,291811
8012615,200,6227,2008,0.0,0.0,-0.01135,-0.8057350000000001,SPM,291812
8019141,200,6228,2008,0.0,0.0,-0.01135,-0.8057350000000001,SPM,291813
8025667,200,6229,2008,0.0,0.0,-0.01135,-0.8057350000000001,SPM,291814
8032193,200,6230,2008,0.0,0.0,-0.01135,-0.8057350000000001,SPM,291815
8038719,200,6231,2008,0.0,0.0,-0.01135,-0.8057350000000001,SPM,291816
8045245,200,6232,2008,0.0,0.0,-0.01135,-0.8057350000000001,SPM,291817
8051771,200,6233,2008,0.0,0.0,-0.01135,-0.8057350000000001,SPM,291819
8058297,200,6234,2008,0.0,0.0,-0.01135,-0.8057350000000001,SPM,291821
8064823,200,6235,2008,0.0,0.0,-0.01135,-0.8057350000000001,SPM,291822
8071349,200,6236,2008,0.0,0.0,-0.01135,-0.8057350000000001,SPM,291823
8077875,200,6237,2008,0.0,0.0,-0.01135,-0.8057350000000001,SPM,291829
8084401,200,6238,2008,0.0,0.0,-0.01135,-0.8057350000000001,SPM,291830
8090927,200,6239,2008,0.0,0.0,-0.01135,-0.8057350000000001,SPM,291890
8097453,200,6240,2008,0.0,0.0,-0.01135,-0.8057350000000001,SPM,291900
8103979,200,6241,2008,0.0,0.0,-0.01135,-0.8057350000000001,SPM,292010
8110505,200,6242,2008,0.0,0.0,-0.01135,-0.8057350000000001,SPM,292090
8117031,200,6243,2008,0.0,0.0,-0.01135,-0.8057350000000001,SPM,292111
8123557,200,6244,2008,0.0,0.0,-0.01135,-0.8057350000000001,SPM,292112
8130083,200,6245,2008,0.0,0.0,-0.01135,-0.8057350000000001,SPM,292119
8136609,200,6246,2008,0.0,0.0,-0.01135,-0.8057350000000001,SPM,292121
8143135,200,6247,2008,0.0,0.0,-0.01135,-0.8057350000000001,SPM,292122
8149661,200,6248,2008,0.0,0.0,-0.01135,-0.8057350000000001,SPM,292129
8156187,200,6249,2008,0.0,0.0,-0.01135,-0.8057350000000001,SPM,292130
8162713,200,6250,2008,0.0,0.0,-0.01135,-0.8057350000000001,SPM,292141
8169239,200,6251,2008,0.0,0.0,-0.01135,-0.8057350000000001,SPM,292142
8175765,200,6252,2008,0.0,0.0,-0.01135,-0.8057350000000001,SPM,292143
8182291,200,6253,2008,0.0,0.0,-0.01135,-0.8057350000000001,SPM,292144
8188817,200,6254,2008,0.0,0.0,-0.01135,-0.8057350000000001,SPM,292145
8195343,200,6255,2008,0.0,0.0,-0.01135,-0.8057350000000001,SPM,292149
8201869,200,6256,2008,0.0,0.0,-0.01135,-0.8057350000000001,SPM,292151
8208395,200,6257,2008,0.0,0.0,-0.01135,-0.8057350000000001,SPM,292159
8214921,200,6258,2008,0.0,0.0,-0.01135,-0.8057350000000001,SPM,292211
8221447,200,6259,2008,0.0,0.0,-0.01135,-0.8057350000000001,SPM,292212
8227973,200,6260,2008,0.0,0.0,-0.01135,-0.8057350000000001,SPM,292213
8234499,200,6261,2008,0.0,0.0,-0.01135,-0.8057350000000001,SPM,292219
8241025,200,6262,2008,0.0,0.0,-0.01135,-0.8057350000000001,SPM,292221
8247551,200,6263,2008,0.0,0.0,-0.01135,-0.8057350000000001,SPM,292222
8254077,200,6264,2008,0.0,0.0,-0.01135,-0.8057350000000001,SPM,292229
8260603,200,6265,2008,0.0,0.0,-0.01135,-0.8057350000000001,SPM,292230
8267129,200,6266,2008,0.0,0.0,-0.01135,-0.8057350000000001,SPM,292241
8273655,200,6267,2008,0.0,0.0,-0.01135,-0.8057350000000001,SPM,292242
8280181,200,6268,2008,0.0,0.0,-0.01135,-0.8057350000000001,SPM,292249
8286707,200,6269,2008,0.0,0.0,-0.01135,-0.8057350000000001,SPM,292250
8293233,200,6270,2008,0.0,0.0,-0.01135,-0.8057350000000001,SPM,292310
8299759,200,6271,2008,0.0,0.0,-0.01135,-0.8057350000000001,SPM,292320
8306285,200,6272,2008,0.0,0.0,-0.01135,-0.8057350000000001,SPM,292390
8312811,200,6273,2008,0.0,0.0,-0.01135,-0.8057350000000001,SPM,292410
8319337,200,6274,2008,0.0,0.0,-0.01135,-0.8057350000000001,SPM,292421
8325863,200,6275,2008,0.0,0.0,-0.01135,-0.8057350000000001,SPM,292429
8332389,200,6276,2008,0.0,0.0,-0.01135,-0.8057350000000001,SPM,292511
8338915,200,6277,2008,0.0,0.0,-0.01135,-0.8057350000000001,SPM,292519
8345441,200,6278,2008,0.0,0.0,-0.01135,-0.8057350000000001,SPM,292520
8351967,200,6279,2008,0.0,0.0,-0.01135,-0.8057350000000001,SPM,292610
8358493,200,6280,2008,0.0,0.0,-0.01135,-0.8057350000000001,SPM,292620
8365019,200,6281,2008,0.0,0.0,-0.01135,-0.8057350000000001,SPM,292690
8371545,200,6282,2008,0.0,0.0,-0.01135,-0.8057350000000001,SPM,292700
8378071,200,6283,2008,0.0,0.0,-0.01135,-0.8057350000000001,SPM,292800
8384597,200,6284,2008,0.0,0.0,-0.01135,-0.8057350000000001,SPM,292910
8391123,200,6285,2008,0.0,8.093593913445777e-10,-0.01135,-0.8057350000000001,SPM,292990
8397649,200,6286,2008,0.0,0.0,-0.01135,-0.8057350000000001,SPM,293010
8404175,200,6287,2008,0.0,0.0,-0.01135,-0.8057350000000001,SPM,293020
8410701,200,6288,2008,0.0,0.0,-0.01135,-0.8057350000000001,SPM,293030
8417227,200,6289,2008,0.0,0.0,-0.01135,-0.8057350000000001,SPM,293040
8423753,200,6290,2008,0.0,0.0,-0.01135,-0.8057350000000001,SPM,293090
8430279,200,6291,2008,0.0,0.0,-0.01135,-0.8057350000000001,SPM,293100
8436805,200,6292,2008,0.0,0.0,-0.01135,-0.8057350000000001,SPM,293211
8443331,200,6293,2008,0.0,0.0,-0.01135,-0.8057350000000001,SPM,293212
8449857,200,6294,2008,0.0,0.0,-0.01135,-0.8057350000000001,SPM,293213
8456383,200,6295,2008,0.0,0.0,-0.01135,-0.8057350000000001,SPM,293219
8462909,200,6296,2008,0.0,0.0,-0.01135,-0.8057350000000001,SPM,293221
8469435,200,6297,2008,0.0,0.0,-0.01135,-0.8057350000000001,SPM,293229
8475961,200,6298,2008,0.0,0.0,-0.01135,-0.8057350000000001,SPM,293290
8482487,200,6299,2008,0.0,0.0,-0.01135,-0.8057350000000001,SPM,293311
8489013,200,6300,2008,0.0,0.0,-0.01135,-0.8057350000000001,SPM,293319
8495539,200,6301,2008,0.0,0.0,-0.01135,-0.8057350000000001,SPM,293321
8502065,200,6302,2008,0.0,0.0,-0.01135,-0.8057350000000001,SPM,293329
8508591,200,6303,2008,0.0,0.0,-0.01135,-0.8057350000000001,SPM,293331
8515117,200,6304,2008,0.0,0.0,-0.01135,-0.8057350000000001,SPM,293339
8521643,200,6305,2008,0.0,0.0,-0.01135,-0.8057350000000001,SPM,293340
8528169,200,6306,2008,0.0,0.0,-0.01135,-0.8057350000000001,SPM,293351
8534695,200,6307,2008,0.0,0.0,-0.01135,-0.8057350000000001,SPM,293359
8541221,200,6308,2008,0.0,4.898579772347608e-10,-0.01135,-0.8057350000000001,SPM,293361
8547747,200,6309,2008,0.0,0.0,-0.01135,-0.8057350000000001,SPM,293369
8554273,200,6310,2008,0.0,0.0,-0.01135,-0.8057350000000001,SPM,293371
8560799,200,6311,2008,0.0,0.0,-0.01135,-0.8057350000000001,SPM,293379
8567325,200,6312,2008,0.0,0.0,-0.01135,-0.8057350000000001,SPM,293390
8573851,200,6313,2008,0.0,0.0,-0.01135,-0.8057350000000001,SPM,293410
8580377,200,6314,2008,0.0,0.0,-0.01135,-0.8057350000000001,SPM,293420
8586903,200,6315,2008,0.0,0.0,-0.01135,-0.8057350000000001,SPM,293430
8593429,200,6316,2008,0.0,0.0,-0.01135,-0.8057350000000001,SPM,293490
8599955,200,6317,2008,0.0,0.0,-0.01135,-0.8057350000000001,SPM,293500
8606481,200,6318,2008,0.0,0.0,-0.01135,-0.8057350000000001,SPM,293610
8613007,200,6319,2008,0.0,0.0,-0.01135,-0.8057350000000001,SPM,293621
8619533,200,6320,2008,0.0,0.0,-0.01135,-0.8057350000000001,SPM,293622
8626059,200,6321,2008,0.0,0.0,-0.01135,-0.8057350000000001,SPM,293623
8632585,200,6322,2008,0.0,0.0,-0.01135,-0.8057350000000001,SPM,293624
8639111,200,6323,2008,0.0,0.0,-0.01135,-0.8057350000000001,SPM,293625
8645637,200,6324,2008,0.0,0.0,-0.01135,-0.8057350000000001,SPM,293626
8652163,200,6325,2008,0.0,0.0,-0.01135,-0.8057350000000001,SPM,293627
8658689,200,6326,2008,0.0,0.0,-0.01135,-0.8057350000000001,SPM,293628
8665215,200,6327,2008,0.0,0.0,-0.01135,-0.8057350000000001,SPM,293629
8671741,200,6328,2008,0.0,0.0,-0.01135,-0.8057350000000001,SPM,293690
8678267,200,6329,2008,0.0,0.0,-0.01135,-0.8057350000000001,SPM,293710
8684793,200,6330,2008,0.0,0.0,-0.01135,-0.8057350000000001,SPM,293721
8691319,200,6331,2008,0.0,0.0,-0.01135,-0.8057350000000001,SPM,293722
8697845,200,6332,2008,0.0,0.0,-0.01135,-0.8057350000000001,SPM,293729
8704371,200,6333,2008,0.0,0.0,-0.01135,-0.8057350000000001,SPM,293791
8710897,200,6334,2008,0.0,0.0,-0.01135,-0.8057350000000001,SPM,293792
8717423,200,6335,2008,0.0,0.0,-0.01135,-0.8057350000000001,SPM,293799
8723949,200,6336,2008,0.0,0.0,-0.01135,-0.8057350000000001,SPM,293810
8730475,200,6337,2008,0.0,0.0,-0.01135,-0.8057350000000001,SPM,293890
8737001,200,6338,2008,0.0,0.0,-0.01135,-0.8057350000000001,SPM,293910
8743527,200,6339,2008,0.0,0.0,-0.01135,-0.8057350000000001,SPM,293921
8750053,200,6340,2008,0.0,0.0,-0.01135,-0.8057350000000001,SPM,293929
8756579,200,6341,2008,0.0,0.0,-0.01135,-0.8057350000000001,SPM,293930
8763105,200,6342,2008,0.0,0.0,-0.01135,-0.8057350000000001,SPM,293940
8769631,200,6343,2008,0.0,0.0,-0.01135,-0.8057350000000001,SPM,293950
8776157,200,6344,2008,0.0,0.0,-0.01135,-0.8057350000000001,SPM,293960
8782683,200,6345,2008,0.0,0.0,-0.01135,-0.8057350000000001,SPM,293970
8789209,200,6346,2008,0.0,0.0,-0.01135,-0.8057350000000001,SPM,293990
8795735,200,6347,2008,0.0,0.0,-0.01135,-0.8057350000000001,SPM,294000
8802261,200,6348,2008,0.0,0.0,-0.01135,-0.8057350000000001,SPM,294110
8808787,200,6349,2008,0.0,0.0,-0.01135,-0.8057350000000001,SPM,294120
8815313,200,6350,2008,0.0,0.0,-0.01135,-0.8057350000000001,SPM,294130
8821839,200,6351,2008,0.0,0.0,-0.01135,-0.8057350000000001,SPM,294140
8828365,200,6352,2008,0.0,0.0,-0.01135,-0.8057350000000001,SPM,294150
8834891,200,6353,2008,0.0,0.0,-0.01135,-0.8057350000000001,SPM,294190
8841417,200,6354,2008,0.0,0.0,-0.01135,-0.8057350000000001,SPM,294200
8847943,200,6355,2008,0.0,0.0,-0.01135,-0.8057350000000001,SPM,300110
8854469,200,6356,2008,0.0,0.0,-0.01135,-0.8057350000000001,SPM,300120
8860995,200,6357,2008,0.0,0.0,-0.01135,-0.8057350000000001,SPM,300190
8867521,200,6358,2008,0.0,5.377831893512333e-09,-0.01135,-0.8057350000000001,SPM,300210
8874047,200,6359,2008,0.0,1.8089281826451967e-08,-0.01135,-0.8057350000000001,SPM,300220
8880573,200,6360,2008,0.0,0.0,-0.01135,-0.8057350000000001,SPM,300231
8887099,200,6361,2008,0.0,0.0,-0.01135,-0.8057350000000001,SPM,300239
8893625,200,6362,2008,0.0,1.124485889825505e-08,-0.01135,-0.8057350000000001,SPM,300290
8900151,200,6363,2008,0.0,0.0,-0.01135,-0.8057350000000001,SPM,300310
8906677,200,6364,2008,0.0,0.0,-0.01135,-0.8057350000000001,SPM,300320
8913203,200,6365,2008,0.0,0.0,-0.01135,-0.8057350000000001,SPM,300331
8919729,200,6366,2008,0.0,0.0,-0.01135,-0.8057350000000001,SPM,300339
8926255,200,6367,2008,0.0,0.0,-0.01135,-0.8057350000000001,SPM,300340
8932781,200,6368,2008,0.0,0.0,-0.01135,-0.8057350000000001,SPM,300390
8939307,200,6369,2008,0.0,0.0,-0.01135,-0.8057350000000001,SPM,300410
8945833,200,6370,2008,0.0,0.0,-0.01135,-0.8057350000000001,SPM,300420
8952359,200,6371,2008,0.0,0.0,-0.01135,-0.8057350000000001,SPM,300431
8958885,200,6372,2008,0.0,0.0,-0.01135,-0.8057350000000001,SPM,300432
8965411,200,6373,2008,0.0,0.0,-0.01135,-0.8057350000000001,SPM,300439
8971937,200,6374,2008,0.0,0.0,-0.01135,-0.8057350000000001,SPM,300440
8978463,200,6375,2008,0.0,1.5574036772842631e-09,-0.01135,-0.8057350000000001,SPM,300450
8984989,200,6376,2008,0.0,8.540322514105734e-07,-0.01135,-0.8057350000000001,SPM,300490
8991515,200,6377,2008,0.0,3.1970027391113005e-09,-0.01135,-0.8057350000000001,SPM,300510
8998041,200,6378,2008,0.0,1.417804096762422e-08,-0.01135,-0.8057350000000001,SPM,300590
9004567,200,6379,2008,0.0,0.0,-0.01135,-0.8057350000000001,SPM,300610
9011093,200,6380,2008,0.0,0.0,-0.01135,-0.8057350000000001,SPM,300620
9017619,200,6381,2008,0.0,9.777936430568275e-09,-0.01135,-0.8057350000000001,SPM,300630
9024145,200,6382,2008,0.0,0.0,-0.01135,-0.8057350000000001,SPM,300640
9030671,200,6383,2008,0.0,0.0,-0.01135,-0.8057350000000001,SPM,300650
9037197,200,6384,2008,0.0,0.0,-0.01135,-0.8057350000000001,SPM,300660
9043723,200,6385,2008,0.0,9.323210351565507e-10,-0.01135,-0.8057350000000001,SPM,310100
9050249,200,6386,2008,0.0,0.0,-0.01135,-0.8057350000000001,SPM,310210
9056775,200,6387,2008,0.0,0.0,-0.01135,-0.8057350000000001,SPM,310221
9063301,200,6388,2008,0.0,0.0,-0.01135,-0.8057350000000001,SPM,310229
9069827,200,6389,2008,0.0,0.0,-0.01135,-0.8057350000000001,SPM,310230
9076353,200,6390,2008,0.0,0.0,-0.01135,-0.8057350000000001,SPM,310240
9082879,200,6391,2008,0.0,0.0,-0.01135,-0.8057350000000001,SPM,310250
9089405,200,6392,2008,0.0,0.0,-0.01135,-0.8057350000000001,SPM,310260
9095931,200,6393,2008,0.0,0.0,-0.01135,-0.8057350000000001,SPM,310270
9102457,200,6394,2008,0.0,0.0,-0.01135,-0.8057350000000001,SPM,310280
9108983,200,6395,2008,0.0,4.22245644788285e-10,-0.01135,-0.8057350000000001,SPM,310290
9115509,200,6396,2008,0.0,0.0,-0.01135,-0.8057350000000001,SPM,310310
9122035,200,6397,2008,0.0,0.0,-0.01135,-0.8057350000000001,SPM,310320
9128561,200,6398,2008,0.0,0.0,-0.01135,-0.8057350000000001,SPM,310390
9135087,200,6399,2008,0.0,0.0,-0.01135,-0.8057350000000001,SPM,310410
9141613,200,6400,2008,0.0,0.0,-0.01135,-0.8057350000000001,SPM,310420
9148139,200,6401,2008,0.0,0.0,-0.01135,-0.8057350000000001,SPM,310430
9154665,200,6402,2008,0.0,0.0,-0.01135,-0.8057350000000001,SPM,310490
9161191,200,6403,2008,0.0,0.0,-0.01135,-0.8057350000000001,SPM,310510
9167717,200,6404,2008,0.0,0.0,-0.01135,-0.8057350000000001,SPM,310520
9174243,200,6405,2008,0.0,0.0,-0.01135,-0.8057350000000001,SPM,310530
9180769,200,6406,2008,0.0,0.0,-0.01135,-0.8057350000000001,SPM,310540
9187295,200,6407,2008,0.0,0.0,-0.01135,-0.8057350000000001,SPM,310551
9193821,200,6408,2008,0.0,0.0,-0.01135,-0.8057350000000001,SPM,310559
9200347,200,6409,2008,0.0,0.0,-0.01135,-0.8057350000000001,SPM,310560
9206873,200,6410,2008,0.0,0.0,-0.01135,-0.8057350000000001,SPM,310590
9213399,200,6411,2008,0.0,0.0,-0.01135,-0.8057350000000001,SPM,320110
9219925,200,6412,2008,0.0,0.0,-0.01135,-0.8057350000000001,SPM,320120
9226451,200,6413,2008,0.0,0.0,-0.01135,-0.8057350000000001,SPM,320130
9232977,200,6414,2008,0.0,0.0,-0.01135,-0.8057350000000001,SPM,320190
9239503,200,6415,2008,0.0,0.0,-0.01135,-0.8057350000000001,SPM,320210
9246029,200,6416,2008,0.0,0.0,-0.01135,-0.8057350000000001,SPM,320290
9252555,200,6417,2008,0.0,0.0,-0.01135,-0.8057350000000001,SPM,320300
9259081,200,6418,2008,0.0,0.0,-0.01135,-0.8057350000000001,SPM,320411
9265607,200,6419,2008,0.0,0.0,-0.01135,-0.8057350000000001,SPM,320412
9272133,200,6420,2008,0.0,0.0,-0.01135,-0.8057350000000001,SPM,320413
9278659,200,6421,2008,0.0,0.0,-0.01135,-0.8057350000000001,SPM,320414
9285185,200,6422,2008,0.0,0.0,-0.01135,-0.8057350000000001,SPM,320415
9291711,200,6423,2008,0.0,0.0,-0.01135,-0.8057350000000001,SPM,320416
9298237,200,6424,2008,0.0,0.0,-0.01135,-0.8057350000000001,SPM,320417
9304763,200,6425,2008,0.0,0.0,-0.01135,-0.8057350000000001,SPM,320419
9311289,200,6426,2008,0.0,0.0,-0.01135,-0.8057350000000001,SPM,320420
9317815,200,6427,2008,0.0,0.0,-0.01135,-0.8057350000000001,SPM,320490
9324341,200,6428,2008,0.0,0.0,-0.01135,-0.8057350000000001,SPM,320500
9330867,200,6429,2008,0.0,0.0,-0.01135,-0.8057350000000001,SPM,320610
9337393,200,6430,2008,0.0,0.0,-0.01135,-0.8057350000000001,SPM,320620
9343919,200,6431,2008,0.0,0.0,-0.01135,-0.8057350000000001,SPM,320630
9350445,200,6432,2008,0.0,0.0,-0.01135,-0.8057350000000001,SPM,320641
9356971,200,6433,2008,0.0,0.0,-0.01135,-0.8057350000000001,SPM,320642
9363497,200,6434,2008,0.0,0.0,-0.01135,-0.8057350000000001,SPM,320643
9370023,200,6435,2008,0.0,0.0,-0.01135,-0.8057350000000001,SPM,320649
9376549,200,6436,2008,0.0,0.0,-0.01135,-0.8057350000000001,SPM,320650
9383075,200,6437,2008,0.0,0.0,-0.01135,-0.8057350000000001,SPM,320710
9389601,200,6438,2008,0.0,0.0,-0.01135,-0.8057350000000001,SPM,320720
9396127,200,6439,2008,0.0,0.0,-0.01135,-0.8057350000000001,SPM,320730
9402653,200,6440,2008,0.0,0.0,-0.01135,-0.8057350000000001,SPM,320740
9409179,200,6441,2008,0.0,3.422377180599553e-09,-0.01135,-0.8057350000000001,SPM,320810
9415705,200,6442,2008,0.0,8.268921971603549e-09,-0.01135,-0.8057350000000001,SPM,320820
9422231,200,6443,2008,0.0,6.819234020030584e-09,-0.01135,-0.8057350000000001,SPM,320890
9428757,200,6444,2008,0.0,1.198428592613783e-08,-0.01135,-0.8057350000000001,SPM,320910
9435283,200,6445,2008,0.0,1.3930129081987142e-09,-0.01135,-0.8057350000000001,SPM,320990
9441809,200,6446,2008,0.0,0.0,-0.01135,-0.8057350000000001,SPM,321000
9448335,200,6447,2008,0.0,0.0,-0.01135,-0.8057350000000001,SPM,321100
9454861,200,6448,2008,0.0,0.0,-0.01135,-0.8057350000000001,SPM,321210
9461387,200,6449,2008,0.0,3.43497163468272e-09,-0.01135,-0.8057350000000001,SPM,321290
9467913,200,6450,2008,0.0,0.0,-0.01135,-0.8057350000000001,SPM,321310
9474439,200,6451,2008,0.0,0.0,-0.01135,-0.8057350000000001,SPM,321390
9480965,200,6452,2008,0.0,3.5483217214312237e-09,-0.01135,-0.8057350000000001,SPM,321410
9487491,200,6453,2008,0.0,2.4605586082482165e-08,-0.01135,-0.8057350000000001,SPM,321490
9494017,200,6454,2008,0.0,0.0,-0.01135,-0.8057350000000001,SPM,321511
9500543,200,6455,2008,0.0,0.0,-0.01135,-0.8057350000000001,SPM,321519
9507069,200,6456,2008,0.0,1.5156099757082798e-08,-0.01135,-0.8057350000000001,SPM,321590
9513595,200,6457,2008,0.0,0.0,-0.01135,-0.8057350000000001,SPM,330111
9520121,200,6458,2008,0.0,0.0,-0.01135,-0.8057350000000001,SPM,330112
9526647,200,6459,2008,0.0,0.0,-0.01135,-0.8057350000000001,SPM,330113
9533173,200,6460,2008,0.0,0.0,-0.01135,-0.8057350000000001,SPM,330114
9539699,200,6461,2008,0.0,0.0,-0.01135,-0.8057350000000001,SPM,330119
9546225,200,6462,2008,0.0,0.0,-0.01135,-0.8057350000000001,SPM,330121
9552751,200,6463,2008,0.0,0.0,-0.01135,-0.8057350000000001,SPM,330122
9559277,200,6464,2008,0.0,0.0,-0.01135,-0.8057350000000001,SPM,330123
9565803,200,6465,2008,0.0,0.0,-0.01135,-0.8057350000000001,SPM,330124
9572329,200,6466,2008,0.0,0.0,-0.01135,-0.8057350000000001,SPM,330125
9578855,200,6467,2008,0.0,0.0,-0.01135,-0.8057350000000001,SPM,330126
9585381,200,6468,2008,0.0,0.0,-0.01135,-0.8057350000000001,SPM,330129
9591907,200,6469,2008,0.0,0.0,-0.01135,-0.8057350000000001,SPM,330130
9598433,200,6470,2008,0.0,0.0,-0.01135,-0.8057350000000001,SPM,330190
9604959,200,6471,2008,0.0,0.0,-0.01135,-0.8057350000000001,SPM,330210
9611485,200,6472,2008,0.0,0.0,-0.01135,-0.8057350000000001,SPM,330290
9618011,200,6473,2008,0.0,4.5538563067712374e-08,-0.01135,-0.8057350000000001,SPM,330300
9624537,200,6474,2008,0.0,0.0,-0.01135,-0.8057350000000001,SPM,330410
9631063,200,6475,2008,0.0,0.0,-0.01135,-0.8057350000000001,SPM,330420
9637589,200,6476,2008,0.0,0.0,-0.01135,-0.8057350000000001,SPM,330430
9644115,200,6477,2008,0.0,6.761233244647578e-10,-0.01135,-0.8057350000000001,SPM,330491
9650641,200,6478,2008,0.0,5.1487785456997865e-08,-0.01135,-0.8057350000000001,SPM,330499
9657167,200,6479,2008,0.0,8.943056698055175e-09,-0.01135,-0.8057350000000001,SPM,330510
9663693,200,6480,2008,0.0,0.0,-0.01135,-0.8057350000000001,SPM,330520
9670219,200,6481,2008,0.0,0.0,-0.01135,-0.8057350000000001,SPM,330530
9676745,200,6482,2008,0.0,7.470831302333384e-09,-0.01135,-0.8057350000000001,SPM,330590
9683271,200,6483,2008,0.0,2.4837589184014187e-09,-0.01135,-0.8057350000000001,SPM,330610
9689797,200,6484,2008,0.0,2.1165311519764425e-09,-0.01135,-0.8057350000000001,SPM,330690
9696323,200,6485,2008,0.0,4.891951112303836e-10,-0.01135,-0.8057350000000001,SPM,330710
9702849,200,6486,2008,0.0,2.192097876475445e-09,-0.01135,-0.8057350000000001,SPM,330720
9709375,200,6487,2008,0.0,3.794907875059547e-10,-0.01135,-0.8057350000000001,SPM,330730
9715901,200,6488,2008,0.0,3.422377180599553e-09,-0.01135,-0.8057350000000001,SPM,330741
9722427,200,6489,2008,0.0,3.2613007415358902e-09,-0.01135,-0.8057350000000001,SPM,330749
9728953,200,6490,2008,0.0,4.400104537055943e-09,-0.01135,-0.8057350000000001,SPM,330790
9735479,200,6491,2008,0.0,3.0176974849272642e-09,-0.01135,-0.8057350000000001,SPM,340111
9742005,200,6492,2008,0.0,0.0,-0.01135,-0.8057350000000001,SPM,340119
9748531,200,6493,2008,0.0,9.260238081149672e-10,-0.01135,-0.8057350000000001,SPM,340120
9755057,200,6494,2008,0.0,0.0,-0.01135,-0.8057350000000001,SPM,340211
9761583,200,6495,2008,0.0,0.0,-0.01135,-0.8057350000000001,SPM,340212
9768109,200,6496,2008,0.0,0.0,-0.01135,-0.8057350000000001,SPM,340213
9774635,200,6497,2008,0.0,0.0,-0.01135,-0.8057350000000001,SPM,340219
9781161,200,6498,2008,0.0,1.3456411891958965e-07,-0.01135,-0.8057350000000001,SPM,340220
9787687,200,6499,2008,0.0,7.328679687694691e-08,-0.01135,-0.8057350000000001,SPM,340290
9794213,200,6500,2008,0.0,0.0,-0.01135,-0.8057350000000001,SPM,340311
9800739,200,6501,2008,0.0,4.400104537055943e-09,-0.01135,-0.8057350000000001,SPM,340319
9807265,200,6502,2008,0.0,0.0,-0.01135,-0.8057350000000001,SPM,340391
9813791,200,6503,2008,0.0,0.0,-0.01135,-0.8057350000000001,SPM,340399
9820317,200,6504,2008,0.0,0.0,-0.01135,-0.8057350000000001,SPM,340410
9826843,200,6505,2008,0.0,0.0,-0.01135,-0.8057350000000001,SPM,340420
9833369,200,6506,2008,0.0,0.0,-0.01135,-0.8057350000000001,SPM,340490
9839895,200,6507,2008,0.0,0.0,-0.01135,-0.8057350000000001,SPM,340510
9846421,200,6508,2008,0.0,0.0,-0.01135,-0.8057350000000001,SPM,340520
9852947,200,6509,2008,0.0,0.0,-0.01135,-0.8057350000000001,SPM,340530
9859473,200,6510,2008,0.0,0.0,-0.01135,-0.8057350000000001,SPM,340540
9865999,200,6511,2008,0.0,1.105660495301192e-09,-0.01135,-0.8057350000000001,SPM,340590
9872525,200,6512,2008,0.0,5.631378140186617e-09,-0.01135,-0.8057350000000001,SPM,340600
9879051,200,6513,2008,0.0,0.0,-0.01135,-0.8057350000000001,SPM,340700
9885577,200,6514,2008,0.0,0.0,-0.01135,-0.8057350000000001,SPM,350110
9892103,200,6515,2008,0.0,0.0,-0.01135,-0.8057350000000001,SPM,350190
9898629,200,6516,2008,0.0,0.0,-0.01135,-0.8057350000000001,SPM,350210
9905155,200,6517,2008,0.0,0.0,-0.01135,-0.8057350000000001,SPM,350290
9911681,200,6518,2008,0.0,0.0,-0.01135,-0.8057350000000001,SPM,350300
9918207,200,6519,2008,0.0,0.0,-0.01135,-0.8057350000000001,SPM,350400
9924733,200,6520,2008,0.0,0.0,-0.01135,-0.8057350000000001,SPM,350510
9931259,200,6521,2008,0.0,0.0,-0.01135,-0.8057350000000001,SPM,350520
9937785,200,6522,2008,0.0,1.0817973191436124e-09,-0.01135,-0.8057350000000001,SPM,350610
9944311,200,6523,2008,3.80432698569926e-09,1.295240172553075e-09,-0.01135,-0.8057350000000001,SPM,350691
9950837,200,6524,2008,0.0,6.907726631614942e-09,-0.01135,-0.8057350000000001,SPM,350699
9957363,200,6525,2008,0.0,0.0,-0.01135,-0.8057350000000001,SPM,350710
9963889,200,6526,2008,0.0,7.072747123404649e-08,-0.01135,-0.8057350000000001,SPM,350790
9970415,200,6527,2008,0.0,0.0,-0.01135,-0.8057350000000001,SPM,360100
9976941,200,6528,2008,0.0,0.0,-0.01135,-0.8057350000000001,SPM,360200
9983467,200,6529,2008,0.0,0.0,-0.01135,-0.8057350000000001,SPM,360300
9989993,200,6530,2008,0.0,1.495094272872805e-09,-0.01135,-0.8057350000000001,SPM,360410
9996519,200,6531,2008,0.0,1.4818369527852606e-09,-0.01135,-0.8057350000000001,SPM,360490
10003045,200,6532,2008,0.0,0.0,-0.01135,-0.8057350000000001,SPM,360500
10009571,200,6533,2008,0.0,0.0,-0.01135,-0.8057350000000001,SPM,360610
10016097,200,6534,2008,0.0,0.0,-0.01135,-0.8057350000000001,SPM,360690
10022623,200,6535,2008,0.0,1.4665910346845848e-09,-0.01135,-0.8057350000000001,SPM,370110
10029149,200,6536,2008,0.0,0.0,-0.01135,-0.8057350000000001,SPM,370120
10035675,200,6537,2008,0.0,0.0,-0.01135,-0.8057350000000001,SPM,370130
10042201,200,6538,2008,0.0,0.0,-0.01135,-0.8057350000000001,SPM,370191
10048727,200,6539,2008,0.0,9.777273564563898e-10,-0.01135,-0.8057350000000001,SPM,370199
10055253,200,6540,2008,0.0,0.0,-0.01135,-0.8057350000000001,SPM,370210
10061779,200,6541,2008,0.0,0.0,-0.01135,-0.8057350000000001,SPM,370220
10068305,200,6542,2008,0.0,0.0,-0.01135,-0.8057350000000001,SPM,370231
10074831,200,6543,2008,0.0,0.0,-0.01135,-0.8057350000000001,SPM,370232
10081357,200,6544,2008,0.0,0.0,-0.01135,-0.8057350000000001,SPM,370239
10087883,200,6545,2008,0.0,0.0,-0.01135,-0.8057350000000001,SPM,370241
10094409,200,6546,2008,0.0,0.0,-0.01135,-0.8057350000000001,SPM,370242
10100935,200,6547,2008,0.0,0.0,-0.01135,-0.8057350000000001,SPM,370243
10107461,200,6548,2008,0.0,0.0,-0.01135,-0.8057350000000001,SPM,370244
10113987,200,6549,2008,0.0,0.0,-0.01135,-0.8057350000000001,SPM,370251
10120513,200,6550,2008,0.0,0.0,-0.01135,-0.8057350000000001,SPM,370252
10127039,200,6551,2008,0.0,0.0,-0.01135,-0.8057350000000001,SPM,370253
10133565,200,6552,2008,0.0,0.0,-0.01135,-0.8057350000000001,SPM,370254
10140091,200,6553,2008,0.0,0.0,-0.01135,-0.8057350000000001,SPM,370255
10146617,200,6554,2008,0.0,0.0,-0.01135,-0.8057350000000001,SPM,370256
10153143,200,6555,2008,0.0,0.0,-0.01135,-0.8057350000000001,SPM,370291
10159669,200,6556,2008,0.0,0.0,-0.01135,-0.8057350000000001,SPM,370292
10166195,200,6557,2008,0.0,0.0,-0.01135,-0.8057350000000001,SPM,370293
10172721,200,6558,2008,0.0,0.0,-0.01135,-0.8057350000000001,SPM,370294
10179247,200,6559,2008,0.0,0.0,-0.01135,-0.8057350000000001,SPM,370295
10185773,200,6560,2008,0.0,0.0,-0.01135,-0.8057350000000001,SPM,370310
10192299,200,6561,2008,0.0,0.0,-0.01135,-0.8057350000000001,SPM,370320
10198825,200,6562,2008,0.0,0.0,-0.01135,-0.8057350000000001,SPM,370390
10205351,200,6563,2008,0.0,0.0,-0.01135,-0.8057350000000001,SPM,370400
10211877,200,6564,2008,0.0,0.0,-0.01135,-0.8057350000000001,SPM,370510
10218403,200,6565,2008,0.0,0.0,-0.01135,-0.8057350000000001,SPM,370520
10224929,200,6566,2008,0.0,0.0,-0.01135,-0.8057350000000001,SPM,370590
10231455,200,6567,2008,0.0,0.0,-0.01135,-0.8057350000000001,SPM,370610
10237981,200,6568,2008,0.0,0.0,-0.01135,-0.8057350000000001,SPM,370690
10244507,200,6569,2008,0.0,0.0,-0.01135,-0.8057350000000001,SPM,370710
10251033,200,6570,2008,0.0,2.4446498241431635e-09,-0.01135,-0.8057350000000001,SPM,370790
10257559,200,6571,2008,0.0,0.0,-0.01135,-0.8057350000000001,SPM,380110
10264085,200,6572,2008,0.0,0.0,-0.01135,-0.8057350000000001,SPM,380120
10270611,200,6573,2008,0.0,0.0,-0.01135,-0.8057350000000001,SPM,380130
10277137,200,6574,2008,0.0,0.0,-0.01135,-0.8057350000000001,SPM,380190
10283663,200,6575,2008,0.0,0.0,-0.01135,-0.8057350000000001,SPM,380210
10290189,200,6576,2008,0.0,0.0,-0.01135,-0.8057350000000001,SPM,380290
10296715,200,6577,2008,0.0,0.0,-0.01135,-0.8057350000000001,SPM,380300
10303241,200,6578,2008,0.0,0.0,-0.01135,-0.8057350000000001,SPM,380400
10309767,200,6579,2008,0.0,0.0,-0.01135,-0.8057350000000001,SPM,380510
10316293,200,6580,2008,0.0,0.0,-0.01135,-0.8057350000000001,SPM,380520
10322819,200,6581,2008,0.0,0.0,-0.01135,-0.8057350000000001,SPM,380590
10329345,200,6582,2008,0.0,0.0,-0.01135,-0.8057350000000001,SPM,380610
10335871,200,6583,2008,0.0,0.0,-0.01135,-0.8057350000000001,SPM,380620
10342397,200,6584,2008,0.0,0.0,-0.01135,-0.8057350000000001,SPM,380630
10348923,200,6585,2008,0.0,0.0,-0.01135,-0.8057350000000001,SPM,380690
10355449,200,6586,2008,0.0,0.0,-0.01135,-0.8057350000000001,SPM,380700
10361975,200,6587,2008,0.0,3.421714314595176e-09,-0.01135,-0.8057350000000001,SPM,380810
10368501,200,6588,2008,0.0,1.2177511366413788e-08,-0.01135,-0.8057350000000001,SPM,380820
10375027,200,6589,2008,0.0,6.844754361199106e-09,-0.01135,-0.8057350000000001,SPM,380830
10381553,200,6590,2008,0.0,2.4446498241431635e-09,-0.01135,-0.8057350000000001,SPM,380840
10388079,200,6591,2008,0.0,4.888636782281949e-10,-0.01135,-0.8057350000000001,SPM,380890
10394605,200,6592,2008,0.0,0.0,-0.01135,-0.8057350000000001,SPM,380910
10401131,200,6593,2008,0.0,0.0,-0.01135,-0.8057350000000001,SPM,380991
10407657,200,6594,2008,0.0,0.0,-0.01135,-0.8057350000000001,SPM,380992
10414183,200,6595,2008,0.0,0.0,-0.01135,-0.8057350000000001,SPM,380993
10420709,200,6596,2008,0.0,0.0,-0.01135,-0.8057350000000001,SPM,380999
10427235,200,6597,2008,0.0,0.0,-0.01135,-0.8057350000000001,SPM,381010
10433761,200,6598,2008,0.0,0.0,-0.01135,-0.8057350000000001,SPM,381090
10440287,200,6599,2008,0.0,0.0,-0.01135,-0.8057350000000001,SPM,381111
10446813,200,6600,2008,0.0,0.0,-0.01135,-0.8057350000000001,SPM,381119
10453339,200,6601,2008,0.0,0.0,-0.01135,-0.8057350000000001,SPM,381121
10459865,200,6602,2008,0.0,0.0,-0.01135,-0.8057350000000001,SPM,381129
10466391,200,6603,2008,0.0,0.0,-0.01135,-0.8057350000000001,SPM,381190
10472917,200,6604,2008,0.0,0.0,-0.01135,-0.8057350000000001,SPM,381210
10479443,200,6605,2008,0.0,0.0,-0.01135,-0.8057350000000001,SPM,381220
10485969,200,6606,2008,0.0,0.0,-0.01135,-0.8057350000000001,SPM,381230
10492495,200,6607,2008,0.0,4.888636782281949e-10,-0.01135,-0.8057350000000001,SPM,381300
10499021,200,6608,2008,0.0,0.0,-0.01135,-0.8057350000000001,SPM,381400
10505547,200,6609,2008,0.0,0.0,-0.01135,-0.8057350000000001,SPM,381511
10512073,200,6610,2008,0.0,0.0,-0.01135,-0.8057350000000001,SPM,381512
10518599,200,6611,2008,0.0,0.0,-0.01135,-0.8057350000000001,SPM,381519
10525125,200,6612,2008,0.0,0.0,-0.01135,-0.8057350000000001,SPM,381590
10531651,200,6613,2008,0.0,0.0,-0.01135,-0.8057350000000001,SPM,381600
10538177,200,6614,2008,0.0,0.0,-0.01135,-0.8057350000000001,SPM,381710
10544703,200,6615,2008,0.0,0.0,-0.01135,-0.8057350000000001,SPM,381720
10551229,200,6616,2008,0.0,0.0,-0.01135,-0.8057350000000001,SPM,381800
10557755,200,6617,2008,0.0,0.0,-0.01135,-0.8057350000000001,SPM,381900
10564281,200,6618,2008,0.0,6.55375618527751e-09,-0.01135,-0.8057350000000001,SPM,382000
10570807,200,6619,2008,0.0,3.92748107593499e-10,-0.01135,-0.8057350000000001,SPM,382100
10577333,200,6620,2008,0.0,2.835541906924406e-08,-0.01135,-0.8057350000000001,SPM,382200
10583859,200,6621,2008,0.0,0.0,-0.01135,-0.8057350000000001,SPM,382310
10590385,200,6622,2008,0.0,0.0,-0.01135,-0.8057350000000001,SPM,382320
10596911,200,6623,2008,0.0,0.0,-0.01135,-0.8057350000000001,SPM,382330
10603437,200,6624,2008,0.0,2.868552633942391e-09,-0.01135,-0.8057350000000001,SPM,382340
10609963,200,6625,2008,0.0,7.062174410634832e-09,-0.01135,-0.8057350000000001,SPM,382350
10616489,200,6626,2008,0.0,0.0,-0.01135,-0.8057350000000001,SPM,382360
10623015,200,6627,2008,4.599496175636719e-09,1.623060555017826e-08,-0.01135,-0.8057350000000001,SPM,382390
10629541,200,6628,2008,0.0,0.0,-0.01135,-0.8057350000000001,SPM,390110
10636067,200,6629,2008,0.0,0.0,-0.01135,-0.8057350000000001,SPM,390120
10642593,200,6630,2008,0.0,0.0,-0.01135,-0.8057350000000001,SPM,390130
10649119,200,6631,2008,0.0,0.0,-0.01135,-0.8057350000000001,SPM,390190
10655645,200,6632,2008,0.0,0.0,-0.01135,-0.8057350000000001,SPM,390210
10662171,200,6633,2008,0.0,0.0,-0.01135,-0.8057350000000001,SPM,390220
10668697,200,6634,2008,0.0,0.0,-0.01135,-0.8057350000000001,SPM,390230
10675223,200,6635,2008,0.0,0.0,-0.01135,-0.8057350000000001,SPM,390290
10681749,200,6636,2008,0.0,0.0,-0.01135,-0.8057350000000001,SPM,390311
10688275,200,6637,2008,0.0,0.0,-0.01135,-0.8057350000000001,SPM,390319
10694801,200,6638,2008,0.0,0.0,-0.01135,-0.8057350000000001,SPM,390320
10701327,200,6639,2008,0.0,0.0,-0.01135,-0.8057350000000001,SPM,390330
10707853,200,6640,2008,0.0,0.0,-0.01135,-0.8057350000000001,SPM,390390
10714379,200,6641,2008,0.0,0.0,-0.01135,-0.8057350000000001,SPM,390410
10720905,200,6642,2008,0.0,0.0,-0.01135,-0.8057350000000001,SPM,390421
10727431,200,6643,2008,0.0,0.0,-0.01135,-0.8057350000000001,SPM,390422
10733957,200,6644,2008,0.0,0.0,-0.01135,-0.8057350000000001,SPM,390430
10740483,200,6645,2008,0.0,0.0,-0.01135,-0.8057350000000001,SPM,390440
10747009,200,6646,2008,0.0,0.0,-0.01135,-0.8057350000000001,SPM,390450
10753535,200,6647,2008,0.0,0.0,-0.01135,-0.8057350000000001,SPM,390461
10760061,200,6648,2008,0.0,0.0,-0.01135,-0.8057350000000001,SPM,390469
10766587,200,6649,2008,0.0,0.0,-0.01135,-0.8057350000000001,SPM,390490
10773113,200,6650,2008,0.0,0.0,-0.01135,-0.8057350000000001,SPM,390511
10779639,200,6651,2008,0.0,0.0,-0.01135,-0.8057350000000001,SPM,390519
10786165,200,6652,2008,0.0,0.0,-0.01135,-0.8057350000000001,SPM,390520
10792691,200,6653,2008,0.0,0.0,-0.01135,-0.8057350000000001,SPM,390590
10799217,200,6654,2008,0.0,0.0,-0.01135,-0.8057350000000001,SPM,390610
10805743,200,6655,2008,0.0,0.0,-0.01135,-0.8057350000000001,SPM,390690
10812269,200,6656,2008,0.0,0.0,-0.01135,-0.8057350000000001,SPM,390710
10818795,200,6657,2008,0.0,0.0,-0.01135,-0.8057350000000001,SPM,390720
10825321,200,6658,2008,0.0,2.4446498241431635e-09,-0.01135,-0.8057350000000001,SPM,390730
10831847,200,6659,2008,0.0,3.074703961303705e-09,-0.01135,-0.8057350000000001,SPM,390740
10838373,200,6660,2008,0.0,0.0,-0.01135,-0.8057350000000001,SPM,390750
10844899,200,6661,2008,0.0,0.0,-0.01135,-0.8057350000000001,SPM,390760
10851425,200,6662,2008,0.0,0.0,-0.01135,-0.8057350000000001,SPM,390791
10857951,200,6663,2008,0.0,0.0,-0.01135,-0.8057350000000001,SPM,390799
10864477,200,6664,2008,0.0,0.0,-0.01135,-0.8057350000000001,SPM,390810
10871003,200,6665,2008,0.0,0.0,-0.01135,-0.8057350000000001,SPM,390890
10877529,200,6666,2008,0.0,0.0,-0.01135,-0.8057350000000001,SPM,390910
10884055,200,6667,2008,0.0,0.0,-0.01135,-0.8057350000000001,SPM,390920
10890581,200,6668,2008,0.0,0.0,-0.01135,-0.8057350000000001,SPM,390930
10897107,200,6669,2008,0.0,0.0,-0.01135,-0.8057350000000001,SPM,390940
10903633,200,6670,2008,0.0,0.0,-0.01135,-0.8057350000000001,SPM,390950
10910159,200,6671,2008,0.0,0.0,-0.01135,-0.8057350000000001,SPM,391000
10916685,200,6672,2008,0.0,0.0,-0.01135,-0.8057350000000001,SPM,391110
10923211,200,6673,2008,0.0,0.0,-0.01135,-0.8057350000000001,SPM,391190
10929737,200,6674,2008,0.0,0.0,-0.01135,-0.8057350000000001,SPM,391211
10936263,200,6675,2008,0.0,0.0,-0.01135,-0.8057350000000001,SPM,391212
10942789,200,6676,2008,0.0,0.0,-0.01135,-0.8057350000000001,SPM,391220
10949315,200,6677,2008,0.0,0.0,-0.01135,-0.8057350000000001,SPM,391231
10955841,200,6678,2008,0.0,0.0,-0.01135,-0.8057350000000001,SPM,391239
10962367,200,6679,2008,0.0,0.0,-0.01135,-0.8057350000000001,SPM,391290
10968893,200,6680,2008,0.0,0.0,-0.01135,-0.8057350000000001,SPM,391310
10975419,200,6681,2008,0.0,0.0,-0.01135,-0.8057350000000001,SPM,391390
10981945,200,6682,2008,0.0,0.0,-0.01135,-0.8057350000000001,SPM,391400
10988471,200,6683,2008,0.0,0.0,-0.01135,-0.8057350000000001,SPM,391510
10994997,200,6684,2008,0.0,0.0,-0.01135,-0.8057350000000001,SPM,391520
11001523,200,6685,2008,0.0,0.0,-0.01135,-0.8057350000000001,SPM,391530
11008049,200,6686,2008,0.0,0.0,-0.01135,-0.8057350000000001,SPM,391590
11014575,200,6687,2008,0.0,0.0,-0.01135,-0.8057350000000001,SPM,391610
11021101,200,6688,2008,0.0,0.0,-0.01135,-0.8057350000000001,SPM,391620
11027627,200,6689,2008,0.0,2.047924520523401e-09,-0.01135,-0.8057350000000001,SPM,391690
11034153,200,6690,2008,0.0,0.0,-0.01135,-0.8057350000000001,SPM,391710
11040679,200,6691,2008,0.0,2.4446498241431635e-09,-0.01135,-0.8057350000000001,SPM,391721
11047205,200,6692,2008,0.0,0.0,-0.01135,-0.8057350000000001,SPM,391722
11053731,200,6693,2008,0.0,3.422377180599553e-09,-0.01135,-0.8057350000000001,SPM,391723
11060257,200,6694,2008,0.0,0.0,-0.01135,-0.8057350000000001,SPM,391729
11066783,200,6695,2008,0.0,0.0,-0.01135,-0.8057350000000001,SPM,391731
11073309,200,6696,2008,0.0,0.0,-0.01135,-0.8057350000000001,SPM,391732
11079835,200,6697,2008,0.0,9.85350315506728e-10,-0.01135,-0.8057350000000001,SPM,391733
11086361,200,6698,2008,0.0,9.066349774869337e-09,-0.01135,-0.8057350000000001,SPM,391739
11092887,200,6699,2008,0.0,1.2711449932939634e-08,-0.01135,-0.8057350000000001,SPM,391740
11099413,200,6700,2008,0.0,3.723020056884838e-08,-0.01135,-0.8057350000000001,SPM,391810
11105939,200,6701,2008,0.0,4.888636782281949e-10,-0.01135,-0.8057350000000001,SPM,391890
11112465,200,6702,2008,0.0,7.672674000666246e-10,-0.01135,-0.8057350000000001,SPM,391910
11118991,200,6703,2008,0.0,5.866695571740528e-09,-0.01135,-0.8057350000000001,SPM,391990
11125517,200,6704,2008,0.0,1.2451937892225954e-09,-0.01135,-0.8057350000000001,SPM,392010
11132043,200,6705,2008,0.0,0.0,-0.01135,-0.8057350000000001,SPM,392020
11138569,200,6706,2008,0.0,0.0,-0.01135,-0.8057350000000001,SPM,392030
11145095,200,6707,2008,0.0,0.0,-0.01135,-0.8057350000000001,SPM,392041
11151621,200,6708,2008,0.0,0.0,-0.01135,-0.8057350000000001,SPM,392042
11158147,200,6709,2008,0.0,0.0,-0.01135,-0.8057350000000001,SPM,392051
11164673,200,6710,2008,0.0,0.0,-0.01135,-0.8057350000000001,SPM,392059
11171199,200,6711,2008,0.0,0.0,-0.01135,-0.8057350000000001,SPM,392061
11177725,200,6712,2008,0.0,0.0,-0.01135,-0.8057350000000001,SPM,392062
11184251,200,6713,2008,0.0,0.0,-0.01135,-0.8057350000000001,SPM,392063
11190777,200,6714,2008,0.0,0.0,-0.01135,-0.8057350000000001,SPM,392069
11197303,200,6715,2008,0.0,0.0,-0.01135,-0.8057350000000001,SPM,392071
11203829,200,6716,2008,0.0,0.0,-0.01135,-0.8057350000000001,SPM,392072
11210355,200,6717,2008,0.0,0.0,-0.01135,-0.8057350000000001,SPM,392073
11216881,200,6718,2008,0.0,8.845946828413914e-10,-0.01135,-0.8057350000000001,SPM,392079
11223407,200,6719,2008,0.0,0.0,-0.01135,-0.8057350000000001,SPM,392091
11229933,200,6720,2008,0.0,0.0,-0.01135,-0.8057350000000001,SPM,392092
11236459,200,6721,2008,0.0,0.0,-0.01135,-0.8057350000000001,SPM,392093
11242985,200,6722,2008,0.0,0.0,-0.01135,-0.8057350000000001,SPM,392094
11249511,200,6723,2008,0.0,0.0,-0.01135,-0.8057350000000001,SPM,392099
11256037,200,6724,2008,0.0,0.0,-0.01135,-0.8057350000000001,SPM,392111
11262563,200,6725,2008,0.0,0.0,-0.01135,-0.8057350000000001,SPM,392112
11269089,200,6726,2008,0.0,2.5468969053183486e-08,-0.01135,-0.8057350000000001,SPM,392113
11275615,200,6727,2008,0.0,0.0,-0.01135,-0.8057350000000001,SPM,392114
11282141,200,6728,2008,0.0,2.2794967591525806e-08,-0.01135,-0.8057350000000001,SPM,392119
11288667,200,6729,2008,8.642919384987143e-09,9.089218652020351e-09,-0.01135,-0.8057350000000001,SPM,392190
11295193,200,6730,2008,0.0,1.6676714371124127e-08,-0.01135,-0.8057350000000001,SPM,392210
11301719,200,6731,2008,0.0,0.0,-0.01135,-0.8057350000000001,SPM,392220
11308245,200,6732,2008,0.0,5.866695571740528e-09,-0.01135,-0.8057350000000001,SPM,392290
11314771,200,6733,2008,0.0,1.3847933697444367e-08,-0.01135,-0.8057350000000001,SPM,392310
11321297,200,6734,2008,0.0,1.4694413585034068e-08,-0.01135,-0.8057350000000001,SPM,392321
11327823,200,6735,2008,0.0,3.136449929611442e-08,-0.01135,-0.8057350000000001,SPM,392329
11334349,200,6736,2008,0.0,1.1954788388943045e-09,-0.01135,-0.8057350000000001,SPM,392330
11340875,200,6737,2008,0.0,0.0,-0.01135,-0.8057350000000001,SPM,392340
11347401,200,6738,2008,0.0,0.0,-0.01135,-0.8057350000000001,SPM,392350
11353927,200,6739,2008,1.5542769722519919e-09,6.526910112100233e-09,-0.01135,-0.8057350000000001,SPM,392390
11360453,200,6740,2008,0.0,5.854565123860425e-08,-0.01135,-0.8057350000000001,SPM,392410
11366979,200,6741,2008,9.76991413246329e-10,4.04122888228612e-08,-0.01135,-0.8057350000000001,SPM,392490
11373505,200,6742,2008,0.0,0.0,-0.01135,-0.8057350000000001,SPM,392510
11380031,200,6743,2008,0.0,1.0356320162687614e-07,-0.01135,-0.8057350000000001,SPM,392520
11386557,200,6744,2008,0.0,7.537449335773294e-09,-0.01135,-0.8057350000000001,SPM,392530
11393083,200,6745,2008,0.0,4.164720818901595e-08,-0.01135,-0.8057350000000001,SPM,392590
11399609,200,6746,2008,0.0,6.844621787998231e-08,-0.01135,-0.8057350000000001,SPM,392610
11406135,200,6747,2008,0.0,0.0,-0.01135,-0.8057350000000001,SPM,392620
11412661,200,6748,2008,0.0,0.0,-0.01135,-0.8057350000000001,SPM,392630
11419187,200,6749,2008,0.0,1.3689177289396024e-08,-0.01135,-0.8057350000000001,SPM,392640
11425713,200,6750,2008,0.0,2.811049008062668e-08,-0.01135,-0.8057350000000001,SPM,392690
11432239,200,6751,2008,0.0,0.0,-0.01135,-0.8057350000000001,SPM,400110
11438765,200,6752,2008,0.0,0.0,-0.01135,-0.8057350000000001,SPM,400121
11445291,200,6753,2008,0.0,0.0,-0.01135,-0.8057350000000001,SPM,400122
11451817,200,6754,2008,0.0,0.0,-0.01135,-0.8057350000000001,SPM,400129
11458343,200,6755,2008,0.0,0.0,-0.01135,-0.8057350000000001,SPM,400130
11464869,200,6756,2008,0.0,0.0,-0.01135,-0.8057350000000001,SPM,400211
11471395,200,6757,2008,0.0,0.0,-0.01135,-0.8057350000000001,SPM,400219
11477921,200,6758,2008,0.0,0.0,-0.01135,-0.8057350000000001,SPM,400220
11484447,200,6759,2008,0.0,0.0,-0.01135,-0.8057350000000001,SPM,400231
11490973,200,6760,2008,0.0,0.0,-0.01135,-0.8057350000000001,SPM,400239
11497499,200,6761,2008,0.0,0.0,-0.01135,-0.8057350000000001,SPM,400241
11504025,200,6762,2008,0.0,0.0,-0.01135,-0.8057350000000001,SPM,400249
11510551,200,6763,2008,0.0,0.0,-0.01135,-0.8057350000000001,SPM,400251
11517077,200,6764,2008,0.0,0.0,-0.01135,-0.8057350000000001,SPM,400259
11523603,200,6765,2008,0.0,0.0,-0.01135,-0.8057350000000001,SPM,400260
11530129,200,6766,2008,0.0,0.0,-0.01135,-0.8057350000000001,SPM,400270
11536655,200,6767,2008,0.0,0.0,-0.01135,-0.8057350000000001,SPM,400280
11543181,200,6768,2008,0.0,0.0,-0.01135,-0.8057350000000001,SPM,400291
11549707,200,6769,2008,0.0,0.0,-0.01135,-0.8057350000000001,SPM,400299
11556233,200,6770,2008,0.0,0.0,-0.01135,-0.8057350000000001,SPM,400300
11562759,200,6771,2008,0.0,0.0,-0.01135,-0.8057350000000001,SPM,400400
11569285,200,6772,2008,0.0,0.0,-0.01135,-0.8057350000000001,SPM,400510
11575811,200,6773,2008,0.0,0.0,-0.01135,-0.8057350000000001,SPM,400520
11582337,200,6774,2008,0.0,0.0,-0.01135,-0.8057350000000001,SPM,400591
11588863,200,6775,2008,0.0,0.0,-0.01135,-0.8057350000000001,SPM,400599
11595389,200,6776,2008,0.0,0.0,-0.01135,-0.8057350000000001,SPM,400610
11601915,200,6777,2008,0.0,0.0,-0.01135,-0.8057350000000001,SPM,400690
11608441,200,6778,2008,0.0,0.0,-0.01135,-0.8057350000000001,SPM,400700
11614967,200,6779,2008,0.0,0.0,-0.01135,-0.8057350000000001,SPM,400811
11621493,200,6780,2008,0.0,0.0,-0.01135,-0.8057350000000001,SPM,400819
11628019,200,6781,2008,0.0,0.0,-0.01135,-0.8057350000000001,SPM,400821
11634545,200,6782,2008,0.0,0.0,-0.01135,-0.8057350000000001,SPM,400829
11641071,200,6783,2008,0.0,9.303324371434191e-10,-0.01135,-0.8057350000000001,SPM,400910
11647597,200,6784,2008,0.0,4.888636782281949e-10,-0.01135,-0.8057350000000001,SPM,400920
11654123,200,6785,2008,0.0,0.0,-0.01135,-0.8057350000000001,SPM,400930
11660649,200,6786,2008,0.0,0.0,-0.01135,-0.8057350000000001,SPM,400940
11667175,200,6787,2008,0.0,3.3932110764069557e-09,-0.01135,-0.8057350000000001,SPM,400950
11673701,200,6788,2008,0.0,0.0,-0.01135,-0.8057350000000001,SPM,401010
11680227,200,6789,2008,0.0,0.0,-0.01135,-0.8057350000000001,SPM,401091
11686753,200,6790,2008,0.0,0.0,-0.01135,-0.8057350000000001,SPM,401099
11693279,200,6791,2008,0.0,4.391487278999039e-09,-0.01135,-0.8057350000000001,SPM,401110
11699805,200,6792,2008,0.0,9.777273564563898e-10,-0.01135,-0.8057350000000001,SPM,401120
11706331,200,6793,2008,0.0,0.0,-0.01135,-0.8057350000000001,SPM,401130
11712857,200,6794,2008,0.0,0.0,-0.01135,-0.8057350000000001,SPM,401140
11719383,200,6795,2008,0.0,0.0,-0.01135,-0.8057350000000001,SPM,401150
11725909,200,6796,2008,0.0,6.0801384251499906e-09,-0.01135,-0.8057350000000001,SPM,401191
11732435,200,6797,2008,0.0,5.185401892441628e-08,-0.01135,-0.8057350000000001,SPM,401199
11738961,200,6798,2008,0.0,0.0,-0.01135,-0.8057350000000001,SPM,401210
11745487,200,6799,2008,0.0,0.0,-0.01135,-0.8057350000000001,SPM,401220
11752013,200,6800,2008,0.0,4.722920281187646e-09,-0.01135,-0.8057350000000001,SPM,401290
11758539,200,6801,2008,0.0,0.0,-0.01135,-0.8057350000000001,SPM,401310
11765065,200,6802,2008,0.0,0.0,-0.01135,-0.8057350000000001,SPM,401320
11771591,200,6803,2008,0.0,0.0,-0.01135,-0.8057350000000001,SPM,401390
11778117,200,6804,2008,0.0,0.0,-0.01135,-0.8057350000000001,SPM,401410
11784643,200,6805,2008,0.0,0.0,-0.01135,-0.8057350000000001,SPM,401490
11791169,200,6806,2008,0.0,3.911240858827748e-09,-0.01135,-0.8057350000000001,SPM,401511
11797695,200,6807,2008,0.0,1.2783370894414562e-09,-0.01135,-0.8057350000000001,SPM,401519
11804221,200,6808,2008,0.0,9.777273564563898e-10,-0.01135,-0.8057350000000001,SPM,401590
11810747,200,6809,2008,0.0,0.0,-0.01135,-0.8057350000000001,SPM,401610
11817273,200,6810,2008,0.0,0.0,-0.01135,-0.8057350000000001,SPM,401691
11823799,200,6811,2008,0.0,0.0,-0.01135,-0.8057350000000001,SPM,401692
11830325,200,6812,2008,0.0,0.0,-0.01135,-0.8057350000000001,SPM,401693
11836851,200,6813,2008,0.0,1.4606583839454088e-08,-0.01135,-0.8057350000000001,SPM,401694
11843377,200,6814,2008,0.0,0.0,-0.01135,-0.8057350000000001,SPM,401695
11849903,200,6815,2008,0.0,1.8706078643524966e-09,-0.01135,-0.8057350000000001,SPM,401699
11856429,200,6816,2008,0.0,0.0,-0.01135,-0.8057350000000001,SPM,401700
11862955,200,6817,2008,0.0,0.0,-0.01135,-0.8057350000000001,SPM,410110
11869481,200,6818,2008,0.0,0.0,-0.01135,-0.8057350000000001,SPM,410121
11876007,200,6819,2008,0.0,0.0,-0.01135,-0.8057350000000001,SPM,410122
11882533,200,6820,2008,0.0,0.0,-0.01135,-0.8057350000000001,SPM,410129
11889059,200,6821,2008,0.0,0.0,-0.01135,-0.8057350000000001,SPM,410130
11895585,200,6822,2008,0.0,0.0,-0.01135,-0.8057350000000001,SPM,410140
11902111,200,6823,2008,0.0,0.0,-0.01135,-0.8057350000000001,SPM,410210
11908637,200,6824,2008,0.0,0.0,-0.01135,-0.8057350000000001,SPM,410221
11915163,200,6825,2008,0.0,0.0,-0.01135,-0.8057350000000001,SPM,410229
11921689,200,6826,2008,0.0,0.0,-0.01135,-0.8057350000000001,SPM,410310
11928215,200,6827,2008,0.0,0.0,-0.01135,-0.8057350000000001,SPM,410320
11934741,200,6828,2008,0.0,0.0,-0.01135,-0.8057350000000001,SPM,410390
11941267,200,6829,2008,0.0,0.0,-0.01135,-0.8057350000000001,SPM,410410
11947793,200,6830,2008,0.0,0.0,-0.01135,-0.8057350000000001,SPM,410421
11954319,200,6831,2008,0.0,0.0,-0.01135,-0.8057350000000001,SPM,410422
11960845,200,6832,2008,0.0,0.0,-0.01135,-0.8057350000000001,SPM,410429
11967371,200,6833,2008,0.0,0.0,-0.01135,-0.8057350000000001,SPM,410431
11973897,200,6834,2008,0.0,0.0,-0.01135,-0.8057350000000001,SPM,410439
11980423,200,6835,2008,0.0,0.0,-0.01135,-0.8057350000000001,SPM,410511
11986949,200,6836,2008,0.0,0.0,-0.01135,-0.8057350000000001,SPM,410512
11993475,200,6837,2008,0.0,0.0,-0.01135,-0.8057350000000001,SPM,410519
12000001,200,6838,2008,0.0,0.0,-0.01135,-0.8057350000000001,SPM,410520
12006527,200,6839,2008,0.0,0.0,-0.01135,-0.8057350000000001,SPM,410611
12013053,200,6840,2008,0.0,0.0,-0.01135,-0.8057350000000001,SPM,410612
12019579,200,6841,2008,0.0,0.0,-0.01135,-0.8057350000000001,SPM,410619
12026105,200,6842,2008,0.0,0.0,-0.01135,-0.8057350000000001,SPM,410620
12032631,200,6843,2008,0.0,0.0,-0.01135,-0.8057350000000001,SPM,410710
12039157,200,6844,2008,0.0,0.0,-0.01135,-0.8057350000000001,SPM,410721
12045683,200,6845,2008,0.0,0.0,-0.01135,-0.8057350000000001,SPM,410729
12052209,200,6846,2008,0.0,0.0,-0.01135,-0.8057350000000001,SPM,410790
12058735,200,6847,2008,0.0,0.0,-0.01135,-0.8057350000000001,SPM,410800
12065261,200,6848,2008,0.0,0.0,-0.01135,-0.8057350000000001,SPM,410900
12071787,200,6849,2008,0.0,0.0,-0.01135,-0.8057350000000001,SPM,411000
12078313,200,6850,2008,0.0,0.0,-0.01135,-0.8057350000000001,SPM,411100
12084839,200,6851,2008,0.0,3.843628526381272e-09,-0.01135,-0.8057350000000001,SPM,420100
12091365,200,6852,2008,0.0,4.888636782281949e-10,-0.01135,-0.8057350000000001,SPM,420211
12097891,200,6853,2008,0.0,4.888636782281949e-10,-0.01135,-0.8057350000000001,SPM,420212
12104417,200,6854,2008,0.0,0.0,-0.01135,-0.8057350000000001,SPM,420219
12110943,200,6855,2008,0.0,0.0,-0.01135,-0.8057350000000001,SPM,420221
12117469,200,6856,2008,0.0,0.0,-0.01135,-0.8057350000000001,SPM,420222
12123995,200,6857,2008,0.0,0.0,-0.01135,-0.8057350000000001,SPM,420229
12130521,200,6858,2008,0.0,0.0,-0.01135,-0.8057350000000001,SPM,420231
12137047,200,6859,2008,0.0,0.0,-0.01135,-0.8057350000000001,SPM,420232
12143573,200,6860,2008,0.0,1.4665910346845848e-09,-0.01135,-0.8057350000000001,SPM,420239
12150099,200,6861,2008,0.0,0.0,-0.01135,-0.8057350000000001,SPM,420291
12156625,200,6862,2008,0.0,1.2749233295189135e-08,-0.01135,-0.8057350000000001,SPM,420292
12163151,200,6863,2008,0.0,0.0,-0.01135,-0.8057350000000001,SPM,420299
12169677,200,6864,2008,0.0,0.0,-0.01135,-0.8057350000000001,SPM,420310
12176203,200,6865,2008,0.0,0.0,-0.01135,-0.8057350000000001,SPM,420321
12182729,200,6866,2008,0.0,1.1169292173756047e-09,-0.01135,-0.8057350000000001,SPM,420329
12189255,200,6867,2008,0.0,0.0,-0.01135,-0.8057350000000001,SPM,420330
12195781,200,6868,2008,0.0,0.0,-0.01135,-0.8057350000000001,SPM,420340
12202307,200,6869,2008,0.0,0.0,-0.01135,-0.8057350000000001,SPM,420400
12208833,200,6870,2008,0.0,0.0,-0.01135,-0.8057350000000001,SPM,420500
12215359,200,6871,2008,0.0,0.0,-0.01135,-0.8057350000000001,SPM,420610
12221885,200,6872,2008,0.0,0.0,-0.01135,-0.8057350000000001,SPM,420690
12228411,200,6873,2008,0.0,0.0,-0.01135,-0.8057350000000001,SPM,430110
12234937,200,6874,2008,0.0,0.0,-0.01135,-0.8057350000000001,SPM,430120
12241463,200,6875,2008,0.0,0.0,-0.01135,-0.8057350000000001,SPM,430130
12247989,200,6876,2008,0.0,0.0,-0.01135,-0.8057350000000001,SPM,430140
12254515,200,6877,2008,0.0,0.0,-0.01135,-0.8057350000000001,SPM,430150
12261041,200,6878,2008,0.0,0.0,-0.01135,-0.8057350000000001,SPM,430160
12267567,200,6879,2008,0.0,0.0,-0.01135,-0.8057350000000001,SPM,430170
12274093,200,6880,2008,0.0,0.0,-0.01135,-0.8057350000000001,SPM,430180
12280619,200,6881,2008,0.0,0.0,-0.01135,-0.8057350000000001,SPM,430190
12287145,200,6882,2008,0.0,0.0,-0.01135,-0.8057350000000001,SPM,430211
12293671,200,6883,2008,0.0,0.0,-0.01135,-0.8057350000000001,SPM,430212
12300197,200,6884,2008,0.0,0.0,-0.01135,-0.8057350000000001,SPM,430213
12306723,200,6885,2008,0.0,0.0,-0.01135,-0.8057350000000001,SPM,430219
12313249,200,6886,2008,0.0,0.0,-0.01135,-0.8057350000000001,SPM,430220
12319775,200,6887,2008,0.0,0.0,-0.01135,-0.8057350000000001,SPM,430230
12326301,200,6888,2008,0.0,0.0,-0.01135,-0.8057350000000001,SPM,430310
12332827,200,6889,2008,0.0,0.0,-0.01135,-0.8057350000000001,SPM,430390
12339353,200,6890,2008,0.0,0.0,-0.01135,-0.8057350000000001,SPM,430400
12345879,200,6891,2008,0.0,2.5520341168522718e-09,-0.01135,-0.8057350000000001,SPM,440110
12352405,200,6892,2008,0.0,0.0,-0.01135,-0.8057350000000001,SPM,440121
12358931,200,6893,2008,0.0,0.0,-0.01135,-0.8057350000000001,SPM,440122
12365457,200,6894,2008,0.0,0.0,-0.01135,-0.8057350000000001,SPM,440130
12371983,200,6895,2008,0.0,1.1543811466229173e-09,-0.01135,-0.8057350000000001,SPM,440200
12378509,200,6896,2008,0.0,1.323080544736918e-09,-0.01135,-0.8057350000000001,SPM,440310
12385035,200,6897,2008,0.0,2.052233149551853e-09,-0.01135,-0.8057350000000001,SPM,440320
12391561,200,6898,2008,0.0,0.0,-0.01135,-0.8057350000000001,SPM,440331
12398087,200,6899,2008,0.0,0.0,-0.01135,-0.8057350000000001,SPM,440332
12404613,200,6900,2008,0.0,0.0,-0.01135,-0.8057350000000001,SPM,440333
12411139,200,6901,2008,0.0,0.0,-0.01135,-0.8057350000000001,SPM,440334
12417665,200,6902,2008,0.0,0.0,-0.01135,-0.8057350000000001,SPM,440335
12424191,200,6903,2008,0.0,0.0,-0.01135,-0.8057350000000001,SPM,440391
12430717,200,6904,2008,0.0,0.0,-0.01135,-0.8057350000000001,SPM,440392
12437243,200,6905,2008,0.0,0.0,-0.01135,-0.8057350000000001,SPM,440399
12443769,200,6906,2008,0.0,0.0,-0.01135,-0.8057350000000001,SPM,440410
12450295,200,6907,2008,0.0,1.1733722576483244e-08,-0.01135,-0.8057350000000001,SPM,440420
12456821,200,6908,2008,0.0,0.0,-0.01135,-0.8057350000000001,SPM,440500
12463347,200,6909,2008,0.0,0.0,-0.01135,-0.8057350000000001,SPM,440610
12469873,200,6910,2008,0.0,0.0,-0.01135,-0.8057350000000001,SPM,440690
12476399,200,6911,2008,0.0,1.3024090683904147e-07,-0.01135,-0.8057350000000001,SPM,440710
12482925,200,6912,2008,0.0,3.596048073746383e-10,-0.01135,-0.8057350000000001,SPM,440721
12489451,200,6913,2008,0.0,0.0,-0.01135,-0.8057350000000001,SPM,440722
12495977,200,6914,2008,0.0,0.0,-0.01135,-0.8057350000000001,SPM,440723
12502503,200,6915,2008,0.0,1.6233588447197959e-09,-0.01135,-0.8057350000000001,SPM,440791
12509029,200,6916,2008,0.0,0.0,-0.01135,-0.8057350000000001,SPM,440792
12515555,200,6917,2008,0.0,0.0,-0.01135,-0.8057350000000001,SPM,440799
12522081,200,6918,2008,0.0,0.0,-0.01135,-0.8057350000000001,SPM,440810
12528607,200,6919,2008,0.0,0.0,-0.01135,-0.8057350000000001,SPM,440820
12535133,200,6920,2008,0.0,0.0,-0.01135,-0.8057350000000001,SPM,440890
12541659,200,6921,2008,0.0,7.607050266232902e-08,-0.01135,-0.8057350000000001,SPM,440910
12548185,200,6922,2008,0.0,6.976333263067983e-09,-0.01135,-0.8057350000000001,SPM,440920
12554711,200,6923,2008,0.0,8.324271282969047e-09,-0.01135,-0.8057350000000001,SPM,441010
12561237,200,6924,2008,0.0,0.0,-0.01135,-0.8057350000000001,SPM,441090
12567763,200,6925,2008,0.0,0.0,-0.01135,-0.8057350000000001,SPM,441111
12574289,200,6926,2008,0.0,1.7575892106061814e-09,-0.01135,-0.8057350000000001,SPM,441119
12580815,200,6927,2008,0.0,0.0,-0.01135,-0.8057350000000001,SPM,441121
12587341,200,6928,2008,0.0,1.974677827039719e-08,-0.01135,-0.8057350000000001,SPM,441129
12593867,200,6929,2008,0.0,0.0,-0.01135,-0.8057350000000001,SPM,441131
12600393,200,6930,2008,0.0,0.0,-0.01135,-0.8057350000000001,SPM,441139
12606919,200,6931,2008,0.0,0.0,-0.01135,-0.8057350000000001,SPM,441191
12613445,200,6932,2008,0.0,0.0,-0.01135,-0.8057350000000001,SPM,441199
12619971,200,6933,2008,0.0,0.0,-0.01135,-0.8057350000000001,SPM,441211
12626497,200,6934,2008,0.0,1.9044140305757343e-09,-0.01135,-0.8057350000000001,SPM,441212
12633023,200,6935,2008,0.0,2.0392741191662783e-08,-0.01135,-0.8057350000000001,SPM,441219
12639549,200,6936,2008,0.0,0.0,-0.01135,-0.8057350000000001,SPM,441221
12646075,200,6937,2008,0.0,0.0,-0.01135,-0.8057350000000001,SPM,441229
12652601,200,6938,2008,0.0,0.0,-0.01135,-0.8057350000000001,SPM,441291
12659127,200,6939,2008,0.0,5.076691867723765e-08,-0.01135,-0.8057350000000001,SPM,441299
12665653,200,6940,2008,0.0,1.6016499830764422e-08,-0.01135,-0.8057350000000001,SPM,441300
12672179,200,6941,2008,0.0,1.2879486465049258e-09,-0.01135,-0.8057350000000001,SPM,441400
12678705,200,6942,2008,0.0,0.0,-0.01135,-0.8057350000000001,SPM,441510
12685231,200,6943,2008,0.0,2.1231598120202146e-09,-0.01135,-0.8057350000000001,SPM,441520
12691757,200,6944,2008,0.0,0.0,-0.01135,-0.8057350000000001,SPM,441600
12698283,200,6945,2008,0.0,0.0,-0.01135,-0.8057350000000001,SPM,441700
12704809,200,6946,2008,0.0,1.4665910346845848e-09,-0.01135,-0.8057350000000001,SPM,441810
12711335,200,6947,2008,0.0,1.1674396069091483e-08,-0.01135,-0.8057350000000001,SPM,441820
12717861,200,6948,2008,0.0,1.7479776535427119e-09,-0.01135,-0.8057350000000001,SPM,441830
12724387,200,6949,2008,0.0,0.0,-0.01135,-0.8057350000000001,SPM,441840
12730913,200,6950,2008,0.0,7.474808498359647e-09,-0.01135,-0.8057350000000001,SPM,441850
12737439,200,6951,2008,0.0,2.1534229594500566e-07,-0.01135,-0.8057350000000001,SPM,441890
12743965,200,6952,2008,0.0,9.873389135198594e-10,-0.01135,-0.8057350000000001,SPM,441900
12750491,200,6953,2008,0.0,9.777273564563898e-10,-0.01135,-0.8057350000000001,SPM,442010
12757017,200,6954,2008,7.769869676065719e-10,1.2354165156580316e-08,-0.01135,-0.8057350000000001,SPM,442090
12763543,200,6955,2008,0.0,0.0,-0.01135,-0.8057350000000001,SPM,442110
12770069,200,6956,2008,0.0,7.294508945169046e-09,-0.01135,-0.8057350000000001,SPM,442190
12776595,200,6957,2008,0.0,0.0,-0.01135,-0.8057350000000001,SPM,450110
12783121,200,6958,2008,0.0,0.0,-0.01135,-0.8057350000000001,SPM,450190
12789647,200,6959,2008,0.0,0.0,-0.01135,-0.8057350000000001,SPM,450200
12796173,200,6960,2008,0.0,0.0,-0.01135,-0.8057350000000001,SPM,450310
12802699,200,6961,2008,0.0,0.0,-0.01135,-0.8057350000000001,SPM,450390
12809225,200,6962,2008,0.0,0.0,-0.01135,-0.8057350000000001,SPM,450410
12815751,200,6963,2008,0.0,0.0,-0.01135,-0.8057350000000001,SPM,450490
12822277,200,6964,2008,0.0,0.0,-0.01135,-0.8057350000000001,SPM,460110
12828803,200,6965,2008,0.0,2.5185593836312226e-09,-0.01135,-0.8057350000000001,SPM,460120
12835329,200,6966,2008,0.0,1.4665910346845848e-09,-0.01135,-0.8057350000000001,SPM,460191
12841855,200,6967,2008,0.0,0.0,-0.01135,-0.8057350000000001,SPM,460199
12848381,200,6968,2008,0.0,0.0,-0.01135,-0.8057350000000001,SPM,460210
12854907,200,6969,2008,0.0,0.0,-0.01135,-0.8057350000000001,SPM,460290
12861433,200,6970,2008,0.0,0.0,-0.01135,-0.8057350000000001,SPM,470100
12867959,200,6971,2008,0.0,0.0,-0.01135,-0.8057350000000001,SPM,470200
12874485,200,6972,2008,0.0,0.0,-0.01135,-0.8057350000000001,SPM,470311
12881011,200,6973,2008,0.0,0.0,-0.01135,-0.8057350000000001,SPM,470319
12887537,200,6974,2008,0.0,0.0,-0.01135,-0.8057350000000001,SPM,470321
12894063,200,6975,2008,0.0,0.0,-0.01135,-0.8057350000000001,SPM,470329
12900589,200,6976,2008,0.0,0.0,-0.01135,-0.8057350000000001,SPM,470411
12907115,200,6977,2008,0.0,0.0,-0.01135,-0.8057350000000001,SPM,470419
12913641,200,6978,2008,0.0,0.0,-0.01135,-0.8057350000000001,SPM,470421
12920167,200,6979,2008,0.0,0.0,-0.01135,-0.8057350000000001,SPM,470429
12926693,200,6980,2008,0.0,0.0,-0.01135,-0.8057350000000001,SPM,470500
12933219,200,6981,2008,0.0,0.0,-0.01135,-0.8057350000000001,SPM,470610
12939745,200,6982,2008,0.0,0.0,-0.01135,-0.8057350000000001,SPM,470691
12946271,200,6983,2008,0.0,0.0,-0.01135,-0.8057350000000001,SPM,470692
12952797,200,6984,2008,0.0,0.0,-0.01135,-0.8057350000000001,SPM,470693
12959323,200,6985,2008,0.0,0.0,-0.01135,-0.8057350000000001,SPM,470710
12965849,200,6986,2008,0.0,0.0,-0.01135,-0.8057350000000001,SPM,470720
12972375,200,6987,2008,0.0,0.0,-0.01135,-0.8057350000000001,SPM,470730
12978901,200,6988,2008,0.0,0.0,-0.01135,-0.8057350000000001,SPM,470790
12985427,200,6989,2008,0.0,0.0,-0.01135,-0.8057350000000001,SPM,480100
12991953,200,6990,2008,0.0,1.760041814822377e-08,-0.01135,-0.8057350000000001,SPM,480210
12998479,200,6991,2008,0.0,8.800209074111885e-09,-0.01135,-0.8057350000000001,SPM,480220
13005005,200,6992,2008,0.0,0.0,-0.01135,-0.8057350000000001,SPM,480230
13011531,200,6993,2008,0.0,0.0,-0.01135,-0.8057350000000001,SPM,480240
13018057,200,6994,2008,0.0,0.0,-0.01135,-0.8057350000000001,SPM,480251
13024583,200,6995,2008,0.0,0.0,-0.01135,-0.8057350000000001,SPM,480252
13031109,200,6996,2008,0.0,0.0,-0.01135,-0.8057350000000001,SPM,480253
13037635,200,6997,2008,0.0,0.0,-0.01135,-0.8057350000000001,SPM,480260
13044161,200,6998,2008,0.0,2.851318117828584e-09,-0.01135,-0.8057350000000001,SPM,480300
13050687,200,6999,2008,0.0,0.0,-0.01135,-0.8057350000000001,SPM,480411
13057213,200,7000,2008,0.0,0.0,-0.01135,-0.8057350000000001,SPM,480419
13063739,200,7001,2008,0.0,0.0,-0.01135,-0.8057350000000001,SPM,480421
13070265,200,7002,2008,0.0,0.0,-0.01135,-0.8057350000000001,SPM,480429
13076791,200,7003,2008,0.0,0.0,-0.01135,-0.8057350000000001,SPM,480431
13083317,200,7004,2008,0.0,0.0,-0.01135,-0.8057350000000001,SPM,480439
13089843,200,7005,2008,0.0,0.0,-0.01135,-0.8057350000000001,SPM,480441
13096369,200,7006,2008,0.0,0.0,-0.01135,-0.8057350000000001,SPM,480442
13102895,200,7007,2008,0.0,0.0,-0.01135,-0.8057350000000001,SPM,480449
13109421,200,7008,2008,0.0,0.0,-0.01135,-0.8057350000000001,SPM,480451
13115947,200,7009,2008,0.0,0.0,-0.01135,-0.8057350000000001,SPM,480452
13122473,200,7010,2008,0.0,0.0,-0.01135,-0.8057350000000001,SPM,480459
13128999,200,7011,2008,0.0,0.0,-0.01135,-0.8057350000000001,SPM,480510
13135525,200,7012,2008,0.0,0.0,-0.01135,-0.8057350000000001,SPM,480521
13142051,200,7013,2008,0.0,0.0,-0.01135,-0.8057350000000001,SPM,480522
13148577,200,7014,2008,0.0,0.0,-0.01135,-0.8057350000000001,SPM,480523
13155103,200,7015,2008,0.0,0.0,-0.01135,-0.8057350000000001,SPM,480529
13161629,200,7016,2008,0.0,0.0,-0.01135,-0.8057350000000001,SPM,480530
13168155,200,7017,2008,0.0,0.0,-0.01135,-0.8057350000000001,SPM,480540
13174681,200,7018,2008,0.0,0.0,-0.01135,-0.8057350000000001,SPM,480550
13181207,200,7019,2008,0.0,0.0,-0.01135,-0.8057350000000001,SPM,480560
13187733,200,7020,2008,0.0,0.0,-0.01135,-0.8057350000000001,SPM,480570
13194259,200,7021,2008,0.0,0.0,-0.01135,-0.8057350000000001,SPM,480580
13200785,200,7022,2008,0.0,0.0,-0.01135,-0.8057350000000001,SPM,480610
13207311,200,7023,2008,0.0,5.155108916041589e-09,-0.01135,-0.8057350000000001,SPM,480620
13213837,200,7024,2008,0.0,0.0,-0.01135,-0.8057350000000001,SPM,480630
13220363,200,7025,2008,0.0,3.831365505300294e-10,-0.01135,-0.8057350000000001,SPM,480640
13226889,200,7026,2008,0.0,0.0,-0.01135,-0.8057350000000001,SPM,480710
13233415,200,7027,2008,0.0,0.0,-0.01135,-0.8057350000000001,SPM,480791
13239941,200,7028,2008,0.0,3.037914898060769e-09,-0.01135,-0.8057350000000001,SPM,480799
13246467,200,7029,2008,0.0,0.0,-0.01135,-0.8057350000000001,SPM,480810
13252993,200,7030,2008,0.0,0.0,-0.01135,-0.8057350000000001,SPM,480820
13259519,200,7031,2008,0.0,0.0,-0.01135,-0.8057350000000001,SPM,480830
13266045,200,7032,2008,0.0,0.0,-0.01135,-0.8057350000000001,SPM,480890
13272571,200,7033,2008,0.0,0.0,-0.01135,-0.8057350000000001,SPM,480910
13279097,200,7034,2008,0.0,0.0,-0.01135,-0.8057350000000001,SPM,480920
13285623,200,7035,2008,0.0,0.0,-0.01135,-0.8057350000000001,SPM,480990
13292149,200,7036,2008,0.0,0.0,-0.01135,-0.8057350000000001,SPM,481011
13298675,200,7037,2008,0.0,0.0,-0.01135,-0.8057350000000001,SPM,481012
13305201,200,7038,2008,0.0,0.0,-0.01135,-0.8057350000000001,SPM,481021
13311727,200,7039,2008,0.0,0.0,-0.01135,-0.8057350000000001,SPM,481029
13318253,200,7040,2008,0.0,0.0,-0.01135,-0.8057350000000001,SPM,481031
13324779,200,7041,2008,0.0,0.0,-0.01135,-0.8057350000000001,SPM,481032
13331305,200,7042,2008,0.0,0.0,-0.01135,-0.8057350000000001,SPM,481039
13337831,200,7043,2008,0.0,0.0,-0.01135,-0.8057350000000001,SPM,481091
13344357,200,7044,2008,0.0,0.0,-0.01135,-0.8057350000000001,SPM,481099
13350883,200,7045,2008,0.0,9.249300792077448e-09,-0.01135,-0.8057350000000001,SPM,481110
13357409,200,7046,2008,0.0,4.2025704677515335e-10,-0.01135,-0.8057350000000001,SPM,481121
13363935,200,7047,2008,0.0,5.829906508497592e-10,-0.01135,-0.8057350000000001,SPM,481129
13370461,200,7048,2008,0.0,0.0,-0.01135,-0.8057350000000001,SPM,481131
13376987,200,7049,2008,0.0,2.4446498241431635e-09,-0.01135,-0.8057350000000001,SPM,481139
13383513,200,7050,2008,0.0,8.690173317385269e-10,-0.01135,-0.8057350000000001,SPM,481140
13390039,200,7051,2008,0.0,0.0,-0.01135,-0.8057350000000001,SPM,481190
13396565,200,7052,2008,0.0,0.0,-0.01135,-0.8057350000000001,SPM,481200
13403091,200,7053,2008,0.0,0.0,-0.01135,-0.8057350000000001,SPM,481310
13409617,200,7054,2008,0.0,0.0,-0.01135,-0.8057350000000001,SPM,481320
13416143,200,7055,2008,0.0,0.0,-0.01135,-0.8057350000000001,SPM,481390
13422669,200,7056,2008,0.0,0.0,-0.01135,-0.8057350000000001,SPM,481410
13429195,200,7057,2008,0.0,0.0,-0.01135,-0.8057350000000001,SPM,481420
13435721,200,7058,2008,0.0,0.0,-0.01135,-0.8057350000000001,SPM,481430
13442247,200,7059,2008,0.0,0.0,-0.01135,-0.8057350000000001,SPM,481490
13448773,200,7060,2008,0.0,0.0,-0.01135,-0.8057350000000001,SPM,481500
13455299,200,7061,2008,0.0,0.0,-0.01135,-0.8057350000000001,SPM,481610
13461825,200,7062,2008,0.0,0.0,-0.01135,-0.8057350000000001,SPM,481620
13468351,200,7063,2008,0.0,0.0,-0.01135,-0.8057350000000001,SPM,481630
13474877,200,7064,2008,0.0,0.0,-0.01135,-0.8057350000000001,SPM,481690
13481403,200,7065,2008,0.0,1.9554547129127796e-09,-0.01135,-0.8057350000000001,SPM,481710
13487929,200,7066,2008,0.0,0.0,-0.01135,-0.8057350000000001,SPM,481720
13494455,200,7067,2008,0.0,7.573244100009664e-10,-0.01135,-0.8057350000000001,SPM,481730
13500981,200,7068,2008,0.0,8.791591816054983e-09,-0.01135,-0.8057350000000001,SPM,481810
13507507,200,7069,2008,0.0,2.272503522806401e-08,-0.01135,-0.8057350000000001,SPM,481820
13514033,200,7070,2008,0.0,2.1324399360814956e-09,-0.01135,-0.8057350000000001,SPM,481830
13520559,200,7071,2008,0.0,1.2083052960790036e-08,-0.01135,-0.8057350000000001,SPM,481840
13527085,200,7072,2008,0.0,0.0,-0.01135,-0.8057350000000001,SPM,481850
13533611,200,7073,2008,0.0,4.400104537055943e-09,-0.01135,-0.8057350000000001,SPM,481890
13540137,200,7074,2008,0.0,1.880484567817717e-08,-0.01135,-0.8057350000000001,SPM,481910
13546663,200,7075,2008,0.0,1.0314195028109442e-09,-0.01135,-0.8057350000000001,SPM,481920
13553189,200,7076,2008,0.0,6.174596830773744e-10,-0.01135,-0.8057350000000001,SPM,481930
13559715,200,7077,2008,0.0,3.5662191035494087e-09,-0.01135,-0.8057350000000001,SPM,481940
13566241,200,7078,2008,0.0,4.888968215284138e-09,-0.01135,-0.8057350000000001,SPM,481950
13572767,200,7079,2008,0.0,0.0,-0.01135,-0.8057350000000001,SPM,481960
13579293,200,7080,2008,0.0,1.792223959334891e-08,-0.01135,-0.8057350000000001,SPM,482010
13585819,200,7081,2008,0.0,4.888636782281949e-10,-0.01135,-0.8057350000000001,SPM,482020
13592345,200,7082,2008,0.0,0.0,-0.01135,-0.8057350000000001,SPM,482030
13598871,200,7083,2008,0.0,3.422377180599553e-09,-0.01135,-0.8057350000000001,SPM,482040
13605397,200,7084,2008,0.0,0.0,-0.01135,-0.8057350000000001,SPM,482050
13611923,200,7085,2008,0.0,5.915714512764223e-08,-0.01135,-0.8057350000000001,SPM,482090
13618449,200,7086,2008,0.0,9.777273564563898e-10,-0.01135,-0.8057350000000001,SPM,482110
13624975,200,7087,2008,0.0,1.802664098903832e-09,-0.01135,-0.8057350000000001,SPM,482190
13631501,200,7088,2008,0.0,0.0,-0.01135,-0.8057350000000001,SPM,482210
13638027,200,7089,2008,0.0,0.0,-0.01135,-0.8057350000000001,SPM,482290
13644553,200,7090,2008,0.0,0.0,-0.01135,-0.8057350000000001,SPM,482311
13651079,200,7091,2008,0.0,0.0,-0.01135,-0.8057350000000001,SPM,482319
13657605,200,7092,2008,0.0,9.167436840536862e-10,-0.01135,-0.8057350000000001,SPM,482320
13664131,200,7093,2008,0.0,0.0,-0.01135,-0.8057350000000001,SPM,482330
13670657,200,7094,2008,0.0,4.888636782281949e-10,-0.01135,-0.8057350000000001,SPM,482340
13677183,200,7095,2008,0.0,0.0,-0.01135,-0.8057350000000001,SPM,482351
13683709,200,7096,2008,0.0,0.0,-0.01135,-0.8057350000000001,SPM,482359
13690235,200,7097,2008,0.0,0.0,-0.01135,-0.8057350000000001,SPM,482360
13696761,200,7098,2008,0.0,0.0,-0.01135,-0.8057350000000001,SPM,482370
13703287,200,7099,2008,0.0,0.0,-0.01135,-0.8057350000000001,SPM,482390
13709813,200,7100,2008,0.0,1.6263417417394933e-09,-0.01135,-0.8057350000000001,SPM,490110
13716339,200,7101,2008,0.0,0.0,-0.01135,-0.8057350000000001,SPM,490191
13722865,200,7102,2008,0.0,2.950880591686041e-08,-0.01135,-0.8057350000000001,SPM,490199
13729391,200,7103,2008,0.0,0.0,-0.01135,-0.8057350000000001,SPM,490210
13735917,200,7104,2008,0.0,2.910677768520563e-08,-0.01135,-0.8057350000000001,SPM,490290
13742443,200,7105,2008,0.0,0.0,-0.01135,-0.8057350000000001,SPM,490300
13748969,200,7106,2008,0.0,0.0,-0.01135,-0.8057350000000001,SPM,490400
13755495,200,7107,2008,0.0,0.0,-0.01135,-0.8057350000000001,SPM,490510
13762021,200,7108,2008,0.0,0.0,-0.01135,-0.8057350000000001,SPM,490591
13768547,200,7109,2008,0.0,0.0,-0.01135,-0.8057350000000001,SPM,490599
13775073,200,7110,2008,0.0,0.0,-0.01135,-0.8057350000000001,SPM,490600
13781599,200,7111,2008,0.0,0.0,-0.01135,-0.8057350000000001,SPM,490700
13788125,200,7112,2008,0.0,0.0,-0.01135,-0.8057350000000001,SPM,490810
13794651,200,7113,2008,0.0,0.0,-0.01135,-0.8057350000000001,SPM,490890
13801177,200,7114,2008,0.0,9.777273564563898e-10,-0.01135,-0.8057350000000001,SPM,490900
13807703,200,7115,2008,0.0,2.9805769886821405e-09,-0.01135,-0.8057350000000001,SPM,491000
13814229,200,7116,2008,0.0,1.1909713500645395e-08,-0.01135,-0.8057350000000001,SPM,491110
13820755,200,7117,2008,0.0,0.0,-0.01135,-0.8057350000000001,SPM,491191
13827281,200,7118,2008,0.0,1.2557333586921932e-08,-0.01135,-0.8057350000000001,SPM,491199
13833807,200,7119,2008,0.0,0.0,-0.01135,-0.8057350000000001,SPM,500100
13840333,200,7120,2008,0.0,0.0,-0.01135,-0.8057350000000001,SPM,500200
13846859,200,7121,2008,0.0,0.0,-0.01135,-0.8057350000000001,SPM,500310
13853385,200,7122,2008,0.0,0.0,-0.01135,-0.8057350000000001,SPM,500390
13859911,200,7123,2008,0.0,0.0,-0.01135,-0.8057350000000001,SPM,500400
13866437,200,7124,2008,0.0,0.0,-0.01135,-0.8057350000000001,SPM,500500
13872963,200,7125,2008,0.0,0.0,-0.01135,-0.8057350000000001,SPM,500600
13879489,200,7126,2008,0.0,0.0,-0.01135,-0.8057350000000001,SPM,500710
13886015,200,7127,2008,0.0,0.0,-0.01135,-0.8057350000000001,SPM,500720
13892541,200,7128,2008,0.0,0.0,-0.01135,-0.8057350000000001,SPM,500790
13899067,200,7129,2008,0.0,0.0,-0.01135,-0.8057350000000001,SPM,510111
13905593,200,7130,2008,0.0,0.0,-0.01135,-0.8057350000000001,SPM,510119
13912119,200,7131,2008,0.0,0.0,-0.01135,-0.8057350000000001,SPM,510121
13918645,200,7132,2008,0.0,0.0,-0.01135,-0.8057350000000001,SPM,510129
13925171,200,7133,2008,0.0,0.0,-0.01135,-0.8057350000000001,SPM,510130
13931697,200,7134,2008,0.0,0.0,-0.01135,-0.8057350000000001,SPM,510210
13938223,200,7135,2008,0.0,0.0,-0.01135,-0.8057350000000001,SPM,510220
13944749,200,7136,2008,0.0,0.0,-0.01135,-0.8057350000000001,SPM,510310
13951275,200,7137,2008,0.0,0.0,-0.01135,-0.8057350000000001,SPM,510320
13957801,200,7138,2008,0.0,0.0,-0.01135,-0.8057350000000001,SPM,510330
13964327,200,7139,2008,0.0,0.0,-0.01135,-0.8057350000000001,SPM,510400
13970853,200,7140,2008,0.0,0.0,-0.01135,-0.8057350000000001,SPM,510510
13977379,200,7141,2008,0.0,0.0,-0.01135,-0.8057350000000001,SPM,510521
13983905,200,7142,2008,0.0,0.0,-0.01135,-0.8057350000000001,SPM,510529
13990431,200,7143,2008,0.0,0.0,-0.01135,-0.8057350000000001,SPM,510530
13996957,200,7144,2008,0.0,0.0,-0.01135,-0.8057350000000001,SPM,510540
14003483,200,7145,2008,0.0,0.0,-0.01135,-0.8057350000000001,SPM,510610
14010009,200,7146,2008,0.0,0.0,-0.01135,-0.8057350000000001,SPM,510620
14016535,200,7147,2008,0.0,0.0,-0.01135,-0.8057350000000001,SPM,510710
14023061,200,7148,2008,0.0,0.0,-0.01135,-0.8057350000000001,SPM,510720
14029587,200,7149,2008,0.0,0.0,-0.01135,-0.8057350000000001,SPM,510810
14036113,200,7150,2008,0.0,0.0,-0.01135,-0.8057350000000001,SPM,510820
14042639,200,7151,2008,0.0,0.0,-0.01135,-0.8057350000000001,SPM,510910
14049165,200,7152,2008,0.0,0.0,-0.01135,-0.8057350000000001,SPM,510990
14055691,200,7153,2008,0.0,0.0,-0.01135,-0.8057350000000001,SPM,511000
14062217,200,7154,2008,0.0,0.0,-0.01135,-0.8057350000000001,SPM,511111
14068743,200,7155,2008,0.0,0.0,-0.01135,-0.8057350000000001,SPM,511119
14075269,200,7156,2008,0.0,0.0,-0.01135,-0.8057350000000001,SPM,511120
14081795,200,7157,2008,0.0,0.0,-0.01135,-0.8057350000000001,SPM,511130
14088321,200,7158,2008,0.0,8.494627846093991e-10,-0.01135,-0.8057350000000001,SPM,511190
14094847,200,7159,2008,0.0,0.0,-0.01135,-0.8057350000000001,SPM,511211
14101373,200,7160,2008,0.0,0.0,-0.01135,-0.8057350000000001,SPM,511219
14107899,200,7161,2008,0.0,0.0,-0.01135,-0.8057350000000001,SPM,511220
14114425,200,7162,2008,0.0,0.0,-0.01135,-0.8057350000000001,SPM,511230
14120951,200,7163,2008,0.0,0.0,-0.01135,-0.8057350000000001,SPM,511290
14127477,200,7164,2008,0.0,0.0,-0.01135,-0.8057350000000001,SPM,511300
14134003,200,7165,2008,0.0,0.0,-0.01135,-0.8057350000000001,SPM,520100
14140529,200,7166,2008,0.0,0.0,-0.01135,-0.8057350000000001,SPM,520210
14147055,200,7167,2008,0.0,0.0,-0.01135,-0.8057350000000001,SPM,520291
14153581,200,7168,2008,0.0,0.0,-0.01135,-0.8057350000000001,SPM,520299
14160107,200,7169,2008,0.0,0.0,-0.01135,-0.8057350000000001,SPM,520300
14166633,200,7170,2008,0.0,0.0,-0.01135,-0.8057350000000001,SPM,520411
14173159,200,7171,2008,0.0,0.0,-0.01135,-0.8057350000000001,SPM,520419
14179685,200,7172,2008,0.0,0.0,-0.01135,-0.8057350000000001,SPM,520420
14186211,200,7173,2008,0.0,0.0,-0.01135,-0.8057350000000001,SPM,520511
14192737,200,7174,2008,0.0,0.0,-0.01135,-0.8057350000000001,SPM,520512
14199263,200,7175,2008,0.0,0.0,-0.01135,-0.8057350000000001,SPM,520513
14205789,200,7176,2008,0.0,0.0,-0.01135,-0.8057350000000001,SPM,520514
14212315,200,7177,2008,0.0,0.0,-0.01135,-0.8057350000000001,SPM,520515
14218841,200,7178,2008,0.0,0.0,-0.01135,-0.8057350000000001,SPM,520521
14225367,200,7179,2008,0.0,0.0,-0.01135,-0.8057350000000001,SPM,520522
14231893,200,7180,2008,0.0,0.0,-0.01135,-0.8057350000000001,SPM,520523
14238419,200,7181,2008,0.0,0.0,-0.01135,-0.8057350000000001,SPM,520524
14244945,200,7182,2008,0.0,0.0,-0.01135,-0.8057350000000001,SPM,520525
14251471,200,7183,2008,0.0,0.0,-0.01135,-0.8057350000000001,SPM,520531
14257997,200,7184,2008,0.0,0.0,-0.01135,-0.8057350000000001,SPM,520532
14264523,200,7185,2008,0.0,0.0,-0.01135,-0.8057350000000001,SPM,520533
14271049,200,7186,2008,0.0,0.0,-0.01135,-0.8057350000000001,SPM,520534
14277575,200,7187,2008,0.0,0.0,-0.01135,-0.8057350000000001,SPM,520535
14284101,200,7188,2008,0.0,0.0,-0.01135,-0.8057350000000001,SPM,520541
14290627,200,7189,2008,0.0,0.0,-0.01135,-0.8057350000000001,SPM,520542
14297153,200,7190,2008,0.0,0.0,-0.01135,-0.8057350000000001,SPM,520543
14303679,200,7191,2008,0.0,0.0,-0.01135,-0.8057350000000001,SPM,520544
14310205,200,7192,2008,0.0,0.0,-0.01135,-0.8057350000000001,SPM,520545
14316731,200,7193,2008,0.0,0.0,-0.01135,-0.8057350000000001,SPM,520611
14323257,200,7194,2008,0.0,0.0,-0.01135,-0.8057350000000001,SPM,520612
14329783,200,7195,2008,0.0,0.0,-0.01135,-0.8057350000000001,SPM,520613
14336309,200,7196,2008,0.0,0.0,-0.01135,-0.8057350000000001,SPM,520614
14342835,200,7197,2008,0.0,0.0,-0.01135,-0.8057350000000001,SPM,520615
14349361,200,7198,2008,0.0,0.0,-0.01135,-0.8057350000000001,SPM,520621
14355887,200,7199,2008,0.0,0.0,-0.01135,-0.8057350000000001,SPM,520622
14362413,200,7200,2008,0.0,0.0,-0.01135,-0.8057350000000001,SPM,520623
14368939,200,7201,2008,0.0,0.0,-0.01135,-0.8057350000000001,SPM,520624
14375465,200,7202,2008,0.0,0.0,-0.01135,-0.8057350000000001,SPM,520625
14381991,200,7203,2008,0.0,0.0,-0.01135,-0.8057350000000001,SPM,520631
14388517,200,7204,2008,0.0,0.0,-0.01135,-0.8057350000000001,SPM,520632
14395043,200,7205,2008,0.0,0.0,-0.01135,-0.8057350000000001,SPM,520633
14401569,200,7206,2008,0.0,0.0,-0.01135,-0.8057350000000001,SPM,520634
14408095,200,7207,2008,0.0,0.0,-0.01135,-0.8057350000000001,SPM,520635
14414621,200,7208,2008,0.0,0.0,-0.01135,-0.8057350000000001,SPM,520641
14421147,200,7209,2008,0.0,0.0,-0.01135,-0.8057350000000001,SPM,520642
14427673,200,7210,2008,0.0,0.0,-0.01135,-0.8057350000000001,SPM,520643
14434199,200,7211,2008,0.0,0.0,-0.01135,-0.8057350000000001,SPM,520644
14440725,200,7212,2008,0.0,0.0,-0.01135,-0.8057350000000001,SPM,520645
14447251,200,7213,2008,0.0,0.0,-0.01135,-0.8057350000000001,SPM,520710
14453777,200,7214,2008,0.0,0.0,-0.01135,-0.8057350000000001,SPM,520790
14460303,200,7215,2008,0.0,0.0,-0.01135,-0.8057350000000001,SPM,520811
14466829,200,7216,2008,0.0,0.0,-0.01135,-0.8057350000000001,SPM,520812
14473355,200,7217,2008,0.0,0.0,-0.01135,-0.8057350000000001,SPM,520813
14479881,200,7218,2008,0.0,0.0,-0.01135,-0.8057350000000001,SPM,520819
14486407,200,7219,2008,0.0,0.0,-0.01135,-0.8057350000000001,SPM,520821
14492933,200,7220,2008,0.0,0.0,-0.01135,-0.8057350000000001,SPM,520822
14499459,200,7221,2008,0.0,0.0,-0.01135,-0.8057350000000001,SPM,520823
14505985,200,7222,2008,0.0,0.0,-0.01135,-0.8057350000000001,SPM,520829
14512511,200,7223,2008,0.0,0.0,-0.01135,-0.8057350000000001,SPM,520831
14519037,200,7224,2008,0.0,0.0,-0.01135,-0.8057350000000001,SPM,520832
14525563,200,7225,2008,0.0,0.0,-0.01135,-0.8057350000000001,SPM,520833
14532089,200,7226,2008,0.0,0.0,-0.01135,-0.8057350000000001,SPM,520839
14538615,200,7227,2008,0.0,0.0,-0.01135,-0.8057350000000001,SPM,520841
14545141,200,7228,2008,0.0,0.0,-0.01135,-0.8057350000000001,SPM,520842
14551667,200,7229,2008,0.0,0.0,-0.01135,-0.8057350000000001,SPM,520843
14558193,200,7230,2008,0.0,0.0,-0.01135,-0.8057350000000001,SPM,520849
14564719,200,7231,2008,0.0,0.0,-0.01135,-0.8057350000000001,SPM,520851
14571245,200,7232,2008,0.0,0.0,-0.01135,-0.8057350000000001,SPM,520852
14577771,200,7233,2008,0.0,0.0,-0.01135,-0.8057350000000001,SPM,520853
14584297,200,7234,2008,0.0,0.0,-0.01135,-0.8057350000000001,SPM,520859
14590823,200,7235,2008,0.0,0.0,-0.01135,-0.8057350000000001,SPM,520911
14597349,200,7236,2008,0.0,0.0,-0.01135,-0.8057350000000001,SPM,520912
14603875,200,7237,2008,0.0,0.0,-0.01135,-0.8057350000000001,SPM,520919
14610401,200,7238,2008,0.0,0.0,-0.01135,-0.8057350000000001,SPM,520921
14616927,200,7239,2008,0.0,0.0,-0.01135,-0.8057350000000001,SPM,520922
14623453,200,7240,2008,0.0,0.0,-0.01135,-0.8057350000000001,SPM,520929
14629979,200,7241,2008,0.0,0.0,-0.01135,-0.8057350000000001,SPM,520931
14636505,200,7242,2008,0.0,0.0,-0.01135,-0.8057350000000001,SPM,520932
14643031,200,7243,2008,0.0,0.0,-0.01135,-0.8057350000000001,SPM,520939
14649557,200,7244,2008,0.0,0.0,-0.01135,-0.8057350000000001,SPM,520941
14656083,200,7245,2008,2.8678516245469244e-08,0.0,-0.01135,-0.8057350000000001,SPM,520942
14662609,200,7246,2008,0.0,0.0,-0.01135,-0.8057350000000001,SPM,520943
14669135,200,7247,2008,0.0,0.0,-0.01135,-0.8057350000000001,SPM,520949
14675661,200,7248,2008,0.0,0.0,-0.01135,-0.8057350000000001,SPM,520951
14682187,200,7249,2008,0.0,0.0,-0.01135,-0.8057350000000001,SPM,520952
14688713,200,7250,2008,0.0,0.0,-0.01135,-0.8057350000000001,SPM,520959
14695239,200,7251,2008,0.0,0.0,-0.01135,-0.8057350000000001,SPM,521011
14701765,200,7252,2008,0.0,0.0,-0.01135,-0.8057350000000001,SPM,521012
14708291,200,7253,2008,0.0,0.0,-0.01135,-0.8057350000000001,SPM,521019
14714817,200,7254,2008,0.0,0.0,-0.01135,-0.8057350000000001,SPM,521021
14721343,200,7255,2008,0.0,0.0,-0.01135,-0.8057350000000001,SPM,521022
14727869,200,7256,2008,0.0,0.0,-0.01135,-0.8057350000000001,SPM,521029
14734395,200,7257,2008,0.0,0.0,-0.01135,-0.8057350000000001,SPM,521031
14740921,200,7258,2008,0.0,0.0,-0.01135,-0.8057350000000001,SPM,521032
14747447,200,7259,2008,0.0,0.0,-0.01135,-0.8057350000000001,SPM,521039
14753973,200,7260,2008,0.0,0.0,-0.01135,-0.8057350000000001,SPM,521041
14760499,200,7261,2008,0.0,0.0,-0.01135,-0.8057350000000001,SPM,521042
14767025,200,7262,2008,0.0,0.0,-0.01135,-0.8057350000000001,SPM,521049
14773551,200,7263,2008,0.0,0.0,-0.01135,-0.8057350000000001,SPM,521051
14780077,200,7264,2008,0.0,0.0,-0.01135,-0.8057350000000001,SPM,521052
14786603,200,7265,2008,0.0,0.0,-0.01135,-0.8057350000000001,SPM,521059
14793129,200,7266,2008,0.0,0.0,-0.01135,-0.8057350000000001,SPM,521111
14799655,200,7267,2008,0.0,0.0,-0.01135,-0.8057350000000001,SPM,521112
14806181,200,7268,2008,0.0,0.0,-0.01135,-0.8057350000000001,SPM,521119
14812707,200,7269,2008,0.0,0.0,-0.01135,-0.8057350000000001,SPM,521121
14819233,200,7270,2008,0.0,0.0,-0.01135,-0.8057350000000001,SPM,521122
14825759,200,7271,2008,0.0,0.0,-0.01135,-0.8057350000000001,SPM,521129
14832285,200,7272,2008,0.0,0.0,-0.01135,-0.8057350000000001,SPM,521131
14838811,200,7273,2008,0.0,0.0,-0.01135,-0.8057350000000001,SPM,521132
14845337,200,7274,2008,0.0,0.0,-0.01135,-0.8057350000000001,SPM,521139
14851863,200,7275,2008,0.0,0.0,-0.01135,-0.8057350000000001,SPM,521141
14858389,200,7276,2008,0.0,0.0,-0.01135,-0.8057350000000001,SPM,521142
14864915,200,7277,2008,0.0,0.0,-0.01135,-0.8057350000000001,SPM,521143
14871441,200,7278,2008,0.0,0.0,-0.01135,-0.8057350000000001,SPM,521149
14877967,200,7279,2008,0.0,0.0,-0.01135,-0.8057350000000001,SPM,521151
14884493,200,7280,2008,0.0,0.0,-0.01135,-0.8057350000000001,SPM,521152
14891019,200,7281,2008,0.0,0.0,-0.01135,-0.8057350000000001,SPM,521159
14897545,200,7282,2008,0.0,0.0,-0.01135,-0.8057350000000001,SPM,521211
14904071,200,7283,2008,0.0,0.0,-0.01135,-0.8057350000000001,SPM,521212
14910597,200,7284,2008,0.0,0.0,-0.01135,-0.8057350000000001,SPM,521213
14917123,200,7285,2008,0.0,0.0,-0.01135,-0.8057350000000001,SPM,521214
14923649,200,7286,2008,0.0,0.0,-0.01135,-0.8057350000000001,SPM,521215
14930175,200,7287,2008,0.0,0.0,-0.01135,-0.8057350000000001,SPM,521221
14936701,200,7288,2008,0.0,0.0,-0.01135,-0.8057350000000001,SPM,521222
14943227,200,7289,2008,0.0,0.0,-0.01135,-0.8057350000000001,SPM,521223
14949753,200,7290,2008,0.0,0.0,-0.01135,-0.8057350000000001,SPM,521224
14956279,200,7291,2008,0.0,0.0,-0.01135,-0.8057350000000001,SPM,521225
14962805,200,7292,2008,0.0,0.0,-0.01135,-0.8057350000000001,SPM,530110
14969331,200,7293,2008,0.0,0.0,-0.01135,-0.8057350000000001,SPM,530121
14975857,200,7294,2008,0.0,0.0,-0.01135,-0.8057350000000001,SPM,530129
14982383,200,7295,2008,0.0,0.0,-0.01135,-0.8057350000000001,SPM,530130
14988909,200,7296,2008,0.0,0.0,-0.01135,-0.8057350000000001,SPM,530210
14995435,200,7297,2008,0.0,0.0,-0.01135,-0.8057350000000001,SPM,530290
15001961,200,7298,2008,0.0,0.0,-0.01135,-0.8057350000000001,SPM,530310
15008487,200,7299,2008,0.0,0.0,-0.01135,-0.8057350000000001,SPM,530390
15015013,200,7300,2008,0.0,0.0,-0.01135,-0.8057350000000001,SPM,530410
15021539,200,7301,2008,0.0,0.0,-0.01135,-0.8057350000000001,SPM,530490
15028065,200,7302,2008,0.0,0.0,-0.01135,-0.8057350000000001,SPM,530511
15034591,200,7303,2008,0.0,0.0,-0.01135,-0.8057350000000001,SPM,530519
15041117,200,7304,2008,0.0,0.0,-0.01135,-0.8057350000000001,SPM,530521
15047643,200,7305,2008,0.0,0.0,-0.01135,-0.8057350000000001,SPM,530529
15054169,200,7306,2008,0.0,0.0,-0.01135,-0.8057350000000001,SPM,530591
15060695,200,7307,2008,0.0,0.0,-0.01135,-0.8057350000000001,SPM,530599
15067221,200,7308,2008,0.0,0.0,-0.01135,-0.8057350000000001,SPM,530610
15073747,200,7309,2008,0.0,0.0,-0.01135,-0.8057350000000001,SPM,530620
15080273,200,7310,2008,0.0,0.0,-0.01135,-0.8057350000000001,SPM,530710
15086799,200,7311,2008,0.0,0.0,-0.01135,-0.8057350000000001,SPM,530720
15093325,200,7312,2008,0.0,0.0,-0.01135,-0.8057350000000001,SPM,530810
15099851,200,7313,2008,0.0,0.0,-0.01135,-0.8057350000000001,SPM,530820
15106377,200,7314,2008,0.0,0.0,-0.01135,-0.8057350000000001,SPM,530830
15112903,200,7315,2008,0.0,0.0,-0.01135,-0.8057350000000001,SPM,530890
15119429,200,7316,2008,0.0,0.0,-0.01135,-0.8057350000000001,SPM,530911
15125955,200,7317,2008,0.0,0.0,-0.01135,-0.8057350000000001,SPM,530919
15132481,200,7318,2008,0.0,0.0,-0.01135,-0.8057350000000001,SPM,530921
15139007,200,7319,2008,0.0,0.0,-0.01135,-0.8057350000000001,SPM,530929
15145533,200,7320,2008,0.0,0.0,-0.01135,-0.8057350000000001,SPM,531010
15152059,200,7321,2008,0.0,0.0,-0.01135,-0.8057350000000001,SPM,531090
15158585,200,7322,2008,0.0,0.0,-0.01135,-0.8057350000000001,SPM,531100
15165111,200,7323,2008,0.0,0.0,-0.01135,-0.8057350000000001,SPM,540110
15171637,200,7324,2008,0.0,0.0,-0.01135,-0.8057350000000001,SPM,540120
15178163,200,7325,2008,0.0,0.0,-0.01135,-0.8057350000000001,SPM,540210
15184689,200,7326,2008,0.0,0.0,-0.01135,-0.8057350000000001,SPM,540220
15191215,200,7327,2008,0.0,0.0,-0.01135,-0.8057350000000001,SPM,540231
15197741,200,7328,2008,0.0,0.0,-0.01135,-0.8057350000000001,SPM,540232
15204267,200,7329,2008,0.0,0.0,-0.01135,-0.8057350000000001,SPM,540233
15210793,200,7330,2008,0.0,0.0,-0.01135,-0.8057350000000001,SPM,540239
15217319,200,7331,2008,0.0,0.0,-0.01135,-0.8057350000000001,SPM,540241
15223845,200,7332,2008,0.0,0.0,-0.01135,-0.8057350000000001,SPM,540242
15230371,200,7333,2008,0.0,0.0,-0.01135,-0.8057350000000001,SPM,540243
15236897,200,7334,2008,0.0,0.0,-0.01135,-0.8057350000000001,SPM,540249
15243423,200,7335,2008,0.0,0.0,-0.01135,-0.8057350000000001,SPM,540251
15249949,200,7336,2008,0.0,0.0,-0.01135,-0.8057350000000001,SPM,540252
15256475,200,7337,2008,0.0,0.0,-0.01135,-0.8057350000000001,SPM,540259
15263001,200,7338,2008,0.0,0.0,-0.01135,-0.8057350000000001,SPM,540261
15269527,200,7339,2008,0.0,0.0,-0.01135,-0.8057350000000001,SPM,540262
15276053,200,7340,2008,0.0,0.0,-0.01135,-0.8057350000000001,SPM,540269
15282579,200,7341,2008,0.0,0.0,-0.01135,-0.8057350000000001,SPM,540310
15289105,200,7342,2008,0.0,0.0,-0.01135,-0.8057350000000001,SPM,540320
15295631,200,7343,2008,0.0,0.0,-0.01135,-0.8057350000000001,SPM,540331
15302157,200,7344,2008,0.0,0.0,-0.01135,-0.8057350000000001,SPM,540332
15308683,200,7345,2008,0.0,0.0,-0.01135,-0.8057350000000001,SPM,540333
15315209,200,7346,2008,0.0,0.0,-0.01135,-0.8057350000000001,SPM,540339
15321735,200,7347,2008,0.0,0.0,-0.01135,-0.8057350000000001,SPM,540341
15328261,200,7348,2008,0.0,0.0,-0.01135,-0.8057350000000001,SPM,540342
15334787,200,7349,2008,0.0,0.0,-0.01135,-0.8057350000000001,SPM,540349
15341313,200,7350,2008,0.0,0.0,-0.01135,-0.8057350000000001,SPM,540410
15347839,200,7351,2008,0.0,0.0,-0.01135,-0.8057350000000001,SPM,540490
15354365,200,7352,2008,0.0,0.0,-0.01135,-0.8057350000000001,SPM,540500
15360891,200,7353,2008,0.0,0.0,-0.01135,-0.8057350000000001,SPM,540610
15367417,200,7354,2008,0.0,0.0,-0.01135,-0.8057350000000001,SPM,540620
15373943,200,7355,2008,0.0,0.0,-0.01135,-0.8057350000000001,SPM,540710
15380469,200,7356,2008,0.0,0.0,-0.01135,-0.8057350000000001,SPM,540720
15386995,200,7357,2008,0.0,0.0,-0.01135,-0.8057350000000001,SPM,540730
15393521,200,7358,2008,0.0,0.0,-0.01135,-0.8057350000000001,SPM,540741
15400047,200,7359,2008,0.0,0.0,-0.01135,-0.8057350000000001,SPM,540742
15406573,200,7360,2008,0.0,0.0,-0.01135,-0.8057350000000001,SPM,540743
15413099,200,7361,2008,0.0,0.0,-0.01135,-0.8057350000000001,SPM,540744
15419625,200,7362,2008,0.0,0.0,-0.01135,-0.8057350000000001,SPM,540751
15426151,200,7363,2008,0.0,0.0,-0.01135,-0.8057350000000001,SPM,540752
15432677,200,7364,2008,0.0,0.0,-0.01135,-0.8057350000000001,SPM,540753
15439203,200,7365,2008,0.0,0.0,-0.01135,-0.8057350000000001,SPM,540754
15445729,200,7366,2008,0.0,0.0,-0.01135,-0.8057350000000001,SPM,540760
15452255,200,7367,2008,0.0,0.0,-0.01135,-0.8057350000000001,SPM,540771
15458781,200,7368,2008,0.0,0.0,-0.01135,-0.8057350000000001,SPM,540772
15465307,200,7369,2008,0.0,0.0,-0.01135,-0.8057350000000001,SPM,540773
15471833,200,7370,2008,0.0,0.0,-0.01135,-0.8057350000000001,SPM,540774
15478359,200,7371,2008,0.0,0.0,-0.01135,-0.8057350000000001,SPM,540781
15484885,200,7372,2008,0.0,0.0,-0.01135,-0.8057350000000001,SPM,540782
15491411,200,7373,2008,0.0,0.0,-0.01135,-0.8057350000000001,SPM,540783
15497937,200,7374,2008,0.0,0.0,-0.01135,-0.8057350000000001,SPM,540784
15504463,200,7375,2008,0.0,0.0,-0.01135,-0.8057350000000001,SPM,540791
15510989,200,7376,2008,0.0,0.0,-0.01135,-0.8057350000000001,SPM,540792
15517515,200,7377,2008,0.0,0.0,-0.01135,-0.8057350000000001,SPM,540793
15524041,200,7378,2008,0.0,0.0,-0.01135,-0.8057350000000001,SPM,540794
15530567,200,7379,2008,0.0,0.0,-0.01135,-0.8057350000000001,SPM,540810
15537093,200,7380,2008,0.0,0.0,-0.01135,-0.8057350000000001,SPM,540821
15543619,200,7381,2008,0.0,0.0,-0.01135,-0.8057350000000001,SPM,540822
15550145,200,7382,2008,0.0,0.0,-0.01135,-0.8057350000000001,SPM,540823
15556671,200,7383,2008,0.0,0.0,-0.01135,-0.8057350000000001,SPM,540824
15563197,200,7384,2008,0.0,0.0,-0.01135,-0.8057350000000001,SPM,540831
15569723,200,7385,2008,0.0,0.0,-0.01135,-0.8057350000000001,SPM,540832
15576249,200,7386,2008,0.0,0.0,-0.01135,-0.8057350000000001,SPM,540833
15582775,200,7387,2008,0.0,0.0,-0.01135,-0.8057350000000001,SPM,540834
15589301,200,7388,2008,0.0,0.0,-0.01135,-0.8057350000000001,SPM,550110
15595827,200,7389,2008,0.0,0.0,-0.01135,-0.8057350000000001,SPM,550120
15602353,200,7390,2008,0.0,0.0,-0.01135,-0.8057350000000001,SPM,550130
15608879,200,7391,2008,0.0,0.0,-0.01135,-0.8057350000000001,SPM,550190
15615405,200,7392,2008,0.0,0.0,-0.01135,-0.8057350000000001,SPM,550200
15621931,200,7393,2008,0.0,0.0,-0.01135,-0.8057350000000001,SPM,550310
15628457,200,7394,2008,0.0,0.0,-0.01135,-0.8057350000000001,SPM,550320
15634983,200,7395,2008,0.0,0.0,-0.01135,-0.8057350000000001,SPM,550330
15641509,200,7396,2008,0.0,0.0,-0.01135,-0.8057350000000001,SPM,550340
15648035,200,7397,2008,0.0,0.0,-0.01135,-0.8057350000000001,SPM,550390
15654561,200,7398,2008,0.0,0.0,-0.01135,-0.8057350000000001,SPM,550410
15661087,200,7399,2008,0.0,0.0,-0.01135,-0.8057350000000001,SPM,550490
15667613,200,7400,2008,0.0,0.0,-0.01135,-0.8057350000000001,SPM,550510
15674139,200,7401,2008,0.0,0.0,-0.01135,-0.8057350000000001,SPM,550520
15680665,200,7402,2008,0.0,0.0,-0.01135,-0.8057350000000001,SPM,550610
15687191,200,7403,2008,0.0,0.0,-0.01135,-0.8057350000000001,SPM,550620
15693717,200,7404,2008,0.0,0.0,-0.01135,-0.8057350000000001,SPM,550630
15700243,200,7405,2008,0.0,0.0,-0.01135,-0.8057350000000001,SPM,550690
15706769,200,7406,2008,0.0,0.0,-0.01135,-0.8057350000000001,SPM,550700
15713295,200,7407,2008,0.0,0.0,-0.01135,-0.8057350000000001,SPM,550810
15719821,200,7408,2008,0.0,0.0,-0.01135,-0.8057350000000001,SPM,550820
15726347,200,7409,2008,0.0,0.0,-0.01135,-0.8057350000000001,SPM,550911
15732873,200,7410,2008,0.0,0.0,-0.01135,-0.8057350000000001,SPM,550912
15739399,200,7411,2008,0.0,0.0,-0.01135,-0.8057350000000001,SPM,550921
15745925,200,7412,2008,0.0,0.0,-0.01135,-0.8057350000000001,SPM,550922
15752451,200,7413,2008,0.0,0.0,-0.01135,-0.8057350000000001,SPM,550931
15758977,200,7414,2008,0.0,0.0,-0.01135,-0.8057350000000001,SPM,550932
15765503,200,7415,2008,0.0,0.0,-0.01135,-0.8057350000000001,SPM,550941
15772029,200,7416,2008,0.0,0.0,-0.01135,-0.8057350000000001,SPM,550942
15778555,200,7417,2008,0.0,0.0,-0.01135,-0.8057350000000001,SPM,550951
15785081,200,7418,2008,0.0,0.0,-0.01135,-0.8057350000000001,SPM,550952
15791607,200,7419,2008,0.0,0.0,-0.01135,-0.8057350000000001,SPM,550953
15798133,200,7420,2008,0.0,0.0,-0.01135,-0.8057350000000001,SPM,550959
15804659,200,7421,2008,0.0,0.0,-0.01135,-0.8057350000000001,SPM,550961
15811185,200,7422,2008,0.0,0.0,-0.01135,-0.8057350000000001,SPM,550962
15817711,200,7423,2008,0.0,0.0,-0.01135,-0.8057350000000001,SPM,550969
15824237,200,7424,2008,0.0,0.0,-0.01135,-0.8057350000000001,SPM,550991
15830763,200,7425,2008,0.0,0.0,-0.01135,-0.8057350000000001,SPM,550992
15837289,200,7426,2008,0.0,0.0,-0.01135,-0.8057350000000001,SPM,550999
15843815,200,7427,2008,0.0,0.0,-0.01135,-0.8057350000000001,SPM,551011
15850341,200,7428,2008,0.0,0.0,-0.01135,-0.8057350000000001,SPM,551012
15856867,200,7429,2008,0.0,0.0,-0.01135,-0.8057350000000001,SPM,551020
15863393,200,7430,2008,0.0,0.0,-0.01135,-0.8057350000000001,SPM,551030
15869919,200,7431,2008,0.0,0.0,-0.01135,-0.8057350000000001,SPM,551090
15876445,200,7432,2008,0.0,0.0,-0.01135,-0.8057350000000001,SPM,551110
15882971,200,7433,2008,0.0,6.433114572480857e-10,-0.01135,-0.8057350000000001,SPM,551120
15889497,200,7434,2008,0.0,0.0,-0.01135,-0.8057350000000001,SPM,551130
15896023,200,7435,2008,0.0,0.0,-0.01135,-0.8057350000000001,SPM,551211
15902549,200,7436,2008,0.0,0.0,-0.01135,-0.8057350000000001,SPM,551219
15909075,200,7437,2008,0.0,0.0,-0.01135,-0.8057350000000001,SPM,551221
15915601,200,7438,2008,0.0,0.0,-0.01135,-0.8057350000000001,SPM,551229
15922127,200,7439,2008,0.0,0.0,-0.01135,-0.8057350000000001,SPM,551291
15928653,200,7440,2008,0.0,0.0,-0.01135,-0.8057350000000001,SPM,551299
15935179,200,7441,2008,0.0,0.0,-0.01135,-0.8057350000000001,SPM,551311
15941705,200,7442,2008,0.0,0.0,-0.01135,-0.8057350000000001,SPM,551312
15948231,200,7443,2008,0.0,0.0,-0.01135,-0.8057350000000001,SPM,551313
15954757,200,7444,2008,0.0,0.0,-0.01135,-0.8057350000000001,SPM,551319
15961283,200,7445,2008,0.0,0.0,-0.01135,-0.8057350000000001,SPM,551321
15967809,200,7446,2008,0.0,0.0,-0.01135,-0.8057350000000001,SPM,551322
15974335,200,7447,2008,0.0,0.0,-0.01135,-0.8057350000000001,SPM,551323
15980861,200,7448,2008,0.0,0.0,-0.01135,-0.8057350000000001,SPM,551329
15987387,200,7449,2008,0.0,0.0,-0.01135,-0.8057350000000001,SPM,551331
15993913,200,7450,2008,0.0,0.0,-0.01135,-0.8057350000000001,SPM,551332
16000439,200,7451,2008,0.0,0.0,-0.01135,-0.8057350000000001,SPM,551333
16006965,200,7452,2008,0.0,0.0,-0.01135,-0.8057350000000001,SPM,551339
16013491,200,7453,2008,0.0,0.0,-0.01135,-0.8057350000000001,SPM,551341
16020017,200,7454,2008,0.0,0.0,-0.01135,-0.8057350000000001,SPM,551342
16026543,200,7455,2008,0.0,0.0,-0.01135,-0.8057350000000001,SPM,551343
16033069,200,7456,2008,0.0,0.0,-0.01135,-0.8057350000000001,SPM,551349
16039595,200,7457,2008,0.0,0.0,-0.01135,-0.8057350000000001,SPM,551411
16046121,200,7458,2008,0.0,0.0,-0.01135,-0.8057350000000001,SPM,551412
16052647,200,7459,2008,0.0,0.0,-0.01135,-0.8057350000000001,SPM,551413
16059173,200,7460,2008,0.0,0.0,-0.01135,-0.8057350000000001,SPM,551419
16065699,200,7461,2008,0.0,0.0,-0.01135,-0.8057350000000001,SPM,551421
16072225,200,7462,2008,0.0,0.0,-0.01135,-0.8057350000000001,SPM,551422
16078751,200,7463,2008,0.0,0.0,-0.01135,-0.8057350000000001,SPM,551423
16085277,200,7464,2008,0.0,0.0,-0.01135,-0.8057350000000001,SPM,551429
16091803,200,7465,2008,0.0,0.0,-0.01135,-0.8057350000000001,SPM,551431
16098329,200,7466,2008,0.0,0.0,-0.01135,-0.8057350000000001,SPM,551432
16104855,200,7467,2008,0.0,0.0,-0.01135,-0.8057350000000001,SPM,551433
16111381,200,7468,2008,0.0,0.0,-0.01135,-0.8057350000000001,SPM,551439
16117907,200,7469,2008,0.0,0.0,-0.01135,-0.8057350000000001,SPM,551441
16124433,200,7470,2008,0.0,0.0,-0.01135,-0.8057350000000001,SPM,551442
16130959,200,7471,2008,0.0,0.0,-0.01135,-0.8057350000000001,SPM,551443
16137485,200,7472,2008,0.0,0.0,-0.01135,-0.8057350000000001,SPM,551449
16144011,200,7473,2008,0.0,0.0,-0.01135,-0.8057350000000001,SPM,551511
16150537,200,7474,2008,0.0,0.0,-0.01135,-0.8057350000000001,SPM,551512
16157063,200,7475,2008,0.0,0.0,-0.01135,-0.8057350000000001,SPM,551513
16163589,200,7476,2008,0.0,4.36762410284146e-09,-0.01135,-0.8057350000000001,SPM,551519
16170115,200,7477,2008,0.0,0.0,-0.01135,-0.8057350000000001,SPM,551521
16176641,200,7478,2008,0.0,0.0,-0.01135,-0.8057350000000001,SPM,551522
16183167,200,7479,2008,0.0,0.0,-0.01135,-0.8057350000000001,SPM,551529
16189693,200,7480,2008,0.0,0.0,-0.01135,-0.8057350000000001,SPM,551591
16196219,200,7481,2008,0.0,0.0,-0.01135,-0.8057350000000001,SPM,551592
16202745,200,7482,2008,0.0,0.0,-0.01135,-0.8057350000000001,SPM,551599
16209271,200,7483,2008,0.0,0.0,-0.01135,-0.8057350000000001,SPM,551611
16215797,200,7484,2008,0.0,0.0,-0.01135,-0.8057350000000001,SPM,551612
16222323,200,7485,2008,0.0,0.0,-0.01135,-0.8057350000000001,SPM,551613
16228849,200,7486,2008,0.0,0.0,-0.01135,-0.8057350000000001,SPM,551614
16235375,200,7487,2008,0.0,0.0,-0.01135,-0.8057350000000001,SPM,551621
16241901,200,7488,2008,0.0,0.0,-0.01135,-0.8057350000000001,SPM,551622
16248427,200,7489,2008,0.0,0.0,-0.01135,-0.8057350000000001,SPM,551623
16254953,200,7490,2008,0.0,0.0,-0.01135,-0.8057350000000001,SPM,551624
16261479,200,7491,2008,0.0,0.0,-0.01135,-0.8057350000000001,SPM,551631
16268005,200,7492,2008,0.0,0.0,-0.01135,-0.8057350000000001,SPM,551632
16274531,200,7493,2008,0.0,0.0,-0.01135,-0.8057350000000001,SPM,551633
16281057,200,7494,2008,0.0,0.0,-0.01135,-0.8057350000000001,SPM,551634
16287583,200,7495,2008,0.0,0.0,-0.01135,-0.8057350000000001,SPM,551641
16294109,200,7496,2008,0.0,0.0,-0.01135,-0.8057350000000001,SPM,551642
16300635,200,7497,2008,0.0,0.0,-0.01135,-0.8057350000000001,SPM,551643
16307161,200,7498,2008,0.0,0.0,-0.01135,-0.8057350000000001,SPM,551644
16313687,200,7499,2008,0.0,0.0,-0.01135,-0.8057350000000001,SPM,551691
16320213,200,7500,2008,0.0,0.0,-0.01135,-0.8057350000000001,SPM,551692
16326739,200,7501,2008,0.0,0.0,-0.01135,-0.8057350000000001,SPM,551693
16333265,200,7502,2008,0.0,0.0,-0.01135,-0.8057350000000001,SPM,551694
16339791,200,7503,2008,0.0,9.757387584432583e-10,-0.01135,-0.8057350000000001,SPM,560110
16346317,200,7504,2008,0.0,0.0,-0.01135,-0.8057350000000001,SPM,560121
16352843,200,7505,2008,0.0,0.0,-0.01135,-0.8057350000000001,SPM,560122
16359369,200,7506,2008,0.0,0.0,-0.01135,-0.8057350000000001,SPM,560129
16365895,200,7507,2008,0.0,0.0,-0.01135,-0.8057350000000001,SPM,560130
16372421,200,7508,2008,0.0,2.1105653579370476e-09,-0.01135,-0.8057350000000001,SPM,560210
16378947,200,7509,2008,0.0,0.0,-0.01135,-0.8057350000000001,SPM,560221
16385473,200,7510,2008,0.0,0.0,-0.01135,-0.8057350000000001,SPM,560229
16391999,200,7511,2008,0.0,0.0,-0.01135,-0.8057350000000001,SPM,560290
16398525,200,7512,2008,0.0,1.5143173869997441e-09,-0.01135,-0.8057350000000001,SPM,560300
16405051,200,7513,2008,0.0,0.0,-0.01135,-0.8057350000000001,SPM,560410
16411577,200,7514,2008,0.0,0.0,-0.01135,-0.8057350000000001,SPM,560420
16418103,200,7515,2008,0.0,0.0,-0.01135,-0.8057350000000001,SPM,560490
16424629,200,7516,2008,0.0,0.0,-0.01135,-0.8057350000000001,SPM,560500
16431155,200,7517,2008,0.0,0.0,-0.01135,-0.8057350000000001,SPM,560600
16437681,200,7518,2008,0.0,0.0,-0.01135,-0.8057350000000001,SPM,560710
16444207,200,7519,2008,0.0,0.0,-0.01135,-0.8057350000000001,SPM,560721
16450733,200,7520,2008,0.0,0.0,-0.01135,-0.8057350000000001,SPM,560729
16457259,200,7521,2008,0.0,0.0,-0.01135,-0.8057350000000001,SPM,560730
16463785,200,7522,2008,0.0,0.0,-0.01135,-0.8057350000000001,SPM,560741
16470311,200,7523,2008,0.0,0.0,-0.01135,-0.8057350000000001,SPM,560749
16476837,200,7524,2008,0.0,0.0,-0.01135,-0.8057350000000001,SPM,560750
16483363,200,7525,2008,0.0,0.0,-0.01135,-0.8057350000000001,SPM,560790
16489889,200,7526,2008,0.0,0.0,-0.01135,-0.8057350000000001,SPM,560811
16496415,200,7527,2008,0.0,6.844754361199106e-09,-0.01135,-0.8057350000000001,SPM,560819
16502941,200,7528,2008,0.0,0.0,-0.01135,-0.8057350000000001,SPM,560890
16509467,200,7529,2008,0.0,0.0,-0.01135,-0.8057350000000001,SPM,560900
16515993,200,7530,2008,0.0,0.0,-0.01135,-0.8057350000000001,SPM,570110
16522519,200,7531,2008,0.0,9.777273564563898e-10,-0.01135,-0.8057350000000001,SPM,570190
16529045,200,7532,2008,0.0,0.0,-0.01135,-0.8057350000000001,SPM,570210
16535571,200,7533,2008,0.0,0.0,-0.01135,-0.8057350000000001,SPM,570220
16542097,200,7534,2008,0.0,0.0,-0.01135,-0.8057350000000001,SPM,570231
16548623,200,7535,2008,0.0,0.0,-0.01135,-0.8057350000000001,SPM,570232
16555149,200,7536,2008,0.0,0.0,-0.01135,-0.8057350000000001,SPM,570239
16561675,200,7537,2008,0.0,8.345482995109117e-10,-0.01135,-0.8057350000000001,SPM,570241
16568201,200,7538,2008,0.0,2.5666171689485707e-09,-0.01135,-0.8057350000000001,SPM,570242
16574727,200,7539,2008,0.0,0.0,-0.01135,-0.8057350000000001,SPM,570249
16581253,200,7540,2008,0.0,0.0,-0.01135,-0.8057350000000001,SPM,570251
16587779,200,7541,2008,0.0,0.0,-0.01135,-0.8057350000000001,SPM,570252
16594305,200,7542,2008,0.0,0.0,-0.01135,-0.8057350000000001,SPM,570259
16600831,200,7543,2008,0.0,0.0,-0.01135,-0.8057350000000001,SPM,570291
16607357,200,7544,2008,0.0,8.965262709201812e-10,-0.01135,-0.8057350000000001,SPM,570292
16613883,200,7545,2008,0.0,0.0,-0.01135,-0.8057350000000001,SPM,570299
16620409,200,7546,2008,0.0,0.0,-0.01135,-0.8057350000000001,SPM,570310
16626935,200,7547,2008,0.0,0.0,-0.01135,-0.8057350000000001,SPM,570320
16633461,200,7548,2008,0.0,2.8778327580036725e-09,-0.01135,-0.8057350000000001,SPM,570330
16639987,200,7549,2008,0.0,0.0,-0.01135,-0.8057350000000001,SPM,570390
16646513,200,7550,2008,0.0,0.0,-0.01135,-0.8057350000000001,SPM,570410
16653039,200,7551,2008,0.0,0.0,-0.01135,-0.8057350000000001,SPM,570490
16659565,200,7552,2008,0.0,3.6487459210943714e-09,-0.01135,-0.8057350000000001,SPM,570500
16666091,200,7553,2008,0.0,0.0,-0.01135,-0.8057350000000001,SPM,580110
16672617,200,7554,2008,0.0,0.0,-0.01135,-0.8057350000000001,SPM,580121
16679143,200,7555,2008,0.0,0.0,-0.01135,-0.8057350000000001,SPM,580122
16685669,200,7556,2008,0.0,0.0,-0.01135,-0.8057350000000001,SPM,580123
16692195,200,7557,2008,0.0,0.0,-0.01135,-0.8057350000000001,SPM,580124
16698721,200,7558,2008,0.0,0.0,-0.01135,-0.8057350000000001,SPM,580125
16705247,200,7559,2008,0.0,0.0,-0.01135,-0.8057350000000001,SPM,580126
16711773,200,7560,2008,0.0,0.0,-0.01135,-0.8057350000000001,SPM,580131
16718299,200,7561,2008,0.0,0.0,-0.01135,-0.8057350000000001,SPM,580132
16724825,200,7562,2008,0.0,0.0,-0.01135,-0.8057350000000001,SPM,580133
16731351,200,7563,2008,0.0,0.0,-0.01135,-0.8057350000000001,SPM,580134
16737877,200,7564,2008,0.0,0.0,-0.01135,-0.8057350000000001,SPM,580135
16744403,200,7565,2008,0.0,0.0,-0.01135,-0.8057350000000001,SPM,580136
16750929,200,7566,2008,0.0,0.0,-0.01135,-0.8057350000000001,SPM,580190
16757455,200,7567,2008,0.0,0.0,-0.01135,-0.8057350000000001,SPM,580211
16763981,200,7568,2008,0.0,0.0,-0.01135,-0.8057350000000001,SPM,580219
16770507,200,7569,2008,0.0,0.0,-0.01135,-0.8057350000000001,SPM,580220
16777033,200,7570,2008,0.0,0.0,-0.01135,-0.8057350000000001,SPM,580230
16783559,200,7571,2008,0.0,0.0,-0.01135,-0.8057350000000001,SPM,580310
16790085,200,7572,2008,0.0,0.0,-0.01135,-0.8057350000000001,SPM,580390
16796611,200,7573,2008,0.0,0.0,-0.01135,-0.8057350000000001,SPM,580410
16803137,200,7574,2008,0.0,0.0,-0.01135,-0.8057350000000001,SPM,580421
16809663,200,7575,2008,0.0,0.0,-0.01135,-0.8057350000000001,SPM,580429
16816189,200,7576,2008,0.0,0.0,-0.01135,-0.8057350000000001,SPM,580430
16822715,200,7577,2008,0.0,0.0,-0.01135,-0.8057350000000001,SPM,580500
16829241,200,7578,2008,0.0,0.0,-0.01135,-0.8057350000000001,SPM,580610
16835767,200,7579,2008,0.0,0.0,-0.01135,-0.8057350000000001,SPM,580620
16842293,200,7580,2008,0.0,0.0,-0.01135,-0.8057350000000001,SPM,580631
16848819,200,7581,2008,0.0,0.0,-0.01135,-0.8057350000000001,SPM,580632
16855345,200,7582,2008,0.0,0.0,-0.01135,-0.8057350000000001,SPM,580639
16861871,200,7583,2008,0.0,0.0,-0.01135,-0.8057350000000001,SPM,580640
16868397,200,7584,2008,0.0,4.185998817642103e-10,-0.01135,-0.8057350000000001,SPM,580710
16874923,200,7585,2008,0.0,0.0,-0.01135,-0.8057350000000001,SPM,580790
16881449,200,7586,2008,0.0,0.0,-0.01135,-0.8057350000000001,SPM,580810
16887975,200,7587,2008,0.0,0.0,-0.01135,-0.8057350000000001,SPM,580890
16894501,200,7588,2008,0.0,0.0,-0.01135,-0.8057350000000001,SPM,580900
16901027,200,7589,2008,0.0,0.0,-0.01135,-0.8057350000000001,SPM,581010
16907553,200,7590,2008,0.0,0.0,-0.01135,-0.8057350000000001,SPM,581091
16914079,200,7591,2008,0.0,0.0,-0.01135,-0.8057350000000001,SPM,581092
16920605,200,7592,2008,0.0,0.0,-0.01135,-0.8057350000000001,SPM,581099
16927131,200,7593,2008,0.0,0.0,-0.01135,-0.8057350000000001,SPM,581100
16933657,200,7594,2008,0.0,0.0,-0.01135,-0.8057350000000001,SPM,590110
16940183,200,7595,2008,0.0,0.0,-0.01135,-0.8057350000000001,SPM,590190
16946709,200,7596,2008,0.0,0.0,-0.01135,-0.8057350000000001,SPM,590210
16953235,200,7597,2008,0.0,0.0,-0.01135,-0.8057350000000001,SPM,590220
16959761,200,7598,2008,0.0,0.0,-0.01135,-0.8057350000000001,SPM,590290
16966287,200,7599,2008,0.0,7.833750439729909e-09,-0.01135,-0.8057350000000001,SPM,590310
16972813,200,7600,2008,0.0,0.0,-0.01135,-0.8057350000000001,SPM,590320
16979339,200,7601,2008,0.0,0.0,-0.01135,-0.8057350000000001,SPM,590390
16985865,200,7602,2008,0.0,0.0,-0.01135,-0.8057350000000001,SPM,590410
16992391,200,7603,2008,0.0,0.0,-0.01135,-0.8057350000000001,SPM,590491
16998917,200,7604,2008,0.0,0.0,-0.01135,-0.8057350000000001,SPM,590492
17005443,200,7605,2008,0.0,0.0,-0.01135,-0.8057350000000001,SPM,590500
17011969,200,7606,2008,0.0,0.0,-0.01135,-0.8057350000000001,SPM,590610
17018495,200,7607,2008,0.0,0.0,-0.01135,-0.8057350000000001,SPM,590691
17025021,200,7608,2008,0.0,0.0,-0.01135,-0.8057350000000001,SPM,590699
17031547,200,7609,2008,0.0,0.0,-0.01135,-0.8057350000000001,SPM,590700
17038073,200,7610,2008,0.0,0.0,-0.01135,-0.8057350000000001,SPM,590800
17044599,200,7611,2008,0.0,0.0,-0.01135,-0.8057350000000001,SPM,590900
17051125,200,7612,2008,0.0,0.0,-0.01135,-0.8057350000000001,SPM,591000
17057651,200,7613,2008,0.0,0.0,-0.01135,-0.8057350000000001,SPM,591110
17064177,200,7614,2008,0.0,0.0,-0.01135,-0.8057350000000001,SPM,591120
17070703,200,7615,2008,0.0,5.362917408413845e-09,-0.01135,-0.8057350000000001,SPM,591131
17077229,200,7616,2008,0.0,0.0,-0.01135,-0.8057350000000001,SPM,591132
17083755,200,7617,2008,0.0,0.0,-0.01135,-0.8057350000000001,SPM,591140
17090281,200,7618,2008,0.0,0.0,-0.01135,-0.8057350000000001,SPM,591190
17096807,200,7619,2008,0.0,0.0,-0.01135,-0.8057350000000001,SPM,600110
17103333,200,7620,2008,0.0,0.0,-0.01135,-0.8057350000000001,SPM,600121
17109859,200,7621,2008,0.0,0.0,-0.01135,-0.8057350000000001,SPM,600122
17116385,200,7622,2008,0.0,0.0,-0.01135,-0.8057350000000001,SPM,600129
17122911,200,7623,2008,0.0,0.0,-0.01135,-0.8057350000000001,SPM,600191
17129437,200,7624,2008,0.0,0.0,-0.01135,-0.8057350000000001,SPM,600192
17135963,200,7625,2008,0.0,0.0,-0.01135,-0.8057350000000001,SPM,600199
17142489,200,7626,2008,0.0,0.0,-0.01135,-0.8057350000000001,SPM,600210
17149015,200,7627,2008,0.0,0.0,-0.01135,-0.8057350000000001,SPM,600220
17155541,200,7628,2008,0.0,0.0,-0.01135,-0.8057350000000001,SPM,600230
17162067,200,7629,2008,0.0,0.0,-0.01135,-0.8057350000000001,SPM,600241
17168593,200,7630,2008,0.0,0.0,-0.01135,-0.8057350000000001,SPM,600242
17175119,200,7631,2008,0.0,1.9554547129127796e-09,-0.01135,-0.8057350000000001,SPM,600243
17181645,200,7632,2008,0.0,0.0,-0.01135,-0.8057350000000001,SPM,600249
17188171,200,7633,2008,0.0,0.0,-0.01135,-0.8057350000000001,SPM,600291
17194697,200,7634,2008,0.0,0.0,-0.01135,-0.8057350000000001,SPM,600292
17201223,200,7635,2008,0.0,0.0,-0.01135,-0.8057350000000001,SPM,600293
17207749,200,7636,2008,0.0,0.0,-0.01135,-0.8057350000000001,SPM,600299
17214275,200,7637,2008,0.0,0.0,-0.01135,-0.8057350000000001,SPM,610110
17220801,200,7638,2008,0.0,0.0,-0.01135,-0.8057350000000001,SPM,610120
17227327,200,7639,2008,0.0,3.791593545037661e-10,-0.01135,-0.8057350000000001,SPM,610130
17233853,200,7640,2008,0.0,0.0,-0.01135,-0.8057350000000001,SPM,610190
17240379,200,7641,2008,0.0,0.0,-0.01135,-0.8057350000000001,SPM,610210
17246905,200,7642,2008,0.0,0.0,-0.01135,-0.8057350000000001,SPM,610220
17253431,200,7643,2008,0.0,0.0,-0.01135,-0.8057350000000001,SPM,610230
17259957,200,7644,2008,0.0,0.0,-0.01135,-0.8057350000000001,SPM,610290
17266483,200,7645,2008,0.0,0.0,-0.01135,-0.8057350000000001,SPM,610311
17273009,200,7646,2008,0.0,0.0,-0.01135,-0.8057350000000001,SPM,610312
17279535,200,7647,2008,0.0,0.0,-0.01135,-0.8057350000000001,SPM,610319
17286061,200,7648,2008,0.0,0.0,-0.01135,-0.8057350000000001,SPM,610321
17292587,200,7649,2008,0.0,0.0,-0.01135,-0.8057350000000001,SPM,610322
17299113,200,7650,2008,0.0,0.0,-0.01135,-0.8057350000000001,SPM,610323
17305639,200,7651,2008,0.0,0.0,-0.01135,-0.8057350000000001,SPM,610329
17312165,200,7652,2008,0.0,0.0,-0.01135,-0.8057350000000001,SPM,610331
17318691,200,7653,2008,0.0,0.0,-0.01135,-0.8057350000000001,SPM,610332
17325217,200,7654,2008,0.0,0.0,-0.01135,-0.8057350000000001,SPM,610333
17331743,200,7655,2008,0.0,0.0,-0.01135,-0.8057350000000001,SPM,610339
17338269,200,7656,2008,0.0,0.0,-0.01135,-0.8057350000000001,SPM,610341
17344795,200,7657,2008,0.0,0.0,-0.01135,-0.8057350000000001,SPM,610342
17351321,200,7658,2008,0.0,0.0,-0.01135,-0.8057350000000001,SPM,610343
17357847,200,7659,2008,0.0,0.0,-0.01135,-0.8057350000000001,SPM,610349
17364373,200,7660,2008,0.0,0.0,-0.01135,-0.8057350000000001,SPM,610411
17370899,200,7661,2008,0.0,0.0,-0.01135,-0.8057350000000001,SPM,610412
17377425,200,7662,2008,0.0,0.0,-0.01135,-0.8057350000000001,SPM,610413
17383951,200,7663,2008,0.0,0.0,-0.01135,-0.8057350000000001,SPM,610419
17390477,200,7664,2008,0.0,0.0,-0.01135,-0.8057350000000001,SPM,610421
17397003,200,7665,2008,0.0,0.0,-0.01135,-0.8057350000000001,SPM,610422
17403529,200,7666,2008,0.0,0.0,-0.01135,-0.8057350000000001,SPM,610423
17410055,200,7667,2008,0.0,0.0,-0.01135,-0.8057350000000001,SPM,610429
17416581,200,7668,2008,0.0,0.0,-0.01135,-0.8057350000000001,SPM,610431
17423107,200,7669,2008,0.0,0.0,-0.01135,-0.8057350000000001,SPM,610432
17429633,200,7670,2008,0.0,0.0,-0.01135,-0.8057350000000001,SPM,610433
17436159,200,7671,2008,0.0,0.0,-0.01135,-0.8057350000000001,SPM,610439
17442685,200,7672,2008,0.0,0.0,-0.01135,-0.8057350000000001,SPM,610441
17449211,200,7673,2008,0.0,0.0,-0.01135,-0.8057350000000001,SPM,610442
17455737,200,7674,2008,0.0,0.0,-0.01135,-0.8057350000000001,SPM,610443
17462263,200,7675,2008,0.0,0.0,-0.01135,-0.8057350000000001,SPM,610444
17468789,200,7676,2008,0.0,0.0,-0.01135,-0.8057350000000001,SPM,610449
17475315,200,7677,2008,0.0,0.0,-0.01135,-0.8057350000000001,SPM,610451
17481841,200,7678,2008,0.0,0.0,-0.01135,-0.8057350000000001,SPM,610452
17488367,200,7679,2008,0.0,0.0,-0.01135,-0.8057350000000001,SPM,610453
17494893,200,7680,2008,0.0,0.0,-0.01135,-0.8057350000000001,SPM,610459
17501419,200,7681,2008,0.0,0.0,-0.01135,-0.8057350000000001,SPM,610461
17507945,200,7682,2008,5.151629660417988e-10,0.0,-0.01135,-0.8057350000000001,SPM,610462
17514471,200,7683,2008,0.0,0.0,-0.01135,-0.8057350000000001,SPM,610463
17520997,200,7684,2008,0.0,0.0,-0.01135,-0.8057350000000001,SPM,610469
17527523,200,7685,2008,8.36988301298499e-09,0.0,-0.01135,-0.8057350000000001,SPM,610510
17534049,200,7686,2008,0.0,0.0,-0.01135,-0.8057350000000001,SPM,610520
17540575,200,7687,2008,0.0,0.0,-0.01135,-0.8057350000000001,SPM,610590
17547101,200,7688,2008,3.5273511321920812e-09,0.0,-0.01135,-0.8057350000000001,SPM,610610
17553627,200,7689,2008,0.0,0.0,-0.01135,-0.8057350000000001,SPM,610620
17560153,200,7690,2008,0.0,0.0,-0.01135,-0.8057350000000001,SPM,610690
17566679,200,7691,2008,0.0,0.0,-0.01135,-0.8057350000000001,SPM,610711
17573205,200,7692,2008,0.0,0.0,-0.01135,-0.8057350000000001,SPM,610712
17579731,200,7693,2008,0.0,0.0,-0.01135,-0.8057350000000001,SPM,610719
17586257,200,7694,2008,0.0,0.0,-0.01135,-0.8057350000000001,SPM,610721
17592783,200,7695,2008,0.0,0.0,-0.01135,-0.8057350000000001,SPM,610722
17599309,200,7696,2008,0.0,0.0,-0.01135,-0.8057350000000001,SPM,610729
17605835,200,7697,2008,0.0,0.0,-0.01135,-0.8057350000000001,SPM,610791
17612361,200,7698,2008,0.0,0.0,-0.01135,-0.8057350000000001,SPM,610792
17618887,200,7699,2008,0.0,0.0,-0.01135,-0.8057350000000001,SPM,610799
17625413,200,7700,2008,0.0,0.0,-0.01135,-0.8057350000000001,SPM,610811
17631939,200,7701,2008,0.0,0.0,-0.01135,-0.8057350000000001,SPM,610819
17638465,200,7702,2008,0.0,0.0,-0.01135,-0.8057350000000001,SPM,610821
17644991,200,7703,2008,0.0,0.0,-0.01135,-0.8057350000000001,SPM,610822
17651517,200,7704,2008,0.0,0.0,-0.01135,-0.8057350000000001,SPM,610829
17658043,200,7705,2008,0.0,0.0,-0.01135,-0.8057350000000001,SPM,610831
17664569,200,7706,2008,0.0,0.0,-0.01135,-0.8057350000000001,SPM,610832
17671095,200,7707,2008,0.0,0.0,-0.01135,-0.8057350000000001,SPM,610839
17677621,200,7708,2008,0.0,0.0,-0.01135,-0.8057350000000001,SPM,610891
17684147,200,7709,2008,0.0,0.0,-0.01135,-0.8057350000000001,SPM,610892
17690673,200,7710,2008,0.0,0.0,-0.01135,-0.8057350000000001,SPM,610899
17697199,200,7711,2008,6.058892251025365e-08,9.90553813641089e-09,-0.01135,-0.8057350000000001,SPM,610910
17703725,200,7712,2008,0.0,1.6253474427329273e-09,-0.01135,-0.8057350000000001,SPM,610990
17710251,200,7713,2008,0.0,7.271640068018032e-10,-0.01135,-0.8057350000000001,SPM,611010
17716777,200,7714,2008,2.24974697640842e-09,6.974344665054852e-09,-0.01135,-0.8057350000000001,SPM,611020
17723303,200,7715,2008,0.0,8.023661549983981e-09,-0.01135,-0.8057350000000001,SPM,611030
17729829,200,7716,2008,0.0,0.0,-0.01135,-0.8057350000000001,SPM,611090
17736355,200,7717,2008,0.0,0.0,-0.01135,-0.8057350000000001,SPM,611110
17742881,200,7718,2008,0.0,0.0,-0.01135,-0.8057350000000001,SPM,611120
17749407,200,7719,2008,0.0,0.0,-0.01135,-0.8057350000000001,SPM,611130
17755933,200,7720,2008,0.0,0.0,-0.01135,-0.8057350000000001,SPM,611190
17762459,200,7721,2008,0.0,0.0,-0.01135,-0.8057350000000001,SPM,611211
17768985,200,7722,2008,0.0,0.0,-0.01135,-0.8057350000000001,SPM,611212
17775511,200,7723,2008,0.0,0.0,-0.01135,-0.8057350000000001,SPM,611219
17782037,200,7724,2008,0.0,0.0,-0.01135,-0.8057350000000001,SPM,611220
17788563,200,7725,2008,0.0,0.0,-0.01135,-0.8057350000000001,SPM,611231
17795089,200,7726,2008,0.0,0.0,-0.01135,-0.8057350000000001,SPM,611239
17801615,200,7727,2008,0.0,0.0,-0.01135,-0.8057350000000001,SPM,611241
17808141,200,7728,2008,0.0,0.0,-0.01135,-0.8057350000000001,SPM,611249
17814667,200,7729,2008,0.0,0.0,-0.01135,-0.8057350000000001,SPM,611300
17821193,200,7730,2008,0.0,0.0,-0.01135,-0.8057350000000001,SPM,611410
17827719,200,7731,2008,0.0,4.449024048178981e-08,-0.01135,-0.8057350000000001,SPM,611420
17834245,200,7732,2008,0.0,0.0,-0.01135,-0.8057350000000001,SPM,611430
17840771,200,7733,2008,0.0,0.0,-0.01135,-0.8057350000000001,SPM,611490
17847297,200,7734,2008,0.0,9.777273564563898e-10,-0.01135,-0.8057350000000001,SPM,611511
17853823,200,7735,2008,0.0,0.0,-0.01135,-0.8057350000000001,SPM,611512
17860349,200,7736,2008,0.0,0.0,-0.01135,-0.8057350000000001,SPM,611519
17866875,200,7737,2008,0.0,0.0,-0.01135,-0.8057350000000001,SPM,611520
17873401,200,7738,2008,0.0,4.3218863485394317e-10,-0.01135,-0.8057350000000001,SPM,611591
17879927,200,7739,2008,0.0,1.5219403460500822e-09,-0.01135,-0.8057350000000001,SPM,611592
17886453,200,7740,2008,0.0,7.480442859396854e-10,-0.01135,-0.8057350000000001,SPM,611593
17892979,200,7741,2008,0.0,0.0,-0.01135,-0.8057350000000001,SPM,611599
17899505,200,7742,2008,0.0,0.0,-0.01135,-0.8057350000000001,SPM,611610
17906031,200,7743,2008,0.0,0.0,-0.01135,-0.8057350000000001,SPM,611691
17912557,200,7744,2008,0.0,0.0,-0.01135,-0.8057350000000001,SPM,611692
17919083,200,7745,2008,0.0,0.0,-0.01135,-0.8057350000000001,SPM,611693
17925609,200,7746,2008,0.0,0.0,-0.01135,-0.8057350000000001,SPM,611699
17932135,200,7747,2008,0.0,0.0,-0.01135,-0.8057350000000001,SPM,611710
17938661,200,7748,2008,0.0,0.0,-0.01135,-0.8057350000000001,SPM,611720
17945187,200,7749,2008,0.0,0.0,-0.01135,-0.8057350000000001,SPM,611780
17951713,200,7750,2008,0.0,1.035728131839396e-09,-0.01135,-0.8057350000000001,SPM,611790
17958239,200,7751,2008,0.0,0.0,-0.01135,-0.8057350000000001,SPM,620111
17964765,200,7752,2008,0.0,0.0,-0.01135,-0.8057350000000001,SPM,620112
17971291,200,7753,2008,0.0,0.0,-0.01135,-0.8057350000000001,SPM,620113
17977817,200,7754,2008,0.0,0.0,-0.01135,-0.8057350000000001,SPM,620119
17984343,200,7755,2008,0.0,0.0,-0.01135,-0.8057350000000001,SPM,620191
17990869,200,7756,2008,0.0,0.0,-0.01135,-0.8057350000000001,SPM,620192
17997395,200,7757,2008,0.0,0.0,-0.01135,-0.8057350000000001,SPM,620193
18003921,200,7758,2008,0.0,0.0,-0.01135,-0.8057350000000001,SPM,620199
18010447,200,7759,2008,0.0,4.888636782281949e-10,-0.01135,-0.8057350000000001,SPM,620211
18016973,200,7760,2008,0.0,4.888636782281949e-10,-0.01135,-0.8057350000000001,SPM,620212
18023499,200,7761,2008,0.0,0.0,-0.01135,-0.8057350000000001,SPM,620213
18030025,200,7762,2008,0.0,0.0,-0.01135,-0.8057350000000001,SPM,620219
18036551,200,7763,2008,0.0,0.0,-0.01135,-0.8057350000000001,SPM,620291
18043077,200,7764,2008,0.0,0.0,-0.01135,-0.8057350000000001,SPM,620292
18049603,200,7765,2008,0.0,0.0,-0.01135,-0.8057350000000001,SPM,620293
18056129,200,7766,2008,0.0,2.5513712508478945e-09,-0.01135,-0.8057350000000001,SPM,620299
18062655,200,7767,2008,0.0,0.0,-0.01135,-0.8057350000000001,SPM,620311
18069181,200,7768,2008,0.0,0.0,-0.01135,-0.8057350000000001,SPM,620312
18075707,200,7769,2008,0.0,0.0,-0.01135,-0.8057350000000001,SPM,620319
18082233,200,7770,2008,0.0,0.0,-0.01135,-0.8057350000000001,SPM,620321
18088759,200,7771,2008,0.0,0.0,-0.01135,-0.8057350000000001,SPM,620322
18095285,200,7772,2008,0.0,0.0,-0.01135,-0.8057350000000001,SPM,620323
18101811,200,7773,2008,0.0,0.0,-0.01135,-0.8057350000000001,SPM,620329
18108337,200,7774,2008,0.0,0.0,-0.01135,-0.8057350000000001,SPM,620331
18114863,200,7775,2008,0.0,0.0,-0.01135,-0.8057350000000001,SPM,620332
18121389,200,7776,2008,0.0,0.0,-0.01135,-0.8057350000000001,SPM,620333
18127915,200,7777,2008,0.0,0.0,-0.01135,-0.8057350000000001,SPM,620339
18134441,200,7778,2008,0.0,0.0,-0.01135,-0.8057350000000001,SPM,620341
18140967,200,7779,2008,0.0,6.350256321933705e-10,-0.01135,-0.8057350000000001,SPM,620342
18147493,200,7780,2008,0.0,0.0,-0.01135,-0.8057350000000001,SPM,620343
18154019,200,7781,2008,0.0,0.0,-0.01135,-0.8057350000000001,SPM,620349
18160545,200,7782,2008,0.0,0.0,-0.01135,-0.8057350000000001,SPM,620411
18167071,200,7783,2008,0.0,0.0,-0.01135,-0.8057350000000001,SPM,620412
18173597,200,7784,2008,0.0,0.0,-0.01135,-0.8057350000000001,SPM,620413
18180123,200,7785,2008,0.0,0.0,-0.01135,-0.8057350000000001,SPM,620419
18186649,200,7786,2008,0.0,0.0,-0.01135,-0.8057350000000001,SPM,620421
18193175,200,7787,2008,0.0,0.0,-0.01135,-0.8057350000000001,SPM,620422
18199701,200,7788,2008,0.0,0.0,-0.01135,-0.8057350000000001,SPM,620423
18206227,200,7789,2008,0.0,0.0,-0.01135,-0.8057350000000001,SPM,620429
18212753,200,7790,2008,0.0,0.0,-0.01135,-0.8057350000000001,SPM,620431
18219279,200,7791,2008,0.0,0.0,-0.01135,-0.8057350000000001,SPM,620432
18225805,200,7792,2008,0.0,0.0,-0.01135,-0.8057350000000001,SPM,620433
18232331,200,7793,2008,0.0,0.0,-0.01135,-0.8057350000000001,SPM,620439
18238857,200,7794,2008,0.0,0.0,-0.01135,-0.8057350000000001,SPM,620441
18245383,200,7795,2008,0.0,0.0,-0.01135,-0.8057350000000001,SPM,620442
18251909,200,7796,2008,0.0,0.0,-0.01135,-0.8057350000000001,SPM,620443
18258435,200,7797,2008,0.0,0.0,-0.01135,-0.8057350000000001,SPM,620444
18264961,200,7798,2008,0.0,0.0,-0.01135,-0.8057350000000001,SPM,620449
18271487,200,7799,2008,0.0,0.0,-0.01135,-0.8057350000000001,SPM,620451
18278013,200,7800,2008,0.0,0.0,-0.01135,-0.8057350000000001,SPM,620452
18284539,200,7801,2008,0.0,0.0,-0.01135,-0.8057350000000001,SPM,620453
18291065,200,7802,2008,0.0,0.0,-0.01135,-0.8057350000000001,SPM,620459
18297591,200,7803,2008,0.0,0.0,-0.01135,-0.8057350000000001,SPM,620461
18304117,200,7804,2008,0.0,0.0,-0.01135,-0.8057350000000001,SPM,620462
18310643,200,7805,2008,0.0,9.777273564563898e-10,-0.01135,-0.8057350000000001,SPM,620463
18317169,200,7806,2008,0.0,0.0,-0.01135,-0.8057350000000001,SPM,620469
18323695,200,7807,2008,0.0,0.0,-0.01135,-0.8057350000000001,SPM,620510
18330221,200,7808,2008,0.0,0.0,-0.01135,-0.8057350000000001,SPM,620520
18336747,200,7809,2008,0.0,0.0,-0.01135,-0.8057350000000001,SPM,620530
18343273,200,7810,2008,0.0,0.0,-0.01135,-0.8057350000000001,SPM,620590
18349799,200,7811,2008,0.0,0.0,-0.01135,-0.8057350000000001,SPM,620610
18356325,200,7812,2008,0.0,0.0,-0.01135,-0.8057350000000001,SPM,620620
18362851,200,7813,2008,0.0,0.0,-0.01135,-0.8057350000000001,SPM,620630
18369377,200,7814,2008,0.0,0.0,-0.01135,-0.8057350000000001,SPM,620640
18375903,200,7815,2008,0.0,0.0,-0.01135,-0.8057350000000001,SPM,620690
18382429,200,7816,2008,0.0,0.0,-0.01135,-0.8057350000000001,SPM,620711
18388955,200,7817,2008,0.0,0.0,-0.01135,-0.8057350000000001,SPM,620719
18395481,200,7818,2008,0.0,0.0,-0.01135,-0.8057350000000001,SPM,620721
18402007,200,7819,2008,0.0,0.0,-0.01135,-0.8057350000000001,SPM,620722
18408533,200,7820,2008,0.0,0.0,-0.01135,-0.8057350000000001,SPM,620729
18415059,200,7821,2008,0.0,0.0,-0.01135,-0.8057350000000001,SPM,620791
18421585,200,7822,2008,0.0,0.0,-0.01135,-0.8057350000000001,SPM,620792
18428111,200,7823,2008,0.0,0.0,-0.01135,-0.8057350000000001,SPM,620799
18434637,200,7824,2008,0.0,0.0,-0.01135,-0.8057350000000001,SPM,620811
18441163,200,7825,2008,0.0,0.0,-0.01135,-0.8057350000000001,SPM,620819
18447689,200,7826,2008,0.0,0.0,-0.01135,-0.8057350000000001,SPM,620821
18454215,200,7827,2008,0.0,0.0,-0.01135,-0.8057350000000001,SPM,620822
18460741,200,7828,2008,0.0,0.0,-0.01135,-0.8057350000000001,SPM,620829
18467267,200,7829,2008,0.0,0.0,-0.01135,-0.8057350000000001,SPM,620891
18473793,200,7830,2008,0.0,0.0,-0.01135,-0.8057350000000001,SPM,620892
18480319,200,7831,2008,0.0,0.0,-0.01135,-0.8057350000000001,SPM,620899
18486845,200,7832,2008,0.0,0.0,-0.01135,-0.8057350000000001,SPM,620910
18493371,200,7833,2008,0.0,0.0,-0.01135,-0.8057350000000001,SPM,620920
18499897,200,7834,2008,0.0,1.993238075162281e-09,-0.01135,-0.8057350000000001,SPM,620930
18506423,200,7835,2008,0.0,0.0,-0.01135,-0.8057350000000001,SPM,620990
18512949,200,7836,2008,0.0,0.0,-0.01135,-0.8057350000000001,SPM,621010
18519475,200,7837,2008,0.0,0.0,-0.01135,-0.8057350000000001,SPM,621020
18526001,200,7838,2008,0.0,0.0,-0.01135,-0.8057350000000001,SPM,621030
18532527,200,7839,2008,0.0,0.0,-0.01135,-0.8057350000000001,SPM,621040
18539053,200,7840,2008,0.0,1.4665910346845848e-09,-0.01135,-0.8057350000000001,SPM,621050
18545579,200,7841,2008,0.0,0.0,-0.01135,-0.8057350000000001,SPM,621111
18552105,200,7842,2008,0.0,0.0,-0.01135,-0.8057350000000001,SPM,621112
18558631,200,7843,2008,0.0,0.0,-0.01135,-0.8057350000000001,SPM,621120
18565157,200,7844,2008,0.0,0.0,-0.01135,-0.8057350000000001,SPM,621131
18571683,200,7845,2008,0.0,0.0,-0.01135,-0.8057350000000001,SPM,621132
18578209,200,7846,2008,0.0,4.888636782281949e-10,-0.01135,-0.8057350000000001,SPM,621133
18584735,200,7847,2008,0.0,0.0,-0.01135,-0.8057350000000001,SPM,621139
18591261,200,7848,2008,0.0,0.0,-0.01135,-0.8057350000000001,SPM,621141
18597787,200,7849,2008,0.0,2.3662858051056891e-07,-0.01135,-0.8057350000000001,SPM,621142
18604313,200,7850,2008,0.0,9.777936430568275e-09,-0.01135,-0.8057350000000001,SPM,621143
18610839,200,7851,2008,0.0,0.0,-0.01135,-0.8057350000000001,SPM,621149
18617365,200,7852,2008,0.0,9.777273564563898e-10,-0.01135,-0.8057350000000001,SPM,621210
18623891,200,7853,2008,0.0,0.0,-0.01135,-0.8057350000000001,SPM,621220
18630417,200,7854,2008,0.0,0.0,-0.01135,-0.8057350000000001,SPM,621230
18636943,200,7855,2008,0.0,0.0,-0.01135,-0.8057350000000001,SPM,621290
18643469,200,7856,2008,0.0,0.0,-0.01135,-0.8057350000000001,SPM,621310
18649995,200,7857,2008,0.0,0.0,-0.01135,-0.8057350000000001,SPM,621320
18656521,200,7858,2008,0.0,0.0,-0.01135,-0.8057350000000001,SPM,621390
18663047,200,7859,2008,0.0,0.0,-0.01135,-0.8057350000000001,SPM,621410
18669573,200,7860,2008,0.0,0.0,-0.01135,-0.8057350000000001,SPM,621420
18676099,200,7861,2008,0.0,0.0,-0.01135,-0.8057350000000001,SPM,621430
18682625,200,7862,2008,0.0,0.0,-0.01135,-0.8057350000000001,SPM,621440
18689151,200,7863,2008,0.0,0.0,-0.01135,-0.8057350000000001,SPM,621490
18695677,200,7864,2008,0.0,0.0,-0.01135,-0.8057350000000001,SPM,621510
18702203,200,7865,2008,0.0,0.0,-0.01135,-0.8057350000000001,SPM,621520
18708729,200,7866,2008,0.0,0.0,-0.01135,-0.8057350000000001,SPM,621590
18715255,200,7867,2008,0.0,3.489989513046029e-10,-0.01135,-0.8057350000000001,SPM,621600
18721781,200,7868,2008,0.0,5.616264795286817e-08,-0.01135,-0.8057350000000001,SPM,621710
18728307,200,7869,2008,0.0,0.0,-0.01135,-0.8057350000000001,SPM,621790
18734833,200,7870,2008,0.0,0.0,-0.01135,-0.8057350000000001,SPM,630110
18741359,200,7871,2008,0.0,0.0,-0.01135,-0.8057350000000001,SPM,630120
18747885,200,7872,2008,0.0,0.0,-0.01135,-0.8057350000000001,SPM,630130
18754411,200,7873,2008,0.0,0.0,-0.01135,-0.8057350000000001,SPM,630140
18760937,200,7874,2008,0.0,1.4665910346845848e-09,-0.01135,-0.8057350000000001,SPM,630190
18767463,200,7875,2008,0.0,5.866695571740528e-09,-0.01135,-0.8057350000000001,SPM,630210
18773989,200,7876,2008,0.0,1.6622690791767382e-08,-0.01135,-0.8057350000000001,SPM,630221
18780515,200,7877,2008,0.0,0.0,-0.01135,-0.8057350000000001,SPM,630222
18787041,200,7878,2008,0.0,1.4665910346845848e-09,-0.01135,-0.8057350000000001,SPM,630229
18793567,200,7879,2008,0.0,4.888636782281949e-10,-0.01135,-0.8057350000000001,SPM,630231
18800093,200,7880,2008,0.0,0.0,-0.01135,-0.8057350000000001,SPM,630232
18806619,200,7881,2008,0.0,0.0,-0.01135,-0.8057350000000001,SPM,630239
18813145,200,7882,2008,0.0,0.0,-0.01135,-0.8057350000000001,SPM,630240
18819671,200,7883,2008,0.0,2.0578675105890592e-09,-0.01135,-0.8057350000000001,SPM,630251
18826197,200,7884,2008,0.0,0.0,-0.01135,-0.8057350000000001,SPM,630252
18832723,200,7885,2008,0.0,0.0,-0.01135,-0.8057350000000001,SPM,630253
18839249,200,7886,2008,0.0,0.0,-0.01135,-0.8057350000000001,SPM,630259
18845775,200,7887,2008,0.0,2.2169553516395906e-09,-0.01135,-0.8057350000000001,SPM,630260
18852301,200,7888,2008,0.0,2.151165900705152e-08,-0.01135,-0.8057350000000001,SPM,630291
18858827,200,7889,2008,0.0,0.0,-0.01135,-0.8057350000000001,SPM,630292
18865353,200,7890,2008,0.0,0.0,-0.01135,-0.8057350000000001,SPM,630293
18871879,200,7891,2008,0.0,0.0,-0.01135,-0.8057350000000001,SPM,630299
18878405,200,7892,2008,0.0,0.0,-0.01135,-0.8057350000000001,SPM,630311
18884931,200,7893,2008,0.0,3.25666067950525e-09,-0.01135,-0.8057350000000001,SPM,630312
18891457,200,7894,2008,0.0,6.469572202721603e-10,-0.01135,-0.8057350000000001,SPM,630319
18897983,200,7895,2008,0.0,0.0,-0.01135,-0.8057350000000001,SPM,630391
18904509,200,7896,2008,0.0,3.422377180599553e-09,-0.01135,-0.8057350000000001,SPM,630392
18911035,200,7897,2008,0.0,0.0,-0.01135,-0.8057350000000001,SPM,630399
18917561,200,7898,2008,0.0,0.0,-0.01135,-0.8057350000000001,SPM,630411
18924087,200,7899,2008,0.0,4.888636782281949e-10,-0.01135,-0.8057350000000001,SPM,630419
18930613,200,7900,2008,0.0,0.0,-0.01135,-0.8057350000000001,SPM,630491
18937139,200,7901,2008,0.0,0.0,-0.01135,-0.8057350000000001,SPM,630492
18943665,200,7902,2008,0.0,1.006462597746142e-08,-0.01135,-0.8057350000000001,SPM,630493
18950191,200,7903,2008,0.0,1.9554547129127796e-09,-0.01135,-0.8057350000000001,SPM,630499
18956717,200,7904,2008,0.0,3.6192483838995857e-10,-0.01135,-0.8057350000000001,SPM,630510
18963243,200,7905,2008,0.0,0.0,-0.01135,-0.8057350000000001,SPM,630520
18969769,200,7906,2008,0.0,0.0,-0.01135,-0.8057350000000001,SPM,630531
18976295,200,7907,2008,0.0,0.0,-0.01135,-0.8057350000000001,SPM,630539
18982821,200,7908,2008,0.0,0.0,-0.01135,-0.8057350000000001,SPM,630590
18989347,200,7909,2008,0.0,0.0,-0.01135,-0.8057350000000001,SPM,630611
18995873,200,7910,2008,0.0,0.0,-0.01135,-0.8057350000000001,SPM,630612
19002399,200,7911,2008,0.0,0.0,-0.01135,-0.8057350000000001,SPM,630619
19008925,200,7912,2008,0.0,0.0,-0.01135,-0.8057350000000001,SPM,630621
19015451,200,7913,2008,0.0,0.0,-0.01135,-0.8057350000000001,SPM,630622
19021977,200,7914,2008,0.0,3.911240858827748e-09,-0.01135,-0.8057350000000001,SPM,630629
19028503,200,7915,2008,0.0,0.0,-0.01135,-0.8057350000000001,SPM,630631
19035029,200,7916,2008,0.0,0.0,-0.01135,-0.8057350000000001,SPM,630639
19041555,200,7917,2008,0.0,0.0,-0.01135,-0.8057350000000001,SPM,630641
19048081,200,7918,2008,0.0,0.0,-0.01135,-0.8057350000000001,SPM,630649
19054607,200,7919,2008,0.0,0.0,-0.01135,-0.8057350000000001,SPM,630691
19061133,200,7920,2008,0.0,0.0,-0.01135,-0.8057350000000001,SPM,630699
19067659,200,7921,2008,0.0,0.0,-0.01135,-0.8057350000000001,SPM,630710
19074185,200,7922,2008,0.0,3.911240858827748e-09,-0.01135,-0.8057350000000001,SPM,630720
19080711,200,7923,2008,0.0,2.1917333001730376e-08,-0.01135,-0.8057350000000001,SPM,630790
19087237,200,7924,2008,0.0,0.0,-0.01135,-0.8057350000000001,SPM,630800
19093763,200,7925,2008,0.0,0.0,-0.01135,-0.8057350000000001,SPM,630900
19100289,200,7926,2008,0.0,0.0,-0.01135,-0.8057350000000001,SPM,631010
19106815,200,7927,2008,0.0,1.0755995220026854e-08,-0.01135,-0.8057350000000001,SPM,631090
19113341,200,7928,2008,0.0,0.0,-0.01135,-0.8057350000000001,SPM,640110
19119867,200,7929,2008,0.0,0.0,-0.01135,-0.8057350000000001,SPM,640191
19126393,200,7930,2008,0.0,6.522601483071781e-10,-0.01135,-0.8057350000000001,SPM,640192
19132919,200,7931,2008,0.0,0.0,-0.01135,-0.8057350000000001,SPM,640199
19139445,200,7932,2008,0.0,0.0,-0.01135,-0.8057350000000001,SPM,640211
19145971,200,7933,2008,0.0,0.0,-0.01135,-0.8057350000000001,SPM,640219
19152497,200,7934,2008,0.0,0.0,-0.01135,-0.8057350000000001,SPM,640220
19159023,200,7935,2008,0.0,0.0,-0.01135,-0.8057350000000001,SPM,640230
19165549,200,7936,2008,0.0,0.0,-0.01135,-0.8057350000000001,SPM,640291
19172075,200,7937,2008,0.0,6.844754361199106e-09,-0.01135,-0.8057350000000001,SPM,640299
19178601,200,7938,2008,0.0,0.0,-0.01135,-0.8057350000000001,SPM,640311
19185127,200,7939,2008,0.0,1.3689177289396024e-08,-0.01135,-0.8057350000000001,SPM,640319
19191653,200,7940,2008,0.0,0.0,-0.01135,-0.8057350000000001,SPM,640320
19198179,200,7941,2008,0.0,0.0,-0.01135,-0.8057350000000001,SPM,640330
19204705,200,7942,2008,0.0,3.869480300551983e-09,-0.01135,-0.8057350000000001,SPM,640340
19211231,200,7943,2008,0.0,9.777273564563898e-10,-0.01135,-0.8057350000000001,SPM,640351
19217757,200,7944,2008,0.0,1.9554547129127796e-09,-0.01135,-0.8057350000000001,SPM,640359
19224283,200,7945,2008,0.0,5.524325280479697e-09,-0.01135,-0.8057350000000001,SPM,640391
19230809,200,7946,2008,0.0,3.117458818586035e-09,-0.01135,-0.8057350000000001,SPM,640399
19237335,200,7947,2008,0.0,9.777273564563898e-10,-0.01135,-0.8057350000000001,SPM,640411
19243861,200,7948,2008,0.0,3.133864752194371e-08,-0.01135,-0.8057350000000001,SPM,640419
19250387,200,7949,2008,0.0,0.0,-0.01135,-0.8057350000000001,SPM,640420
19256913,200,7950,2008,0.0,0.0,-0.01135,-0.8057350000000001,SPM,640510
19263439,200,7951,2008,0.0,0.0,-0.01135,-0.8057350000000001,SPM,640520
19269965,200,7952,2008,0.0,3.9417326950291e-09,-0.01135,-0.8057350000000001,SPM,640590
19276491,200,7953,2008,0.0,0.0,-0.01135,-0.8057350000000001,SPM,640610
19283017,200,7954,2008,0.0,0.0,-0.01135,-0.8057350000000001,SPM,640620
19289543,200,7955,2008,0.0,0.0,-0.01135,-0.8057350000000001,SPM,640691
19296069,200,7956,2008,0.0,0.0,-0.01135,-0.8057350000000001,SPM,640699
19302595,200,7957,2008,0.0,0.0,-0.01135,-0.8057350000000001,SPM,650100
19309121,200,7958,2008,0.0,0.0,-0.01135,-0.8057350000000001,SPM,650200
19315647,200,7959,2008,0.0,0.0,-0.01135,-0.8057350000000001,SPM,650300
19322173,200,7960,2008,0.0,0.0,-0.01135,-0.8057350000000001,SPM,650400
19328699,200,7961,2008,0.0,0.0,-0.01135,-0.8057350000000001,SPM,650510
19335225,200,7962,2008,0.0,1.2435366242116524e-09,-0.01135,-0.8057350000000001,SPM,650590
19341751,200,7963,2008,0.0,0.0,-0.01135,-0.8057350000000001,SPM,650610
19348277,200,7964,2008,0.0,0.0,-0.01135,-0.8057350000000001,SPM,650691
19354803,200,7965,2008,0.0,0.0,-0.01135,-0.8057350000000001,SPM,650692
19361329,200,7966,2008,0.0,0.0,-0.01135,-0.8057350000000001,SPM,650699
19367855,200,7967,2008,0.0,0.0,-0.01135,-0.8057350000000001,SPM,650700
19374381,200,7968,2008,0.0,0.0,-0.01135,-0.8057350000000001,SPM,660110
19380907,200,7969,2008,0.0,0.0,-0.01135,-0.8057350000000001,SPM,660191
19387433,200,7970,2008,0.0,0.0,-0.01135,-0.8057350000000001,SPM,660199
19393959,200,7971,2008,0.0,0.0,-0.01135,-0.8057350000000001,SPM,660200
19400485,200,7972,2008,0.0,0.0,-0.01135,-0.8057350000000001,SPM,660310
19407011,200,7973,2008,0.0,0.0,-0.01135,-0.8057350000000001,SPM,660320
19413537,200,7974,2008,0.0,1.4079273932972013e-09,-0.01135,-0.8057350000000001,SPM,660390
19420063,200,7975,2008,0.0,0.0,-0.01135,-0.8057350000000001,SPM,670100
19426589,200,7976,2008,0.0,3.911240858827748e-09,-0.01135,-0.8057350000000001,SPM,670210
19433115,200,7977,2008,0.0,0.0,-0.01135,-0.8057350000000001,SPM,670290
19439641,200,7978,2008,0.0,0.0,-0.01135,-0.8057350000000001,SPM,670300
19446167,200,7979,2008,0.0,0.0,-0.01135,-0.8057350000000001,SPM,670411
19452693,200,7980,2008,0.0,0.0,-0.01135,-0.8057350000000001,SPM,670419
19459219,200,7981,2008,0.0,0.0,-0.01135,-0.8057350000000001,SPM,670420
19465745,200,7982,2008,0.0,0.0,-0.01135,-0.8057350000000001,SPM,670490
19472271,200,7983,2008,0.0,4.888636782281949e-10,-0.01135,-0.8057350000000001,SPM,680100
19478797,200,7984,2008,0.0,0.0,-0.01135,-0.8057350000000001,SPM,680210
19485323,200,7985,2008,0.0,0.0,-0.01135,-0.8057350000000001,SPM,680221
19491849,200,7986,2008,0.0,0.0,-0.01135,-0.8057350000000001,SPM,680222
19498375,200,7987,2008,0.0,1.6622690791767382e-08,-0.01135,-0.8057350000000001,SPM,680223
19504901,200,7988,2008,0.0,1.6133827113539187e-08,-0.01135,-0.8057350000000001,SPM,680229
19511427,200,7989,2008,0.0,3.422377180599553e-09,-0.01135,-0.8057350000000001,SPM,680291
19517953,200,7990,2008,0.0,0.0,-0.01135,-0.8057350000000001,SPM,680292
19524479,200,7991,2008,0.0,0.0,-0.01135,-0.8057350000000001,SPM,680293
19531005,200,7992,2008,0.0,9.777273564563898e-10,-0.01135,-0.8057350000000001,SPM,680299
19537531,200,7993,2008,0.0,0.0,-0.01135,-0.8057350000000001,SPM,680300
19544057,200,7994,2008,0.0,0.0,-0.01135,-0.8057350000000001,SPM,680410
19550583,200,7995,2008,0.0,0.0,-0.01135,-0.8057350000000001,SPM,680421
19557109,200,7996,2008,0.0,0.0,-0.01135,-0.8057350000000001,SPM,680422
19563635,200,7997,2008,0.0,0.0,-0.01135,-0.8057350000000001,SPM,680423
19570161,200,7998,2008,0.0,0.0,-0.01135,-0.8057350000000001,SPM,680430
19576687,200,7999,2008,0.0,0.0,-0.01135,-0.8057350000000001,SPM,680510
19583213,200,8000,2008,0.0,3.422377180599553e-09,-0.01135,-0.8057350000000001,SPM,680520
19589739,200,8001,2008,0.0,9.777273564563898e-10,-0.01135,-0.8057350000000001,SPM,680530
19596265,200,8002,2008,0.0,4.691434145979728e-09,-0.01135,-0.8057350000000001,SPM,680610
19602791,200,8003,2008,0.0,1.0579341429860328e-09,-0.01135,-0.8057350000000001,SPM,680620
19609317,200,8004,2008,0.0,1.0150798558030458e-08,-0.01135,-0.8057350000000001,SPM,680690
19615843,200,8005,2008,0.0,1.1667104543043334e-08,-0.01135,-0.8057350000000001,SPM,680710
19622369,200,8006,2008,0.0,2.1355554063020687e-08,-0.01135,-0.8057350000000001,SPM,680790
19628895,200,8007,2008,0.0,1.1307831168670885e-08,-0.01135,-0.8057350000000001,SPM,680800
19635421,200,8008,2008,0.0,1.3969238176245397e-08,-0.01135,-0.8057350000000001,SPM,680911
19641947,200,8009,2008,0.0,2.4446498241431635e-09,-0.01135,-0.8057350000000001,SPM,680919
19648473,200,8010,2008,0.0,9.777273564563898e-10,-0.01135,-0.8057350000000001,SPM,680990
19654999,200,8011,2008,0.0,2.538445363762539e-09,-0.01135,-0.8057350000000001,SPM,681011
19661525,200,8012,2008,0.0,1.9554547129127796e-09,-0.01135,-0.8057350000000001,SPM,681019
19668051,200,8013,2008,0.0,0.0,-0.01135,-0.8057350000000001,SPM,681020
19674577,200,8014,2008,0.0,0.0,-0.01135,-0.8057350000000001,SPM,681091
19681103,200,8015,2008,0.0,2.6338980683928576e-08,-0.01135,-0.8057350000000001,SPM,681099
19687629,200,8016,2008,0.0,0.0,-0.01135,-0.8057350000000001,SPM,681110
19694155,200,8017,2008,0.0,9.677843663907316e-10,-0.01135,-0.8057350000000001,SPM,681120
19700681,200,8018,2008,0.0,0.0,-0.01135,-0.8057350000000001,SPM,681130
19707207,200,8019,2008,0.0,4.888636782281949e-10,-0.01135,-0.8057350000000001,SPM,681190
19713733,200,8020,2008,0.0,0.0,-0.01135,-0.8057350000000001,SPM,681210
19720259,200,8021,2008,0.0,0.0,-0.01135,-0.8057350000000001,SPM,681220
19726785,200,8022,2008,0.0,0.0,-0.01135,-0.8057350000000001,SPM,681230
19733311,200,8023,2008,0.0,0.0,-0.01135,-0.8057350000000001,SPM,681240
19739837,200,8024,2008,0.0,9.169094005547806e-09,-0.01135,-0.8057350000000001,SPM,681250
19746363,200,8025,2008,0.0,0.0,-0.01135,-0.8057350000000001,SPM,681260
19752889,200,8026,2008,0.0,0.0,-0.01135,-0.8057350000000001,SPM,681270
19759415,200,8027,2008,0.0,0.0,-0.01135,-0.8057350000000001,SPM,681290
19765941,200,8028,2008,0.0,0.0,-0.01135,-0.8057350000000001,SPM,681310
19772467,200,8029,2008,0.0,0.0,-0.01135,-0.8057350000000001,SPM,681390
19778993,200,8030,2008,0.0,0.0,-0.01135,-0.8057350000000001,SPM,681410
19785519,200,8031,2008,0.0,0.0,-0.01135,-0.8057350000000001,SPM,681490
19792045,200,8032,2008,0.0,0.0,-0.01135,-0.8057350000000001,SPM,681510
19798571,200,8033,2008,0.0,0.0,-0.01135,-0.8057350000000001,SPM,681520
19805097,200,8034,2008,0.0,0.0,-0.01135,-0.8057350000000001,SPM,681591
19811623,200,8035,2008,0.0,0.0,-0.01135,-0.8057350000000001,SPM,681599
19818149,200,8036,2008,0.0,0.0,-0.01135,-0.8057350000000001,SPM,690100
19824675,200,8037,2008,0.0,0.0,-0.01135,-0.8057350000000001,SPM,690210
19831201,200,8038,2008,0.0,0.0,-0.01135,-0.8057350000000001,SPM,690220
19837727,200,8039,2008,0.0,3.422377180599553e-09,-0.01135,-0.8057350000000001,SPM,690290
19844253,200,8040,2008,0.0,0.0,-0.01135,-0.8057350000000001,SPM,690310
19850779,200,8041,2008,0.0,0.0,-0.01135,-0.8057350000000001,SPM,690320
19857305,200,8042,2008,0.0,0.0,-0.01135,-0.8057350000000001,SPM,690390
19863831,200,8043,2008,0.0,2.4446498241431635e-09,-0.01135,-0.8057350000000001,SPM,690410
19870357,200,8044,2008,0.0,2.3733917286726128e-09,-0.01135,-0.8057350000000001,SPM,690490
19876883,200,8045,2008,0.0,8.179766494014814e-10,-0.01135,-0.8057350000000001,SPM,690510
19883409,200,8046,2008,0.0,1.9650662699762494e-09,-0.01135,-0.8057350000000001,SPM,690590
19889935,200,8047,2008,0.0,0.0,-0.01135,-0.8057350000000001,SPM,690600
19896461,200,8048,2008,0.0,0.0,-0.01135,-0.8057350000000001,SPM,690710
19902987,200,8049,2008,0.0,2.933513502371358e-09,-0.01135,-0.8057350000000001,SPM,690790
19909513,200,8050,2008,0.0,0.0,-0.01135,-0.8057350000000001,SPM,690810
19916039,200,8051,2008,0.0,1.4178703833628596e-09,-0.01135,-0.8057350000000001,SPM,690890
19922565,200,8052,2008,0.0,0.0,-0.01135,-0.8057350000000001,SPM,690911
19929091,200,8053,2008,0.0,0.0,-0.01135,-0.8057350000000001,SPM,690919
19935617,200,8054,2008,0.0,0.0,-0.01135,-0.8057350000000001,SPM,690990
19942143,200,8055,2008,0.0,1.3486008859054408e-09,-0.01135,-0.8057350000000001,SPM,691010
19948669,200,8056,2008,0.0,1.9554547129127796e-09,-0.01135,-0.8057350000000001,SPM,691090
19955195,200,8057,2008,0.0,3.312009990870747e-09,-0.01135,-0.8057350000000001,SPM,691110
19961721,200,8058,2008,0.0,3.4833608530022567e-09,-0.01135,-0.8057350000000001,SPM,691190
19968247,200,8059,2008,0.0,6.498075440909823e-09,-0.01135,-0.8057350000000001,SPM,691200
19974773,200,8060,2008,0.0,1.9554547129127796e-09,-0.01135,-0.8057350000000001,SPM,691310
19981299,200,8061,2008,0.0,1.4665910346845848e-09,-0.01135,-0.8057350000000001,SPM,691390
19987825,200,8062,2008,0.0,0.0,-0.01135,-0.8057350000000001,SPM,691410
19994351,200,8063,2008,0.0,1.6094386586278743e-09,-0.01135,-0.8057350000000001,SPM,691490
20000877,200,8064,2008,0.0,0.0,-0.01135,-0.8057350000000001,SPM,700100
20007403,200,8065,2008,0.0,0.0,-0.01135,-0.8057350000000001,SPM,700210
20013929,200,8066,2008,0.0,0.0,-0.01135,-0.8057350000000001,SPM,700220
20020455,200,8067,2008,0.0,0.0,-0.01135,-0.8057350000000001,SPM,700231
20026981,200,8068,2008,0.0,0.0,-0.01135,-0.8057350000000001,SPM,700232
20033507,200,8069,2008,0.0,0.0,-0.01135,-0.8057350000000001,SPM,700239
20040033,200,8070,2008,0.0,0.0,-0.01135,-0.8057350000000001,SPM,700311
20046559,200,8071,2008,0.0,0.0,-0.01135,-0.8057350000000001,SPM,700319
20053085,200,8072,2008,0.0,0.0,-0.01135,-0.8057350000000001,SPM,700320
20059611,200,8073,2008,0.0,0.0,-0.01135,-0.8057350000000001,SPM,700330
20066137,200,8074,2008,0.0,0.0,-0.01135,-0.8057350000000001,SPM,700410
20072663,200,8075,2008,0.0,0.0,-0.01135,-0.8057350000000001,SPM,700490
20079189,200,8076,2008,0.0,5.892878778913428e-10,-0.01135,-0.8057350000000001,SPM,700510
20085715,200,8077,2008,0.0,0.0,-0.01135,-0.8057350000000001,SPM,700521
20092241,200,8078,2008,0.0,0.0,-0.01135,-0.8057350000000001,SPM,700529
20098767,200,8079,2008,0.0,0.0,-0.01135,-0.8057350000000001,SPM,700530
20105293,200,8080,2008,0.0,0.0,-0.01135,-0.8057350000000001,SPM,700600
20111819,200,8081,2008,0.0,0.0,-0.01135,-0.8057350000000001,SPM,700711
20118345,200,8082,2008,0.0,0.0,-0.01135,-0.8057350000000001,SPM,700719
20124871,200,8083,2008,0.0,0.0,-0.01135,-0.8057350000000001,SPM,700721
20131397,200,8084,2008,0.0,0.0,-0.01135,-0.8057350000000001,SPM,700729
20137923,200,8085,2008,0.0,1.8578145504680162e-08,-0.01135,-0.8057350000000001,SPM,700800
20144449,200,8086,2008,0.0,0.0,-0.01135,-0.8057350000000001,SPM,700910
20150975,200,8087,2008,0.0,0.0,-0.01135,-0.8057350000000001,SPM,700991
20157501,200,8088,2008,0.0,0.0,-0.01135,-0.8057350000000001,SPM,700992
20164027,200,8089,2008,0.0,0.0,-0.01135,-0.8057350000000001,SPM,701010
20170553,200,8090,2008,0.0,2.8188376836141003e-09,-0.01135,-0.8057350000000001,SPM,701090
20177079,200,8091,2008,0.0,1.9554547129127796e-09,-0.01135,-0.8057350000000001,SPM,701110
20183605,200,8092,2008,0.0,0.0,-0.01135,-0.8057350000000001,SPM,701120
20190131,200,8093,2008,0.0,0.0,-0.01135,-0.8057350000000001,SPM,701190
20196657,200,8094,2008,0.0,0.0,-0.01135,-0.8057350000000001,SPM,701200
20203183,200,8095,2008,0.0,0.0,-0.01135,-0.8057350000000001,SPM,701310
20209709,200,8096,2008,0.0,0.0,-0.01135,-0.8057350000000001,SPM,701321
20216235,200,8097,2008,7.769869676065719e-10,0.0,-0.01135,-0.8057350000000001,SPM,701329
20222761,200,8098,2008,0.0,0.0,-0.01135,-0.8057350000000001,SPM,701331
20229287,200,8099,2008,0.0,0.0,-0.01135,-0.8057350000000001,SPM,701332
20235813,200,8100,2008,0.0,1.9554547129127796e-09,-0.01135,-0.8057350000000001,SPM,701339
20242339,200,8101,2008,0.0,0.0,-0.01135,-0.8057350000000001,SPM,701391
20248865,200,8102,2008,0.0,0.0,-0.01135,-0.8057350000000001,SPM,701399
20255391,200,8103,2008,0.0,0.0,-0.01135,-0.8057350000000001,SPM,701400
20261917,200,8104,2008,0.0,0.0,-0.01135,-0.8057350000000001,SPM,701510
20268443,200,8105,2008,0.0,0.0,-0.01135,-0.8057350000000001,SPM,701590
20274969,200,8106,2008,0.0,0.0,-0.01135,-0.8057350000000001,SPM,701610
20281495,200,8107,2008,0.0,0.0,-0.01135,-0.8057350000000001,SPM,701690
20288021,200,8108,2008,0.0,0.0,-0.01135,-0.8057350000000001,SPM,701710
20294547,200,8109,2008,0.0,0.0,-0.01135,-0.8057350000000001,SPM,701720
20301073,200,8110,2008,0.0,0.0,-0.01135,-0.8057350000000001,SPM,701790
20307599,200,8111,2008,0.0,0.0,-0.01135,-0.8057350000000001,SPM,701810
20314125,200,8112,2008,0.0,0.0,-0.01135,-0.8057350000000001,SPM,701820
20320651,200,8113,2008,0.0,0.0,-0.01135,-0.8057350000000001,SPM,701890
20327177,200,8114,2008,0.0,0.0,-0.01135,-0.8057350000000001,SPM,701910
20333703,200,8115,2008,0.0,0.0,-0.01135,-0.8057350000000001,SPM,701920
20340229,200,8116,2008,0.0,0.0,-0.01135,-0.8057350000000001,SPM,701931
20346755,200,8117,2008,0.0,0.0,-0.01135,-0.8057350000000001,SPM,701932
20353281,200,8118,2008,0.0,1.62992121816313e-08,-0.01135,-0.8057350000000001,SPM,701939
20359807,200,8119,2008,0.0,9.510801430804258e-09,-0.01135,-0.8057350000000001,SPM,701990
20366333,200,8120,2008,0.0,0.0,-0.01135,-0.8057350000000001,SPM,702000
20372859,200,8121,2008,0.0,0.0,-0.01135,-0.8057350000000001,SPM,710110
20379385,200,8122,2008,0.0,0.0,-0.01135,-0.8057350000000001,SPM,710121
20385911,200,8123,2008,0.0,0.0,-0.01135,-0.8057350000000001,SPM,710122
20392437,200,8124,2008,0.0,0.0,-0.01135,-0.8057350000000001,SPM,710210
20398963,200,8125,2008,0.0,0.0,-0.01135,-0.8057350000000001,SPM,710221
20405489,200,8126,2008,0.0,0.0,-0.01135,-0.8057350000000001,SPM,710229
20412015,200,8127,2008,0.0,0.0,-0.01135,-0.8057350000000001,SPM,710231
20418541,200,8128,2008,0.0,0.0,-0.01135,-0.8057350000000001,SPM,710239
20425067,200,8129,2008,0.0,0.0,-0.01135,-0.8057350000000001,SPM,710310
20431593,200,8130,2008,0.0,0.0,-0.01135,-0.8057350000000001,SPM,710391
20438119,200,8131,2008,0.0,0.0,-0.01135,-0.8057350000000001,SPM,710399
20444645,200,8132,2008,0.0,0.0,-0.01135,-0.8057350000000001,SPM,710410
20451171,200,8133,2008,0.0,0.0,-0.01135,-0.8057350000000001,SPM,710420
20457697,200,8134,2008,0.0,0.0,-0.01135,-0.8057350000000001,SPM,710490
20464223,200,8135,2008,0.0,0.0,-0.01135,-0.8057350000000001,SPM,710510
20470749,200,8136,2008,0.0,0.0,-0.01135,-0.8057350000000001,SPM,710590
20477275,200,8137,2008,0.0,0.0,-0.01135,-0.8057350000000001,SPM,710610
20483801,200,8138,2008,0.0,0.0,-0.01135,-0.8057350000000001,SPM,710691
20490327,200,8139,2008,0.0,0.0,-0.01135,-0.8057350000000001,SPM,710692
20496853,200,8140,2008,0.0,0.0,-0.01135,-0.8057350000000001,SPM,710700
20503379,200,8141,2008,0.0,0.0,-0.01135,-0.8057350000000001,SPM,710811
20509905,200,8142,2008,0.0,0.0,-0.01135,-0.8057350000000001,SPM,710812
20516431,200,8143,2008,0.0,0.0,-0.01135,-0.8057350000000001,SPM,710813
20522957,200,8144,2008,0.0,0.0,-0.01135,-0.8057350000000001,SPM,710900
20529483,200,8145,2008,0.0,0.0,-0.01135,-0.8057350000000001,SPM,711011
20536009,200,8146,2008,0.0,0.0,-0.01135,-0.8057350000000001,SPM,711019
20542535,200,8147,2008,0.0,0.0,-0.01135,-0.8057350000000001,SPM,711021
20549061,200,8148,2008,0.0,0.0,-0.01135,-0.8057350000000001,SPM,711029
20555587,200,8149,2008,0.0,0.0,-0.01135,-0.8057350000000001,SPM,711031
20562113,200,8150,2008,0.0,0.0,-0.01135,-0.8057350000000001,SPM,711039
20568639,200,8151,2008,0.0,0.0,-0.01135,-0.8057350000000001,SPM,711041
20575165,200,8152,2008,0.0,0.0,-0.01135,-0.8057350000000001,SPM,711049
20581691,200,8153,2008,0.0,0.0,-0.01135,-0.8057350000000001,SPM,711100
20588217,200,8154,2008,0.0,0.0,-0.01135,-0.8057350000000001,SPM,711210
20594743,200,8155,2008,0.0,0.0,-0.01135,-0.8057350000000001,SPM,711220
20601269,200,8156,2008,0.0,0.0,-0.01135,-0.8057350000000001,SPM,711290
20607795,200,8157,2008,0.0,1.4665910346845848e-09,-0.01135,-0.8057350000000001,SPM,711311
20614321,200,8158,2008,0.0,0.0,-0.01135,-0.8057350000000001,SPM,711319
20620847,200,8159,2008,0.0,0.0,-0.01135,-0.8057350000000001,SPM,711320
20627373,200,8160,2008,0.0,0.0,-0.01135,-0.8057350000000001,SPM,711411
20633899,200,8161,2008,0.0,0.0,-0.01135,-0.8057350000000001,SPM,711419
20640425,200,8162,2008,0.0,0.0,-0.01135,-0.8057350000000001,SPM,711420
20646951,200,8163,2008,0.0,0.0,-0.01135,-0.8057350000000001,SPM,711510
20653477,200,8164,2008,0.0,0.0,-0.01135,-0.8057350000000001,SPM,711590
20660003,200,8165,2008,0.0,0.0,-0.01135,-0.8057350000000001,SPM,711610
20666529,200,8166,2008,0.0,0.0,-0.01135,-0.8057350000000001,SPM,711620
20673055,200,8167,2008,0.0,0.0,-0.01135,-0.8057350000000001,SPM,711711
20679581,200,8168,2008,0.0,8.800209074111885e-09,-0.01135,-0.8057350000000001,SPM,711719
20686107,200,8169,2008,0.0,0.0,-0.01135,-0.8057350000000001,SPM,711790
20692633,200,8170,2008,0.0,0.0,-0.01135,-0.8057350000000001,SPM,711810
20699159,200,8171,2008,0.0,0.0,-0.01135,-0.8057350000000001,SPM,720110
20705685,200,8172,2008,0.0,0.0,-0.01135,-0.8057350000000001,SPM,720120
20712211,200,8173,2008,0.0,0.0,-0.01135,-0.8057350000000001,SPM,720130
20718737,200,8174,2008,0.0,0.0,-0.01135,-0.8057350000000001,SPM,720140
20725263,200,8175,2008,0.0,0.0,-0.01135,-0.8057350000000001,SPM,720211
20731789,200,8176,2008,0.0,0.0,-0.01135,-0.8057350000000001,SPM,720219
20738315,200,8177,2008,0.0,0.0,-0.01135,-0.8057350000000001,SPM,720221
20744841,200,8178,2008,0.0,0.0,-0.01135,-0.8057350000000001,SPM,720229
20751367,200,8179,2008,0.0,0.0,-0.01135,-0.8057350000000001,SPM,720230
20757893,200,8180,2008,0.0,0.0,-0.01135,-0.8057350000000001,SPM,720241
20764419,200,8181,2008,0.0,0.0,-0.01135,-0.8057350000000001,SPM,720249
20770945,200,8182,2008,0.0,0.0,-0.01135,-0.8057350000000001,SPM,720250
20777471,200,8183,2008,0.0,0.0,-0.01135,-0.8057350000000001,SPM,720260
20783997,200,8184,2008,0.0,0.0,-0.01135,-0.8057350000000001,SPM,720270
20790523,200,8185,2008,0.0,0.0,-0.01135,-0.8057350000000001,SPM,720280
20797049,200,8186,2008,0.0,0.0,-0.01135,-0.8057350000000001,SPM,720291
20803575,200,8187,2008,0.0,0.0,-0.01135,-0.8057350000000001,SPM,720292
20810101,200,8188,2008,0.0,0.0,-0.01135,-0.8057350000000001,SPM,720293
20816627,200,8189,2008,0.0,0.0,-0.01135,-0.8057350000000001,SPM,720299
20823153,200,8190,2008,0.0,0.0,-0.01135,-0.8057350000000001,SPM,720310
20829679,200,8191,2008,0.0,0.0,-0.01135,-0.8057350000000001,SPM,720390
20836205,200,8192,2008,0.0,0.0,-0.01135,-0.8057350000000001,SPM,720410
20842731,200,8193,2008,0.0,0.0,-0.01135,-0.8057350000000001,SPM,720421
20849257,200,8194,2008,0.0,0.0,-0.01135,-0.8057350000000001,SPM,720429
20855783,200,8195,2008,0.0,0.0,-0.01135,-0.8057350000000001,SPM,720430
20862309,200,8196,2008,0.0,0.0,-0.01135,-0.8057350000000001,SPM,720441
20868835,200,8197,2008,0.0,0.0,-0.01135,-0.8057350000000001,SPM,720449
20875361,200,8198,2008,0.0,0.0,-0.01135,-0.8057350000000001,SPM,720450
20881887,200,8199,2008,0.0,0.0,-0.01135,-0.8057350000000001,SPM,720510
20888413,200,8200,2008,0.0,0.0,-0.01135,-0.8057350000000001,SPM,720521
20894939,200,8201,2008,0.0,0.0,-0.01135,-0.8057350000000001,SPM,720529
20901465,200,8202,2008,0.0,0.0,-0.01135,-0.8057350000000001,SPM,720610
20907991,200,8203,2008,0.0,0.0,-0.01135,-0.8057350000000001,SPM,720690
20914517,200,8204,2008,0.0,0.0,-0.01135,-0.8057350000000001,SPM,720711
20921043,200,8205,2008,0.0,0.0,-0.01135,-0.8057350000000001,SPM,720712
20927569,200,8206,2008,0.0,0.0,-0.01135,-0.8057350000000001,SPM,720719
20934095,200,8207,2008,0.0,9.130979210296116e-10,-0.01135,-0.8057350000000001,SPM,720720
20940621,200,8208,2008,0.0,0.0,-0.01135,-0.8057350000000001,SPM,720811
20947147,200,8209,2008,0.0,0.0,-0.01135,-0.8057350000000001,SPM,720812
20953673,200,8210,2008,0.0,0.0,-0.01135,-0.8057350000000001,SPM,720813
20960199,200,8211,2008,0.0,0.0,-0.01135,-0.8057350000000001,SPM,720814
20966725,200,8212,2008,0.0,0.0,-0.01135,-0.8057350000000001,SPM,720821
20973251,200,8213,2008,0.0,0.0,-0.01135,-0.8057350000000001,SPM,720822
20979777,200,8214,2008,0.0,0.0,-0.01135,-0.8057350000000001,SPM,720823
20986303,200,8215,2008,0.0,0.0,-0.01135,-0.8057350000000001,SPM,720824
20992829,200,8216,2008,0.0,0.0,-0.01135,-0.8057350000000001,SPM,720831
20999355,200,8217,2008,0.0,0.0,-0.01135,-0.8057350000000001,SPM,720832
21005881,200,8218,2008,0.0,0.0,-0.01135,-0.8057350000000001,SPM,720833
21012407,200,8219,2008,0.0,0.0,-0.01135,-0.8057350000000001,SPM,720834
21018933,200,8220,2008,0.0,0.0,-0.01135,-0.8057350000000001,SPM,720835
21025459,200,8221,2008,0.0,0.0,-0.01135,-0.8057350000000001,SPM,720841
21031985,200,8222,2008,0.0,0.0,-0.01135,-0.8057350000000001,SPM,720842
21038511,200,8223,2008,0.0,1.6826853521115564e-09,-0.01135,-0.8057350000000001,SPM,720843
21045037,200,8224,2008,0.0,0.0,-0.01135,-0.8057350000000001,SPM,720844
21051563,200,8225,2008,0.0,0.0,-0.01135,-0.8057350000000001,SPM,720845
21058089,200,8226,2008,0.0,0.0,-0.01135,-0.8057350000000001,SPM,720890
21064615,200,8227,2008,0.0,0.0,-0.01135,-0.8057350000000001,SPM,720911
21071141,200,8228,2008,0.0,0.0,-0.01135,-0.8057350000000001,SPM,720912
21077667,200,8229,2008,0.0,0.0,-0.01135,-0.8057350000000001,SPM,720913
21084193,200,8230,2008,0.0,0.0,-0.01135,-0.8057350000000001,SPM,720914
21090719,200,8231,2008,0.0,0.0,-0.01135,-0.8057350000000001,SPM,720921
21097245,200,8232,2008,0.0,0.0,-0.01135,-0.8057350000000001,SPM,720922
21103771,200,8233,2008,0.0,0.0,-0.01135,-0.8057350000000001,SPM,720923
21110297,200,8234,2008,0.0,0.0,-0.01135,-0.8057350000000001,SPM,720924
21116823,200,8235,2008,0.0,0.0,-0.01135,-0.8057350000000001,SPM,720931
21123349,200,8236,2008,0.0,0.0,-0.01135,-0.8057350000000001,SPM,720932
21129875,200,8237,2008,0.0,0.0,-0.01135,-0.8057350000000001,SPM,720933
21136401,200,8238,2008,0.0,0.0,-0.01135,-0.8057350000000001,SPM,720934
21142927,200,8239,2008,0.0,0.0,-0.01135,-0.8057350000000001,SPM,720941
21149453,200,8240,2008,0.0,0.0,-0.01135,-0.8057350000000001,SPM,720942
21155979,200,8241,2008,0.0,0.0,-0.01135,-0.8057350000000001,SPM,720943
21162505,200,8242,2008,0.0,0.0,-0.01135,-0.8057350000000001,SPM,720944
21169031,200,8243,2008,0.0,0.0,-0.01135,-0.8057350000000001,SPM,720990
21175557,200,8244,2008,0.0,0.0,-0.01135,-0.8057350000000001,SPM,721011
21182083,200,8245,2008,0.0,0.0,-0.01135,-0.8057350000000001,SPM,721012
21188609,200,8246,2008,0.0,0.0,-0.01135,-0.8057350000000001,SPM,721020
21195135,200,8247,2008,0.0,0.0,-0.01135,-0.8057350000000001,SPM,721031
21201661,200,8248,2008,0.0,0.0,-0.01135,-0.8057350000000001,SPM,721039
21208187,200,8249,2008,0.0,0.0,-0.01135,-0.8057350000000001,SPM,721041
21214713,200,8250,2008,0.0,0.0,-0.01135,-0.8057350000000001,SPM,721049
21221239,200,8251,2008,0.0,0.0,-0.01135,-0.8057350000000001,SPM,721050
21227765,200,8252,2008,0.0,0.0,-0.01135,-0.8057350000000001,SPM,721060
21234291,200,8253,2008,1.15548022912787e-09,0.0,-0.01135,-0.8057350000000001,SPM,721070
21240817,200,8254,2008,0.0,0.0,-0.01135,-0.8057350000000001,SPM,721090
21247343,200,8255,2008,0.0,0.0,-0.01135,-0.8057350000000001,SPM,721111
21253869,200,8256,2008,0.0,0.0,-0.01135,-0.8057350000000001,SPM,721112
21260395,200,8257,2008,0.0,0.0,-0.01135,-0.8057350000000001,SPM,721119
21266921,200,8258,2008,0.0,0.0,-0.01135,-0.8057350000000001,SPM,721121
21273447,200,8259,2008,0.0,0.0,-0.01135,-0.8057350000000001,SPM,721122
21279973,200,8260,2008,0.0,0.0,-0.01135,-0.8057350000000001,SPM,721129
21286499,200,8261,2008,0.0,0.0,-0.01135,-0.8057350000000001,SPM,721130
21293025,200,8262,2008,0.0,0.0,-0.01135,-0.8057350000000001,SPM,721141
21299551,200,8263,2008,0.0,0.0,-0.01135,-0.8057350000000001,SPM,721149
21306077,200,8264,2008,0.0,0.0,-0.01135,-0.8057350000000001,SPM,721190
21312603,200,8265,2008,0.0,0.0,-0.01135,-0.8057350000000001,SPM,721210
21319129,200,8266,2008,0.0,0.0,-0.01135,-0.8057350000000001,SPM,721221
21325655,200,8267,2008,0.0,0.0,-0.01135,-0.8057350000000001,SPM,721229
21332181,200,8268,2008,0.0,0.0,-0.01135,-0.8057350000000001,SPM,721230
21338707,200,8269,2008,0.0,0.0,-0.01135,-0.8057350000000001,SPM,721240
21345233,200,8270,2008,0.0,0.0,-0.01135,-0.8057350000000001,SPM,721250
21351759,200,8271,2008,0.0,0.0,-0.01135,-0.8057350000000001,SPM,721260
21358285,200,8272,2008,0.0,0.0,-0.01135,-0.8057350000000001,SPM,721310
21364811,200,8273,2008,0.0,0.0,-0.01135,-0.8057350000000001,SPM,721320
21371337,200,8274,2008,0.0,0.0,-0.01135,-0.8057350000000001,SPM,721331
21377863,200,8275,2008,0.0,0.0,-0.01135,-0.8057350000000001,SPM,721339
21384389,200,8276,2008,0.0,0.0,-0.01135,-0.8057350000000001,SPM,721341
21390915,200,8277,2008,0.0,0.0,-0.01135,-0.8057350000000001,SPM,721349
21397441,200,8278,2008,0.0,0.0,-0.01135,-0.8057350000000001,SPM,721350
21403967,200,8279,2008,0.0,0.0,-0.01135,-0.8057350000000001,SPM,721410
21410493,200,8280,2008,0.0,2.4446498241431635e-09,-0.01135,-0.8057350000000001,SPM,721420
21417019,200,8281,2008,0.0,1.278635379143426e-08,-0.01135,-0.8057350000000001,SPM,721430
21423545,200,8282,2008,0.0,2.7668027022704892e-09,-0.01135,-0.8057350000000001,SPM,721440
21430071,200,8283,2008,0.0,0.0,-0.01135,-0.8057350000000001,SPM,721450
21436597,200,8284,2008,0.0,0.0,-0.01135,-0.8057350000000001,SPM,721460
21443123,200,8285,2008,0.0,0.0,-0.01135,-0.8057350000000001,SPM,721510
21449649,200,8286,2008,0.0,0.0,-0.01135,-0.8057350000000001,SPM,721520
21456175,200,8287,2008,0.0,0.0,-0.01135,-0.8057350000000001,SPM,721530
21462701,200,8288,2008,0.0,0.0,-0.01135,-0.8057350000000001,SPM,721540
21469227,200,8289,2008,0.0,1.0566084109772782e-09,-0.01135,-0.8057350000000001,SPM,721590
21475753,200,8290,2008,0.0,0.0,-0.01135,-0.8057350000000001,SPM,721610
21482279,200,8291,2008,0.0,0.0,-0.01135,-0.8057350000000001,SPM,721621
21488805,200,8292,2008,0.0,0.0,-0.01135,-0.8057350000000001,SPM,721622
21495331,200,8293,2008,0.0,0.0,-0.01135,-0.8057350000000001,SPM,721631
21501857,200,8294,2008,0.0,0.0,-0.01135,-0.8057350000000001,SPM,721632
21508383,200,8295,2008,0.0,6.00888032967944e-10,-0.01135,-0.8057350000000001,SPM,721633
21514909,200,8296,2008,0.0,0.0,-0.01135,-0.8057350000000001,SPM,721640
21521435,200,8297,2008,0.0,0.0,-0.01135,-0.8057350000000001,SPM,721650
21527961,200,8298,2008,0.0,0.0,-0.01135,-0.8057350000000001,SPM,721660
21534487,200,8299,2008,0.0,0.0,-0.01135,-0.8057350000000001,SPM,721690
21541013,200,8300,2008,0.0,0.0,-0.01135,-0.8057350000000001,SPM,721711
21547539,200,8301,2008,0.0,0.0,-0.01135,-0.8057350000000001,SPM,721712
21554065,200,8302,2008,0.0,0.0,-0.01135,-0.8057350000000001,SPM,721713
21560591,200,8303,2008,0.0,0.0,-0.01135,-0.8057350000000001,SPM,721719
21567117,200,8304,2008,0.0,0.0,-0.01135,-0.8057350000000001,SPM,721721
21573643,200,8305,2008,0.0,0.0,-0.01135,-0.8057350000000001,SPM,721722
21580169,200,8306,2008,0.0,0.0,-0.01135,-0.8057350000000001,SPM,721723
21586695,200,8307,2008,0.0,0.0,-0.01135,-0.8057350000000001,SPM,721729
21593221,200,8308,2008,0.0,0.0,-0.01135,-0.8057350000000001,SPM,721731
21599747,200,8309,2008,0.0,0.0,-0.01135,-0.8057350000000001,SPM,721732
21606273,200,8310,2008,0.0,0.0,-0.01135,-0.8057350000000001,SPM,721733
21612799,200,8311,2008,0.0,0.0,-0.01135,-0.8057350000000001,SPM,721739
21619325,200,8312,2008,0.0,0.0,-0.01135,-0.8057350000000001,SPM,721810
21625851,200,8313,2008,0.0,0.0,-0.01135,-0.8057350000000001,SPM,721890
21632377,200,8314,2008,0.0,0.0,-0.01135,-0.8057350000000001,SPM,721911
21638903,200,8315,2008,0.0,0.0,-0.01135,-0.8057350000000001,SPM,721912
21645429,200,8316,2008,0.0,0.0,-0.01135,-0.8057350000000001,SPM,721913
21651955,200,8317,2008,0.0,0.0,-0.01135,-0.8057350000000001,SPM,721914
21658481,200,8318,2008,0.0,0.0,-0.01135,-0.8057350000000001,SPM,721921
21665007,200,8319,2008,0.0,0.0,-0.01135,-0.8057350000000001,SPM,721922
21671533,200,8320,2008,0.0,0.0,-0.01135,-0.8057350000000001,SPM,721923
21678059,200,8321,2008,0.0,0.0,-0.01135,-0.8057350000000001,SPM,721924
21684585,200,8322,2008,0.0,0.0,-0.01135,-0.8057350000000001,SPM,721931
21691111,200,8323,2008,0.0,0.0,-0.01135,-0.8057350000000001,SPM,721932
21697637,200,8324,2008,0.0,0.0,-0.01135,-0.8057350000000001,SPM,721933
21704163,200,8325,2008,0.0,0.0,-0.01135,-0.8057350000000001,SPM,721934
21710689,200,8326,2008,0.0,0.0,-0.01135,-0.8057350000000001,SPM,721935
21717215,200,8327,2008,0.0,0.0,-0.01135,-0.8057350000000001,SPM,721990
21723741,200,8328,2008,0.0,0.0,-0.01135,-0.8057350000000001,SPM,722011
21730267,200,8329,2008,0.0,0.0,-0.01135,-0.8057350000000001,SPM,722012
21736793,200,8330,2008,0.0,0.0,-0.01135,-0.8057350000000001,SPM,722020
21743319,200,8331,2008,0.0,0.0,-0.01135,-0.8057350000000001,SPM,722090
21749845,200,8332,2008,0.0,0.0,-0.01135,-0.8057350000000001,SPM,722100
21756371,200,8333,2008,0.0,8.053821953183143e-10,-0.01135,-0.8057350000000001,SPM,722210
21762897,200,8334,2008,0.0,0.0,-0.01135,-0.8057350000000001,SPM,722220
21769423,200,8335,2008,0.0,0.0,-0.01135,-0.8057350000000001,SPM,722230
21775949,200,8336,2008,0.0,0.0,-0.01135,-0.8057350000000001,SPM,722240
21782475,200,8337,2008,0.0,0.0,-0.01135,-0.8057350000000001,SPM,722300
21789001,200,8338,2008,0.0,0.0,-0.01135,-0.8057350000000001,SPM,722410
21795527,200,8339,2008,0.0,0.0,-0.01135,-0.8057350000000001,SPM,722490
21802053,200,8340,2008,0.0,0.0,-0.01135,-0.8057350000000001,SPM,722510
21808579,200,8341,2008,0.0,0.0,-0.01135,-0.8057350000000001,SPM,722520
21815105,200,8342,2008,0.0,0.0,-0.01135,-0.8057350000000001,SPM,722530
21821631,200,8343,2008,0.0,0.0,-0.01135,-0.8057350000000001,SPM,722540
21828157,200,8344,2008,0.0,0.0,-0.01135,-0.8057350000000001,SPM,722550
21834683,200,8345,2008,0.0,0.0,-0.01135,-0.8057350000000001,SPM,722590
21841209,200,8346,2008,0.0,0.0,-0.01135,-0.8057350000000001,SPM,722610
21847735,200,8347,2008,0.0,0.0,-0.01135,-0.8057350000000001,SPM,722620
21854261,200,8348,2008,0.0,0.0,-0.01135,-0.8057350000000001,SPM,722691
21860787,200,8349,2008,0.0,0.0,-0.01135,-0.8057350000000001,SPM,722692
21867313,200,8350,2008,0.0,0.0,-0.01135,-0.8057350000000001,SPM,722699
21873839,200,8351,2008,0.0,0.0,-0.01135,-0.8057350000000001,SPM,722710
21880365,200,8352,2008,0.0,0.0,-0.01135,-0.8057350000000001,SPM,722720
21886891,200,8353,2008,0.0,0.0,-0.01135,-0.8057350000000001,SPM,722790
21893417,200,8354,2008,0.0,2.785362950393051e-09,-0.01135,-0.8057350000000001,SPM,722810
21899943,200,8355,2008,0.0,0.0,-0.01135,-0.8057350000000001,SPM,722820
21906469,200,8356,2008,0.0,2.769122733285809e-09,-0.01135,-0.8057350000000001,SPM,722830
21912995,200,8357,2008,0.0,0.0,-0.01135,-0.8057350000000001,SPM,722840
21919521,200,8358,2008,0.0,0.0,-0.01135,-0.8057350000000001,SPM,722850
21926047,200,8359,2008,0.0,0.0,-0.01135,-0.8057350000000001,SPM,722860
21932573,200,8360,2008,0.0,2.785362950393051e-09,-0.01135,-0.8057350000000001,SPM,722870
21939099,200,8361,2008,0.0,9.787216554629558e-10,-0.01135,-0.8057350000000001,SPM,722880
21945625,200,8362,2008,0.0,0.0,-0.01135,-0.8057350000000001,SPM,722910
21952151,200,8363,2008,0.0,0.0,-0.01135,-0.8057350000000001,SPM,722920
21958677,200,8364,2008,0.0,0.0,-0.01135,-0.8057350000000001,SPM,722990
21965203,200,8365,2008,0.0,0.0,-0.01135,-0.8057350000000001,SPM,730110
21971729,200,8366,2008,0.0,0.0,-0.01135,-0.8057350000000001,SPM,730120
21978255,200,8367,2008,0.0,0.0,-0.01135,-0.8057350000000001,SPM,730210
21984781,200,8368,2008,0.0,0.0,-0.01135,-0.8057350000000001,SPM,730220
21991307,200,8369,2008,0.0,0.0,-0.01135,-0.8057350000000001,SPM,730230
21997833,200,8370,2008,0.0,0.0,-0.01135,-0.8057350000000001,SPM,730240
22004359,200,8371,2008,0.0,0.0,-0.01135,-0.8057350000000001,SPM,730290
22010885,200,8372,2008,0.0,0.0,-0.01135,-0.8057350000000001,SPM,730300
22017411,200,8373,2008,0.0,0.0,-0.01135,-0.8057350000000001,SPM,730410
22023937,200,8374,2008,0.0,0.0,-0.01135,-0.8057350000000001,SPM,730420
22030463,200,8375,2008,0.0,0.0,-0.01135,-0.8057350000000001,SPM,730431
22036989,200,8376,2008,0.0,0.0,-0.01135,-0.8057350000000001,SPM,730439
22043515,200,8377,2008,0.0,0.0,-0.01135,-0.8057350000000001,SPM,730441
22050041,200,8378,2008,0.0,0.0,-0.01135,-0.8057350000000001,SPM,730449
22056567,200,8379,2008,0.0,0.0,-0.01135,-0.8057350000000001,SPM,730451
22063093,200,8380,2008,0.0,0.0,-0.01135,-0.8057350000000001,SPM,730459
22069619,200,8381,2008,0.0,0.0,-0.01135,-0.8057350000000001,SPM,730490
22076145,200,8382,2008,0.0,0.0,-0.01135,-0.8057350000000001,SPM,730511
22082671,200,8383,2008,0.0,0.0,-0.01135,-0.8057350000000001,SPM,730512
22089197,200,8384,2008,0.0,0.0,-0.01135,-0.8057350000000001,SPM,730519
22095723,200,8385,2008,0.0,0.0,-0.01135,-0.8057350000000001,SPM,730520
22102249,200,8386,2008,0.0,0.0,-0.01135,-0.8057350000000001,SPM,730531
22108775,200,8387,2008,0.0,0.0,-0.01135,-0.8057350000000001,SPM,730539
22115301,200,8388,2008,0.0,0.0,-0.01135,-0.8057350000000001,SPM,730590
22121827,200,8389,2008,0.0,0.0,-0.01135,-0.8057350000000001,SPM,730610
22128353,200,8390,2008,0.0,0.0,-0.01135,-0.8057350000000001,SPM,730620
22134879,200,8391,2008,0.0,6.065223940051503e-10,-0.01135,-0.8057350000000001,SPM,730630
22141405,200,8392,2008,0.0,0.0,-0.01135,-0.8057350000000001,SPM,730640
22147931,200,8393,2008,0.0,0.0,-0.01135,-0.8057350000000001,SPM,730650
22154457,200,8394,2008,0.0,0.0,-0.01135,-0.8057350000000001,SPM,730660
22160983,200,8395,2008,0.0,4.4819684885965285e-09,-0.01135,-0.8057350000000001,SPM,730690
22167509,200,8396,2008,0.0,9.777273564563898e-10,-0.01135,-0.8057350000000001,SPM,730711
22174035,200,8397,2008,0.0,3.884063352648282e-09,-0.01135,-0.8057350000000001,SPM,730719
22180561,200,8398,2008,0.0,0.0,-0.01135,-0.8057350000000001,SPM,730721
22187087,200,8399,2008,0.0,0.0,-0.01135,-0.8057350000000001,SPM,730722
22193613,200,8400,2008,0.0,0.0,-0.01135,-0.8057350000000001,SPM,730723
22200139,200,8401,2008,0.0,0.0,-0.01135,-0.8057350000000001,SPM,730729
22206665,200,8402,2008,0.0,0.0,-0.01135,-0.8057350000000001,SPM,730791
22213191,200,8403,2008,0.0,0.0,-0.01135,-0.8057350000000001,SPM,730792
22219717,200,8404,2008,0.0,0.0,-0.01135,-0.8057350000000001,SPM,730793
22226243,200,8405,2008,0.0,1.4424295688250353e-08,-0.01135,-0.8057350000000001,SPM,730799
22232769,200,8406,2008,0.0,0.0,-0.01135,-0.8057350000000001,SPM,730810
22239295,200,8407,2008,0.0,1.8460818221905394e-09,-0.01135,-0.8057350000000001,SPM,730820
22245821,200,8408,2008,0.0,1.5988659458580576e-08,-0.01135,-0.8057350000000001,SPM,730830
22252347,200,8409,2008,0.0,9.338025406763339e-08,-0.01135,-0.8057350000000001,SPM,730840
22258873,200,8410,2008,8.612312644063484e-10,2.833195361268911e-07,-0.01135,-0.8057350000000001,SPM,730890
22265399,200,8411,2008,0.0,2.446837281957608e-08,-0.01135,-0.8057350000000001,SPM,730900
22271925,200,8412,2008,0.0,0.0,-0.01135,-0.8057350000000001,SPM,731010
22278451,200,8413,2008,0.0,0.0,-0.01135,-0.8057350000000001,SPM,731021
22284977,200,8414,2008,0.0,0.0,-0.01135,-0.8057350000000001,SPM,731029
22291503,200,8415,2008,0.0,4.888636782281949e-10,-0.01135,-0.8057350000000001,SPM,731100
22298029,200,8416,2008,0.0,9.777273564563898e-10,-0.01135,-0.8057350000000001,SPM,731210
22304555,200,8417,2008,0.0,3.422377180599553e-09,-0.01135,-0.8057350000000001,SPM,731290
22311081,200,8418,2008,0.0,0.0,-0.01135,-0.8057350000000001,SPM,731300
22317607,200,8419,2008,0.0,0.0,-0.01135,-0.8057350000000001,SPM,731411
22324133,200,8420,2008,0.0,0.0,-0.01135,-0.8057350000000001,SPM,731419
22330659,200,8421,2008,0.0,3.960094083350349e-08,-0.01135,-0.8057350000000001,SPM,731420
22337185,200,8422,2008,0.0,6.748439930763097e-08,-0.01135,-0.8057350000000001,SPM,731430
22343711,200,8423,2008,0.0,0.0,-0.01135,-0.8057350000000001,SPM,731441
22350237,200,8424,2008,0.0,0.0,-0.01135,-0.8057350000000001,SPM,731442
22356763,200,8425,2008,0.0,7.571918368000909e-09,-0.01135,-0.8057350000000001,SPM,731449
22363289,200,8426,2008,0.0,0.0,-0.01135,-0.8057350000000001,SPM,731450
22369815,200,8427,2008,0.0,0.0,-0.01135,-0.8057350000000001,SPM,731511
22376341,200,8428,2008,0.0,1.6133827113539187e-08,-0.01135,-0.8057350000000001,SPM,731512
22382867,200,8429,2008,0.0,0.0,-0.01135,-0.8057350000000001,SPM,731519
22389393,200,8430,2008,0.0,1.0894202781939503e-09,-0.01135,-0.8057350000000001,SPM,731520
22395919,200,8431,2008,0.0,0.0,-0.01135,-0.8057350000000001,SPM,731581
22402445,200,8432,2008,0.0,3.911240858827748e-09,-0.01135,-0.8057350000000001,SPM,731582
22408971,200,8433,2008,0.0,2.933513502371358e-09,-0.01135,-0.8057350000000001,SPM,731589
22415497,200,8434,2008,0.0,3.615934053877699e-10,-0.01135,-0.8057350000000001,SPM,731590
22422023,200,8435,2008,0.0,4.696405641012557e-10,-0.01135,-0.8057350000000001,SPM,731600
22428549,200,8436,2008,0.0,8.541359899402584e-09,-0.01135,-0.8057350000000001,SPM,731700
22435075,200,8437,2008,0.0,0.0,-0.01135,-0.8057350000000001,SPM,731811
22441601,200,8438,2008,0.0,1.4685796326977165e-09,-0.01135,-0.8057350000000001,SPM,731812
22448127,200,8439,2008,0.0,0.0,-0.01135,-0.8057350000000001,SPM,731813
22454653,200,8440,2008,0.0,1.0068934606489872e-09,-0.01135,-0.8057350000000001,SPM,731814
22461179,200,8441,2008,0.0,1.6121895525460396e-08,-0.01135,-0.8057350000000001,SPM,731815
22467705,200,8442,2008,0.0,9.134293540318001e-10,-0.01135,-0.8057350000000001,SPM,731816
22474231,200,8443,2008,0.0,3.4197257165820443e-09,-0.01135,-0.8057350000000001,SPM,731819
22480757,200,8444,2008,0.0,0.0,-0.01135,-0.8057350000000001,SPM,731821
22487283,200,8445,2008,0.0,3.4137599225426496e-10,-0.01135,-0.8057350000000001,SPM,731822
22493809,200,8446,2008,0.0,0.0,-0.01135,-0.8057350000000001,SPM,731823
22500335,200,8447,2008,0.0,0.0,-0.01135,-0.8057350000000001,SPM,731824
22506861,200,8448,2008,0.0,3.911240858827748e-09,-0.01135,-0.8057350000000001,SPM,731829
22513387,200,8449,2008,0.0,0.0,-0.01135,-0.8057350000000001,SPM,731910
22519913,200,8450,2008,0.0,0.0,-0.01135,-0.8057350000000001,SPM,731920
22526439,200,8451,2008,0.0,0.0,-0.01135,-0.8057350000000001,SPM,731930
22532965,200,8452,2008,0.0,0.0,-0.01135,-0.8057350000000001,SPM,731990
22539491,200,8453,2008,0.0,4.364972638823951e-10,-0.01135,-0.8057350000000001,SPM,732010
22546017,200,8454,2008,0.0,0.0,-0.01135,-0.8057350000000001,SPM,732020
22552543,200,8455,2008,0.0,4.888636782281949e-10,-0.01135,-0.8057350000000001,SPM,732090
22559069,200,8456,2008,0.0,1.0387110288590934e-09,-0.01135,-0.8057350000000001,SPM,732111
22565595,200,8457,2008,0.0,0.0,-0.01135,-0.8057350000000001,SPM,732112
22572121,200,8458,2008,0.0,4.888636782281949e-10,-0.01135,-0.8057350000000001,SPM,732113
22578647,200,8459,2008,0.0,1.4665910346845848e-09,-0.01135,-0.8057350000000001,SPM,732181
22585173,200,8460,2008,0.0,0.0,-0.01135,-0.8057350000000001,SPM,732182
22591699,200,8461,2008,0.0,9.777936430568275e-09,-0.01135,-0.8057350000000001,SPM,732183
22598225,200,8462,2008,0.0,2.1235906749230598e-08,-0.01135,-0.8057350000000001,SPM,732190
22604751,200,8463,2008,0.0,1.9554547129127796e-09,-0.01135,-0.8057350000000001,SPM,732211
22611277,200,8464,2008,0.0,0.0,-0.01135,-0.8057350000000001,SPM,732219
22617803,200,8465,2008,0.0,1.6622690791767382e-08,-0.01135,-0.8057350000000001,SPM,732290
22624329,200,8466,2008,0.0,0.0,-0.01135,-0.8057350000000001,SPM,732310
22630855,200,8467,2008,0.0,0.0,-0.01135,-0.8057350000000001,SPM,732391
22637381,200,8468,2008,0.0,0.0,-0.01135,-0.8057350000000001,SPM,732392
22643907,200,8469,2008,0.0,2.1760565191695165e-08,-0.01135,-0.8057350000000001,SPM,732393
22650433,200,8470,2008,0.0,3.5728477635931804e-09,-0.01135,-0.8057350000000001,SPM,732394
22656959,200,8471,2008,0.0,3.8134349798818903e-08,-0.01135,-0.8057350000000001,SPM,732399
22663485,200,8472,2008,0.0,0.0,-0.01135,-0.8057350000000001,SPM,732410
22670011,200,8473,2008,0.0,0.0,-0.01135,-0.8057350000000001,SPM,732421
22676537,200,8474,2008,0.0,0.0,-0.01135,-0.8057350000000001,SPM,732429
22683063,200,8475,2008,0.0,0.0,-0.01135,-0.8057350000000001,SPM,732490
22689589,200,8476,2008,0.0,8.800209074111885e-09,-0.01135,-0.8057350000000001,SPM,732510
22696115,200,8477,2008,0.0,0.0,-0.01135,-0.8057350000000001,SPM,732591
22702641,200,8478,2008,0.0,9.289072752340081e-09,-0.01135,-0.8057350000000001,SPM,732599
22709167,200,8479,2008,0.0,0.0,-0.01135,-0.8057350000000001,SPM,732611
22715693,200,8480,2008,0.0,0.0,-0.01135,-0.8057350000000001,SPM,732619
22722219,200,8481,2008,0.0,4.400104537055943e-09,-0.01135,-0.8057350000000001,SPM,732620
22728745,200,8482,2008,6.161046036821065e-09,5.068836905571895e-08,-0.01135,-0.8057350000000001,SPM,732690
22735271,200,8483,2008,0.0,0.0,-0.01135,-0.8057350000000001,SPM,740110
22741797,200,8484,2008,0.0,0.0,-0.01135,-0.8057350000000001,SPM,740120
22748323,200,8485,2008,0.0,0.0,-0.01135,-0.8057350000000001,SPM,740200
22754849,200,8486,2008,0.0,0.0,-0.01135,-0.8057350000000001,SPM,740311
22761375,200,8487,2008,0.0,0.0,-0.01135,-0.8057350000000001,SPM,740312
22767901,200,8488,2008,0.0,0.0,-0.01135,-0.8057350000000001,SPM,740313
22774427,200,8489,2008,0.0,0.0,-0.01135,-0.8057350000000001,SPM,740319
22780953,200,8490,2008,0.0,0.0,-0.01135,-0.8057350000000001,SPM,740321
22787479,200,8491,2008,0.0,0.0,-0.01135,-0.8057350000000001,SPM,740322
22794005,200,8492,2008,0.0,0.0,-0.01135,-0.8057350000000001,SPM,740323
22800531,200,8493,2008,0.0,0.0,-0.01135,-0.8057350000000001,SPM,740329
22807057,200,8494,2008,0.0,0.0,-0.01135,-0.8057350000000001,SPM,740400
22813583,200,8495,2008,0.0,0.0,-0.01135,-0.8057350000000001,SPM,740500
22820109,200,8496,2008,0.0,0.0,-0.01135,-0.8057350000000001,SPM,740610
22826635,200,8497,2008,0.0,0.0,-0.01135,-0.8057350000000001,SPM,740620
22833161,200,8498,2008,0.0,0.0,-0.01135,-0.8057350000000001,SPM,740710
22839687,200,8499,2008,0.0,0.0,-0.01135,-0.8057350000000001,SPM,740721
22846213,200,8500,2008,0.0,0.0,-0.01135,-0.8057350000000001,SPM,740722
22852739,200,8501,2008,0.0,0.0,-0.01135,-0.8057350000000001,SPM,740729
22859265,200,8502,2008,0.0,0.0,-0.01135,-0.8057350000000001,SPM,740811
22865791,200,8503,2008,0.0,0.0,-0.01135,-0.8057350000000001,SPM,740819
22872317,200,8504,2008,0.0,0.0,-0.01135,-0.8057350000000001,SPM,740821
22878843,200,8505,2008,0.0,0.0,-0.01135,-0.8057350000000001,SPM,740822
22885369,200,8506,2008,0.0,0.0,-0.01135,-0.8057350000000001,SPM,740829
22891895,200,8507,2008,0.0,0.0,-0.01135,-0.8057350000000001,SPM,740911
22898421,200,8508,2008,0.0,0.0,-0.01135,-0.8057350000000001,SPM,740919
22904947,200,8509,2008,0.0,0.0,-0.01135,-0.8057350000000001,SPM,740921
22911473,200,8510,2008,0.0,0.0,-0.01135,-0.8057350000000001,SPM,740929
22917999,200,8511,2008,0.0,0.0,-0.01135,-0.8057350000000001,SPM,740931
22924525,200,8512,2008,0.0,0.0,-0.01135,-0.8057350000000001,SPM,740939
22931051,200,8513,2008,0.0,0.0,-0.01135,-0.8057350000000001,SPM,740940
22937577,200,8514,2008,0.0,0.0,-0.01135,-0.8057350000000001,SPM,740990
22944103,200,8515,2008,0.0,0.0,-0.01135,-0.8057350000000001,SPM,741011
22950629,200,8516,2008,0.0,0.0,-0.01135,-0.8057350000000001,SPM,741012
22957155,200,8517,2008,0.0,0.0,-0.01135,-0.8057350000000001,SPM,741021
22963681,200,8518,2008,0.0,0.0,-0.01135,-0.8057350000000001,SPM,741022
22970207,200,8519,2008,0.0,9.024920649595761e-10,-0.01135,-0.8057350000000001,SPM,741110
22976733,200,8520,2008,0.0,0.0,-0.01135,-0.8057350000000001,SPM,741121
22983259,200,8521,2008,0.0,0.0,-0.01135,-0.8057350000000001,SPM,741122
22989785,200,8522,2008,0.0,0.0,-0.01135,-0.8057350000000001,SPM,741129
22996311,200,8523,2008,0.0,3.4701035329147127e-10,-0.01135,-0.8057350000000001,SPM,741210
23002837,200,8524,2008,0.0,1.1786751856833421e-08,-0.01135,-0.8057350000000001,SPM,741220
23009363,200,8525,2008,0.0,9.777273564563898e-10,-0.01135,-0.8057350000000001,SPM,741300
23015889,200,8526,2008,0.0,0.0,-0.01135,-0.8057350000000001,SPM,741410
23022415,200,8527,2008,0.0,0.0,-0.01135,-0.8057350000000001,SPM,741490
23028941,200,8528,2008,0.0,3.4329830366695886e-09,-0.01135,-0.8057350000000001,SPM,741510
23035467,200,8529,2008,0.0,0.0,-0.01135,-0.8057350000000001,SPM,741521
23041993,200,8530,2008,0.0,0.0,-0.01135,-0.8057350000000001,SPM,741529
23048519,200,8531,2008,0.0,0.0,-0.01135,-0.8057350000000001,SPM,741531
23055045,200,8532,2008,0.0,4.822350181844229e-10,-0.01135,-0.8057350000000001,SPM,741532
23061571,200,8533,2008,0.0,0.0,-0.01135,-0.8057350000000001,SPM,741539
23068097,200,8534,2008,0.0,0.0,-0.01135,-0.8057350000000001,SPM,741600
23074623,200,8535,2008,0.0,0.0,-0.01135,-0.8057350000000001,SPM,741700
23081149,200,8536,2008,0.0,0.0,-0.01135,-0.8057350000000001,SPM,741810
23087675,200,8537,2008,0.0,0.0,-0.01135,-0.8057350000000001,SPM,741820
23094201,200,8538,2008,0.0,0.0,-0.01135,-0.8057350000000001,SPM,741910
23100727,200,8539,2008,0.0,0.0,-0.01135,-0.8057350000000001,SPM,741991
23107253,200,8540,2008,0.0,0.0,-0.01135,-0.8057350000000001,SPM,741999
23113779,200,8541,2008,0.0,0.0,-0.01135,-0.8057350000000001,SPM,750110
23120305,200,8542,2008,0.0,0.0,-0.01135,-0.8057350000000001,SPM,750120
23126831,200,8543,2008,0.0,0.0,-0.01135,-0.8057350000000001,SPM,750210
23133357,200,8544,2008,0.0,0.0,-0.01135,-0.8057350000000001,SPM,750220
23139883,200,8545,2008,0.0,0.0,-0.01135,-0.8057350000000001,SPM,750300
23146409,200,8546,2008,0.0,0.0,-0.01135,-0.8057350000000001,SPM,750400
23152935,200,8547,2008,0.0,0.0,-0.01135,-0.8057350000000001,SPM,750511
23159461,200,8548,2008,0.0,0.0,-0.01135,-0.8057350000000001,SPM,750512
23165987,200,8549,2008,0.0,0.0,-0.01135,-0.8057350000000001,SPM,750521
23172513,200,8550,2008,0.0,0.0,-0.01135,-0.8057350000000001,SPM,750522
23179039,200,8551,2008,0.0,0.0,-0.01135,-0.8057350000000001,SPM,750610
23185565,200,8552,2008,0.0,0.0,-0.01135,-0.8057350000000001,SPM,750620
23192091,200,8553,2008,0.0,0.0,-0.01135,-0.8057350000000001,SPM,750711
23198617,200,8554,2008,0.0,0.0,-0.01135,-0.8057350000000001,SPM,750712
23205143,200,8555,2008,0.0,9.777273564563898e-10,-0.01135,-0.8057350000000001,SPM,750720
23211669,200,8556,2008,0.0,0.0,-0.01135,-0.8057350000000001,SPM,750800
23218195,200,8557,2008,0.0,0.0,-0.01135,-0.8057350000000001,SPM,760110
23224721,200,8558,2008,0.0,0.0,-0.01135,-0.8057350000000001,SPM,760120
23231247,200,8559,2008,0.0,0.0,-0.01135,-0.8057350000000001,SPM,760200
23237773,200,8560,2008,0.0,0.0,-0.01135,-0.8057350000000001,SPM,760310
23244299,200,8561,2008,0.0,0.0,-0.01135,-0.8057350000000001,SPM,760320
23250825,200,8562,2008,0.0,1.1792386217870627e-09,-0.01135,-0.8057350000000001,SPM,760410
23257351,200,8563,2008,0.0,0.0,-0.01135,-0.8057350000000001,SPM,760421
23263877,200,8564,2008,1.610278217031124e-08,6.2896040825331904e-09,-0.01135,-0.8057350000000001,SPM,760429
23270403,200,8565,2008,0.0,0.0,-0.01135,-0.8057350000000001,SPM,760511
23276929,200,8566,2008,0.0,0.0,-0.01135,-0.8057350000000001,SPM,760519
23283455,200,8567,2008,0.0,0.0,-0.01135,-0.8057350000000001,SPM,760521
23289981,200,8568,2008,0.0,0.0,-0.01135,-0.8057350000000001,SPM,760529
23296507,200,8569,2008,0.0,0.0,-0.01135,-0.8057350000000001,SPM,760611
23303033,200,8570,2008,0.0,3.656700313146898e-09,-0.01135,-0.8057350000000001,SPM,760612
23309559,200,8571,2008,0.0,9.956247385745746e-10,-0.01135,-0.8057350000000001,SPM,760691
23316085,200,8572,2008,0.0,3.422377180599553e-09,-0.01135,-0.8057350000000001,SPM,760692
23322611,200,8573,2008,0.0,2.645498223469459e-09,-0.01135,-0.8057350000000001,SPM,760711
23329137,200,8574,2008,0.0,0.0,-0.01135,-0.8057350000000001,SPM,760719
23335663,200,8575,2008,0.0,0.0,-0.01135,-0.8057350000000001,SPM,760720
23342189,200,8576,2008,0.0,0.0,-0.01135,-0.8057350000000001,SPM,760810
23348715,200,8577,2008,0.0,0.0,-0.01135,-0.8057350000000001,SPM,760820
23355241,200,8578,2008,0.0,3.327587341973612e-09,-0.01135,-0.8057350000000001,SPM,760900
23361767,200,8579,2008,5.715278552675485e-10,1.4159480719501657e-08,-0.01135,-0.8057350000000001,SPM,761010
23368293,200,8580,2008,0.0,2.7898041526223784e-08,-0.01135,-0.8057350000000001,SPM,761090
23374819,200,8581,2008,0.0,0.0,-0.01135,-0.8057350000000001,SPM,761100
23381345,200,8582,2008,0.0,0.0,-0.01135,-0.8057350000000001,SPM,761210
23387871,200,8583,2008,0.0,0.0,-0.01135,-0.8057350000000001,SPM,761290
23394397,200,8584,2008,0.0,0.0,-0.01135,-0.8057350000000001,SPM,761300
23400923,200,8585,2008,0.0,0.0,-0.01135,-0.8057350000000001,SPM,761410
23407449,200,8586,2008,0.0,0.0,-0.01135,-0.8057350000000001,SPM,761490
23413975,200,8587,2008,0.0,3.6437744260615423e-09,-0.01135,-0.8057350000000001,SPM,761510
23420501,200,8588,2008,0.0,1.104003330290249e-09,-0.01135,-0.8057350000000001,SPM,761520
23427027,200,8589,2008,0.0,7.255068417908602e-10,-0.01135,-0.8057350000000001,SPM,761610
23433553,200,8590,2008,5.591033366747758e-10,2.2969632783679202e-08,-0.01135,-0.8057350000000001,SPM,761690
23440079,200,8591,2008,0.0,0.0,-0.01135,-0.8057350000000001,SPM,780110
23446605,200,8592,2008,0.0,0.0,-0.01135,-0.8057350000000001,SPM,780191
23453131,200,8593,2008,0.0,0.0,-0.01135,-0.8057350000000001,SPM,780199
23459657,200,8594,2008,0.0,0.0,-0.01135,-0.8057350000000001,SPM,780200
23466183,200,8595,2008,0.0,0.0,-0.01135,-0.8057350000000001,SPM,780300
23472709,200,8596,2008,0.0,0.0,-0.01135,-0.8057350000000001,SPM,780411
23479235,200,8597,2008,0.0,0.0,-0.01135,-0.8057350000000001,SPM,780419
23485761,200,8598,2008,0.0,0.0,-0.01135,-0.8057350000000001,SPM,780420
23492287,200,8599,2008,0.0,0.0,-0.01135,-0.8057350000000001,SPM,780500
23498813,200,8600,2008,0.0,1.4665910346845848e-09,-0.01135,-0.8057350000000001,SPM,780600
23505339,200,8601,2008,0.0,0.0,-0.01135,-0.8057350000000001,SPM,790111
23511865,200,8602,2008,0.0,0.0,-0.01135,-0.8057350000000001,SPM,790112
23518391,200,8603,2008,0.0,0.0,-0.01135,-0.8057350000000001,SPM,790120
23524917,200,8604,2008,0.0,0.0,-0.01135,-0.8057350000000001,SPM,790200
23531443,200,8605,2008,0.0,0.0,-0.01135,-0.8057350000000001,SPM,790310
23537969,200,8606,2008,0.0,0.0,-0.01135,-0.8057350000000001,SPM,790390
23544495,200,8607,2008,0.0,0.0,-0.01135,-0.8057350000000001,SPM,790400
23551021,200,8608,2008,0.0,0.0,-0.01135,-0.8057350000000001,SPM,790500
23557547,200,8609,2008,0.0,0.0,-0.01135,-0.8057350000000001,SPM,790600
23564073,200,8610,2008,0.0,0.0,-0.01135,-0.8057350000000001,SPM,790710
23570599,200,8611,2008,0.0,1.5796096884308997e-09,-0.01135,-0.8057350000000001,SPM,790790
23577125,200,8612,2008,0.0,0.0,-0.01135,-0.8057350000000001,SPM,800110
23583651,200,8613,2008,0.0,0.0,-0.01135,-0.8057350000000001,SPM,800120
23590177,200,8614,2008,0.0,0.0,-0.01135,-0.8057350000000001,SPM,800200
23596703,200,8615,2008,0.0,0.0,-0.01135,-0.8057350000000001,SPM,800300
23603229,200,8616,2008,0.0,0.0,-0.01135,-0.8057350000000001,SPM,800400
23609755,200,8617,2008,0.0,0.0,-0.01135,-0.8057350000000001,SPM,800510
23616281,200,8618,2008,0.0,0.0,-0.01135,-0.8057350000000001,SPM,800520
23622807,200,8619,2008,0.0,0.0,-0.01135,-0.8057350000000001,SPM,800600
23629333,200,8620,2008,0.0,1.4665910346845848e-09,-0.01135,-0.8057350000000001,SPM,800700
23635859,200,8621,2008,0.0,0.0,-0.01135,-0.8057350000000001,SPM,810110
23642385,200,8622,2008,0.0,0.0,-0.01135,-0.8057350000000001,SPM,810191
23648911,200,8623,2008,0.0,0.0,-0.01135,-0.8057350000000001,SPM,810192
23655437,200,8624,2008,0.0,0.0,-0.01135,-0.8057350000000001,SPM,810193
23661963,200,8625,2008,0.0,0.0,-0.01135,-0.8057350000000001,SPM,810199
23668489,200,8626,2008,0.0,0.0,-0.01135,-0.8057350000000001,SPM,810210
23675015,200,8627,2008,0.0,0.0,-0.01135,-0.8057350000000001,SPM,810291
23681541,200,8628,2008,0.0,0.0,-0.01135,-0.8057350000000001,SPM,810292
23688067,200,8629,2008,0.0,0.0,-0.01135,-0.8057350000000001,SPM,810293
23694593,200,8630,2008,0.0,0.0,-0.01135,-0.8057350000000001,SPM,810299
23701119,200,8631,2008,0.0,0.0,-0.01135,-0.8057350000000001,SPM,810310
23707645,200,8632,2008,0.0,0.0,-0.01135,-0.8057350000000001,SPM,810390
23714171,200,8633,2008,0.0,0.0,-0.01135,-0.8057350000000001,SPM,810411
23720697,200,8634,2008,0.0,0.0,-0.01135,-0.8057350000000001,SPM,810419
23727223,200,8635,2008,0.0,0.0,-0.01135,-0.8057350000000001,SPM,810420
23733749,200,8636,2008,0.0,0.0,-0.01135,-0.8057350000000001,SPM,810430
23740275,200,8637,2008,0.0,0.0,-0.01135,-0.8057350000000001,SPM,810490
23746801,200,8638,2008,0.0,0.0,-0.01135,-0.8057350000000001,SPM,810510
23753327,200,8639,2008,0.0,0.0,-0.01135,-0.8057350000000001,SPM,810590
23759853,200,8640,2008,0.0,0.0,-0.01135,-0.8057350000000001,SPM,810600
23766379,200,8641,2008,0.0,0.0,-0.01135,-0.8057350000000001,SPM,810710
23772905,200,8642,2008,0.0,0.0,-0.01135,-0.8057350000000001,SPM,810790
23779431,200,8643,2008,0.0,0.0,-0.01135,-0.8057350000000001,SPM,810810
23785957,200,8644,2008,0.0,0.0,-0.01135,-0.8057350000000001,SPM,810890
23792483,200,8645,2008,0.0,0.0,-0.01135,-0.8057350000000001,SPM,810910
23799009,200,8646,2008,0.0,0.0,-0.01135,-0.8057350000000001,SPM,810990
23805535,200,8647,2008,0.0,0.0,-0.01135,-0.8057350000000001,SPM,811000
23812061,200,8648,2008,0.0,0.0,-0.01135,-0.8057350000000001,SPM,811100
23818587,200,8649,2008,0.0,0.0,-0.01135,-0.8057350000000001,SPM,811211
23825113,200,8650,2008,0.0,0.0,-0.01135,-0.8057350000000001,SPM,811219
23831639,200,8651,2008,0.0,0.0,-0.01135,-0.8057350000000001,SPM,811220
23838165,200,8652,2008,0.0,0.0,-0.01135,-0.8057350000000001,SPM,811230
23844691,200,8653,2008,0.0,0.0,-0.01135,-0.8057350000000001,SPM,811240
23851217,200,8654,2008,0.0,0.0,-0.01135,-0.8057350000000001,SPM,811291
23857743,200,8655,2008,0.0,0.0,-0.01135,-0.8057350000000001,SPM,811299
23864269,200,8656,2008,0.0,0.0,-0.01135,-0.8057350000000001,SPM,811300
23870795,200,8657,2008,0.0,2.1470229881777945e-09,-0.01135,-0.8057350000000001,SPM,820110
23877321,200,8658,2008,0.0,0.0,-0.01135,-0.8057350000000001,SPM,820120
23883847,200,8659,2008,0.0,0.0,-0.01135,-0.8057350000000001,SPM,820130
23890373,200,8660,2008,0.0,0.0,-0.01135,-0.8057350000000001,SPM,820140
23896899,200,8661,2008,0.0,0.0,-0.01135,-0.8057350000000001,SPM,820150
23903425,200,8662,2008,0.0,0.0,-0.01135,-0.8057350000000001,SPM,820160
23909951,200,8663,2008,0.0,9.777273564563898e-10,-0.01135,-0.8057350000000001,SPM,820190
23916477,200,8664,2008,0.0,6.038709299876415e-10,-0.01135,-0.8057350000000001,SPM,820210
23923003,200,8665,2008,0.0,0.0,-0.01135,-0.8057350000000001,SPM,820220
23929529,200,8666,2008,0.0,0.0,-0.01135,-0.8057350000000001,SPM,820231
23936055,200,8667,2008,0.0,0.0,-0.01135,-0.8057350000000001,SPM,820232
23942581,200,8668,2008,0.0,0.0,-0.01135,-0.8057350000000001,SPM,820240
23949107,200,8669,2008,0.0,0.0,-0.01135,-0.8057350000000001,SPM,820291
23955633,200,8670,2008,0.0,0.0,-0.01135,-0.8057350000000001,SPM,820299
23962159,200,8671,2008,0.0,0.0,-0.01135,-0.8057350000000001,SPM,820310
23968685,200,8672,2008,0.0,0.0,-0.01135,-0.8057350000000001,SPM,820320
23975211,200,8673,2008,0.0,0.0,-0.01135,-0.8057350000000001,SPM,820330
23981737,200,8674,2008,0.0,0.0,-0.01135,-0.8057350000000001,SPM,820340
23988263,200,8675,2008,4.751620769138473e-10,0.0,-0.01135,-0.8057350000000001,SPM,820411
23994789,200,8676,2008,0.0,0.0,-0.01135,-0.8057350000000001,SPM,820412
24001315,200,8677,2008,0.0,0.0,-0.01135,-0.8057350000000001,SPM,820420
24007841,200,8678,2008,0.0,0.0,-0.01135,-0.8057350000000001,SPM,820510
24014367,200,8679,2008,0.0,0.0,-0.01135,-0.8057350000000001,SPM,820520
24020893,200,8680,2008,0.0,0.0,-0.01135,-0.8057350000000001,SPM,820530
24027419,200,8681,2008,0.0,0.0,-0.01135,-0.8057350000000001,SPM,820540
24033945,200,8682,2008,0.0,0.0,-0.01135,-0.8057350000000001,SPM,820551
24040471,200,8683,2008,0.0,6.240850287911246e-08,-0.01135,-0.8057350000000001,SPM,820559
24046997,200,8684,2008,0.0,0.0,-0.01135,-0.8057350000000001,SPM,820560
24053523,200,8685,2008,0.0,4.1064548971168376e-10,-0.01135,-0.8057350000000001,SPM,820570
24060049,200,8686,2008,0.0,0.0,-0.01135,-0.8057350000000001,SPM,820580
24066575,200,8687,2008,0.0,1.4665910346845848e-09,-0.01135,-0.8057350000000001,SPM,820590
24073101,200,8688,2008,0.0,3.3017355678029005e-09,-0.01135,-0.8057350000000001,SPM,820600
24079627,200,8689,2008,0.0,0.0,-0.01135,-0.8057350000000001,SPM,820711
24086153,200,8690,2008,0.0,3.6557060141403325e-10,-0.01135,-0.8057350000000001,SPM,820712
24092679,200,8691,2008,0.0,0.0,-0.01135,-0.8057350000000001,SPM,820720
24099205,200,8692,2008,3.272800019559663e-10,0.0,-0.01135,-0.8057350000000001,SPM,820730
24105731,200,8693,2008,0.0,0.0,-0.01135,-0.8057350000000001,SPM,820740
24112257,200,8694,2008,0.0,7.549049490849896e-09,-0.01135,-0.8057350000000001,SPM,820750
24118783,200,8695,2008,0.0,0.0,-0.01135,-0.8057350000000001,SPM,820760
24125309,200,8696,2008,0.0,0.0,-0.01135,-0.8057350000000001,SPM,820770
24131835,200,8697,2008,0.0,0.0,-0.01135,-0.8057350000000001,SPM,820780
24138361,200,8698,2008,0.0,1.6581593099495995e-09,-0.01135,-0.8057350000000001,SPM,820790
24144887,200,8699,2008,0.0,7.550043789856461e-10,-0.01135,-0.8057350000000001,SPM,820810
24151413,200,8700,2008,0.0,0.0,-0.01135,-0.8057350000000001,SPM,820820
24157939,200,8701,2008,0.0,0.0,-0.01135,-0.8057350000000001,SPM,820830
24164465,200,8702,2008,0.0,0.0,-0.01135,-0.8057350000000001,SPM,820840
24170991,200,8703,2008,0.0,1.9554547129127796e-09,-0.01135,-0.8057350000000001,SPM,820890
24177517,200,8704,2008,0.0,0.0,-0.01135,-0.8057350000000001,SPM,820900
24184043,200,8705,2008,0.0,0.0,-0.01135,-0.8057350000000001,SPM,821000
24190569,200,8706,2008,0.0,0.0,-0.01135,-0.8057350000000001,SPM,821110
24197095,200,8707,2008,0.0,0.0,-0.01135,-0.8057350000000001,SPM,821191
24203621,200,8708,2008,0.0,0.0,-0.01135,-0.8057350000000001,SPM,821192
24210147,200,8709,2008,0.0,0.0,-0.01135,-0.8057350000000001,SPM,821193
24216673,200,8710,2008,0.0,3.4270172426301935e-10,-0.01135,-0.8057350000000001,SPM,821194
24223199,200,8711,2008,0.0,0.0,-0.01135,-0.8057350000000001,SPM,821210
24229725,200,8712,2008,0.0,2.1022795328823325e-08,-0.01135,-0.8057350000000001,SPM,821220
24236251,200,8713,2008,0.0,0.0,-0.01135,-0.8057350000000001,SPM,821290
24242777,200,8714,2008,0.0,0.0,-0.01135,-0.8057350000000001,SPM,821300
24249303,200,8715,2008,0.0,0.0,-0.01135,-0.8057350000000001,SPM,821410
24255829,200,8716,2008,0.0,0.0,-0.01135,-0.8057350000000001,SPM,821420
24262355,200,8717,2008,0.0,1.9554547129127796e-09,-0.01135,-0.8057350000000001,SPM,821490
24268881,200,8718,2008,0.0,0.0,-0.01135,-0.8057350000000001,SPM,821510
24275407,200,8719,2008,0.0,9.777273564563898e-10,-0.01135,-0.8057350000000001,SPM,821520
24281933,200,8720,2008,0.0,0.0,-0.01135,-0.8057350000000001,SPM,821591
24288459,200,8721,2008,0.0,9.777273564563898e-10,-0.01135,-0.8057350000000001,SPM,821599
24294985,200,8722,2008,0.0,0.0,-0.01135,-0.8057350000000001,SPM,830110
24301511,200,8723,2008,0.0,0.0,-0.01135,-0.8057350000000001,SPM,830120
24308037,200,8724,2008,0.0,0.0,-0.01135,-0.8057350000000001,SPM,830130
24314563,200,8725,2008,0.0,2.1132168219545564e-09,-0.01135,-0.8057350000000001,SPM,830140
24321089,200,8726,2008,0.0,0.0,-0.01135,-0.8057350000000001,SPM,830150
24327615,200,8727,2008,0.0,0.0,-0.01135,-0.8057350000000001,SPM,830160
24334141,200,8728,2008,0.0,0.0,-0.01135,-0.8057350000000001,SPM,830170
24340667,200,8729,2008,0.0,6.628660043772134e-10,-0.01135,-0.8057350000000001,SPM,830210
24347193,200,8730,2008,0.0,0.0,-0.01135,-0.8057350000000001,SPM,830220
24353719,200,8731,2008,0.0,0.0,-0.01135,-0.8057350000000001,SPM,830230
24360245,200,8732,2008,0.0,1.64854775288613e-09,-0.01135,-0.8057350000000001,SPM,830241
24366771,200,8733,2008,0.0,2.2471157548387538e-09,-0.01135,-0.8057350000000001,SPM,830242
24373297,200,8734,2008,0.0,1.6422836691447654e-08,-0.01135,-0.8057350000000001,SPM,830249
24379823,200,8735,2008,0.0,3.7186782845561676e-10,-0.01135,-0.8057350000000001,SPM,830250
24386349,200,8736,2008,0.0,0.0,-0.01135,-0.8057350000000001,SPM,830260
24392875,200,8737,2008,0.0,1.8662992353240443e-09,-0.01135,-0.8057350000000001,SPM,830300
24399401,200,8738,2008,0.0,0.0,-0.01135,-0.8057350000000001,SPM,830400
24405927,200,8739,2008,0.0,0.0,-0.01135,-0.8057350000000001,SPM,830510
24412453,200,8740,2008,0.0,0.0,-0.01135,-0.8057350000000001,SPM,830520
24418979,200,8741,2008,0.0,0.0,-0.01135,-0.8057350000000001,SPM,830590
24425505,200,8742,2008,0.0,0.0,-0.01135,-0.8057350000000001,SPM,830610
24432031,200,8743,2008,0.0,0.0,-0.01135,-0.8057350000000001,SPM,830621
24438557,200,8744,2008,0.0,3.3245381583534765e-08,-0.01135,-0.8057350000000001,SPM,830629
24445083,200,8745,2008,1.6254906763812993e-09,0.0,-0.01135,-0.8057350000000001,SPM,830630
24451609,200,8746,2008,0.0,0.0,-0.01135,-0.8057350000000001,SPM,830710
24458135,200,8747,2008,0.0,1.9554547129127796e-09,-0.01135,-0.8057350000000001,SPM,830790
24464661,200,8748,2008,0.0,0.0,-0.01135,-0.8057350000000001,SPM,830810
24471187,200,8749,2008,0.0,0.0,-0.01135,-0.8057350000000001,SPM,830820
24477713,200,8750,2008,0.0,0.0,-0.01135,-0.8057350000000001,SPM,830890
24484239,200,8751,2008,0.0,0.0,-0.01135,-0.8057350000000001,SPM,830910
24490765,200,8752,2008,0.0,0.0,-0.01135,-0.8057350000000001,SPM,830990
24497291,200,8753,2008,0.0,9.777273564563898e-10,-0.01135,-0.8057350000000001,SPM,831000
24503817,200,8754,2008,0.0,4.964866372785329e-10,-0.01135,-0.8057350000000001,SPM,831110
24510343,200,8755,2008,0.0,0.0,-0.01135,-0.8057350000000001,SPM,831120
24516869,200,8756,2008,0.0,0.0,-0.01135,-0.8057350000000001,SPM,831130
24523395,200,8757,2008,0.0,0.0,-0.01135,-0.8057350000000001,SPM,831190
24529921,200,8758,2008,0.0,0.0,-0.01135,-0.8057350000000001,SPM,840110
24536447,200,8759,2008,0.0,0.0,-0.01135,-0.8057350000000001,SPM,840120
24542973,200,8760,2008,0.0,0.0,-0.01135,-0.8057350000000001,SPM,840130
24549499,200,8761,2008,0.0,0.0,-0.01135,-0.8057350000000001,SPM,840140
24556025,200,8762,2008,0.0,0.0,-0.01135,-0.8057350000000001,SPM,840211
24562551,200,8763,2008,0.0,0.0,-0.01135,-0.8057350000000001,SPM,840212
24569077,200,8764,2008,0.0,2.4446498241431635e-09,-0.01135,-0.8057350000000001,SPM,840219
24575603,200,8765,2008,0.0,0.0,-0.01135,-0.8057350000000001,SPM,840220
24582129,200,8766,2008,0.0,0.0,-0.01135,-0.8057350000000001,SPM,840290
24588655,200,8767,2008,0.0,6.111293127355719e-08,-0.01135,-0.8057350000000001,SPM,840310
24595181,200,8768,2008,0.0,2.1220329398127736e-08,-0.01135,-0.8057350000000001,SPM,840390
24601707,200,8769,2008,0.0,0.0,-0.01135,-0.8057350000000001,SPM,840410
24608233,200,8770,2008,0.0,0.0,-0.01135,-0.8057350000000001,SPM,840420
24614759,200,8771,2008,0.0,0.0,-0.01135,-0.8057350000000001,SPM,840490
24621285,200,8772,2008,0.0,0.0,-0.01135,-0.8057350000000001,SPM,840510
24627811,200,8773,2008,0.0,0.0,-0.01135,-0.8057350000000001,SPM,840590
24634337,200,8774,2008,0.0,0.0,-0.01135,-0.8057350000000001,SPM,840611
24640863,200,8775,2008,0.0,0.0,-0.01135,-0.8057350000000001,SPM,840619
24647389,200,8776,2008,0.0,0.0,-0.01135,-0.8057350000000001,SPM,840690
24653915,200,8777,2008,0.0,0.0,-0.01135,-0.8057350000000001,SPM,840710
24660441,200,8778,2008,0.0,2.165649522900794e-08,-0.01135,-0.8057350000000001,SPM,840721
24666967,200,8779,2008,0.0,0.0,-0.01135,-0.8057350000000001,SPM,840729
24673493,200,8780,2008,0.0,0.0,-0.01135,-0.8057350000000001,SPM,840731
24680019,200,8781,2008,0.0,0.0,-0.01135,-0.8057350000000001,SPM,840732
24686545,200,8782,2008,0.0,0.0,-0.01135,-0.8057350000000001,SPM,840733
24693071,200,8783,2008,0.0,0.0,-0.01135,-0.8057350000000001,SPM,840734
24699597,200,8784,2008,0.0,0.0,-0.01135,-0.8057350000000001,SPM,840790
24706123,200,8785,2008,0.0,4.106786330119026e-09,-0.01135,-0.8057350000000001,SPM,840810
24712649,200,8786,2008,0.0,0.0,-0.01135,-0.8057350000000001,SPM,840820
24719175,200,8787,2008,0.0,6.11593318938636e-09,-0.01135,-0.8057350000000001,SPM,840890
24725701,200,8788,2008,0.0,0.0,-0.01135,-0.8057350000000001,SPM,840910
24732227,200,8789,2008,0.0,4.8293765614906265e-08,-0.01135,-0.8057350000000001,SPM,840991
24738753,200,8790,2008,0.0,6.054187221078623e-08,-0.01135,-0.8057350000000001,SPM,840999
24745279,200,8791,2008,0.0,0.0,-0.01135,-0.8057350000000001,SPM,841011
24751805,200,8792,2008,0.0,0.0,-0.01135,-0.8057350000000001,SPM,841012
24758331,200,8793,2008,0.0,0.0,-0.01135,-0.8057350000000001,SPM,841013
24764857,200,8794,2008,0.0,0.0,-0.01135,-0.8057350000000001,SPM,841090
24771383,200,8795,2008,0.0,0.0,-0.01135,-0.8057350000000001,SPM,841111
24777909,200,8796,2008,0.0,0.0,-0.01135,-0.8057350000000001,SPM,841112
24784435,200,8797,2008,0.0,0.0,-0.01135,-0.8057350000000001,SPM,841121
24790961,200,8798,2008,0.0,0.0,-0.01135,-0.8057350000000001,SPM,841122
24797487,200,8799,2008,0.0,0.0,-0.01135,-0.8057350000000001,SPM,841181
24804013,200,8800,2008,0.0,0.0,-0.01135,-0.8057350000000001,SPM,841182
24810539,200,8801,2008,0.0,1.4665910346845848e-09,-0.01135,-0.8057350000000001,SPM,841191
24817065,200,8802,2008,0.0,0.0,-0.01135,-0.8057350000000001,SPM,841199
24823591,200,8803,2008,0.0,0.0,-0.01135,-0.8057350000000001,SPM,841210
24830117,200,8804,2008,0.0,6.880549125435476e-10,-0.01135,-0.8057350000000001,SPM,841221
24836643,200,8805,2008,0.0,3.656700313146898e-09,-0.01135,-0.8057350000000001,SPM,841229
24843169,200,8806,2008,0.0,0.0,-0.01135,-0.8057350000000001,SPM,841231
24849695,200,8807,2008,0.0,0.0,-0.01135,-0.8057350000000001,SPM,841239
24856221,200,8808,2008,0.0,3.4137599225426496e-10,-0.01135,-0.8057350000000001,SPM,841280
24862747,200,8809,2008,0.0,0.0,-0.01135,-0.8057350000000001,SPM,841290
24869273,200,8810,2008,0.0,0.0,-0.01135,-0.8057350000000001,SPM,841311
24875799,200,8811,2008,0.0,1.4665910346845848e-09,-0.01135,-0.8057350000000001,SPM,841319
24882325,200,8812,2008,0.0,0.0,-0.01135,-0.8057350000000001,SPM,841320
24888851,200,8813,2008,0.0,2.139731462129645e-09,-0.01135,-0.8057350000000001,SPM,841330
24895377,200,8814,2008,0.0,0.0,-0.01135,-0.8057350000000001,SPM,841340
24901903,200,8815,2008,0.0,4.888636782281949e-10,-0.01135,-0.8057350000000001,SPM,841350
24908429,200,8816,2008,0.0,4.888968215284138e-09,-0.01135,-0.8057350000000001,SPM,841360
24914955,200,8817,2008,0.0,2.7014772575391146e-08,-0.01135,-0.8057350000000001,SPM,841370
24921481,200,8818,2008,0.0,3.471197261821935e-08,-0.01135,-0.8057350000000001,SPM,841381
24928007,200,8819,2008,0.0,0.0,-0.01135,-0.8057350000000001,SPM,841382
24934533,200,8820,2008,0.0,3.911240858827748e-09,-0.01135,-0.8057350000000001,SPM,841391
24941059,200,8821,2008,0.0,6.844754361199106e-09,-0.01135,-0.8057350000000001,SPM,841392
24947585,200,8822,2008,0.0,2.4446498241431635e-09,-0.01135,-0.8057350000000001,SPM,841410
24954111,200,8823,2008,0.0,0.0,-0.01135,-0.8057350000000001,SPM,841420
24960637,200,8824,2008,0.0,0.0,-0.01135,-0.8057350000000001,SPM,841430
24967163,200,8825,2008,0.0,0.0,-0.01135,-0.8057350000000001,SPM,841440
24973689,200,8826,2008,0.0,0.0,-0.01135,-0.8057350000000001,SPM,841451
24980215,200,8827,2008,0.0,2.933513502371358e-09,-0.01135,-0.8057350000000001,SPM,841459
24986741,200,8828,2008,0.0,0.0,-0.01135,-0.8057350000000001,SPM,841460
24993267,200,8829,2008,0.0,7.3508525555411085e-09,-0.01135,-0.8057350000000001,SPM,841480
24999793,200,8830,2008,0.0,2.31704811830055e-09,-0.01135,-0.8057350000000001,SPM,841490
25006319,200,8831,2008,0.0,0.0,-0.01135,-0.8057350000000001,SPM,841510
25012845,200,8832,2008,0.0,2.082393552751016e-09,-0.01135,-0.8057350000000001,SPM,841581
25019371,200,8833,2008,0.0,0.0,-0.01135,-0.8057350000000001,SPM,841582
25025897,200,8834,2008,0.0,2.7378686011794238e-08,-0.01135,-0.8057350000000001,SPM,841583
25032423,200,8835,2008,0.0,1.124485889825505e-08,-0.01135,-0.8057350000000001,SPM,841590
25038949,200,8836,2008,0.0,4.888636782281949e-10,-0.01135,-0.8057350000000001,SPM,841610
25045475,200,8837,2008,0.0,0.0,-0.01135,-0.8057350000000001,SPM,841620
25052001,200,8838,2008,0.0,9.777273564563898e-10,-0.01135,-0.8057350000000001,SPM,841630
25058527,200,8839,2008,0.0,9.777273564563898e-10,-0.01135,-0.8057350000000001,SPM,841690
25065053,200,8840,2008,0.0,0.0,-0.01135,-0.8057350000000001,SPM,841710
25071579,200,8841,2008,0.0,0.0,-0.01135,-0.8057350000000001,SPM,841720
25078105,200,8842,2008,0.0,0.0,-0.01135,-0.8057350000000001,SPM,841780
25084631,200,8843,2008,0.0,0.0,-0.01135,-0.8057350000000001,SPM,841790
25091157,200,8844,2008,0.0,3.422377180599553e-09,-0.01135,-0.8057350000000001,SPM,841810
25097683,200,8845,2008,0.0,1.8578145504680162e-08,-0.01135,-0.8057350000000001,SPM,841821
25104209,200,8846,2008,0.0,0.0,-0.01135,-0.8057350000000001,SPM,841822
25110735,200,8847,2008,0.0,1.6835139346170278e-08,-0.01135,-0.8057350000000001,SPM,841829
25117261,200,8848,2008,0.0,4.888968215284138e-09,-0.01135,-0.8057350000000001,SPM,841830
25123787,200,8849,2008,0.0,9.777273564563898e-10,-0.01135,-0.8057350000000001,SPM,841840
25130313,200,8850,2008,0.0,1.4665910346845848e-09,-0.01135,-0.8057350000000001,SPM,841850
25136839,200,8851,2008,0.0,4.888636782281949e-10,-0.01135,-0.8057350000000001,SPM,841861
25143365,200,8852,2008,0.0,7.039305533483819e-09,-0.01135,-0.8057350000000001,SPM,841869
25149891,200,8853,2008,0.0,9.777273564563898e-10,-0.01135,-0.8057350000000001,SPM,841891
25156417,200,8854,2008,0.0,2.933513502371358e-09,-0.01135,-0.8057350000000001,SPM,841899
25162943,200,8855,2008,0.0,0.0,-0.01135,-0.8057350000000001,SPM,841911
25169469,200,8856,2008,0.0,6.355890682970911e-09,-0.01135,-0.8057350000000001,SPM,841919
25175995,200,8857,2008,0.0,5.377831893512333e-09,-0.01135,-0.8057350000000001,SPM,841920
25182521,200,8858,2008,0.0,0.0,-0.01135,-0.8057350000000001,SPM,841931
25189047,200,8859,2008,0.0,0.0,-0.01135,-0.8057350000000001,SPM,841932
25195573,200,8860,2008,0.0,0.0,-0.01135,-0.8057350000000001,SPM,841939
25202099,200,8861,2008,0.0,0.0,-0.01135,-0.8057350000000001,SPM,841940
25208625,200,8862,2008,0.0,1.9554547129127796e-09,-0.01135,-0.8057350000000001,SPM,841950
25215151,200,8863,2008,0.0,0.0,-0.01135,-0.8057350000000001,SPM,841960
25221677,200,8864,2008,0.0,6.834148505129071e-10,-0.01135,-0.8057350000000001,SPM,841981
25228203,200,8865,2008,0.0,1.72040242776062e-08,-0.01135,-0.8057350000000001,SPM,841989
25234729,200,8866,2008,0.0,1.4557863188132362e-08,-0.01135,-0.8057350000000001,SPM,841990
25241255,200,8867,2008,0.0,0.0,-0.01135,-0.8057350000000001,SPM,842010
25247781,200,8868,2008,0.0,0.0,-0.01135,-0.8057350000000001,SPM,842091
25254307,200,8869,2008,0.0,0.0,-0.01135,-0.8057350000000001,SPM,842099
25260833,200,8870,2008,0.0,0.0,-0.01135,-0.8057350000000001,SPM,842111
25267359,200,8871,2008,0.0,0.0,-0.01135,-0.8057350000000001,SPM,842112
25273885,200,8872,2008,0.0,1.124485889825505e-08,-0.01135,-0.8057350000000001,SPM,842119
25280411,200,8873,2008,0.0,6.1401277985461284e-09,-0.01135,-0.8057350000000001,SPM,842121
25286937,200,8874,2008,0.0,0.0,-0.01135,-0.8057350000000001,SPM,842122
25293463,200,8875,2008,0.0,0.0,-0.01135,-0.8057350000000001,SPM,842123
25299989,200,8876,2008,0.0,3.8744517955848126e-10,-0.01135,-0.8057350000000001,SPM,842129
25306515,200,8877,2008,0.0,0.0,-0.01135,-0.8057350000000001,SPM,842131
25313041,200,8878,2008,0.0,1.4957571388771822e-09,-0.01135,-0.8057350000000001,SPM,842139
25319567,200,8879,2008,0.0,0.0,-0.01135,-0.8057350000000001,SPM,842191
25326093,200,8880,2008,0.0,0.0,-0.01135,-0.8057350000000001,SPM,842199
25332619,200,8881,2008,0.0,1.124485889825505e-08,-0.01135,-0.8057350000000001,SPM,842211
25339145,200,8882,2008,0.0,0.0,-0.01135,-0.8057350000000001,SPM,842219
25345671,200,8883,2008,0.0,9.777273564563898e-10,-0.01135,-0.8057350000000001,SPM,842220
25352197,200,8884,2008,0.0,0.0,-0.01135,-0.8057350000000001,SPM,842230
25358723,200,8885,2008,0.0,5.377831893512333e-09,-0.01135,-0.8057350000000001,SPM,842240
25365249,200,8886,2008,0.0,0.0,-0.01135,-0.8057350000000001,SPM,842290
25371775,200,8887,2008,0.0,0.0,-0.01135,-0.8057350000000001,SPM,842310
25378301,200,8888,2008,0.0,0.0,-0.01135,-0.8057350000000001,SPM,842320
25384827,200,8889,2008,0.0,9.777273564563898e-10,-0.01135,-0.8057350000000001,SPM,842330
25391353,200,8890,2008,0.0,2.4446498241431635e-09,-0.01135,-0.8057350000000001,SPM,842381
25397879,200,8891,2008,0.0,0.0,-0.01135,-0.8057350000000001,SPM,842382
25404405,200,8892,2008,0.0,0.0,-0.01135,-0.8057350000000001,SPM,842389
25410931,200,8893,2008,0.0,9.777273564563898e-10,-0.01135,-0.8057350000000001,SPM,842390
25417457,200,8894,2008,0.0,2.834083601714776e-09,-0.01135,-0.8057350000000001,SPM,842410
25423983,200,8895,2008,0.0,0.0,-0.01135,-0.8057350000000001,SPM,842420
25430509,200,8896,2008,0.0,1.222258625471144e-08,-0.01135,-0.8057350000000001,SPM,842430
25437035,200,8897,2008,0.0,4.888636782281949e-10,-0.01135,-0.8057350000000001,SPM,842481
25443561,200,8898,2008,0.0,0.0,-0.01135,-0.8057350000000001,SPM,842489
25450087,200,8899,2008,0.0,0.0,-0.01135,-0.8057350000000001,SPM,842490
25456613,200,8900,2008,0.0,1.4665910346845848e-09,-0.01135,-0.8057350000000001,SPM,842511
25463139,200,8901,2008,0.0,0.0,-0.01135,-0.8057350000000001,SPM,842519
25469665,200,8902,2008,0.0,0.0,-0.01135,-0.8057350000000001,SPM,842520
25476191,200,8903,2008,0.0,4.888636782281949e-10,-0.01135,-0.8057350000000001,SPM,842531
25482717,200,8904,2008,0.0,0.0,-0.01135,-0.8057350000000001,SPM,842539
25489243,200,8905,2008,0.0,2.4446498241431635e-09,-0.01135,-0.8057350000000001,SPM,842541
25495769,200,8906,2008,0.0,2.121171214007083e-09,-0.01135,-0.8057350000000001,SPM,842542
25502295,200,8907,2008,0.0,0.0,-0.01135,-0.8057350000000001,SPM,842549
25508821,200,8908,2008,0.0,0.0,-0.01135,-0.8057350000000001,SPM,842611
25515347,200,8909,2008,0.0,0.0,-0.01135,-0.8057350000000001,SPM,842612
25521873,200,8910,2008,0.0,0.0,-0.01135,-0.8057350000000001,SPM,842619
25528399,200,8911,2008,0.0,2.0827249857532048e-07,-0.01135,-0.8057350000000001,SPM,842620
25534925,200,8912,2008,0.0,3.422377180599553e-09,-0.01135,-0.8057350000000001,SPM,842630
25541451,200,8913,2008,0.0,0.0,-0.01135,-0.8057350000000001,SPM,842641
25547977,200,8914,2008,0.0,0.0,-0.01135,-0.8057350000000001,SPM,842649
25554503,200,8915,2008,0.0,0.0,-0.01135,-0.8057350000000001,SPM,842691
25561029,200,8916,2008,0.0,2.4446498241431635e-09,-0.01135,-0.8057350000000001,SPM,842699
25567555,200,8917,2008,0.0,2.933513502371358e-09,-0.01135,-0.8057350000000001,SPM,842710
25574081,200,8918,2008,0.0,0.0,-0.01135,-0.8057350000000001,SPM,842720
25580607,200,8919,2008,0.0,0.0,-0.01135,-0.8057350000000001,SPM,842790
25587133,200,8920,2008,0.0,0.0,-0.01135,-0.8057350000000001,SPM,842810
25593659,200,8921,2008,0.0,1.320031361116783e-08,-0.01135,-0.8057350000000001,SPM,842820
25600185,200,8922,2008,0.0,0.0,-0.01135,-0.8057350000000001,SPM,842831
25606711,200,8923,2008,0.0,0.0,-0.01135,-0.8057350000000001,SPM,842832
25613237,200,8924,2008,0.0,0.0,-0.01135,-0.8057350000000001,SPM,842833
25619763,200,8925,2008,0.0,0.0,-0.01135,-0.8057350000000001,SPM,842839
25626289,200,8926,2008,0.0,0.0,-0.01135,-0.8057350000000001,SPM,842840
25632815,200,8927,2008,0.0,0.0,-0.01135,-0.8057350000000001,SPM,842850
25639341,200,8928,2008,0.0,0.0,-0.01135,-0.8057350000000001,SPM,842860
25645867,200,8929,2008,0.0,2.7890418567173445e-08,-0.01135,-0.8057350000000001,SPM,842890
25652393,200,8930,2008,0.0,0.0,-0.01135,-0.8057350000000001,SPM,842911
25658919,200,8931,2008,0.0,0.0,-0.01135,-0.8057350000000001,SPM,842919
25665445,200,8932,2008,0.0,0.0,-0.01135,-0.8057350000000001,SPM,842920
25671971,200,8933,2008,0.0,0.0,-0.01135,-0.8057350000000001,SPM,842930
25678497,200,8934,2008,0.0,0.0,-0.01135,-0.8057350000000001,SPM,842940
25685023,200,8935,2008,0.0,6.844754361199106e-09,-0.01135,-0.8057350000000001,SPM,842951
25691549,200,8936,2008,0.0,0.0,-0.01135,-0.8057350000000001,SPM,842952
25698075,200,8937,2008,0.0,1.996552405184167e-08,-0.01135,-0.8057350000000001,SPM,842959
25704601,200,8938,2008,0.0,0.0,-0.01135,-0.8057350000000001,SPM,843010
25711127,200,8939,2008,0.0,2.3047850972195713e-09,-0.01135,-0.8057350000000001,SPM,843020
25717653,200,8940,2008,0.0,0.0,-0.01135,-0.8057350000000001,SPM,843031
25724179,200,8941,2008,0.0,6.685003654144198e-10,-0.01135,-0.8057350000000001,SPM,843039
25730705,200,8942,2008,0.0,0.0,-0.01135,-0.8057350000000001,SPM,843041
25737231,200,8943,2008,0.0,0.0,-0.01135,-0.8057350000000001,SPM,843049
25743757,200,8944,2008,0.0,1.2743598934151929e-09,-0.01135,-0.8057350000000001,SPM,843050
25750283,200,8945,2008,0.0,0.0,-0.01135,-0.8057350000000001,SPM,843061
25756809,200,8946,2008,0.0,0.0,-0.01135,-0.8057350000000001,SPM,843062
25763335,200,8947,2008,0.0,0.0,-0.01135,-0.8057350000000001,SPM,843069
25769861,200,8948,2008,0.0,0.0,-0.01135,-0.8057350000000001,SPM,843110
25776387,200,8949,2008,0.0,1.314794719682203e-09,-0.01135,-0.8057350000000001,SPM,843120
25782913,200,8950,2008,0.0,4.888636782281949e-10,-0.01135,-0.8057350000000001,SPM,843131
25789439,200,8951,2008,0.0,1.3807167438175167e-08,-0.01135,-0.8057350000000001,SPM,843139
25795965,200,8952,2008,0.0,1.0845813563619966e-08,-0.01135,-0.8057350000000001,SPM,843141
25802491,200,8953,2008,0.0,4.179038724596142e-09,-0.01135,-0.8057350000000001,SPM,843142
25809017,200,8954,2008,0.0,1.4652653026758304e-09,-0.01135,-0.8057350000000001,SPM,843143
25815543,200,8955,2008,0.0,1.8530419152365002e-09,-0.01135,-0.8057350000000001,SPM,843149
25822069,200,8956,2008,0.0,0.0,-0.01135,-0.8057350000000001,SPM,843210
25828595,200,8957,2008,0.0,0.0,-0.01135,-0.8057350000000001,SPM,843221
25835121,200,8958,2008,0.0,0.0,-0.01135,-0.8057350000000001,SPM,843229
25841647,200,8959,2008,0.0,0.0,-0.01135,-0.8057350000000001,SPM,843230
25848173,200,8960,2008,0.0,1.9554547129127796e-09,-0.01135,-0.8057350000000001,SPM,843240
25854699,200,8961,2008,0.0,3.422377180599553e-09,-0.01135,-0.8057350000000001,SPM,843280
25861225,200,8962,2008,0.0,0.0,-0.01135,-0.8057350000000001,SPM,843290
25867751,200,8963,2008,0.0,1.2213306130650158e-09,-0.01135,-0.8057350000000001,SPM,843311
25874277,200,8964,2008,0.0,1.3389893288419712e-09,-0.01135,-0.8057350000000001,SPM,843319
25880803,200,8965,2008,0.0,0.0,-0.01135,-0.8057350000000001,SPM,843320
25887329,200,8966,2008,0.0,7.926883113344908e-09,-0.01135,-0.8057350000000001,SPM,843330
25893855,200,8967,2008,0.0,1.4526708485926633e-08,-0.01135,-0.8057350000000001,SPM,843340
25900381,200,8968,2008,0.0,0.0,-0.01135,-0.8057350000000001,SPM,843351
25906907,200,8969,2008,0.0,0.0,-0.01135,-0.8057350000000001,SPM,843352
25913433,200,8970,2008,0.0,2.313402355276475e-09,-0.01135,-0.8057350000000001,SPM,843353
25919959,200,8971,2008,0.0,4.888636782281949e-10,-0.01135,-0.8057350000000001,SPM,843359
25926485,200,8972,2008,0.0,0.0,-0.01135,-0.8057350000000001,SPM,843360
25933011,200,8973,2008,0.0,1.3772366972945364e-08,-0.01135,-0.8057350000000001,SPM,843390
25939537,200,8974,2008,0.0,0.0,-0.01135,-0.8057350000000001,SPM,843410
25946063,200,8975,2008,0.0,8.800209074111885e-09,-0.01135,-0.8057350000000001,SPM,843420
25952589,200,8976,2008,0.0,0.0,-0.01135,-0.8057350000000001,SPM,843490
25959115,200,8977,2008,0.0,0.0,-0.01135,-0.8057350000000001,SPM,843510
25965641,200,8978,2008,0.0,0.0,-0.01135,-0.8057350000000001,SPM,843590
25972167,200,8979,2008,0.0,0.0,-0.01135,-0.8057350000000001,SPM,843610
25978693,200,8980,2008,0.0,0.0,-0.01135,-0.8057350000000001,SPM,843621
25985219,200,8981,2008,0.0,0.0,-0.01135,-0.8057350000000001,SPM,843629
25991745,200,8982,2008,0.0,6.355890682970911e-09,-0.01135,-0.8057350000000001,SPM,843680
25998271,200,8983,2008,0.0,0.0,-0.01135,-0.8057350000000001,SPM,843691
26004797,200,8984,2008,0.0,1.2113876229993576e-09,-0.01135,-0.8057350000000001,SPM,843699
26011323,200,8985,2008,0.0,0.0,-0.01135,-0.8057350000000001,SPM,843710
26017849,200,8986,2008,0.0,0.0,-0.01135,-0.8057350000000001,SPM,843780
26024375,200,8987,2008,0.0,0.0,-0.01135,-0.8057350000000001,SPM,843790
26030901,200,8988,2008,0.0,9.777273564563898e-10,-0.01135,-0.8057350000000001,SPM,843810
26037427,200,8989,2008,0.0,0.0,-0.01135,-0.8057350000000001,SPM,843820
26043953,200,8990,2008,0.0,0.0,-0.01135,-0.8057350000000001,SPM,843830
26050479,200,8991,2008,0.0,0.0,-0.01135,-0.8057350000000001,SPM,843840
26057005,200,8992,2008,0.0,1.1733722576483244e-08,-0.01135,-0.8057350000000001,SPM,843850
26063531,200,8993,2008,0.0,0.0,-0.01135,-0.8057350000000001,SPM,843860
26070057,200,8994,2008,0.0,0.0,-0.01135,-0.8057350000000001,SPM,843880
26076583,200,8995,2008,0.0,9.777273564563898e-10,-0.01135,-0.8057350000000001,SPM,843890
26083109,200,8996,2008,0.0,0.0,-0.01135,-0.8057350000000001,SPM,843910
26089635,200,8997,2008,0.0,0.0,-0.01135,-0.8057350000000001,SPM,843920
26096161,200,8998,2008,0.0,0.0,-0.01135,-0.8057350000000001,SPM,843930
26102687,200,8999,2008,0.0,0.0,-0.01135,-0.8057350000000001,SPM,843991
26109213,200,9000,2008,0.0,0.0,-0.01135,-0.8057350000000001,SPM,843999
26115739,200,9001,2008,0.0,0.0,-0.01135,-0.8057350000000001,SPM,844010
26122265,200,9002,2008,0.0,0.0,-0.01135,-0.8057350000000001,SPM,844090
26128791,200,9003,2008,0.0,0.0,-0.01135,-0.8057350000000001,SPM,844110
26135317,200,9004,2008,0.0,0.0,-0.01135,-0.8057350000000001,SPM,844120
26141843,200,9005,2008,0.0,0.0,-0.01135,-0.8057350000000001,SPM,844130
26148369,200,9006,2008,0.0,0.0,-0.01135,-0.8057350000000001,SPM,844140
26154895,200,9007,2008,0.0,0.0,-0.01135,-0.8057350000000001,SPM,844180
26161421,200,9008,2008,0.0,0.0,-0.01135,-0.8057350000000001,SPM,844190
26167947,200,9009,2008,0.0,0.0,-0.01135,-0.8057350000000001,SPM,844210
26174473,200,9010,2008,0.0,0.0,-0.01135,-0.8057350000000001,SPM,844220
26180999,200,9011,2008,0.0,0.0,-0.01135,-0.8057350000000001,SPM,844230
26187525,200,9012,2008,0.0,0.0,-0.01135,-0.8057350000000001,SPM,844240
26194051,200,9013,2008,0.0,0.0,-0.01135,-0.8057350000000001,SPM,844250
26200577,200,9014,2008,0.0,0.0,-0.01135,-0.8057350000000001,SPM,844311
26207103,200,9015,2008,0.0,0.0,-0.01135,-0.8057350000000001,SPM,844312
26213629,200,9016,2008,0.0,3.08007317593916e-08,-0.01135,-0.8057350000000001,SPM,844319
26220155,200,9017,2008,0.0,0.0,-0.01135,-0.8057350000000001,SPM,844321
26226681,200,9018,2008,0.0,0.0,-0.01135,-0.8057350000000001,SPM,844329
26233207,200,9019,2008,0.0,0.0,-0.01135,-0.8057350000000001,SPM,844330
26239733,200,9020,2008,0.0,0.0,-0.01135,-0.8057350000000001,SPM,844340
26246259,200,9021,2008,0.0,1.3689177289396024e-08,-0.01135,-0.8057350000000001,SPM,844350
26252785,200,9022,2008,0.0,0.0,-0.01135,-0.8057350000000001,SPM,844360
26259311,200,9023,2008,0.0,8.800209074111885e-09,-0.01135,-0.8057350000000001,SPM,844390
26265837,200,9024,2008,0.0,0.0,-0.01135,-0.8057350000000001,SPM,844400
26272363,200,9025,2008,0.0,0.0,-0.01135,-0.8057350000000001,SPM,844511
26278889,200,9026,2008,0.0,0.0,-0.01135,-0.8057350000000001,SPM,844512
26285415,200,9027,2008,0.0,0.0,-0.01135,-0.8057350000000001,SPM,844513
26291941,200,9028,2008,0.0,0.0,-0.01135,-0.8057350000000001,SPM,844519
26298467,200,9029,2008,0.0,0.0,-0.01135,-0.8057350000000001,SPM,844520
26304993,200,9030,2008,0.0,0.0,-0.01135,-0.8057350000000001,SPM,844530
26311519,200,9031,2008,0.0,0.0,-0.01135,-0.8057350000000001,SPM,844540
26318045,200,9032,2008,0.0,0.0,-0.01135,-0.8057350000000001,SPM,844590
26324571,200,9033,2008,0.0,0.0,-0.01135,-0.8057350000000001,SPM,844610
26331097,200,9034,2008,0.0,0.0,-0.01135,-0.8057350000000001,SPM,844621
26337623,200,9035,2008,0.0,0.0,-0.01135,-0.8057350000000001,SPM,844629
26344149,200,9036,2008,0.0,0.0,-0.01135,-0.8057350000000001,SPM,844630
26350675,200,9037,2008,0.0,0.0,-0.01135,-0.8057350000000001,SPM,844711
26357201,200,9038,2008,0.0,0.0,-0.01135,-0.8057350000000001,SPM,844712
26363727,200,9039,2008,0.0,0.0,-0.01135,-0.8057350000000001,SPM,844720
26370253,200,9040,2008,0.0,0.0,-0.01135,-0.8057350000000001,SPM,844790
26376779,200,9041,2008,0.0,0.0,-0.01135,-0.8057350000000001,SPM,844811
26383305,200,9042,2008,0.0,0.0,-0.01135,-0.8057350000000001,SPM,844819
26389831,200,9043,2008,0.0,0.0,-0.01135,-0.8057350000000001,SPM,844820
26396357,200,9044,2008,0.0,0.0,-0.01135,-0.8057350000000001,SPM,844831
26402883,200,9045,2008,0.0,0.0,-0.01135,-0.8057350000000001,SPM,844832
26409409,200,9046,2008,0.0,0.0,-0.01135,-0.8057350000000001,SPM,844833
26415935,200,9047,2008,0.0,0.0,-0.01135,-0.8057350000000001,SPM,844839
26422461,200,9048,2008,0.0,0.0,-0.01135,-0.8057350000000001,SPM,844841
26428987,200,9049,2008,0.0,0.0,-0.01135,-0.8057350000000001,SPM,844842
26435513,200,9050,2008,0.0,0.0,-0.01135,-0.8057350000000001,SPM,844849
26442039,200,9051,2008,0.0,0.0,-0.01135,-0.8057350000000001,SPM,844851
26448565,200,9052,2008,0.0,0.0,-0.01135,-0.8057350000000001,SPM,844859
26455091,200,9053,2008,0.0,0.0,-0.01135,-0.8057350000000001,SPM,844900
26461617,200,9054,2008,0.0,1.417804096762422e-08,-0.01135,-0.8057350000000001,SPM,845011
26468143,200,9055,2008,0.0,0.0,-0.01135,-0.8057350000000001,SPM,845012
26474669,200,9056,2008,0.0,0.0,-0.01135,-0.8057350000000001,SPM,845019
26481195,200,9057,2008,0.0,0.0,-0.01135,-0.8057350000000001,SPM,845020
26487721,200,9058,2008,0.0,3.5728477635931805e-10,-0.01135,-0.8057350000000001,SPM,845090
26494247,200,9059,2008,0.0,0.0,-0.01135,-0.8057350000000001,SPM,845110
26500773,200,9060,2008,0.0,2.4446498241431635e-09,-0.01135,-0.8057350000000001,SPM,845121
26507299,200,9061,2008,0.0,0.0,-0.01135,-0.8057350000000001,SPM,845129
26513825,200,9062,2008,0.0,0.0,-0.01135,-0.8057350000000001,SPM,845130
26520351,200,9063,2008,0.0,0.0,-0.01135,-0.8057350000000001,SPM,845140
26526877,200,9064,2008,0.0,0.0,-0.01135,-0.8057350000000001,SPM,845150
26533403,200,9065,2008,0.0,0.0,-0.01135,-0.8057350000000001,SPM,845180
26539929,200,9066,2008,0.0,4.5936614103340895e-10,-0.01135,-0.8057350000000001,SPM,845190
26546455,200,9067,2008,0.0,0.0,-0.01135,-0.8057350000000001,SPM,845210
26552981,200,9068,2008,0.0,0.0,-0.01135,-0.8057350000000001,SPM,845221
26559507,200,9069,2008,0.0,0.0,-0.01135,-0.8057350000000001,SPM,845229
26566033,200,9070,2008,0.0,0.0,-0.01135,-0.8057350000000001,SPM,845230
26572559,200,9071,2008,0.0,0.0,-0.01135,-0.8057350000000001,SPM,845240
26579085,200,9072,2008,0.0,0.0,-0.01135,-0.8057350000000001,SPM,845290
26585611,200,9073,2008,0.0,0.0,-0.01135,-0.8057350000000001,SPM,845310
26592137,200,9074,2008,0.0,0.0,-0.01135,-0.8057350000000001,SPM,845320
26598663,200,9075,2008,0.0,0.0,-0.01135,-0.8057350000000001,SPM,845380
26605189,200,9076,2008,0.0,0.0,-0.01135,-0.8057350000000001,SPM,845390
26611715,200,9077,2008,0.0,0.0,-0.01135,-0.8057350000000001,SPM,845410
26618241,200,9078,2008,0.0,0.0,-0.01135,-0.8057350000000001,SPM,845420
26624767,200,9079,2008,0.0,0.0,-0.01135,-0.8057350000000001,SPM,845430
26631293,200,9080,2008,0.0,0.0,-0.01135,-0.8057350000000001,SPM,845490
26637819,200,9081,2008,0.0,0.0,-0.01135,-0.8057350000000001,SPM,845510
26644345,200,9082,2008,0.0,0.0,-0.01135,-0.8057350000000001,SPM,845521
26650871,200,9083,2008,0.0,0.0,-0.01135,-0.8057350000000001,SPM,845522
26657397,200,9084,2008,0.0,0.0,-0.01135,-0.8057350000000001,SPM,845530
26663923,200,9085,2008,0.0,0.0,-0.01135,-0.8057350000000001,SPM,845590
26670449,200,9086,2008,0.0,0.0,-0.01135,-0.8057350000000001,SPM,845610
26676975,200,9087,2008,0.0,0.0,-0.01135,-0.8057350000000001,SPM,845620
26683501,200,9088,2008,0.0,0.0,-0.01135,-0.8057350000000001,SPM,845630
26690027,200,9089,2008,0.0,0.0,-0.01135,-0.8057350000000001,SPM,845690
26696553,200,9090,2008,0.0,0.0,-0.01135,-0.8057350000000001,SPM,845710
26703079,200,9091,2008,0.0,0.0,-0.01135,-0.8057350000000001,SPM,845720
26709605,200,9092,2008,0.0,0.0,-0.01135,-0.8057350000000001,SPM,845730
26716131,200,9093,2008,0.0,0.0,-0.01135,-0.8057350000000001,SPM,845811
26722657,200,9094,2008,0.0,0.0,-0.01135,-0.8057350000000001,SPM,845819
26729183,200,9095,2008,0.0,0.0,-0.01135,-0.8057350000000001,SPM,845891
26735709,200,9096,2008,0.0,0.0,-0.01135,-0.8057350000000001,SPM,845899
26742235,200,9097,2008,0.0,0.0,-0.01135,-0.8057350000000001,SPM,845910
26748761,200,9098,2008,0.0,0.0,-0.01135,-0.8057350000000001,SPM,845921
26755287,200,9099,2008,0.0,0.0,-0.01135,-0.8057350000000001,SPM,845929
26761813,200,9100,2008,0.0,0.0,-0.01135,-0.8057350000000001,SPM,845931
26768339,200,9101,2008,0.0,0.0,-0.01135,-0.8057350000000001,SPM,845939
26774865,200,9102,2008,0.0,0.0,-0.01135,-0.8057350000000001,SPM,845940
26781391,200,9103,2008,0.0,0.0,-0.01135,-0.8057350000000001,SPM,845951
26787917,200,9104,2008,0.0,0.0,-0.01135,-0.8057350000000001,SPM,845959
26794443,200,9105,2008,0.0,0.0,-0.01135,-0.8057350000000001,SPM,845961
26800969,200,9106,2008,0.0,0.0,-0.01135,-0.8057350000000001,SPM,845969
26807495,200,9107,2008,0.0,0.0,-0.01135,-0.8057350000000001,SPM,845970
26814021,200,9108,2008,0.0,0.0,-0.01135,-0.8057350000000001,SPM,846011
26820547,200,9109,2008,0.0,0.0,-0.01135,-0.8057350000000001,SPM,846019
26827073,200,9110,2008,0.0,0.0,-0.01135,-0.8057350000000001,SPM,846021
26833599,200,9111,2008,0.0,0.0,-0.01135,-0.8057350000000001,SPM,846029
26840125,200,9112,2008,0.0,0.0,-0.01135,-0.8057350000000001,SPM,846031
26846651,200,9113,2008,0.0,0.0,-0.01135,-0.8057350000000001,SPM,846039
26853177,200,9114,2008,0.0,0.0,-0.01135,-0.8057350000000001,SPM,846040
26859703,200,9115,2008,0.0,0.0,-0.01135,-0.8057350000000001,SPM,846090
26866229,200,9116,2008,0.0,0.0,-0.01135,-0.8057350000000001,SPM,846110
26872755,200,9117,2008,0.0,0.0,-0.01135,-0.8057350000000001,SPM,846120
26879281,200,9118,2008,0.0,0.0,-0.01135,-0.8057350000000001,SPM,846130
26885807,200,9119,2008,0.0,0.0,-0.01135,-0.8057350000000001,SPM,846140
26892333,200,9120,2008,0.0,9.777273564563898e-10,-0.01135,-0.8057350000000001,SPM,846150
26898859,200,9121,2008,0.0,0.0,-0.01135,-0.8057350000000001,SPM,846190
26905385,200,9122,2008,0.0,0.0,-0.01135,-0.8057350000000001,SPM,846210
26911911,200,9123,2008,0.0,0.0,-0.01135,-0.8057350000000001,SPM,846221
26918437,200,9124,2008,0.0,4.888636782281949e-10,-0.01135,-0.8057350000000001,SPM,846229
26924963,200,9125,2008,0.0,0.0,-0.01135,-0.8057350000000001,SPM,846231
26931489,200,9126,2008,0.0,0.0,-0.01135,-0.8057350000000001,SPM,846239
26938015,200,9127,2008,0.0,0.0,-0.01135,-0.8057350000000001,SPM,846241
26944541,200,9128,2008,0.0,0.0,-0.01135,-0.8057350000000001,SPM,846249
26951067,200,9129,2008,0.0,0.0,-0.01135,-0.8057350000000001,SPM,846291
26957593,200,9130,2008,0.0,0.0,-0.01135,-0.8057350000000001,SPM,846299
26964119,200,9131,2008,0.0,0.0,-0.01135,-0.8057350000000001,SPM,846310
26970645,200,9132,2008,0.0,0.0,-0.01135,-0.8057350000000001,SPM,846320
26977171,200,9133,2008,0.0,0.0,-0.01135,-0.8057350000000001,SPM,846330
26983697,200,9134,2008,0.0,0.0,-0.01135,-0.8057350000000001,SPM,846390
26990223,200,9135,2008,0.0,0.0,-0.01135,-0.8057350000000001,SPM,846410
26996749,200,9136,2008,0.0,0.0,-0.01135,-0.8057350000000001,SPM,846420
27003275,200,9137,2008,0.0,0.0,-0.01135,-0.8057350000000001,SPM,846490
27009801,200,9138,2008,0.0,6.355890682970911e-09,-0.01135,-0.8057350000000001,SPM,846510
27016327,200,9139,2008,0.0,5.949885255289868e-09,-0.01135,-0.8057350000000001,SPM,846591
27022853,200,9140,2008,0.0,5.263156074755075e-10,-0.01135,-0.8057350000000001,SPM,846592
27029379,200,9141,2008,0.0,0.0,-0.01135,-0.8057350000000001,SPM,846593
27035905,200,9142,2008,0.0,0.0,-0.01135,-0.8057350000000001,SPM,846594
27042431,200,9143,2008,0.0,2.4446498241431635e-09,-0.01135,-0.8057350000000001,SPM,846595
27048957,200,9144,2008,0.0,0.0,-0.01135,-0.8057350000000001,SPM,846596
27055483,200,9145,2008,0.0,9.777273564563898e-10,-0.01135,-0.8057350000000001,SPM,846599
27062009,200,9146,2008,0.0,0.0,-0.01135,-0.8057350000000001,SPM,846610
27068535,200,9147,2008,0.0,0.0,-0.01135,-0.8057350000000001,SPM,846620
27075061,200,9148,2008,0.0,0.0,-0.01135,-0.8057350000000001,SPM,846630
27081587,200,9149,2008,0.0,0.0,-0.01135,-0.8057350000000001,SPM,846691
27088113,200,9150,2008,0.0,5.40235793567429e-10,-0.01135,-0.8057350000000001,SPM,846692
27094639,200,9151,2008,0.0,0.0,-0.01135,-0.8057350000000001,SPM,846693
27101165,200,9152,2008,0.0,0.0,-0.01135,-0.8057350000000001,SPM,846694
27107691,200,9153,2008,0.0,0.0,-0.01135,-0.8057350000000001,SPM,846711
27114217,200,9154,2008,0.0,0.0,-0.01135,-0.8057350000000001,SPM,846719
27120743,200,9155,2008,0.0,0.0,-0.01135,-0.8057350000000001,SPM,846781
27127269,200,9156,2008,0.0,3.422377180599553e-09,-0.01135,-0.8057350000000001,SPM,846789
27133795,200,9157,2008,0.0,0.0,-0.01135,-0.8057350000000001,SPM,846791
27140321,200,9158,2008,0.0,0.0,-0.01135,-0.8057350000000001,SPM,846792
27146847,200,9159,2008,0.0,7.333618039427301e-09,-0.01135,-0.8057350000000001,SPM,846799
27153373,200,9160,2008,0.0,0.0,-0.01135,-0.8057350000000001,SPM,846810
27159899,200,9161,2008,0.0,0.0,-0.01135,-0.8057350000000001,SPM,846820
27166425,200,9162,2008,0.0,2.933513502371358e-09,-0.01135,-0.8057350000000001,SPM,846880
27172951,200,9163,2008,0.0,0.0,-0.01135,-0.8057350000000001,SPM,846890
27179477,200,9164,2008,0.0,0.0,-0.01135,-0.8057350000000001,SPM,846910
27186003,200,9165,2008,0.0,0.0,-0.01135,-0.8057350000000001,SPM,846921
27192529,200,9166,2008,0.0,0.0,-0.01135,-0.8057350000000001,SPM,846929
27199055,200,9167,2008,0.0,0.0,-0.01135,-0.8057350000000001,SPM,846931
27205581,200,9168,2008,0.0,0.0,-0.01135,-0.8057350000000001,SPM,846939
27212107,200,9169,2008,0.0,9.777273564563898e-10,-0.01135,-0.8057350000000001,SPM,847010
27218633,200,9170,2008,0.0,0.0,-0.01135,-0.8057350000000001,SPM,847021
27225159,200,9171,2008,0.0,0.0,-0.01135,-0.8057350000000001,SPM,847029
27231685,200,9172,2008,0.0,0.0,-0.01135,-0.8057350000000001,SPM,847030
27238211,200,9173,2008,0.0,0.0,-0.01135,-0.8057350000000001,SPM,847040
27244737,200,9174,2008,0.0,0.0,-0.01135,-0.8057350000000001,SPM,847050
27251263,200,9175,2008,0.0,0.0,-0.01135,-0.8057350000000001,SPM,847090
27257789,200,9176,2008,0.0,0.0,-0.01135,-0.8057350000000001,SPM,847110
27264315,200,9177,2008,0.0,3.1444043216639685e-08,-0.01135,-0.8057350000000001,SPM,847120
27270841,200,9178,2008,0.0,3.3535716893451986e-08,-0.01135,-0.8057350000000001,SPM,847191
27277367,200,9179,2008,0.0,2.933513502371358e-09,-0.01135,-0.8057350000000001,SPM,847192
27283893,200,9180,2008,0.0,0.0,-0.01135,-0.8057350000000001,SPM,847193
27290419,200,9181,2008,0.0,9.920784054511565e-09,-0.01135,-0.8057350000000001,SPM,847199
27296945,200,9182,2008,0.0,0.0,-0.01135,-0.8057350000000001,SPM,847210
27303471,200,9183,2008,0.0,0.0,-0.01135,-0.8057350000000001,SPM,847220
27309997,200,9184,2008,0.0,0.0,-0.01135,-0.8057350000000001,SPM,847230
27316523,200,9185,2008,0.0,0.0,-0.01135,-0.8057350000000001,SPM,847290
27323049,200,9186,2008,0.0,0.0,-0.01135,-0.8057350000000001,SPM,847310
27329575,200,9187,2008,0.0,0.0,-0.01135,-0.8057350000000001,SPM,847321
27336101,200,9188,2008,0.0,0.0,-0.01135,-0.8057350000000001,SPM,847329
27342627,200,9189,2008,0.0,5.100061208708084e-07,-0.01135,-0.8057350000000001,SPM,847330
27349153,200,9190,2008,0.0,0.0,-0.01135,-0.8057350000000001,SPM,847340
27355679,200,9191,2008,0.0,0.0,-0.01135,-0.8057350000000001,SPM,847410
27362205,200,9192,2008,0.0,0.0,-0.01135,-0.8057350000000001,SPM,847420
27368731,200,9193,2008,0.0,0.0,-0.01135,-0.8057350000000001,SPM,847431
27375257,200,9194,2008,0.0,0.0,-0.01135,-0.8057350000000001,SPM,847432
27381783,200,9195,2008,0.0,0.0,-0.01135,-0.8057350000000001,SPM,847439
27388309,200,9196,2008,0.0,0.0,-0.01135,-0.8057350000000001,SPM,847480
27394835,200,9197,2008,0.0,1.9352372997792748e-08,-0.01135,-0.8057350000000001,SPM,847490
27401361,200,9198,2008,0.0,0.0,-0.01135,-0.8057350000000001,SPM,847510
27407887,200,9199,2008,0.0,0.0,-0.01135,-0.8057350000000001,SPM,847520
27414413,200,9200,2008,0.0,1.9554547129127796e-09,-0.01135,-0.8057350000000001,SPM,847590
27420939,200,9201,2008,0.0,0.0,-0.01135,-0.8057350000000001,SPM,847611
27427465,200,9202,2008,0.0,0.0,-0.01135,-0.8057350000000001,SPM,847619
27433991,200,9203,2008,0.0,0.0,-0.01135,-0.8057350000000001,SPM,847690
27440517,200,9204,2008,0.0,0.0,-0.01135,-0.8057350000000001,SPM,847710
27447043,200,9205,2008,0.0,0.0,-0.01135,-0.8057350000000001,SPM,847720
27453569,200,9206,2008,0.0,0.0,-0.01135,-0.8057350000000001,SPM,847730
27460095,200,9207,2008,0.0,0.0,-0.01135,-0.8057350000000001,SPM,847740
27466621,200,9208,2008,0.0,0.0,-0.01135,-0.8057350000000001,SPM,847751
27473147,200,9209,2008,0.0,0.0,-0.01135,-0.8057350000000001,SPM,847759
27479673,200,9210,2008,0.0,0.0,-0.01135,-0.8057350000000001,SPM,847780
27486199,200,9211,2008,0.0,0.0,-0.01135,-0.8057350000000001,SPM,847790
27492725,200,9212,2008,0.0,0.0,-0.01135,-0.8057350000000001,SPM,847810
27499251,200,9213,2008,0.0,0.0,-0.01135,-0.8057350000000001,SPM,847890
27505777,200,9214,2008,0.0,5.94865895318177e-08,-0.01135,-0.8057350000000001,SPM,847910
27512303,200,9215,2008,0.0,0.0,-0.01135,-0.8057350000000001,SPM,847920
27518829,200,9216,2008,0.0,0.0,-0.01135,-0.8057350000000001,SPM,847930
27525355,200,9217,2008,0.0,0.0,-0.01135,-0.8057350000000001,SPM,847940
27531881,200,9218,2008,0.0,0.0,-0.01135,-0.8057350000000001,SPM,847981
27538407,200,9219,2008,0.0,0.0,-0.01135,-0.8057350000000001,SPM,847982
27544933,200,9220,2008,0.0,2.121734650110804e-08,-0.01135,-0.8057350000000001,SPM,847989
27551459,200,9221,2008,0.0,3.649541360299624e-08,-0.01135,-0.8057350000000001,SPM,847990
27557985,200,9222,2008,0.0,0.0,-0.01135,-0.8057350000000001,SPM,848010
27564511,200,9223,2008,0.0,0.0,-0.01135,-0.8057350000000001,SPM,848020
27571037,200,9224,2008,0.0,0.0,-0.01135,-0.8057350000000001,SPM,848030
27577563,200,9225,2008,0.0,0.0,-0.01135,-0.8057350000000001,SPM,848041
27584089,200,9226,2008,0.0,0.0,-0.01135,-0.8057350000000001,SPM,848049
27590615,200,9227,2008,0.0,0.0,-0.01135,-0.8057350000000001,SPM,848050
27597141,200,9228,2008,0.0,1.0462511296588843e-07,-0.01135,-0.8057350000000001,SPM,848060
27603667,200,9229,2008,0.0,0.0,-0.01135,-0.8057350000000001,SPM,848071
27610193,200,9230,2008,0.0,0.0,-0.01135,-0.8057350000000001,SPM,848079
27616719,200,9231,2008,0.0,2.560319941906987e-09,-0.01135,-0.8057350000000001,SPM,848110
27623245,200,9232,2008,0.0,1.9554547129127796e-09,-0.01135,-0.8057350000000001,SPM,848120
27629771,200,9233,2008,0.0,0.0,-0.01135,-0.8057350000000001,SPM,848130
27636297,200,9234,2008,0.0,0.0,-0.01135,-0.8057350000000001,SPM,848140
27642823,200,9235,2008,0.0,5.9599939618566206e-08,-0.01135,-0.8057350000000001,SPM,848180
27649349,200,9236,2008,0.0,8.63051537699132e-10,-0.01135,-0.8057350000000001,SPM,848190
27655875,200,9237,2008,0.0,0.0,-0.01135,-0.8057350000000001,SPM,848210
27662401,200,9238,2008,0.0,0.0,-0.01135,-0.8057350000000001,SPM,848220
27668927,200,9239,2008,0.0,0.0,-0.01135,-0.8057350000000001,SPM,848230
27675453,200,9240,2008,0.0,0.0,-0.01135,-0.8057350000000001,SPM,848240
27681979,200,9241,2008,0.0,0.0,-0.01135,-0.8057350000000001,SPM,848250
27688505,200,9242,2008,0.0,0.0,-0.01135,-0.8057350000000001,SPM,848280
27695031,200,9243,2008,0.0,0.0,-0.01135,-0.8057350000000001,SPM,848291
27701557,200,9244,2008,0.0,0.0,-0.01135,-0.8057350000000001,SPM,848299
27708083,200,9245,2008,0.0,3.605328197807664e-09,-0.01135,-0.8057350000000001,SPM,848310
27714609,200,9246,2008,0.0,0.0,-0.01135,-0.8057350000000001,SPM,848320
27721135,200,9247,2008,0.0,0.0,-0.01135,-0.8057350000000001,SPM,848330
27727661,200,9248,2008,0.0,3.6706204992388198e-09,-0.01135,-0.8057350000000001,SPM,848340
27734187,200,9249,2008,0.0,0.0,-0.01135,-0.8057350000000001,SPM,848350
27740713,200,9250,2008,0.0,0.0,-0.01135,-0.8057350000000001,SPM,848360
27747239,200,9251,2008,0.0,4.364972638823951e-10,-0.01135,-0.8057350000000001,SPM,848390
27753765,200,9252,2008,0.0,0.0,-0.01135,-0.8057350000000001,SPM,848410
27760291,200,9253,2008,0.0,2.3399169954515636e-09,-0.01135,-0.8057350000000001,SPM,848490
27766817,200,9254,2008,0.0,1.702571332242873e-09,-0.01135,-0.8057350000000001,SPM,848510
27773343,200,9255,2008,0.0,1.1427809915463161e-08,-0.01135,-0.8057350000000001,SPM,848590
27779869,200,9256,2008,0.0,4.888636782281949e-10,-0.01135,-0.8057350000000001,SPM,850110
27786395,200,9257,2008,0.0,0.0,-0.01135,-0.8057350000000001,SPM,850120
27792921,200,9258,2008,0.0,0.0,-0.01135,-0.8057350000000001,SPM,850131
27799447,200,9259,2008,0.0,3.911240858827748e-09,-0.01135,-0.8057350000000001,SPM,850132
27805973,200,9260,2008,0.0,0.0,-0.01135,-0.8057350000000001,SPM,850133
27812499,200,9261,2008,0.0,0.0,-0.01135,-0.8057350000000001,SPM,850134
27819025,200,9262,2008,0.0,0.0,-0.01135,-0.8057350000000001,SPM,850140
27825551,200,9263,2008,0.0,0.0,-0.01135,-0.8057350000000001,SPM,850151
27832077,200,9264,2008,0.0,9.777273564563898e-10,-0.01135,-0.8057350000000001,SPM,850152
27838603,200,9265,2008,0.0,0.0,-0.01135,-0.8057350000000001,SPM,850153
27845129,200,9266,2008,0.0,0.0,-0.01135,-0.8057350000000001,SPM,850161
27851655,200,9267,2008,0.0,0.0,-0.01135,-0.8057350000000001,SPM,850162
27858181,200,9268,2008,0.0,0.0,-0.01135,-0.8057350000000001,SPM,850163
27864707,200,9269,2008,0.0,0.0,-0.01135,-0.8057350000000001,SPM,850164
27871233,200,9270,2008,0.0,1.0573375635820933e-08,-0.01135,-0.8057350000000001,SPM,850211
27877759,200,9271,2008,0.0,0.0,-0.01135,-0.8057350000000001,SPM,850212
27884285,200,9272,2008,0.0,0.0,-0.01135,-0.8057350000000001,SPM,850213
27890811,200,9273,2008,0.0,1.9554547129127796e-09,-0.01135,-0.8057350000000001,SPM,850220
27897337,200,9274,2008,0.0,0.0,-0.01135,-0.8057350000000001,SPM,850230
27903863,200,9275,2008,0.0,0.0,-0.01135,-0.8057350000000001,SPM,850240
27910389,200,9276,2008,0.0,1.124485889825505e-08,-0.01135,-0.8057350000000001,SPM,850300
27916915,200,9277,2008,0.0,0.0,-0.01135,-0.8057350000000001,SPM,850410
27923441,200,9278,2008,0.0,0.0,-0.01135,-0.8057350000000001,SPM,850421
27929967,200,9279,2008,0.0,0.0,-0.01135,-0.8057350000000001,SPM,850422
27936493,200,9280,2008,0.0,0.0,-0.01135,-0.8057350000000001,SPM,850423
27943019,200,9281,2008,0.0,6.355890682970911e-09,-0.01135,-0.8057350000000001,SPM,850431
27949545,200,9282,2008,0.0,0.0,-0.01135,-0.8057350000000001,SPM,850432
27956071,200,9283,2008,0.0,0.0,-0.01135,-0.8057350000000001,SPM,850433
27962597,200,9284,2008,0.0,0.0,-0.01135,-0.8057350000000001,SPM,850434
27969123,200,9285,2008,3.4967443912684215e-09,1.2711449932939634e-08,-0.01135,-0.8057350000000001,SPM,850440
27975649,200,9286,2008,0.0,0.0,-0.01135,-0.8057350000000001,SPM,850450
27982175,200,9287,2008,0.0,0.0,-0.01135,-0.8057350000000001,SPM,850490
27988701,200,9288,2008,0.0,0.0,-0.01135,-0.8057350000000001,SPM,850511
27995227,200,9289,2008,0.0,0.0,-0.01135,-0.8057350000000001,SPM,850519
28001753,200,9290,2008,0.0,0.0,-0.01135,-0.8057350000000001,SPM,850520
28008279,200,9291,2008,0.0,0.0,-0.01135,-0.8057350000000001,SPM,850530
28014805,200,9292,2008,0.0,0.0,-0.01135,-0.8057350000000001,SPM,850590
28021331,200,9293,2008,0.0,4.1409239293444525e-09,-0.01135,-0.8057350000000001,SPM,850611
28027857,200,9294,2008,0.0,0.0,-0.01135,-0.8057350000000001,SPM,850612
28034383,200,9295,2008,0.0,0.0,-0.01135,-0.8057350000000001,SPM,850613
28040909,200,9296,2008,0.0,3.536390133352434e-09,-0.01135,-0.8057350000000001,SPM,850619
28047435,200,9297,2008,0.0,0.0,-0.01135,-0.8057350000000001,SPM,850620
28053961,200,9298,2008,0.0,0.0,-0.01135,-0.8057350000000001,SPM,850690
28060487,200,9299,2008,0.0,4.7361776012751905e-09,-0.01135,-0.8057350000000001,SPM,850710
28067013,200,9300,2008,0.0,6.152059386624918e-09,-0.01135,-0.8057350000000001,SPM,850720
28073539,200,9301,2008,0.0,0.0,-0.01135,-0.8057350000000001,SPM,850730
28080065,200,9302,2008,0.0,0.0,-0.01135,-0.8057350000000001,SPM,850740
28086591,200,9303,2008,0.0,0.0,-0.01135,-0.8057350000000001,SPM,850780
28093117,200,9304,2008,0.0,0.0,-0.01135,-0.8057350000000001,SPM,850790
28099643,200,9305,2008,0.0,4.888636782281949e-10,-0.01135,-0.8057350000000001,SPM,850810
28106169,200,9306,2008,0.0,0.0,-0.01135,-0.8057350000000001,SPM,850820
28112695,200,9307,2008,0.0,1.3689177289396024e-08,-0.01135,-0.8057350000000001,SPM,850880
28119221,200,9308,2008,0.0,0.0,-0.01135,-0.8057350000000001,SPM,850890
28125747,200,9309,2008,0.0,6.844754361199106e-09,-0.01135,-0.8057350000000001,SPM,850910
28132273,200,9310,2008,0.0,0.0,-0.01135,-0.8057350000000001,SPM,850920
28138799,200,9311,2008,0.0,0.0,-0.01135,-0.8057350000000001,SPM,850930
28145325,200,9312,2008,0.0,2.4446498241431635e-09,-0.01135,-0.8057350000000001,SPM,850940
28151851,200,9313,2008,0.0,4.0578999622962066e-08,-0.01135,-0.8057350000000001,SPM,850980
28158377,200,9314,2008,0.0,5.485216186221441e-10,-0.01135,-0.8057350000000001,SPM,850990
28164903,200,9315,2008,0.0,4.888636782281949e-10,-0.01135,-0.8057350000000001,SPM,851010
28171429,200,9316,2008,0.0,0.0,-0.01135,-0.8057350000000001,SPM,851020
28177955,200,9317,2008,0.0,0.0,-0.01135,-0.8057350000000001,SPM,851090
28184481,200,9318,2008,0.0,0.0,-0.01135,-0.8057350000000001,SPM,851110
28191007,200,9319,2008,0.0,0.0,-0.01135,-0.8057350000000001,SPM,851120
28197533,200,9320,2008,0.0,0.0,-0.01135,-0.8057350000000001,SPM,851130
28204059,200,9321,2008,1.9424674190164296e-09,1.0266800108796471e-08,-0.01135,-0.8057350000000001,SPM,851140
28210585,200,9322,2008,0.0,0.0,-0.01135,-0.8057350000000001,SPM,851150
28217111,200,9323,2008,0.0,0.0,-0.01135,-0.8057350000000001,SPM,851180
28223637,200,9324,2008,0.0,0.0,-0.01135,-0.8057350000000001,SPM,851190
28230163,200,9325,2008,0.0,0.0,-0.01135,-0.8057350000000001,SPM,851210
28236689,200,9326,2008,0.0,0.0,-0.01135,-0.8057350000000001,SPM,851220
28243215,200,9327,2008,0.0,0.0,-0.01135,-0.8057350000000001,SPM,851230
28249741,200,9328,2008,0.0,0.0,-0.01135,-0.8057350000000001,SPM,851240
28256267,200,9329,2008,0.0,0.0,-0.01135,-0.8057350000000001,SPM,851290
28262793,200,9330,2008,0.0,6.111624560357909e-10,-0.01135,-0.8057350000000001,SPM,851310
28269319,200,9331,2008,0.0,0.0,-0.01135,-0.8057350000000001,SPM,851390
28275845,200,9332,2008,0.0,0.0,-0.01135,-0.8057350000000001,SPM,851410
28282371,200,9333,2008,0.0,0.0,-0.01135,-0.8057350000000001,SPM,851420
28288897,200,9334,2008,0.0,0.0,-0.01135,-0.8057350000000001,SPM,851430
28295423,200,9335,2008,0.0,0.0,-0.01135,-0.8057350000000001,SPM,851440
28301949,200,9336,2008,0.0,9.777273564563898e-10,-0.01135,-0.8057350000000001,SPM,851490
28308475,200,9337,2008,0.0,0.0,-0.01135,-0.8057350000000001,SPM,851511
28315001,200,9338,2008,0.0,1.4665910346845848e-09,-0.01135,-0.8057350000000001,SPM,851519
28321527,200,9339,2008,0.0,0.0,-0.01135,-0.8057350000000001,SPM,851521
28328053,200,9340,2008,0.0,3.422377180599553e-09,-0.01135,-0.8057350000000001,SPM,851529
28334579,200,9341,2008,0.0,0.0,-0.01135,-0.8057350000000001,SPM,851531
28341105,200,9342,2008,0.0,2.4446498241431635e-09,-0.01135,-0.8057350000000001,SPM,851539
28347631,200,9343,2008,0.0,0.0,-0.01135,-0.8057350000000001,SPM,851580
28354157,200,9344,2008,0.0,9.777273564563898e-10,-0.01135,-0.8057350000000001,SPM,851590
28360683,200,9345,2008,0.0,1.1762557247673653e-09,-0.01135,-0.8057350000000001,SPM,851610
28367209,200,9346,2008,0.0,0.0,-0.01135,-0.8057350000000001,SPM,851621
28373735,200,9347,2008,0.0,4.155672697941846e-08,-0.01135,-0.8057350000000001,SPM,851629
28380261,200,9348,2008,0.0,0.0,-0.01135,-0.8057350000000001,SPM,851631
28386787,200,9349,2008,0.0,9.289072752340081e-09,-0.01135,-0.8057350000000001,SPM,851632
28393313,200,9350,2008,0.0,0.0,-0.01135,-0.8057350000000001,SPM,851633
28399839,200,9351,2008,0.0,9.777273564563898e-10,-0.01135,-0.8057350000000001,SPM,851640
28406365,200,9352,2008,0.0,4.888636782281949e-10,-0.01135,-0.8057350000000001,SPM,851650
28412891,200,9353,2008,0.0,2.2978250041736105e-08,-0.01135,-0.8057350000000001,SPM,851660
28419417,200,9354,2008,0.0,0.0,-0.01135,-0.8057350000000001,SPM,851671
28425943,200,9355,2008,0.0,0.0,-0.01135,-0.8057350000000001,SPM,851672
28432469,200,9356,2008,0.0,4.106786330119026e-08,-0.01135,-0.8057350000000001,SPM,851679
28438995,200,9357,2008,0.0,4.888968215284138e-09,-0.01135,-0.8057350000000001,SPM,851680
28445521,200,9358,2008,0.0,4.888636782281949e-10,-0.01135,-0.8057350000000001,SPM,851690
28452047,200,9359,2008,0.0,5.866695571740528e-09,-0.01135,-0.8057350000000001,SPM,851710
28458573,200,9360,2008,0.0,0.0,-0.01135,-0.8057350000000001,SPM,851720
28465099,200,9361,2008,4.662527879717127e-09,3.9112077155275295e-08,-0.01135,-0.8057350000000001,SPM,851730
28471625,200,9362,2008,0.0,0.0,-0.01135,-0.8057350000000001,SPM,851740
28478151,200,9363,2008,0.0,9.777273564563898e-10,-0.01135,-0.8057350000000001,SPM,851781
28484677,200,9364,2008,0.0,0.0,-0.01135,-0.8057350000000001,SPM,851782
28491203,200,9365,2008,3.8849348380328594e-10,1.4666904645852414e-08,-0.01135,-0.8057350000000001,SPM,851790
28497729,200,9366,2008,0.0,0.0,-0.01135,-0.8057350000000001,SPM,851810
28504255,200,9367,2008,0.0,0.0,-0.01135,-0.8057350000000001,SPM,851821
28510781,200,9368,2008,0.0,0.0,-0.01135,-0.8057350000000001,SPM,851822
28517307,200,9369,2008,0.0,0.0,-0.01135,-0.8057350000000001,SPM,851829
28523833,200,9370,2008,0.0,0.0,-0.01135,-0.8057350000000001,SPM,851830
28530359,200,9371,2008,0.0,0.0,-0.01135,-0.8057350000000001,SPM,851840
28536885,200,9372,2008,0.0,0.0,-0.01135,-0.8057350000000001,SPM,851850
28543411,200,9373,2008,0.0,0.0,-0.01135,-0.8057350000000001,SPM,851890
28549937,200,9374,2008,0.0,0.0,-0.01135,-0.8057350000000001,SPM,851910
28556463,200,9375,2008,0.0,0.0,-0.01135,-0.8057350000000001,SPM,851921
28562989,200,9376,2008,0.0,0.0,-0.01135,-0.8057350000000001,SPM,851929
28569515,200,9377,2008,0.0,0.0,-0.01135,-0.8057350000000001,SPM,851931
28576041,200,9378,2008,0.0,0.0,-0.01135,-0.8057350000000001,SPM,851939
28582567,200,9379,2008,0.0,0.0,-0.01135,-0.8057350000000001,SPM,851940
28589093,200,9380,2008,0.0,0.0,-0.01135,-0.8057350000000001,SPM,851991
28595619,200,9381,2008,0.0,2.8356413368250626e-08,-0.01135,-0.8057350000000001,SPM,851999
28602145,200,9382,2008,0.0,0.0,-0.01135,-0.8057350000000001,SPM,852010
28608671,200,9383,2008,0.0,0.0,-0.01135,-0.8057350000000001,SPM,852020
28615197,200,9384,2008,0.0,0.0,-0.01135,-0.8057350000000001,SPM,852031
28621723,200,9385,2008,0.0,0.0,-0.01135,-0.8057350000000001,SPM,852039
28628249,200,9386,2008,0.0,0.0,-0.01135,-0.8057350000000001,SPM,852090
28634775,200,9387,2008,0.0,0.0,-0.01135,-0.8057350000000001,SPM,852110
28641301,200,9388,2008,0.0,1.4797820681716913e-08,-0.01135,-0.8057350000000001,SPM,852190
28647827,200,9389,2008,0.0,0.0,-0.01135,-0.8057350000000001,SPM,852210
28654353,200,9390,2008,0.0,0.0,-0.01135,-0.8057350000000001,SPM,852290
28660879,200,9391,2008,0.0,0.0,-0.01135,-0.8057350000000001,SPM,852311
28667405,200,9392,2008,0.0,0.0,-0.01135,-0.8057350000000001,SPM,852312
28673931,200,9393,2008,0.0,0.0,-0.01135,-0.8057350000000001,SPM,852313
28680457,200,9394,2008,0.0,0.0,-0.01135,-0.8057350000000001,SPM,852320
28686983,200,9395,2008,0.0,0.0,-0.01135,-0.8057350000000001,SPM,852390
28693509,200,9396,2008,0.0,0.0,-0.01135,-0.8057350000000001,SPM,852410
28700035,200,9397,2008,0.0,0.0,-0.01135,-0.8057350000000001,SPM,852421
28706561,200,9398,2008,0.0,0.0,-0.01135,-0.8057350000000001,SPM,852422
28713087,200,9399,2008,0.0,0.0,-0.01135,-0.8057350000000001,SPM,852423
28719613,200,9400,2008,0.0,6.076890381728543e-08,-0.01135,-0.8057350000000001,SPM,852490
28726139,200,9401,2008,0.0,1.2247775162877773e-08,-0.01135,-0.8057350000000001,SPM,852510
28732665,200,9402,2008,0.0,8.94670246107925e-09,-0.01135,-0.8057350000000001,SPM,852520
28739191,200,9403,2008,0.0,2.0045067972366937e-08,-0.01135,-0.8057350000000001,SPM,852530
28745717,200,9404,2008,0.0,1.1729413947454792e-09,-0.01135,-0.8057350000000001,SPM,852610
28752243,200,9405,2008,0.0,9.777273564563898e-10,-0.01135,-0.8057350000000001,SPM,852691
28758769,200,9406,2008,0.0,0.0,-0.01135,-0.8057350000000001,SPM,852692
28765295,200,9407,2008,0.0,1.4665910346845848e-09,-0.01135,-0.8057350000000001,SPM,852711
28771821,200,9408,2008,0.0,9.777273564563898e-10,-0.01135,-0.8057350000000001,SPM,852719
28778347,200,9409,2008,0.0,0.0,-0.01135,-0.8057350000000001,SPM,852721
28784873,200,9410,2008,0.0,0.0,-0.01135,-0.8057350000000001,SPM,852729
28791399,200,9411,2008,0.0,9.777273564563898e-10,-0.01135,-0.8057350000000001,SPM,852731
28797925,200,9412,2008,0.0,0.0,-0.01135,-0.8057350000000001,SPM,852732
28804451,200,9413,2008,0.0,2.3956308831194684e-08,-0.01135,-0.8057350000000001,SPM,852739
28810977,200,9414,2008,0.0,0.0,-0.01135,-0.8057350000000001,SPM,852790
28817503,200,9415,2008,0.0,9.908023883927304e-08,-0.01135,-0.8057350000000001,SPM,852810
28824029,200,9416,2008,0.0,0.0,-0.01135,-0.8057350000000001,SPM,852820
28830555,200,9417,2008,0.0,9.777273564563898e-10,-0.01135,-0.8057350000000001,SPM,852910
28837081,200,9418,2008,6.216804851969119e-09,4.448861646007909e-07,-0.01135,-0.8057350000000001,SPM,852990
28843607,200,9419,2008,0.0,0.0,-0.01135,-0.8057350000000001,SPM,853010
28850133,200,9420,2008,0.0,0.0,-0.01135,-0.8057350000000001,SPM,853080
28856659,200,9421,2008,0.0,1.4665910346845848e-09,-0.01135,-0.8057350000000001,SPM,853090
28863185,200,9422,2008,0.0,7.822481717655495e-09,-0.01135,-0.8057350000000001,SPM,853110
28869711,200,9423,2008,0.0,0.0,-0.01135,-0.8057350000000001,SPM,853120
28876237,200,9424,2008,0.0,0.0,-0.01135,-0.8057350000000001,SPM,853180
28882763,200,9425,2008,0.0,1.4665910346845848e-09,-0.01135,-0.8057350000000001,SPM,853190
28889289,200,9426,2008,0.0,0.0,-0.01135,-0.8057350000000001,SPM,853210
28895815,200,9427,2008,0.0,0.0,-0.01135,-0.8057350000000001,SPM,853221
28902341,200,9428,2008,0.0,0.0,-0.01135,-0.8057350000000001,SPM,853222
28908867,200,9429,2008,0.0,0.0,-0.01135,-0.8057350000000001,SPM,853223
28915393,200,9430,2008,0.0,0.0,-0.01135,-0.8057350000000001,SPM,853224
28921919,200,9431,2008,0.0,0.0,-0.01135,-0.8057350000000001,SPM,853225
28928445,200,9432,2008,0.0,0.0,-0.01135,-0.8057350000000001,SPM,853229
28934971,200,9433,2008,0.0,0.0,-0.01135,-0.8057350000000001,SPM,853230
28941497,200,9434,2008,0.0,0.0,-0.01135,-0.8057350000000001,SPM,853290
28948023,200,9435,2008,0.0,0.0,-0.01135,-0.8057350000000001,SPM,853310
28954549,200,9436,2008,0.0,0.0,-0.01135,-0.8057350000000001,SPM,853321
28961075,200,9437,2008,0.0,0.0,-0.01135,-0.8057350000000001,SPM,853329
28967601,200,9438,2008,0.0,0.0,-0.01135,-0.8057350000000001,SPM,853331
28974127,200,9439,2008,0.0,0.0,-0.01135,-0.8057350000000001,SPM,853339
28980653,200,9440,2008,0.0,0.0,-0.01135,-0.8057350000000001,SPM,853340
28987179,200,9441,2008,0.0,0.0,-0.01135,-0.8057350000000001,SPM,853390
28993705,200,9442,2008,0.0,0.0,-0.01135,-0.8057350000000001,SPM,853400
29000231,200,9443,2008,0.0,0.0,-0.01135,-0.8057350000000001,SPM,853510
29006757,200,9444,2008,0.0,0.0,-0.01135,-0.8057350000000001,SPM,853521
29013283,200,9445,2008,0.0,0.0,-0.01135,-0.8057350000000001,SPM,853529
29019809,200,9446,2008,0.0,0.0,-0.01135,-0.8057350000000001,SPM,853530
29026335,200,9447,2008,0.0,0.0,-0.01135,-0.8057350000000001,SPM,853540
29032861,200,9448,2008,0.0,3.911240858827748e-09,-0.01135,-0.8057350000000001,SPM,853590
29039387,200,9449,2008,0.0,0.0,-0.01135,-0.8057350000000001,SPM,853610
29045913,200,9450,2008,0.0,6.436097469500554e-09,-0.01135,-0.8057350000000001,SPM,853620
29052439,200,9451,2008,0.0,0.0,-0.01135,-0.8057350000000001,SPM,853630
29058965,200,9452,2008,0.0,0.0,-0.01135,-0.8057350000000001,SPM,853641
29065491,200,9453,2008,0.0,0.0,-0.01135,-0.8057350000000001,SPM,853649
29072017,200,9454,2008,0.0,1.8898309784794358e-09,-0.01135,-0.8057350000000001,SPM,853650
29078543,200,9455,2008,0.0,0.0,-0.01135,-0.8057350000000001,SPM,853661
29085069,200,9456,2008,0.0,5.866695571740528e-09,-0.01135,-0.8057350000000001,SPM,853669
29091595,200,9457,2008,0.0,2.8747438024232747e-07,-0.01135,-0.8057350000000001,SPM,853690
29098121,200,9458,2008,0.0,2.933513502371358e-09,-0.01135,-0.8057350000000001,SPM,853710
29104647,200,9459,2008,0.0,8.311345395883691e-09,-0.01135,-0.8057350000000001,SPM,853720
29111173,200,9460,2008,0.0,1.124485889825505e-08,-0.01135,-0.8057350000000001,SPM,853810
29117699,200,9461,2008,0.0,2.4934036187651072e-08,-0.01135,-0.8057350000000001,SPM,853890
29124225,200,9462,2008,0.0,0.0,-0.01135,-0.8057350000000001,SPM,853910
29130751,200,9463,2008,0.0,0.0,-0.01135,-0.8057350000000001,SPM,853921
29137277,200,9464,2008,0.0,1.9554547129127796e-09,-0.01135,-0.8057350000000001,SPM,853922
29143803,200,9465,2008,0.0,0.0,-0.01135,-0.8057350000000001,SPM,853929
29150329,200,9466,2008,0.0,1.4665910346845848e-09,-0.01135,-0.8057350000000001,SPM,853931
29156855,200,9467,2008,0.0,2.443986958138786e-09,-0.01135,-0.8057350000000001,SPM,853939
29163381,200,9468,2008,0.0,0.0,-0.01135,-0.8057350000000001,SPM,853940
29169907,200,9469,2008,0.0,0.0,-0.01135,-0.8057350000000001,SPM,853990
29176433,200,9470,2008,0.0,0.0,-0.01135,-0.8057350000000001,SPM,854011
29182959,200,9471,2008,0.0,0.0,-0.01135,-0.8057350000000001,SPM,854012
29189485,200,9472,2008,0.0,0.0,-0.01135,-0.8057350000000001,SPM,854020
29196011,200,9473,2008,0.0,0.0,-0.01135,-0.8057350000000001,SPM,854030
29202537,200,9474,2008,0.0,0.0,-0.01135,-0.8057350000000001,SPM,854041
29209063,200,9475,2008,0.0,0.0,-0.01135,-0.8057350000000001,SPM,854042
29215589,200,9476,2008,0.0,0.0,-0.01135,-0.8057350000000001,SPM,854049
29222115,200,9477,2008,0.0,0.0,-0.01135,-0.8057350000000001,SPM,854081
29228641,200,9478,2008,0.0,0.0,-0.01135,-0.8057350000000001,SPM,854089
29235167,200,9479,2008,0.0,0.0,-0.01135,-0.8057350000000001,SPM,854091
29241693,200,9480,2008,0.0,0.0,-0.01135,-0.8057350000000001,SPM,854099
29248219,200,9481,2008,3.6758392812276583e-10,0.0,-0.01135,-0.8057350000000001,SPM,854110
29254745,200,9482,2008,0.0,0.0,-0.01135,-0.8057350000000001,SPM,854121
29261271,200,9483,2008,0.0,0.0,-0.01135,-0.8057350000000001,SPM,854129
29267797,200,9484,2008,0.0,0.0,-0.01135,-0.8057350000000001,SPM,854130
29274323,200,9485,2008,0.0,2.4446498241431635e-09,-0.01135,-0.8057350000000001,SPM,854140
29280849,200,9486,2008,0.0,0.0,-0.01135,-0.8057350000000001,SPM,854150
29287375,200,9487,2008,0.0,0.0,-0.01135,-0.8057350000000001,SPM,854160
29293901,200,9488,2008,0.0,0.0,-0.01135,-0.8057350000000001,SPM,854190
29300427,200,9489,2008,0.0,4.094523309038047e-09,-0.01135,-0.8057350000000001,SPM,854211
29306953,200,9490,2008,0.0,0.0,-0.01135,-0.8057350000000001,SPM,854219
29313479,200,9491,2008,0.0,0.0,-0.01135,-0.8057350000000001,SPM,854220
29320005,200,9492,2008,0.0,0.0,-0.01135,-0.8057350000000001,SPM,854280
29326531,200,9493,2008,0.0,0.0,-0.01135,-0.8057350000000001,SPM,854290
29333057,200,9494,2008,0.0,0.0,-0.01135,-0.8057350000000001,SPM,854310
29339583,200,9495,2008,0.0,0.0,-0.01135,-0.8057350000000001,SPM,854320
29346109,200,9496,2008,0.0,0.0,-0.01135,-0.8057350000000001,SPM,854330
29352635,200,9497,2008,0.0,1.9027568655647912e-09,-0.01135,-0.8057350000000001,SPM,854380
29359161,200,9498,2008,0.0,1.4241013238040054e-08,-0.01135,-0.8057350000000001,SPM,854390
29365687,200,9499,2008,0.0,0.0,-0.01135,-0.8057350000000001,SPM,854411
29372213,200,9500,2008,0.0,3.911240858827748e-09,-0.01135,-0.8057350000000001,SPM,854419
29378739,200,9501,2008,0.0,1.0266800108796471e-08,-0.01135,-0.8057350000000001,SPM,854420
29385265,200,9502,2008,0.0,3.728621274621826e-10,-0.01135,-0.8057350000000001,SPM,854430
29391791,200,9503,2008,0.0,1.4665910346845848e-09,-0.01135,-0.8057350000000001,SPM,854441
29398317,200,9504,2008,0.0,0.0,-0.01135,-0.8057350000000001,SPM,854449
29404843,200,9505,2008,0.0,0.0,-0.01135,-0.8057350000000001,SPM,854451
29411369,200,9506,2008,0.0,6.738132364395032e-08,-0.01135,-0.8057350000000001,SPM,854459
29417895,200,9507,2008,0.0,0.0,-0.01135,-0.8057350000000001,SPM,854460
29424421,200,9508,2008,0.0,0.0,-0.01135,-0.8057350000000001,SPM,854470
29430947,200,9509,2008,0.0,0.0,-0.01135,-0.8057350000000001,SPM,854511
29437473,200,9510,2008,0.0,0.0,-0.01135,-0.8057350000000001,SPM,854519
29443999,200,9511,2008,0.0,1.9554547129127796e-09,-0.01135,-0.8057350000000001,SPM,854520
29450525,200,9512,2008,0.0,0.0,-0.01135,-0.8057350000000001,SPM,854590
29457051,200,9513,2008,0.0,0.0,-0.01135,-0.8057350000000001,SPM,854610
29463577,200,9514,2008,0.0,0.0,-0.01135,-0.8057350000000001,SPM,854620
29470103,200,9515,2008,0.0,0.0,-0.01135,-0.8057350000000001,SPM,854690
29476629,200,9516,2008,0.0,0.0,-0.01135,-0.8057350000000001,SPM,854710
29483155,200,9517,2008,0.0,0.0,-0.01135,-0.8057350000000001,SPM,854720
29489681,200,9518,2008,0.0,0.0,-0.01135,-0.8057350000000001,SPM,854790
29496207,200,9519,2008,0.0,3.52313281326489e-10,-0.01135,-0.8057350000000001,SPM,854800
29502733,200,9520,2008,0.0,0.0,-0.01135,-0.8057350000000001,SPM,860110
29509259,200,9521,2008,0.0,0.0,-0.01135,-0.8057350000000001,SPM,860120
29515785,200,9522,2008,0.0,0.0,-0.01135,-0.8057350000000001,SPM,860210
29522311,200,9523,2008,0.0,0.0,-0.01135,-0.8057350000000001,SPM,860290
29528837,200,9524,2008,0.0,0.0,-0.01135,-0.8057350000000001,SPM,860310
29535363,200,9525,2008,0.0,0.0,-0.01135,-0.8057350000000001,SPM,860390
29541889,200,9526,2008,0.0,0.0,-0.01135,-0.8057350000000001,SPM,860400
29548415,200,9527,2008,0.0,0.0,-0.01135,-0.8057350000000001,SPM,860500
29554941,200,9528,2008,0.0,0.0,-0.01135,-0.8057350000000001,SPM,860610
29561467,200,9529,2008,0.0,0.0,-0.01135,-0.8057350000000001,SPM,860620
29567993,200,9530,2008,0.0,0.0,-0.01135,-0.8057350000000001,SPM,860630
29574519,200,9531,2008,0.0,0.0,-0.01135,-0.8057350000000001,SPM,860691
29581045,200,9532,2008,0.0,0.0,-0.01135,-0.8057350000000001,SPM,860692
29587571,200,9533,2008,0.0,0.0,-0.01135,-0.8057350000000001,SPM,860699
29594097,200,9534,2008,0.0,0.0,-0.01135,-0.8057350000000001,SPM,860711
29600623,200,9535,2008,0.0,0.0,-0.01135,-0.8057350000000001,SPM,860712
29607149,200,9536,2008,0.0,0.0,-0.01135,-0.8057350000000001,SPM,860719
29613675,200,9537,2008,0.0,0.0,-0.01135,-0.8057350000000001,SPM,860721
29620201,200,9538,2008,0.0,0.0,-0.01135,-0.8057350000000001,SPM,860729
29626727,200,9539,2008,0.0,0.0,-0.01135,-0.8057350000000001,SPM,860730
29633253,200,9540,2008,0.0,0.0,-0.01135,-0.8057350000000001,SPM,860791
29639779,200,9541,2008,0.0,0.0,-0.01135,-0.8057350000000001,SPM,860799
29646305,200,9542,2008,0.0,0.0,-0.01135,-0.8057350000000001,SPM,860800
29652831,200,9543,2008,0.0,1.2316050361328627e-09,-0.01135,-0.8057350000000001,SPM,860900
29659357,200,9544,2008,0.0,9.777273564563898e-10,-0.01135,-0.8057350000000001,SPM,870110
29665883,200,9545,2008,0.0,0.0,-0.01135,-0.8057350000000001,SPM,870120
29672409,200,9546,2008,0.0,0.0,-0.01135,-0.8057350000000001,SPM,870130
29678935,200,9547,2008,0.0,8.531085476334738e-09,-0.01135,-0.8057350000000001,SPM,870190
29685461,200,9548,2008,0.0,0.0,-0.01135,-0.8057350000000001,SPM,870210
29691987,200,9549,2008,0.0,0.0,-0.01135,-0.8057350000000001,SPM,870290
29698513,200,9550,2008,0.0,2.751888217172002e-09,-0.01135,-0.8057350000000001,SPM,870310
29705039,200,9551,2008,0.0,9.435234706305257e-09,-0.01135,-0.8057350000000001,SPM,870321
29711565,200,9552,2008,0.0,6.56336774234098e-08,-0.01135,-0.8057350000000001,SPM,870322
29718091,200,9553,2008,0.0,5.60079018841463e-07,-0.01135,-0.8057350000000001,SPM,870323
29724617,200,9554,2008,0.0,1.5505032421786962e-07,-0.01135,-0.8057350000000001,SPM,870324
29731143,200,9555,2008,0.0,1.222258625471144e-08,-0.01135,-0.8057350000000001,SPM,870331
29737669,200,9556,2008,0.0,2.339466246568587e-07,-0.01135,-0.8057350000000001,SPM,870332
29744195,200,9557,2008,0.0,1.222258625471144e-08,-0.01135,-0.8057350000000001,SPM,870333
29750721,200,9558,2008,0.0,0.0,-0.01135,-0.8057350000000001,SPM,870390
29757247,200,9559,2008,0.0,0.0,-0.01135,-0.8057350000000001,SPM,870410
29763773,200,9560,2008,0.0,1.2773361617748467e-07,-0.01135,-0.8057350000000001,SPM,870421
29770299,200,9561,2008,0.0,4.276347454038717e-08,-0.01135,-0.8057350000000001,SPM,870422
29776825,200,9562,2008,0.0,2.644835357465082e-08,-0.01135,-0.8057350000000001,SPM,870423
29783351,200,9563,2008,0.0,2.6654306042210816e-07,-0.01135,-0.8057350000000001,SPM,870431
29789877,200,9564,2008,0.0,0.0,-0.01135,-0.8057350000000001,SPM,870432
29796403,200,9565,2008,0.0,0.0,-0.01135,-0.8057350000000001,SPM,870490
29802929,200,9566,2008,0.0,0.0,-0.01135,-0.8057350000000001,SPM,870510
29809455,200,9567,2008,0.0,0.0,-0.01135,-0.8057350000000001,SPM,870520
29815981,200,9568,2008,0.0,0.0,-0.01135,-0.8057350000000001,SPM,870530
29822507,200,9569,2008,0.0,3.08007317593916e-08,-0.01135,-0.8057350000000001,SPM,870540
29829033,200,9570,2008,0.0,3.4223108939991157e-08,-0.01135,-0.8057350000000001,SPM,870590
29835559,200,9571,2008,0.0,1.0266800108796471e-08,-0.01135,-0.8057350000000001,SPM,870600
29842085,200,9572,2008,0.0,4.400104537055943e-09,-0.01135,-0.8057350000000001,SPM,870710
29848611,200,9573,2008,0.0,7.261697077952374e-09,-0.01135,-0.8057350000000001,SPM,870790
29855137,200,9574,2008,0.0,6.065223940051503e-10,-0.01135,-0.8057350000000001,SPM,870810
29861663,200,9575,2008,0.0,0.0,-0.01135,-0.8057350000000001,SPM,870821
29868189,200,9576,2008,9.46748316769287e-09,3.441931727728681e-09,-0.01135,-0.8057350000000001,SPM,870829
29874715,200,9577,2008,0.0,0.0,-0.01135,-0.8057350000000001,SPM,870831
29881241,200,9578,2008,0.0,4.888968215284138e-09,-0.01135,-0.8057350000000001,SPM,870839
29887767,200,9579,2008,0.0,2.2607045079284865e-09,-0.01135,-0.8057350000000001,SPM,870840
29894293,200,9580,2008,0.0,7.421116352005094e-09,-0.01135,-0.8057350000000001,SPM,870850
29900819,200,9581,2008,0.0,0.0,-0.01135,-0.8057350000000001,SPM,870860
29907345,200,9582,2008,0.0,1.1567011776382375e-09,-0.01135,-0.8057350000000001,SPM,870870
29913871,200,9583,2008,0.0,8.484684856028332e-10,-0.01135,-0.8057350000000001,SPM,870880
29920397,200,9584,2008,0.0,0.0,-0.01135,-0.8057350000000001,SPM,870891
29926923,200,9585,2008,0.0,9.644700363688457e-10,-0.01135,-0.8057350000000001,SPM,870892
29933449,200,9586,2008,0.0,1.7834409847768928e-09,-0.01135,-0.8057350000000001,SPM,870893
29939975,200,9587,2008,0.0,0.0,-0.01135,-0.8057350000000001,SPM,870894
29946501,200,9588,2008,0.0,2.045859692919766e-07,-0.01135,-0.8057350000000001,SPM,870899
29953027,200,9589,2008,0.0,4.888636782281949e-10,-0.01135,-0.8057350000000001,SPM,870911
29959553,200,9590,2008,0.0,0.0,-0.01135,-0.8057350000000001,SPM,870919
29966079,200,9591,2008,0.0,6.0062288656619315e-09,-0.01135,-0.8057350000000001,SPM,870990
29972605,200,9592,2008,0.0,0.0,-0.01135,-0.8057350000000001,SPM,871000
29979131,200,9593,2008,0.0,2.2723046630050878e-09,-0.01135,-0.8057350000000001,SPM,871110
29985657,200,9594,2008,0.0,1.9327184089626413e-08,-0.01135,-0.8057350000000001,SPM,871120
29992183,200,9595,2008,0.0,1.5156099757082798e-08,-0.01135,-0.8057350000000001,SPM,871130
29998709,200,9596,2008,0.0,4.813070057782947e-09,-0.01135,-0.8057350000000001,SPM,871140
30005235,200,9597,2008,0.0,6.333684671824275e-09,-0.01135,-0.8057350000000001,SPM,871150
30011761,200,9598,2008,0.0,4.426619177231031e-09,-0.01135,-0.8057350000000001,SPM,871190
30018287,200,9599,2008,0.0,3.999070604407729e-09,-0.01135,-0.8057350000000001,SPM,871200
30024813,200,9600,2008,0.0,0.0,-0.01135,-0.8057350000000001,SPM,871310
30031339,200,9601,2008,0.0,0.0,-0.01135,-0.8057350000000001,SPM,871390
30037865,200,9602,2008,0.0,0.0,-0.01135,-0.8057350000000001,SPM,871411
30044391,200,9603,2008,0.0,0.0,-0.01135,-0.8057350000000001,SPM,871419
30050917,200,9604,2008,0.0,0.0,-0.01135,-0.8057350000000001,SPM,871420
30057443,200,9605,2008,0.0,0.0,-0.01135,-0.8057350000000001,SPM,871491
30063969,200,9606,2008,0.0,0.0,-0.01135,-0.8057350000000001,SPM,871492
30070495,200,9607,2008,0.0,1.5935298745228212e-09,-0.01135,-0.8057350000000001,SPM,871493
30077021,200,9608,2008,0.0,0.0,-0.01135,-0.8057350000000001,SPM,871494
30083547,200,9609,2008,0.0,0.0,-0.01135,-0.8057350000000001,SPM,871495
30090073,200,9610,2008,0.0,0.0,-0.01135,-0.8057350000000001,SPM,871496
30096599,200,9611,2008,0.0,9.777273564563898e-10,-0.01135,-0.8057350000000001,SPM,871499
30103125,200,9612,2008,0.0,4.65066788671053e-09,-0.01135,-0.8057350000000001,SPM,871500
30109651,200,9613,2008,0.0,0.0,-0.01135,-0.8057350000000001,SPM,871610
30116177,200,9614,2008,0.0,0.0,-0.01135,-0.8057350000000001,SPM,871620
30122703,200,9615,2008,0.0,0.0,-0.01135,-0.8057350000000001,SPM,871631
30129229,200,9616,2008,0.0,1.1036718972880604e-09,-0.01135,-0.8057350000000001,SPM,871639
30135755,200,9617,2008,0.0,0.0,-0.01135,-0.8057350000000001,SPM,871640
30142281,200,9618,2008,0.0,8.557600116509826e-10,-0.01135,-0.8057350000000001,SPM,871680
30148807,200,9619,2008,0.0,0.0,-0.01135,-0.8057350000000001,SPM,871690
30155333,200,9620,2008,0.0,0.0,-0.01135,-0.8057350000000001,SPM,880110
30161859,200,9621,2008,0.0,0.0,-0.01135,-0.8057350000000001,SPM,880190
30168385,200,9622,2008,0.0,0.0,-0.01135,-0.8057350000000001,SPM,880211
30174911,200,9623,2008,0.0,0.0,-0.01135,-0.8057350000000001,SPM,880212
30181437,200,9624,2008,0.0,0.0,-0.01135,-0.8057350000000001,SPM,880220
30187963,200,9625,2008,0.0,0.0,-0.01135,-0.8057350000000001,SPM,880230
30194489,200,9626,2008,0.0,0.0,-0.01135,-0.8057350000000001,SPM,880240
30201015,200,9627,2008,0.0,0.0,-0.01135,-0.8057350000000001,SPM,880250
30207541,200,9628,2008,0.0,0.0,-0.01135,-0.8057350000000001,SPM,880310
30214067,200,9629,2008,0.0,0.0,-0.01135,-0.8057350000000001,SPM,880320
30220593,200,9630,2008,3.8849348380328594e-10,1.7164252317343565e-08,-0.01135,-0.8057350000000001,SPM,880330
30227119,200,9631,2008,0.0,1.9554547129127796e-09,-0.01135,-0.8057350000000001,SPM,880390
30233645,200,9632,2008,0.0,9.777273564563898e-10,-0.01135,-0.8057350000000001,SPM,880400
30240171,200,9633,2008,0.0,0.0,-0.01135,-0.8057350000000001,SPM,880510
30246697,200,9634,2008,0.0,0.0,-0.01135,-0.8057350000000001,SPM,880520
30253223,200,9635,2008,0.0,0.0,-0.01135,-0.8057350000000001,SPM,890110
30259749,200,9636,2008,0.0,0.0,-0.01135,-0.8057350000000001,SPM,890120
30266275,200,9637,2008,0.0,0.0,-0.01135,-0.8057350000000001,SPM,890130
30272801,200,9638,2008,0.0,0.0,-0.01135,-0.8057350000000001,SPM,890190
30279327,200,9639,2008,0.0,0.0,-0.01135,-0.8057350000000001,SPM,890200
30285853,200,9640,2008,0.0,1.0755995220026854e-08,-0.01135,-0.8057350000000001,SPM,890310
30292379,200,9641,2008,0.0,0.0,-0.01135,-0.8057350000000001,SPM,890391
30298905,200,9642,2008,0.0,2.5133558854968614e-08,-0.01135,-0.8057350000000001,SPM,890392
30305431,200,9643,2008,0.0,0.0,-0.01135,-0.8057350000000001,SPM,890399
30311957,200,9644,2008,0.0,0.0,-0.01135,-0.8057350000000001,SPM,890400
30318483,200,9645,2008,0.0,0.0,-0.01135,-0.8057350000000001,SPM,890510
30325009,200,9646,2008,0.0,0.0,-0.01135,-0.8057350000000001,SPM,890520
30331535,200,9647,2008,0.0,0.0,-0.01135,-0.8057350000000001,SPM,890590
30338061,200,9648,2008,0.0,4.888636782281949e-10,-0.01135,-0.8057350000000001,SPM,890600
30344587,200,9649,2008,0.0,6.66080904498443e-09,-0.01135,-0.8057350000000001,SPM,890710
30351113,200,9650,2008,0.0,2.0045067972366937e-08,-0.01135,-0.8057350000000001,SPM,890790
30357639,200,9651,2008,0.0,0.0,-0.01135,-0.8057350000000001,SPM,890800
30364165,200,9652,2008,0.0,0.0,-0.01135,-0.8057350000000001,SPM,900110
30370691,200,9653,2008,0.0,0.0,-0.01135,-0.8057350000000001,SPM,900120
30377217,200,9654,2008,0.0,0.0,-0.01135,-0.8057350000000001,SPM,900130
30383743,200,9655,2008,0.0,0.0,-0.01135,-0.8057350000000001,SPM,900140
30390269,200,9656,2008,0.0,5.32904495559017e-08,-0.01135,-0.8057350000000001,SPM,900150
30396795,200,9657,2008,0.0,0.0,-0.01135,-0.8057350000000001,SPM,900190
30403321,200,9658,2008,0.0,2.4446498241431635e-09,-0.01135,-0.8057350000000001,SPM,900211
30409847,200,9659,2008,0.0,0.0,-0.01135,-0.8057350000000001,SPM,900219
30416373,200,9660,2008,0.0,0.0,-0.01135,-0.8057350000000001,SPM,900220
30422899,200,9661,2008,0.0,0.0,-0.01135,-0.8057350000000001,SPM,900290
30429425,200,9662,2008,0.0,0.0,-0.01135,-0.8057350000000001,SPM,900311
30435951,200,9663,2008,0.0,0.0,-0.01135,-0.8057350000000001,SPM,900319
30442477,200,9664,2008,0.0,4.888636782281949e-10,-0.01135,-0.8057350000000001,SPM,900390
30449003,200,9665,2008,0.0,9.777273564563898e-10,-0.01135,-0.8057350000000001,SPM,900410
30455529,200,9666,2008,0.0,0.0,-0.01135,-0.8057350000000001,SPM,900490
30462055,200,9667,2008,0.0,9.777273564563898e-10,-0.01135,-0.8057350000000001,SPM,900510
30468581,200,9668,2008,0.0,3.911240858827748e-09,-0.01135,-0.8057350000000001,SPM,900580
30475107,200,9669,2008,0.0,0.0,-0.01135,-0.8057350000000001,SPM,900590
30481633,200,9670,2008,0.0,0.0,-0.01135,-0.8057350000000001,SPM,900610
30488159,200,9671,2008,0.0,0.0,-0.01135,-0.8057350000000001,SPM,900620
30494685,200,9672,2008,0.0,0.0,-0.01135,-0.8057350000000001,SPM,900630
30501211,200,9673,2008,0.0,0.0,-0.01135,-0.8057350000000001,SPM,900640
30507737,200,9674,2008,0.0,0.0,-0.01135,-0.8057350000000001,SPM,900651
30514263,200,9675,2008,0.0,0.0,-0.01135,-0.8057350000000001,SPM,900652
30520789,200,9676,2008,0.0,0.0,-0.01135,-0.8057350000000001,SPM,900653
30527315,200,9677,2008,0.0,0.0,-0.01135,-0.8057350000000001,SPM,900659
30533841,200,9678,2008,0.0,0.0,-0.01135,-0.8057350000000001,SPM,900661
30540367,200,9679,2008,0.0,0.0,-0.01135,-0.8057350000000001,SPM,900662
30546893,200,9680,2008,0.0,0.0,-0.01135,-0.8057350000000001,SPM,900669
30553419,200,9681,2008,0.0,9.777273564563898e-10,-0.01135,-0.8057350000000001,SPM,900691
30559945,200,9682,2008,0.0,0.0,-0.01135,-0.8057350000000001,SPM,900699
30566471,200,9683,2008,0.0,0.0,-0.01135,-0.8057350000000001,SPM,900711
30572997,200,9684,2008,0.0,0.0,-0.01135,-0.8057350000000001,SPM,900719
30579523,200,9685,2008,0.0,0.0,-0.01135,-0.8057350000000001,SPM,900721
30586049,200,9686,2008,0.0,4.888636782281949e-10,-0.01135,-0.8057350000000001,SPM,900729
30592575,200,9687,2008,0.0,0.0,-0.01135,-0.8057350000000001,SPM,900791
30599101,200,9688,2008,0.0,0.0,-0.01135,-0.8057350000000001,SPM,900792
30605627,200,9689,2008,0.0,0.0,-0.01135,-0.8057350000000001,SPM,900810
30612153,200,9690,2008,0.0,0.0,-0.01135,-0.8057350000000001,SPM,900820
30618679,200,9691,2008,0.0,0.0,-0.01135,-0.8057350000000001,SPM,900830
30625205,200,9692,2008,0.0,0.0,-0.01135,-0.8057350000000001,SPM,900840
30631731,200,9693,2008,0.0,0.0,-0.01135,-0.8057350000000001,SPM,900890
30638257,200,9694,2008,0.0,0.0,-0.01135,-0.8057350000000001,SPM,900911
30644783,200,9695,2008,0.0,0.0,-0.01135,-0.8057350000000001,SPM,900912
30651309,200,9696,2008,0.0,0.0,-0.01135,-0.8057350000000001,SPM,900921
30657835,200,9697,2008,0.0,0.0,-0.01135,-0.8057350000000001,SPM,900922
30664361,200,9698,2008,0.0,0.0,-0.01135,-0.8057350000000001,SPM,900930
30670887,200,9699,2008,0.0,0.0,-0.01135,-0.8057350000000001,SPM,900990
30677413,200,9700,2008,0.0,0.0,-0.01135,-0.8057350000000001,SPM,901010
30683939,200,9701,2008,0.0,0.0,-0.01135,-0.8057350000000001,SPM,901020
30690465,200,9702,2008,0.0,0.0,-0.01135,-0.8057350000000001,SPM,901030
30696991,200,9703,2008,0.0,0.0,-0.01135,-0.8057350000000001,SPM,901090
30703517,200,9704,2008,0.0,0.0,-0.01135,-0.8057350000000001,SPM,901110
30710043,200,9705,2008,0.0,0.0,-0.01135,-0.8057350000000001,SPM,901120
30716569,200,9706,2008,0.0,0.0,-0.01135,-0.8057350000000001,SPM,901180
30723095,200,9707,2008,0.0,0.0,-0.01135,-0.8057350000000001,SPM,901190
30729621,200,9708,2008,0.0,0.0,-0.01135,-0.8057350000000001,SPM,901210
30736147,200,9709,2008,0.0,0.0,-0.01135,-0.8057350000000001,SPM,901290
30742673,200,9710,2008,0.0,0.0,-0.01135,-0.8057350000000001,SPM,901310
30749199,200,9711,2008,0.0,0.0,-0.01135,-0.8057350000000001,SPM,901320
30755725,200,9712,2008,0.0,0.0,-0.01135,-0.8057350000000001,SPM,901380
30762251,200,9713,2008,0.0,0.0,-0.01135,-0.8057350000000001,SPM,901390
30768777,200,9714,2008,0.0,2.041295860479629e-09,-0.01135,-0.8057350000000001,SPM,901410
30775303,200,9715,2008,0.0,1.0266800108796471e-08,-0.01135,-0.8057350000000001,SPM,901420
30781829,200,9716,2008,0.0,0.0,-0.01135,-0.8057350000000001,SPM,901480
30788355,200,9717,2008,0.0,0.0,-0.01135,-0.8057350000000001,SPM,901490
30794881,200,9718,2008,0.0,0.0,-0.01135,-0.8057350000000001,SPM,901510
30801407,200,9719,2008,0.0,0.0,-0.01135,-0.8057350000000001,SPM,901520
30807933,200,9720,2008,0.0,0.0,-0.01135,-0.8057350000000001,SPM,901530
30814459,200,9721,2008,0.0,0.0,-0.01135,-0.8057350000000001,SPM,901540
30820985,200,9722,2008,4.701377228097456e-08,6.502384069938276e-08,-0.01135,-0.8057350000000001,SPM,901580
30827511,200,9723,2008,0.0,2.4446498241431635e-09,-0.01135,-0.8057350000000001,SPM,901590
30834037,200,9724,2008,0.0,9.777273564563898e-10,-0.01135,-0.8057350000000001,SPM,901600
30840563,200,9725,2008,0.0,0.0,-0.01135,-0.8057350000000001,SPM,901710
30847089,200,9726,2008,0.0,0.0,-0.01135,-0.8057350000000001,SPM,901720
30853615,200,9727,2008,0.0,1.4665910346845848e-09,-0.01135,-0.8057350000000001,SPM,901730
30860141,200,9728,2008,6.881971152240735e-10,0.0,-0.01135,-0.8057350000000001,SPM,901780
30866667,200,9729,2008,0.0,0.0,-0.01135,-0.8057350000000001,SPM,901790
30873193,200,9730,2008,0.0,0.0,-0.01135,-0.8057350000000001,SPM,901811
30879719,200,9731,2008,0.0,3.911240858827748e-09,-0.01135,-0.8057350000000001,SPM,901819
30886245,200,9732,2008,0.0,0.0,-0.01135,-0.8057350000000001,SPM,901820
30892771,200,9733,2008,0.0,4.400104537055943e-09,-0.01135,-0.8057350000000001,SPM,901831
30899297,200,9734,2008,0.0,7.333618039427301e-09,-0.01135,-0.8057350000000001,SPM,901832
30905823,200,9735,2008,0.0,5.524590426881448e-08,-0.01135,-0.8057350000000001,SPM,901839
30912349,200,9736,2008,0.0,0.0,-0.01135,-0.8057350000000001,SPM,901841
30918875,200,9737,2008,0.0,0.0,-0.01135,-0.8057350000000001,SPM,901849
30925401,200,9738,2008,0.0,3.422377180599553e-09,-0.01135,-0.8057350000000001,SPM,901850
30931927,200,9739,2008,0.0,1.0476232622879452e-07,-0.01135,-0.8057350000000001,SPM,901890
30938453,200,9740,2008,0.0,0.0,-0.01135,-0.8057350000000001,SPM,901910
30944979,200,9741,2008,0.0,0.0,-0.01135,-0.8057350000000001,SPM,901920
30951505,200,9742,2008,0.0,2.4446498241431635e-09,-0.01135,-0.8057350000000001,SPM,902000
30958031,200,9743,2008,0.0,0.0,-0.01135,-0.8057350000000001,SPM,902111
30964557,200,9744,2008,0.0,0.0,-0.01135,-0.8057350000000001,SPM,902119
30971083,200,9745,2008,0.0,0.0,-0.01135,-0.8057350000000001,SPM,902121
30977609,200,9746,2008,0.0,6.355890682970911e-09,-0.01135,-0.8057350000000001,SPM,902129
30984135,200,9747,2008,0.0,0.0,-0.01135,-0.8057350000000001,SPM,902130
30990661,200,9748,2008,0.0,0.0,-0.01135,-0.8057350000000001,SPM,902140
30997187,200,9749,2008,0.0,0.0,-0.01135,-0.8057350000000001,SPM,902150
31003713,200,9750,2008,0.0,2.933513502371358e-09,-0.01135,-0.8057350000000001,SPM,902190
31010239,200,9751,2008,0.0,0.0,-0.01135,-0.8057350000000001,SPM,902211
31016765,200,9752,2008,0.0,0.0,-0.01135,-0.8057350000000001,SPM,902219
31023291,200,9753,2008,0.0,0.0,-0.01135,-0.8057350000000001,SPM,902221
31029817,200,9754,2008,0.0,0.0,-0.01135,-0.8057350000000001,SPM,902229
31036343,200,9755,2008,0.0,0.0,-0.01135,-0.8057350000000001,SPM,902230
31042869,200,9756,2008,0.0,5.866695571740528e-09,-0.01135,-0.8057350000000001,SPM,902290
31049395,200,9757,2008,0.0,4.162467074486712e-08,-0.01135,-0.8057350000000001,SPM,902300
31055921,200,9758,2008,0.0,0.0,-0.01135,-0.8057350000000001,SPM,902410
31062447,200,9759,2008,0.0,0.0,-0.01135,-0.8057350000000001,SPM,902480
31068973,200,9760,2008,0.0,0.0,-0.01135,-0.8057350000000001,SPM,902490
31075499,200,9761,2008,0.0,0.0,-0.01135,-0.8057350000000001,SPM,902511
31082025,200,9762,2008,0.0,9.777273564563898e-10,-0.01135,-0.8057350000000001,SPM,902519
31088551,200,9763,2008,0.0,0.0,-0.01135,-0.8057350000000001,SPM,902520
31095077,200,9764,2008,0.0,0.0,-0.01135,-0.8057350000000001,SPM,902580
31101603,200,9765,2008,0.0,2.933513502371358e-09,-0.01135,-0.8057350000000001,SPM,902590
31108129,200,9766,2008,0.0,0.0,-0.01135,-0.8057350000000001,SPM,902610
31114655,200,9767,2008,0.0,0.0,-0.01135,-0.8057350000000001,SPM,902620
31121181,200,9768,2008,0.0,2.4446498241431635e-09,-0.01135,-0.8057350000000001,SPM,902680
31127707,200,9769,2008,0.0,0.0,-0.01135,-0.8057350000000001,SPM,902690
31134233,200,9770,2008,0.0,1.4665910346845848e-09,-0.01135,-0.8057350000000001,SPM,902710
31140759,200,9771,2008,0.0,0.0,-0.01135,-0.8057350000000001,SPM,902720
31147285,200,9772,2008,0.0,0.0,-0.01135,-0.8057350000000001,SPM,902730
31153811,200,9773,2008,0.0,0.0,-0.01135,-0.8057350000000001,SPM,902740
31160337,200,9774,2008,0.0,0.0,-0.01135,-0.8057350000000001,SPM,902750
31166863,200,9775,2008,0.0,1.6622690791767382e-08,-0.01135,-0.8057350000000001,SPM,902780
31173389,200,9776,2008,0.0,4.888636782281949e-10,-0.01135,-0.8057350000000001,SPM,902790
31179915,200,9777,2008,0.0,0.0,-0.01135,-0.8057350000000001,SPM,902810
31186441,200,9778,2008,0.0,0.0,-0.01135,-0.8057350000000001,SPM,902820
31192967,200,9779,2008,0.0,2.933513502371358e-09,-0.01135,-0.8057350000000001,SPM,902830
31199493,200,9780,2008,0.0,0.0,-0.01135,-0.8057350000000001,SPM,902890
31206019,200,9781,2008,0.0,0.0,-0.01135,-0.8057350000000001,SPM,902910
31212545,200,9782,2008,0.0,3.652391684118446e-10,-0.01135,-0.8057350000000001,SPM,902920
31219071,200,9783,2008,0.0,0.0,-0.01135,-0.8057350000000001,SPM,902990
31225597,200,9784,2008,0.0,0.0,-0.01135,-0.8057350000000001,SPM,903010
31232123,200,9785,2008,0.0,0.0,-0.01135,-0.8057350000000001,SPM,903020
31238649,200,9786,2008,0.0,2.4446498241431635e-09,-0.01135,-0.8057350000000001,SPM,903031
31245175,200,9787,2008,0.0,4.400104537055943e-09,-0.01135,-0.8057350000000001,SPM,903039
31251701,200,9788,2008,0.0,1.0975403867475712e-08,-0.01135,-0.8057350000000001,SPM,903040
31258227,200,9789,2008,0.0,0.0,-0.01135,-0.8057350000000001,SPM,903081
31264753,200,9790,2008,0.0,1.760041814822377e-08,-0.01135,-0.8057350000000001,SPM,903089
31271279,200,9791,2008,0.0,2.248938636350791e-08,-0.01135,-0.8057350000000001,SPM,903090
31277805,200,9792,2008,0.0,0.0,-0.01135,-0.8057350000000001,SPM,903110
31284331,200,9793,2008,0.0,0.0,-0.01135,-0.8057350000000001,SPM,903120
31290857,200,9794,2008,0.0,0.0,-0.01135,-0.8057350000000001,SPM,903130
31297383,200,9795,2008,0.0,0.0,-0.01135,-0.8057350000000001,SPM,903140
31303909,200,9796,2008,0.0,1.320031361116783e-08,-0.01135,-0.8057350000000001,SPM,903180
31310435,200,9797,2008,0.0,0.0,-0.01135,-0.8057350000000001,SPM,903190
31316961,200,9798,2008,0.0,0.0,-0.01135,-0.8057350000000001,SPM,903210
31323487,200,9799,2008,0.0,0.0,-0.01135,-0.8057350000000001,SPM,903220
31330013,200,9800,2008,0.0,0.0,-0.01135,-0.8057350000000001,SPM,903281
31336539,200,9801,2008,0.0,3.8623213477047096e-08,-0.01135,-0.8057350000000001,SPM,903289
31343065,200,9802,2008,0.0,0.0,-0.01135,-0.8057350000000001,SPM,903290
31349591,200,9803,2008,0.0,0.0,-0.01135,-0.8057350000000001,SPM,903300
31356117,200,9804,2008,0.0,0.0,-0.01135,-0.8057350000000001,SPM,910111
31362643,200,9805,2008,0.0,0.0,-0.01135,-0.8057350000000001,SPM,910112
31369169,200,9806,2008,0.0,0.0,-0.01135,-0.8057350000000001,SPM,910119
31375695,200,9807,2008,0.0,2.692362849978928e-08,-0.01135,-0.8057350000000001,SPM,910121
31382221,200,9808,2008,0.0,0.0,-0.01135,-0.8057350000000001,SPM,910129
31388747,200,9809,2008,0.0,0.0,-0.01135,-0.8057350000000001,SPM,910191
31395273,200,9810,2008,0.0,0.0,-0.01135,-0.8057350000000001,SPM,910199
31401799,200,9811,2008,0.0,4.888636782281949e-10,-0.01135,-0.8057350000000001,SPM,910211
31408325,200,9812,2008,0.0,0.0,-0.01135,-0.8057350000000001,SPM,910212
31414851,200,9813,2008,0.0,0.0,-0.01135,-0.8057350000000001,SPM,910219
31421377,200,9814,2008,0.0,7.192096147492766e-09,-0.01135,-0.8057350000000001,SPM,910221
31427903,200,9815,2008,0.0,0.0,-0.01135,-0.8057350000000001,SPM,910229
31434429,200,9816,2008,0.0,0.0,-0.01135,-0.8057350000000001,SPM,910291
31440955,200,9817,2008,0.0,0.0,-0.01135,-0.8057350000000001,SPM,910299
31447481,200,9818,2008,0.0,0.0,-0.01135,-0.8057350000000001,SPM,910310
31454007,200,9819,2008,0.0,0.0,-0.01135,-0.8057350000000001,SPM,910390
31460533,200,9820,2008,0.0,0.0,-0.01135,-0.8057350000000001,SPM,910400
31467059,200,9821,2008,0.0,0.0,-0.01135,-0.8057350000000001,SPM,910511
31473585,200,9822,2008,0.0,4.888636782281949e-10,-0.01135,-0.8057350000000001,SPM,910519
31480111,200,9823,2008,0.0,0.0,-0.01135,-0.8057350000000001,SPM,910521
31486637,200,9824,2008,0.0,0.0,-0.01135,-0.8057350000000001,SPM,910529
31493163,200,9825,2008,0.0,0.0,-0.01135,-0.8057350000000001,SPM,910591
31499689,200,9826,2008,0.0,0.0,-0.01135,-0.8057350000000001,SPM,910599
31506215,200,9827,2008,0.0,1.4665910346845848e-09,-0.01135,-0.8057350000000001,SPM,910610
31512741,200,9828,2008,0.0,0.0,-0.01135,-0.8057350000000001,SPM,910620
31519267,200,9829,2008,0.0,0.0,-0.01135,-0.8057350000000001,SPM,910690
31525793,200,9830,2008,0.0,0.0,-0.01135,-0.8057350000000001,SPM,910700
31532319,200,9831,2008,0.0,0.0,-0.01135,-0.8057350000000001,SPM,910811
31538845,200,9832,2008,0.0,0.0,-0.01135,-0.8057350000000001,SPM,910812
31545371,200,9833,2008,0.0,0.0,-0.01135,-0.8057350000000001,SPM,910819
31551897,200,9834,2008,0.0,0.0,-0.01135,-0.8057350000000001,SPM,910820
31558423,200,9835,2008,0.0,0.0,-0.01135,-0.8057350000000001,SPM,910891
31564949,200,9836,2008,0.0,0.0,-0.01135,-0.8057350000000001,SPM,910899
31571475,200,9837,2008,0.0,0.0,-0.01135,-0.8057350000000001,SPM,910911
31578001,200,9838,2008,0.0,0.0,-0.01135,-0.8057350000000001,SPM,910919
31584527,200,9839,2008,0.0,0.0,-0.01135,-0.8057350000000001,SPM,910990
31591053,200,9840,2008,0.0,0.0,-0.01135,-0.8057350000000001,SPM,911011
31597579,200,9841,2008,0.0,0.0,-0.01135,-0.8057350000000001,SPM,911012
31604105,200,9842,2008,0.0,0.0,-0.01135,-0.8057350000000001,SPM,911019
31610631,200,9843,2008,0.0,0.0,-0.01135,-0.8057350000000001,SPM,911090
31617157,200,9844,2008,0.0,0.0,-0.01135,-0.8057350000000001,SPM,911110
31623683,200,9845,2008,0.0,0.0,-0.01135,-0.8057350000000001,SPM,911120
31630209,200,9846,2008,0.0,0.0,-0.01135,-0.8057350000000001,SPM,911180
31636735,200,9847,2008,0.0,0.0,-0.01135,-0.8057350000000001,SPM,911190
31643261,200,9848,2008,0.0,0.0,-0.01135,-0.8057350000000001,SPM,911210
31649787,200,9849,2008,0.0,0.0,-0.01135,-0.8057350000000001,SPM,911280
31656313,200,9850,2008,0.0,0.0,-0.01135,-0.8057350000000001,SPM,911290
31662839,200,9851,2008,0.0,0.0,-0.01135,-0.8057350000000001,SPM,911310
31669365,200,9852,2008,0.0,0.0,-0.01135,-0.8057350000000001,SPM,911320
31675891,200,9853,2008,0.0,0.0,-0.01135,-0.8057350000000001,SPM,911390
31682417,200,9854,2008,0.0,0.0,-0.01135,-0.8057350000000001,SPM,911410
31688943,200,9855,2008,0.0,0.0,-0.01135,-0.8057350000000001,SPM,911420
31695469,200,9856,2008,0.0,0.0,-0.01135,-0.8057350000000001,SPM,911430
31701995,200,9857,2008,0.0,0.0,-0.01135,-0.8057350000000001,SPM,911440
31708521,200,9858,2008,0.0,0.0,-0.01135,-0.8057350000000001,SPM,911490
31715047,200,9859,2008,0.0,0.0,-0.01135,-0.8057350000000001,SPM,920110
31721573,200,9860,2008,0.0,0.0,-0.01135,-0.8057350000000001,SPM,920120
31728099,200,9861,2008,0.0,0.0,-0.01135,-0.8057350000000001,SPM,920190
31734625,200,9862,2008,0.0,0.0,-0.01135,-0.8057350000000001,SPM,920210
31741151,200,9863,2008,0.0,0.0,-0.01135,-0.8057350000000001,SPM,920290
31747677,200,9864,2008,0.0,0.0,-0.01135,-0.8057350000000001,SPM,920300
31754203,200,9865,2008,0.0,0.0,-0.01135,-0.8057350000000001,SPM,920410
31760729,200,9866,2008,0.0,0.0,-0.01135,-0.8057350000000001,SPM,920420
31767255,200,9867,2008,0.0,0.0,-0.01135,-0.8057350000000001,SPM,920510
31773781,200,9868,2008,0.0,0.0,-0.01135,-0.8057350000000001,SPM,920590
31780307,200,9869,2008,0.0,0.0,-0.01135,-0.8057350000000001,SPM,920600
31786833,200,9870,2008,0.0,0.0,-0.01135,-0.8057350000000001,SPM,920710
31793359,200,9871,2008,0.0,1.124485889825505e-08,-0.01135,-0.8057350000000001,SPM,920790
31799885,200,9872,2008,0.0,0.0,-0.01135,-0.8057350000000001,SPM,920810
31806411,200,9873,2008,0.0,0.0,-0.01135,-0.8057350000000001,SPM,920890
31812937,200,9874,2008,0.0,0.0,-0.01135,-0.8057350000000001,SPM,920910
31819463,200,9875,2008,0.0,0.0,-0.01135,-0.8057350000000001,SPM,920920
31825989,200,9876,2008,0.0,0.0,-0.01135,-0.8057350000000001,SPM,920930
31832515,200,9877,2008,0.0,0.0,-0.01135,-0.8057350000000001,SPM,920991
31839041,200,9878,2008,0.0,0.0,-0.01135,-0.8057350000000001,SPM,920992
31845567,200,9879,2008,0.0,0.0,-0.01135,-0.8057350000000001,SPM,920993
31852093,200,9880,2008,0.0,0.0,-0.01135,-0.8057350000000001,SPM,920994
31858619,200,9881,2008,0.0,1.9554547129127796e-09,-0.01135,-0.8057350000000001,SPM,920999
31865145,200,9882,2008,0.0,0.0,-0.01135,-0.8057350000000001,SPM,930100
31871671,200,9883,2008,0.0,0.0,-0.01135,-0.8057350000000001,SPM,930200
31878197,200,9884,2008,0.0,0.0,-0.01135,-0.8057350000000001,SPM,930310
31884723,200,9885,2008,0.0,3.422377180599553e-09,-0.01135,-0.8057350000000001,SPM,930320
31891249,200,9886,2008,0.0,0.0,-0.01135,-0.8057350000000001,SPM,930330
31897775,200,9887,2008,0.0,1.9554547129127796e-09,-0.01135,-0.8057350000000001,SPM,930390
31904301,200,9888,2008,0.0,0.0,-0.01135,-0.8057350000000001,SPM,930400
31910827,200,9889,2008,0.0,0.0,-0.01135,-0.8057350000000001,SPM,930510
31917353,200,9890,2008,0.0,0.0,-0.01135,-0.8057350000000001,SPM,930521
31923879,200,9891,2008,0.0,0.0,-0.01135,-0.8057350000000001,SPM,930529
31930405,200,9892,2008,0.0,0.0,-0.01135,-0.8057350000000001,SPM,930590
31936931,200,9893,2008,0.0,0.0,-0.01135,-0.8057350000000001,SPM,930610
31943457,200,9894,2008,0.0,2.665715636602964e-09,-0.01135,-0.8057350000000001,SPM,930621
31949983,200,9895,2008,0.0,0.0,-0.01135,-0.8057350000000001,SPM,930629
31956509,200,9896,2008,0.0,0.0,-0.01135,-0.8057350000000001,SPM,930630
31963035,200,9897,2008,0.0,0.0,-0.01135,-0.8057350000000001,SPM,930690
31969561,200,9898,2008,0.0,0.0,-0.01135,-0.8057350000000001,SPM,930700
31976087,200,9899,2008,0.0,0.0,-0.01135,-0.8057350000000001,SPM,940110
31982613,200,9900,2008,0.0,0.0,-0.01135,-0.8057350000000001,SPM,940120
31989139,200,9901,2008,0.0,3.911240858827748e-09,-0.01135,-0.8057350000000001,SPM,940130
31995665,200,9902,2008,0.0,2.933513502371358e-09,-0.01135,-0.8057350000000001,SPM,940140
32002191,200,9903,2008,0.0,0.0,-0.01135,-0.8057350000000001,SPM,940150
32008717,200,9904,2008,0.0,6.7622275436541435e-09,-0.01135,-0.8057350000000001,SPM,940161
32015243,200,9905,2008,0.0,4.789206881625368e-10,-0.01135,-0.8057350000000001,SPM,940169
32021769,200,9906,2008,0.0,3.911240858827748e-09,-0.01135,-0.8057350000000001,SPM,940171
32028295,200,9907,2008,0.0,1.9554547129127796e-09,-0.01135,-0.8057350000000001,SPM,940179
32034821,200,9908,2008,0.0,1.2351182259560618e-08,-0.01135,-0.8057350000000001,SPM,940180
32041347,200,9909,2008,0.0,0.0,-0.01135,-0.8057350000000001,SPM,940190
32047873,200,9910,2008,0.0,6.771176234713236e-10,-0.01135,-0.8057350000000001,SPM,940210
32054399,200,9911,2008,0.0,2.982300440293521e-08,-0.01135,-0.8057350000000001,SPM,940290
32060925,200,9912,2008,0.0,4.285428718298685e-10,-0.01135,-0.8057350000000001,SPM,940310
32067451,200,9913,2008,0.0,6.765873306678218e-09,-0.01135,-0.8057350000000001,SPM,940320
32073977,200,9914,2008,7.770778787182264e-09,3.422377180599553e-09,-0.01135,-0.8057350000000001,SPM,940330
32080503,200,9915,2008,0.0,1.4546925899060138e-08,-0.01135,-0.8057350000000001,SPM,940340
32087029,200,9916,2008,4.662527879717127e-09,5.892878778913428e-09,-0.01135,-0.8057350000000001,SPM,940350
32093555,200,9917,2008,2.2667988705844038e-07,2.9560509465201836e-07,-0.01135,-0.8057350000000001,SPM,940360
32100081,200,9918,2008,0.0,1.4665910346845848e-09,-0.01135,-0.8057350000000001,SPM,940370
32106607,200,9919,2008,0.0,3.852378357639052e-08,-0.01135,-0.8057350000000001,SPM,940380
32113133,200,9920,2008,4.429401485731271e-08,2.933513502371358e-09,-0.01135,-0.8057350000000001,SPM,940390
32119659,200,9921,2008,0.0,0.0,-0.01135,-0.8057350000000001,SPM,940410
32126185,200,9922,2008,0.0,4.888968215284138e-09,-0.01135,-0.8057350000000001,SPM,940421
32132711,200,9923,2008,0.0,2.6990577966231378e-08,-0.01135,-0.8057350000000001,SPM,940429
32139237,200,9924,2008,0.0,0.0,-0.01135,-0.8057350000000001,SPM,940430
32145763,200,9925,2008,0.0,1.6821219160078357e-08,-0.01135,-0.8057350000000001,SPM,940490
32152289,200,9926,2008,0.0,1.465596735678019e-09,-0.01135,-0.8057350000000001,SPM,940510
32158815,200,9927,2008,0.0,2.1022795328823325e-08,-0.01135,-0.8057350000000001,SPM,940520
32165341,200,9928,2008,0.0,0.0,-0.01135,-0.8057350000000001,SPM,940530
32171867,200,9929,2008,0.0,1.5643637703302237e-08,-0.01135,-0.8057350000000001,SPM,940540
32178393,200,9930,2008,0.0,2.06714763465034e-09,-0.01135,-0.8057350000000001,SPM,940550
32184919,200,9931,2008,0.0,9.777273564563898e-10,-0.01135,-0.8057350000000001,SPM,940560
32191445,200,9932,2008,0.0,0.0,-0.01135,-0.8057350000000001,SPM,940591
32197971,200,9933,2008,0.0,0.0,-0.01135,-0.8057350000000001,SPM,940592
32204497,200,9934,2008,0.0,0.0,-0.01135,-0.8057350000000001,SPM,940599
32211023,200,9935,2008,0.0,4.9766322443630244e-08,-0.01135,-0.8057350000000001,SPM,940600
32217549,200,9936,2008,0.0,0.0,-0.01135,-0.8057350000000001,SPM,950100
32224075,200,9937,2008,0.0,0.0,-0.01135,-0.8057350000000001,SPM,950210
32230601,200,9938,2008,0.0,0.0,-0.01135,-0.8057350000000001,SPM,950291
32237127,200,9939,2008,0.0,0.0,-0.01135,-0.8057350000000001,SPM,950299
32243653,200,9940,2008,0.0,0.0,-0.01135,-0.8057350000000001,SPM,950310
32250179,200,9941,2008,0.0,0.0,-0.01135,-0.8057350000000001,SPM,950320
32256705,200,9942,2008,0.0,0.0,-0.01135,-0.8057350000000001,SPM,950330
32263231,200,9943,2008,0.0,0.0,-0.01135,-0.8057350000000001,SPM,950341
32269757,200,9944,2008,0.0,0.0,-0.01135,-0.8057350000000001,SPM,950349
32276283,200,9945,2008,0.0,0.0,-0.01135,-0.8057350000000001,SPM,950350
32282809,200,9946,2008,0.0,0.0,-0.01135,-0.8057350000000001,SPM,950360
32289335,200,9947,2008,0.0,0.0,-0.01135,-0.8057350000000001,SPM,950370
32295861,200,9948,2008,0.0,0.0,-0.01135,-0.8057350000000001,SPM,950380
32302387,200,9949,2008,0.0,1.0313996168308129e-07,-0.01135,-0.8057350000000001,SPM,950390
32308913,200,9950,2008,0.0,8.115766781292194e-08,-0.01135,-0.8057350000000001,SPM,950410
32315439,200,9951,2008,0.0,0.0,-0.01135,-0.8057350000000001,SPM,950420
32321965,200,9952,2008,0.0,0.0,-0.01135,-0.8057350000000001,SPM,950430
32328491,200,9953,2008,0.0,9.777273564563898e-10,-0.01135,-0.8057350000000001,SPM,950440
32335017,200,9954,2008,0.0,1.760041814822377e-08,-0.01135,-0.8057350000000001,SPM,950490
32341543,200,9955,2008,0.0,1.856919681362107e-08,-0.01135,-0.8057350000000001,SPM,950510
32348069,200,9956,2008,0.0,9.777273564563898e-10,-0.01135,-0.8057350000000001,SPM,950590
32354595,200,9957,2008,0.0,0.0,-0.01135,-0.8057350000000001,SPM,950611
32361121,200,9958,2008,0.0,0.0,-0.01135,-0.8057350000000001,SPM,950612
32367647,200,9959,2008,0.0,9.777273564563898e-10,-0.01135,-0.8057350000000001,SPM,950619
32374173,200,9960,2008,0.0,0.0,-0.01135,-0.8057350000000001,SPM,950621
32380699,200,9961,2008,0.0,7.333618039427301e-09,-0.01135,-0.8057350000000001,SPM,950629
32387225,200,9962,2008,0.0,0.0,-0.01135,-0.8057350000000001,SPM,950631
32393751,200,9963,2008,0.0,0.0,-0.01135,-0.8057350000000001,SPM,950632
32400277,200,9964,2008,0.0,0.0,-0.01135,-0.8057350000000001,SPM,950639
32406803,200,9965,2008,0.0,0.0,-0.01135,-0.8057350000000001,SPM,950640
32413329,200,9966,2008,0.0,0.0,-0.01135,-0.8057350000000001,SPM,950651
32419855,200,9967,2008,0.0,0.0,-0.01135,-0.8057350000000001,SPM,950659
32426381,200,9968,2008,0.0,0.0,-0.01135,-0.8057350000000001,SPM,950661
32432907,200,9969,2008,0.0,0.0,-0.01135,-0.8057350000000001,SPM,950662
32439433,200,9970,2008,0.0,0.0,-0.01135,-0.8057350000000001,SPM,950669
32445959,200,9971,2008,0.0,9.31326736149985e-10,-0.01135,-0.8057350000000001,SPM,950670
32452485,200,9972,2008,0.0,2.933513502371358e-09,-0.01135,-0.8057350000000001,SPM,950691
32459011,200,9973,2008,0.0,3.284666768190187e-08,-0.01135,-0.8057350000000001,SPM,950699
32465537,200,9974,2008,0.0,0.0,-0.01135,-0.8057350000000001,SPM,950710
32472063,200,9975,2008,0.0,0.0,-0.01135,-0.8057350000000001,SPM,950720
32478589,200,9976,2008,0.0,0.0,-0.01135,-0.8057350000000001,SPM,950730
32485115,200,9977,2008,0.0,1.9554547129127796e-09,-0.01135,-0.8057350000000001,SPM,950790
32491641,200,9978,2008,0.0,0.0,-0.01135,-0.8057350000000001,SPM,950800
32498167,200,9979,2008,0.0,0.0,-0.01135,-0.8057350000000001,SPM,960110
32504693,200,9980,2008,0.0,0.0,-0.01135,-0.8057350000000001,SPM,960190
32511219,200,9981,2008,3.8849348380328594e-10,0.0,-0.01135,-0.8057350000000001,SPM,960200
32517745,200,9982,2008,0.0,9.333153341631166e-10,-0.01135,-0.8057350000000001,SPM,960310
32524271,200,9983,2008,0.0,1.15371828061854e-09,-0.01135,-0.8057350000000001,SPM,960321
32530797,200,9984,2008,0.0,0.0,-0.01135,-0.8057350000000001,SPM,960329
32537323,200,9985,2008,0.0,0.0,-0.01135,-0.8057350000000001,SPM,960330
32543849,200,9986,2008,0.0,6.23723766818739e-09,-0.01135,-0.8057350000000001,SPM,960340
32550375,200,9987,2008,0.0,3.926818209930613e-09,-0.01135,-0.8057350000000001,SPM,960350
32556901,200,9988,2008,0.0,5.551502786659163e-10,-0.01135,-0.8057350000000001,SPM,960390
32563427,200,9989,2008,0.0,0.0,-0.01135,-0.8057350000000001,SPM,960400
32569953,200,9990,2008,0.0,0.0,-0.01135,-0.8057350000000001,SPM,960500
32576479,200,9991,2008,0.0,0.0,-0.01135,-0.8057350000000001,SPM,960610
32583005,200,9992,2008,0.0,0.0,-0.01135,-0.8057350000000001,SPM,960621
32589531,200,9993,2008,0.0,0.0,-0.01135,-0.8057350000000001,SPM,960622
32596057,200,9994,2008,0.0,0.0,-0.01135,-0.8057350000000001,SPM,960629
32602583,200,9995,2008,0.0,0.0,-0.01135,-0.8057350000000001,SPM,960630
32609109,200,9996,2008,0.0,0.0,-0.01135,-0.8057350000000001,SPM,960711
32615635,200,9997,2008,0.0,0.0,-0.01135,-0.8057350000000001,SPM,960719
32622161,200,9998,2008,0.0,0.0,-0.01135,-0.8057350000000001,SPM,960720
32628687,200,9999,2008,0.0,3.876440393597945e-09,-0.01135,-0.8057350000000001,SPM,960810
32635213,200,10000,2008,0.0,0.0,-0.01135,-0.8057350000000001,SPM,960820
32641739,200,10001,2008,0.0,0.0,-0.01135,-0.8057350000000001,SPM,960831
32648265,200,10002,2008,0.0,4.888636782281949e-10,-0.01135,-0.8057350000000001,SPM,960839
32654791,200,10003,2008,0.0,0.0,-0.01135,-0.8057350000000001,SPM,960840
32661317,200,10004,2008,0.0,0.0,-0.01135,-0.8057350000000001,SPM,960850
32667843,200,10005,2008,0.0,0.0,-0.01135,-0.8057350000000001,SPM,960860
32674369,200,10006,2008,0.0,0.0,-0.01135,-0.8057350000000001,SPM,960891
32680895,200,10007,2008,0.0,0.0,-0.01135,-0.8057350000000001,SPM,960899
32687421,200,10008,2008,0.0,0.0,-0.01135,-0.8057350000000001,SPM,960910
32693947,200,10009,2008,0.0,0.0,-0.01135,-0.8057350000000001,SPM,960920
32700473,200,10010,2008,0.0,0.0,-0.01135,-0.8057350000000001,SPM,960990
32706999,200,10011,2008,0.0,0.0,-0.01135,-0.8057350000000001,SPM,961000
32713525,200,10012,2008,0.0,0.0,-0.01135,-0.8057350000000001,SPM,961100
32720051,200,10013,2008,0.0,0.0,-0.01135,-0.8057350000000001,SPM,961210
32726577,200,10014,2008,0.0,0.0,-0.01135,-0.8057350000000001,SPM,961220
32733103,200,10015,2008,0.0,0.0,-0.01135,-0.8057350000000001,SPM,961310
32739629,200,10016,2008,0.0,0.0,-0.01135,-0.8057350000000001,SPM,961320
32746155,200,10017,2008,0.0,0.0,-0.01135,-0.8057350000000001,SPM,961330
32752681,200,10018,2008,0.0,0.0,-0.01135,-0.8057350000000001,SPM,961380
32759207,200,10019,2008,0.0,0.0,-0.01135,-0.8057350000000001,SPM,961390
32765733,200,10020,2008,0.0,0.0,-0.01135,-0.8057350000000001,SPM,961410
32772259,200,10021,2008,0.0,0.0,-0.01135,-0.8057350000000001,SPM,961420
32778785,200,10022,2008,0.0,0.0,-0.01135,-0.8057350000000001,SPM,961490
32785311,200,10023,2008,0.0,0.0,-0.01135,-0.8057350000000001,SPM,961511
32791837,200,10024,2008,0.0,0.0,-0.01135,-0.8057350000000001,SPM,961519
32798363,200,10025,2008,0.0,0.0,-0.01135,-0.8057350000000001,SPM,961590
32804889,200,10026,2008,0.0,0.0,-0.01135,-0.8057350000000001,SPM,961610
32811415,200,10027,2008,0.0,0.0,-0.01135,-0.8057350000000001,SPM,961620
32817941,200,10028,2008,0.0,0.0,-0.01135,-0.8057350000000001,SPM,961700
32824467,200,10029,2008,0.0,0.0,-0.01135,-0.8057350000000001,SPM,961800
32830993,200,10030,2008,0.0,0.0,-0.01135,-0.8057350000000001,SPM,970110
32837519,200,10031,2008,0.0,0.0,-0.01135,-0.8057350000000001,SPM,970190
32844045,200,10032,2008,0.0,0.0,-0.01135,-0.8057350000000001,SPM,970200
32850571,200,10033,2008,0.0,0.0,-0.01135,-0.8057350000000001,SPM,970300
32857097,200,10034,2008,0.0,0.0,-0.01135,-0.8057350000000001,SPM,970400
32863623,200,10035,2008,0.0,0.0,-0.01135,-0.8057350000000001,SPM,970500
32870149,200,10036,2008,0.0,0.0,-0.01135,-0.8057350000000001,SPM,970600
32876675,200,10037,2008,2.2955055692744857e-09,3.839737502935578e-07,-0.01135,-0.8057350000000001,SPM,999999
32883201,200,10038,2008,0.0,0.0,-0.01135,-0.8057350000000001,SPM,9999AA
32889727,200,10039,2008,0.0,0.0,-0.01135,-0.8057350000000001,SPM,XXXXXX
