,location_id,product_id,year,export_value,import_value,hs_eci,hs_coi,location_code,hs_product_code
2420,93,5000,1997,1.3095745633821374e-08,5.458171253242851e-08,-0.310042,0.2096,GTM,010111
8946,93,5001,1997,8.13957486346042e-09,1.879987418314434e-08,-0.310042,0.2096,GTM,010119
15472,93,5002,1997,0.0,0.0,-0.310042,0.2096,GTM,010120
21998,93,5003,1997,1.0133467667969376e-07,3.524458545273644e-09,-0.310042,0.2096,GTM,010210
28524,93,5004,1997,3.350832057063053e-08,1.2934239197010817e-07,-0.310042,0.2096,GTM,010290
35050,93,5005,1997,0.0,3.095849386843338e-08,-0.310042,0.2096,GTM,010310
41576,93,5006,1997,0.0,0.0,-0.310042,0.2096,GTM,010391
48102,93,5007,1997,0.0,4.398115939042811e-10,-0.310042,0.2096,GTM,010392
54628,93,5008,1997,3.651596318119809e-10,1.9067340615910546e-09,-0.310042,0.2096,GTM,010410
61154,93,5009,1997,0.0,1.2246449430869019e-09,-0.310042,0.2096,GTM,010420
67680,93,5010,1997,2.1175228252478214e-07,1.0921168170997568e-06,-0.310042,0.2096,GTM,010511
74206,93,5011,1997,9.548394057065316e-09,1.3343824101115496e-08,-0.310042,0.2096,GTM,010519
80732,93,5012,1997,0.0,3.143244306156309e-08,-0.310042,0.2096,GTM,010591
87258,93,5013,1997,1.899739196538845e-09,2.9182675842706823e-09,-0.310042,0.2096,GTM,010599
93784,93,5014,1997,1.0401352410311111e-07,1.7781049134416563e-08,-0.310042,0.2096,GTM,010600
100310,93,5015,1997,1.9194366040639726e-09,1.4257584888149484e-08,-0.310042,0.2096,GTM,020110
106836,93,5016,1997,0.0,7.787714395725911e-08,-0.310042,0.2096,GTM,020120
113362,93,5017,1997,2.8195657027768653e-07,6.92106018129299e-07,-0.310042,0.2096,GTM,020130
119888,93,5018,1997,6.333777148964492e-09,2.6351575138011744e-08,-0.310042,0.2096,GTM,020210
126414,93,5019,1997,1.6751887507523906e-09,8.414951352367849e-08,-0.310042,0.2096,GTM,020220
132940,93,5020,1997,1.1981720871607925e-07,7.474891356610194e-07,-0.310042,0.2096,GTM,020230
139466,93,5021,1997,0.0,9.277273737462166e-08,-0.310042,0.2096,GTM,020311
145992,93,5022,1997,2.9727933511000273e-10,2.5024185964246375e-08,-0.310042,0.2096,GTM,020312
152518,93,5023,1997,1.966407345085431e-09,2.5788139034291113e-08,-0.310042,0.2096,GTM,020319
159044,93,5024,1997,0.0,3.162865139885874e-08,-0.310042,0.2096,GTM,020321
165570,93,5025,1997,0.0,5.0398696611806103e-08,-0.310042,0.2096,GTM,020322
172096,93,5026,1997,0.0,4.0262812538874136e-08,-0.310042,0.2096,GTM,020329
178622,93,5027,1997,0.0,3.543018793396206e-09,-0.310042,0.2096,GTM,020410
185148,93,5028,1997,0.0,0.0,-0.310042,0.2096,GTM,020421
191674,93,5029,1997,0.0,3.801536535103319e-10,-0.310042,0.2096,GTM,020422
198200,93,5030,1997,0.0,7.575232698022795e-09,-0.310042,0.2096,GTM,020423
204726,93,5031,1997,0.0,0.0,-0.310042,0.2096,GTM,020430
211252,93,5032,1997,0.0,0.0,-0.310042,0.2096,GTM,020441
217778,93,5033,1997,0.0,5.494827743284911e-09,-0.310042,0.2096,GTM,020442
224304,93,5034,1997,0.0,2.1433772251537196e-09,-0.310042,0.2096,GTM,020443
230830,93,5035,1997,0.0,0.0,-0.310042,0.2096,GTM,020450
237356,93,5036,1997,0.0,0.0,-0.310042,0.2096,GTM,020500
243882,93,5037,1997,0.0,7.50470375515706e-08,-0.310042,0.2096,GTM,020610
250408,93,5038,1997,0.0,0.0,-0.310042,0.2096,GTM,020621
256934,93,5039,1997,0.0,8.690173317385269e-10,-0.310042,0.2096,GTM,020622
263460,93,5040,1997,0.0,2.377368924698876e-09,-0.310042,0.2096,GTM,020629
269986,93,5041,1997,0.0,3.536390133352434e-10,-0.310042,0.2096,GTM,020630
276512,93,5042,1997,0.0,5.620772284116582e-09,-0.310042,0.2096,GTM,020641
283038,93,5043,1997,0.0,2.1535886759511506e-07,-0.310042,0.2096,GTM,020649
289564,93,5044,1997,0.0,0.0,-0.310042,0.2096,GTM,020680
296090,93,5045,1997,0.0,3.7673989358778925e-09,-0.310042,0.2096,GTM,020690
302616,93,5046,1997,2.413386977386403e-09,1.1666441677038957e-07,-0.310042,0.2096,GTM,020710
309142,93,5047,1997,4.936567304317868e-07,1.0867190992261132e-07,-0.310042,0.2096,GTM,020721
315668,93,5048,1997,5.744370108404905e-09,1.1639363600760148e-07,-0.310042,0.2096,GTM,020722
322194,93,5049,1997,0.0,5.734453803867274e-09,-0.310042,0.2096,GTM,020723
328720,93,5050,1997,0.0,0.0,-0.310042,0.2096,GTM,020731
335246,93,5051,1997,4.187699143546013e-08,7.888072308788621e-08,-0.310042,0.2096,GTM,020739
341772,93,5052,1997,9.540515094055266e-09,2.9369388624489774e-06,-0.310042,0.2096,GTM,020741
348298,93,5053,1997,0.0,1.2955417765850668e-07,-0.310042,0.2096,GTM,020742
354824,93,5054,1997,0.0,1.6584907429517881e-09,-0.310042,0.2096,GTM,020743
361350,93,5055,1997,0.0,0.0,-0.310042,0.2096,GTM,020750
367876,93,5056,1997,2.915519350757733e-09,4.770845493304119e-08,-0.310042,0.2096,GTM,020810
374402,93,5057,1997,0.0,0.0,-0.310042,0.2096,GTM,020820
380928,93,5058,1997,6.03952818424297e-10,2.0251385016229344e-07,-0.310042,0.2096,GTM,020890
387454,93,5059,1997,1.2112390442759233e-09,2.2828144035044886e-07,-0.310042,0.2096,GTM,020900
393980,93,5060,1997,0.0,5.8242721474603864e-09,-0.310042,0.2096,GTM,021011
400506,93,5061,1997,0.0,2.571562149341225e-07,-0.310042,0.2096,GTM,021012
407032,93,5062,1997,0.0,5.70123427405791e-07,-0.310042,0.2096,GTM,021019
413558,93,5063,1997,0.0,2.8430322927738686e-09,-0.310042,0.2096,GTM,021020
420084,93,5064,1997,0.0,5.8174777709155195e-08,-0.310042,0.2096,GTM,021090
426610,93,5065,1997,0.0,2.5721521000851202e-08,-0.310042,0.2096,GTM,030110
433136,93,5066,1997,0.0,4.043151193698814e-09,-0.310042,0.2096,GTM,030191
439662,93,5067,1997,0.0,0.0,-0.310042,0.2096,GTM,030192
446188,93,5068,1997,0.0,0.0,-0.310042,0.2096,GTM,030193
452714,93,5069,1997,0.0,6.78443355480078e-10,-0.310042,0.2096,GTM,030199
459240,93,5070,1997,0.0,4.573775430202773e-10,-0.310042,0.2096,GTM,030211
465766,93,5071,1997,6.60923781727743e-10,1.5242603770654023e-09,-0.310042,0.2096,GTM,030212
472292,93,5072,1997,7.25470671002392e-10,1.787219321001843e-08,-0.310042,0.2096,GTM,030219
478818,93,5073,1997,0.0,0.0,-0.310042,0.2096,GTM,030221
485344,93,5074,1997,0.0,0.0,-0.310042,0.2096,GTM,030222
491870,93,5075,1997,0.0,0.0,-0.310042,0.2096,GTM,030223
498396,93,5076,1997,4.330399285139591e-10,0.0,-0.310042,0.2096,GTM,030229
504922,93,5077,1997,0.0,1.7887439128119106e-09,-0.310042,0.2096,GTM,030231
511448,93,5078,1997,0.0,0.0,-0.310042,0.2096,GTM,030232
517974,93,5079,1997,0.0,0.0,-0.310042,0.2096,GTM,030233
524500,93,5080,1997,9.843552132903383e-09,4.746120591340848e-10,-0.310042,0.2096,GTM,030239
531026,93,5081,1997,0.0,0.0,-0.310042,0.2096,GTM,030240
537552,93,5082,1997,0.0,0.0,-0.310042,0.2096,GTM,030250
544078,93,5083,1997,0.0,0.0,-0.310042,0.2096,GTM,030261
550604,93,5084,1997,0.0,0.0,-0.310042,0.2096,GTM,030262
557130,93,5085,1997,0.0,0.0,-0.310042,0.2096,GTM,030263
563656,93,5086,1997,0.0,0.0,-0.310042,0.2096,GTM,030264
570182,93,5087,1997,0.0,0.0,-0.310042,0.2096,GTM,030265
576708,93,5088,1997,0.0,3.254672081492118e-10,-0.310042,0.2096,GTM,030266
583234,93,5089,1997,8.997115136733599e-07,1.984653960405596e-08,-0.310042,0.2096,GTM,030269
589760,93,5090,1997,0.0,8.879090128632774e-10,-0.310042,0.2096,GTM,030270
596286,93,5091,1997,0.0,0.0,-0.310042,0.2096,GTM,030310
602812,93,5092,1997,0.0,3.045869290113296e-10,-0.310042,0.2096,GTM,030321
609338,93,5093,1997,0.0,5.0749021295119466e-09,-0.310042,0.2096,GTM,030322
615864,93,5094,1997,0.0,3.524458545273644e-09,-0.310042,0.2096,GTM,030329
622390,93,5095,1997,0.0,0.0,-0.310042,0.2096,GTM,030331
628916,93,5096,1997,0.0,0.0,-0.310042,0.2096,GTM,030332
635442,93,5097,1997,0.0,0.0,-0.310042,0.2096,GTM,030333
641968,93,5098,1997,0.0,5.259841744733189e-10,-0.310042,0.2096,GTM,030339
648494,93,5099,1997,0.0,0.0,-0.310042,0.2096,GTM,030341
655020,93,5100,1997,0.0,0.0,-0.310042,0.2096,GTM,030342
661546,93,5101,1997,0.0,0.0,-0.310042,0.2096,GTM,030343
668072,93,5102,1997,0.0,5.564760106746707e-10,-0.310042,0.2096,GTM,030349
674598,93,5103,1997,0.0,0.0,-0.310042,0.2096,GTM,030350
681124,93,5104,1997,0.0,9.867091908157011e-09,-0.310042,0.2096,GTM,030360
687650,93,5105,1997,0.0,1.0085506256599303e-09,-0.310042,0.2096,GTM,030371
694176,93,5106,1997,0.0,0.0,-0.310042,0.2096,GTM,030372
700702,93,5107,1997,0.0,0.0,-0.310042,0.2096,GTM,030373
707228,93,5108,1997,0.0,0.0,-0.310042,0.2096,GTM,030374
713754,93,5109,1997,0.0,8.067079273270688e-09,-0.310042,0.2096,GTM,030375
720280,93,5110,1997,0.0,0.0,-0.310042,0.2096,GTM,030376
726806,93,5111,1997,1.2806345261721422e-09,4.819035851822342e-10,-0.310042,0.2096,GTM,030377
733332,93,5112,1997,0.0,1.209399024986226e-09,-0.310042,0.2096,GTM,030378
739858,93,5113,1997,9.363844500406813e-09,3.475737893951919e-09,-0.310042,0.2096,GTM,030379
746384,93,5114,1997,0.0,0.0,-0.310042,0.2096,GTM,030380
752910,93,5115,1997,1.0632054507986184e-08,1.2913557777674247e-07,-0.310042,0.2096,GTM,030410
759436,93,5116,1997,3.837964097011401e-08,2.447798437663955e-08,-0.310042,0.2096,GTM,030420
765962,93,5117,1997,3.994028172018181e-10,2.0081525602607682e-08,-0.310042,0.2096,GTM,030490
772488,93,5118,1997,0.0,2.7025046998458995e-09,-0.310042,0.2096,GTM,030510
779014,93,5119,1997,0.0,0.0,-0.310042,0.2096,GTM,030520
785540,93,5120,1997,0.0,1.1926285150754825e-08,-0.310042,0.2096,GTM,030530
792066,93,5121,1997,0.0,1.4005364373483955e-08,-0.310042,0.2096,GTM,030541
798592,93,5122,1997,0.0,0.0,-0.310042,0.2096,GTM,030542
805118,93,5123,1997,6.251654111436652e-10,5.502119269333061e-09,-0.310042,0.2096,GTM,030549
811644,93,5124,1997,0.0,1.874253627376571e-09,-0.310042,0.2096,GTM,030551
818170,93,5125,1997,8.275517279087686e-08,2.1277335874504175e-08,-0.310042,0.2096,GTM,030559
824696,93,5126,1997,0.0,0.0,-0.310042,0.2096,GTM,030561
831222,93,5127,1997,0.0,1.1742671267542336e-09,-0.310042,0.2096,GTM,030562
837748,93,5128,1997,0.0,0.0,-0.310042,0.2096,GTM,030563
844274,93,5129,1997,0.0,0.0,-0.310042,0.2096,GTM,030569
850800,93,5130,1997,1.1291308555629874e-06,6.56303630933879e-09,-0.310042,0.2096,GTM,030611
857326,93,5131,1997,0.0,0.0,-0.310042,0.2096,GTM,030612
863852,93,5132,1997,7.143922126324786e-06,1.0478121790991926e-07,-0.310042,0.2096,GTM,030613
870378,93,5133,1997,0.0,6.828447857491427e-08,-0.310042,0.2096,GTM,030614
876904,93,5134,1997,0.0,1.7383660964792423e-09,-0.310042,0.2096,GTM,030619
883430,93,5135,1997,0.0,2.7177506179465753e-09,-0.310042,0.2096,GTM,030621
889956,93,5136,1997,0.0,0.0,-0.310042,0.2096,GTM,030622
896482,93,5137,1997,5.839220701564365e-09,1.582393725649284e-08,-0.310042,0.2096,GTM,030623
903008,93,5138,1997,0.0,8.10718266653551e-09,-0.310042,0.2096,GTM,030624
909534,93,5139,1997,4.255852173582954e-09,9.074635599924053e-10,-0.310042,0.2096,GTM,030629
916060,93,5140,1997,0.0,3.262623159214623e-07,-0.310042,0.2096,GTM,030710
922586,93,5141,1997,0.0,0.0,-0.310042,0.2096,GTM,030721
929112,93,5142,1997,0.0,1.0957175052355339e-09,-0.310042,0.2096,GTM,030729
935638,93,5143,1997,0.0,2.3021336332020625e-09,-0.310042,0.2096,GTM,030731
942164,93,5144,1997,0.0,3.390095606186383e-08,-0.310042,0.2096,GTM,030739
948690,93,5145,1997,0.0,1.4316911395541245e-08,-0.310042,0.2096,GTM,030741
955216,93,5146,1997,0.0,1.459896088040375e-08,-0.310042,0.2096,GTM,030749
961742,93,5147,1997,0.0,1.3763418281886271e-08,-0.310042,0.2096,GTM,030751
968268,93,5148,1997,0.0,1.3570524274612504e-08,-0.310042,0.2096,GTM,030759
974794,93,5149,1997,0.0,5.955851049329263e-10,-0.310042,0.2096,GTM,030760
981320,93,5150,1997,0.0,5.726665128315841e-08,-0.310042,0.2096,GTM,030791
987846,93,5151,1997,2.6446042380275167e-09,1.6626999420795834e-08,-0.310042,0.2096,GTM,030799
994372,93,5152,1997,0.0,7.431735465395217e-07,-0.310042,0.2096,GTM,040110
1000898,93,5153,1997,0.0,5.874613506162813e-07,-0.310042,0.2096,GTM,040120
1007424,93,5154,1997,0.0,1.8239420976443406e-07,-0.310042,0.2096,GTM,040130
1013950,93,5155,1997,5.6527317078572344e-08,1.4432836716716755e-06,-0.310042,0.2096,GTM,040210
1020476,93,5156,1997,2.1723270737235033e-07,9.730254821708412e-06,-0.310042,0.2096,GTM,040221
1027002,93,5157,1997,0.0,3.494709781863199e-06,-0.310042,0.2096,GTM,040229
1033528,93,5158,1997,1.4681841495152418e-08,3.062732601264652e-07,-0.310042,0.2096,GTM,040291
1040054,93,5159,1997,0.0,5.968110756080219e-07,-0.310042,0.2096,GTM,040299
1046580,93,5160,1997,5.202539882944471e-09,1.4388998073517267e-07,-0.310042,0.2096,GTM,040310
1053106,93,5161,1997,4.643133509230848e-09,1.1378525828037715e-07,-0.310042,0.2096,GTM,040390
1059632,93,5162,1997,1.608793335540768e-08,2.390059494352678e-07,-0.310042,0.2096,GTM,040410
1066158,93,5163,1997,1.3411510228301112e-08,1.5388798867919418e-07,-0.310042,0.2096,GTM,040490
1072684,93,5164,1997,3.1355545446653506e-08,4.335292813477961e-07,-0.310042,0.2096,GTM,040500
1079210,93,5165,1997,6.165288555364939e-09,2.946737679158684e-07,-0.310042,0.2096,GTM,040610
1085736,93,5166,1997,1.0402655469578158e-08,3.2065049232840477e-07,-0.310042,0.2096,GTM,040620
1092262,93,5167,1997,0.0,6.737363439829954e-07,-0.310042,0.2096,GTM,040630
1098788,93,5168,1997,0.0,1.1683013327148387e-09,-0.310042,0.2096,GTM,040640
1105314,93,5169,1997,7.625745260389555e-08,5.435696781364442e-07,-0.310042,0.2096,GTM,040690
1111840,93,5170,1997,3.7879175300456347e-07,1.3280089534794627e-07,-0.310042,0.2096,GTM,040700
1118366,93,5171,1997,0.0,2.0970428914477525e-08,-0.310042,0.2096,GTM,040811
1124892,93,5172,1997,0.0,2.02439277736801e-09,-0.310042,0.2096,GTM,040819
1131418,93,5173,1997,0.0,9.180694160624407e-10,-0.310042,0.2096,GTM,040891
1137944,93,5174,1997,0.0,4.947234137068895e-08,-0.310042,0.2096,GTM,040899
1144470,93,5175,1997,7.367333455882211e-07,5.050044654347801e-08,-0.310042,0.2096,GTM,040900
1150996,93,5176,1997,6.748937892186412e-09,2.6336992085915445e-08,-0.310042,0.2096,GTM,041000
1157522,93,5177,1997,0.0,0.0,-0.310042,0.2096,GTM,050100
1164048,93,5178,1997,0.0,2.706763613924023e-07,-0.310042,0.2096,GTM,050210
1170574,93,5179,1997,0.0,0.0,-0.310042,0.2096,GTM,050290
1177100,93,5180,1997,0.0,0.0,-0.310042,0.2096,GTM,050300
1183626,93,5181,1997,0.0,1.2446469247689844e-07,-0.310042,0.2096,GTM,050400
1190152,93,5182,1997,0.0,3.3242730119517257e-09,-0.310042,0.2096,GTM,050510
1196678,93,5183,1997,4.051605209399324e-10,2.5125935895918277e-09,-0.310042,0.2096,GTM,050590
1203204,93,5184,1997,0.0,1.2657426353582892e-09,-0.310042,0.2096,GTM,050610
1209730,93,5185,1997,0.0,3.528767174302096e-09,-0.310042,0.2096,GTM,050690
1216256,93,5186,1997,0.0,0.0,-0.310042,0.2096,GTM,050710
1222782,93,5187,1997,0.0,0.0,-0.310042,0.2096,GTM,050790
1229308,93,5188,1997,0.0,5.4792503921820466e-09,-0.310042,0.2096,GTM,050800
1235834,93,5189,1997,6.291048926486907e-10,4.240353830001035e-09,-0.310042,0.2096,GTM,050900
1242360,93,5190,1997,1.7422811511533635e-08,1.1842101168198918e-09,-0.310042,0.2096,GTM,051000
1248886,93,5191,1997,1.0405988877005488e-08,3.7959684606665507e-08,-0.310042,0.2096,GTM,051110
1255412,93,5192,1997,0.0,2.72371641198597e-09,-0.310042,0.2096,GTM,051191
1261938,93,5193,1997,0.0,4.38479233235483e-08,-0.310042,0.2096,GTM,051199
1268464,93,5194,1997,4.0440292834281204e-09,2.890062635784432e-08,-0.310042,0.2096,GTM,060110
1274990,93,5195,1997,3.36340809417525e-09,2.7293507730231766e-09,-0.310042,0.2096,GTM,060120
1281516,93,5196,1997,2.240058882276446e-06,7.236044163582976e-08,-0.310042,0.2096,GTM,060210
1288042,93,5197,1997,2.9288378286151077e-07,1.810134598773163e-07,-0.310042,0.2096,GTM,060220
1294568,93,5198,1997,0.0,9.993699314993059e-09,-0.310042,0.2096,GTM,060230
1301094,93,5199,1997,5.130114030659771e-09,4.790492841673859e-07,-0.310042,0.2096,GTM,060240
1307620,93,5200,1997,0.0,0.0,-0.310042,0.2096,GTM,060291
1314146,93,5201,1997,2.935248274134901e-06,2.780378198040134e-07,-0.310042,0.2096,GTM,060299
1320672,93,5202,1997,3.1111333957786586e-06,4.9814380228947595e-09,-0.310042,0.2096,GTM,060310
1327198,93,5203,1997,3.100432551862854e-08,1.483924980699049e-08,-0.310042,0.2096,GTM,060390
1333724,93,5204,1997,3.6418567076912307e-07,0.0,-0.310042,0.2096,GTM,060410
1340250,93,5205,1997,4.744199695094122e-06,3.560916175514391e-08,-0.310042,0.2096,GTM,060491
1346776,93,5206,1997,8.52343188056933e-08,7.993501146784818e-09,-0.310042,0.2096,GTM,060499
1353302,93,5207,1997,1.5906414169137659e-09,1.4520079825882861e-09,-0.310042,0.2096,GTM,070110
1359828,93,5208,1997,8.979632929962452e-07,5.672243829356472e-08,-0.310042,0.2096,GTM,070190
1366354,93,5209,1997,3.111675226004119e-08,1.5387804568912854e-07,-0.310042,0.2096,GTM,070200
1372880,93,5210,1997,4.642197124780807e-07,7.381457078963205e-07,-0.310042,0.2096,GTM,070310
1379406,93,5211,1997,1.270631273519766e-07,3.7787008012525244e-08,-0.310042,0.2096,GTM,070320
1385932,93,5212,1997,5.4337268398817e-08,6.305512866638243e-09,-0.310042,0.2096,GTM,070390
1392458,93,5213,1997,1.4841463224995275e-06,0.0,-0.310042,0.2096,GTM,070410
1398984,93,5214,1997,0.0,6.018160453740721e-09,-0.310042,0.2096,GTM,070420
1405510,93,5215,1997,1.329775012391753e-07,0.0,-0.310042,0.2096,GTM,070490
1412036,93,5216,1997,6.263775592990577e-08,3.883069053641717e-09,-0.310042,0.2096,GTM,070511
1418562,93,5217,1997,1.1737654840519652e-07,0.0,-0.310042,0.2096,GTM,070519
1425088,93,5218,1997,5.712248182287004e-10,0.0,-0.310042,0.2096,GTM,070521
1431614,93,5219,1997,9.450755523148454e-08,4.6258104115463845e-09,-0.310042,0.2096,GTM,070529
1438140,93,5220,1997,5.538032188653222e-08,9.57476800022666e-09,-0.310042,0.2096,GTM,070610
1444666,93,5221,1997,6.818121248155437e-08,0.0,-0.310042,0.2096,GTM,070690
1451192,93,5222,1997,1.1673926151249894e-07,1.901431133556037e-09,-0.310042,0.2096,GTM,070700
1457718,93,5223,1997,3.1006983153459237e-06,4.030225306613458e-10,-0.310042,0.2096,GTM,070810
1464244,93,5224,1997,1.357102892555076e-07,1.0173667435181473e-08,-0.310042,0.2096,GTM,070820
1470770,93,5225,1997,5.069176312517804e-07,1.1129520213493413e-09,-0.310042,0.2096,GTM,070890
1477296,93,5226,1997,0.0,0.0,-0.310042,0.2096,GTM,070910
1483822,93,5227,1997,2.3252547153782054e-07,0.0,-0.310042,0.2096,GTM,070920
1490348,93,5228,1997,4.445553359901876e-10,0.0,-0.310042,0.2096,GTM,070930
1496874,93,5229,1997,2.378810451253833e-08,0.0,-0.310042,0.2096,GTM,070940
1503400,93,5230,1997,5.203145957022168e-10,4.700349693738602e-08,-0.310042,0.2096,GTM,070951
1509926,93,5231,1997,0.0,0.0,-0.310042,0.2096,GTM,070952
1516452,93,5232,1997,2.8158201649767025e-08,1.780789520759384e-08,-0.310042,0.2096,GTM,070960
1522978,93,5233,1997,1.66882497293658e-09,0.0,-0.310042,0.2096,GTM,070970
1529504,93,5234,1997,2.791110524829027e-07,2.1423796118171322e-07,-0.310042,0.2096,GTM,070990
1536030,93,5235,1997,6.880334752230956e-08,9.390888970612421e-07,-0.310042,0.2096,GTM,071010
1542556,93,5236,1997,3.923629637523375e-07,2.591474644112716e-09,-0.310042,0.2096,GTM,071021
1549082,93,5237,1997,1.746087296361296e-07,6.042355062900489e-09,-0.310042,0.2096,GTM,071022
1555608,93,5238,1997,1.155811145574292e-06,5.151794586019703e-09,-0.310042,0.2096,GTM,071029
1562134,93,5239,1997,0.0,0.0,-0.310042,0.2096,GTM,071030
1568660,93,5240,1997,9.579606872066672e-09,5.253213084689417e-09,-0.310042,0.2096,GTM,071040
1575186,93,5241,1997,1.177526052489255e-05,4.856819214071843e-09,-0.310042,0.2096,GTM,071080
1581712,93,5242,1997,1.2268696947397093e-07,6.880549125435476e-10,-0.310042,0.2096,GTM,071090
1588238,93,5243,1997,1.2094208220428347e-09,1.1597835045585916e-08,-0.310042,0.2096,GTM,071110
1594764,93,5244,1997,6.830454855636556e-10,2.0684402233588758e-08,-0.310042,0.2096,GTM,071120
1601290,93,5245,1997,0.0,2.6032405156904116e-08,-0.310042,0.2096,GTM,071130
1607816,93,5246,1997,2.309142236022651e-09,6.865634640336989e-09,-0.310042,0.2096,GTM,071140
1614342,93,5247,1997,1.6603399358488328e-09,7.728851894537215e-08,-0.310042,0.2096,GTM,071190
1620868,93,5248,1997,0.0,0.0,-0.310042,0.2096,GTM,071210
1627394,93,5249,1997,1.072751117522334e-09,3.039253887389611e-07,-0.310042,0.2096,GTM,071220
1633920,93,5250,1997,0.0,1.148978788687243e-08,-0.310042,0.2096,GTM,071230
1640446,93,5251,1997,4.4375531820762855e-08,2.373444757952963e-07,-0.310042,0.2096,GTM,071290
1646972,93,5252,1997,1.632460528274806e-09,5.950912697596653e-08,-0.310042,0.2096,GTM,071310
1653498,93,5253,1997,9.937190577907451e-09,2.8475397816036335e-08,-0.310042,0.2096,GTM,071320
1660024,93,5254,1997,6.057710406573858e-10,1.0374515834507768e-08,-0.310042,0.2096,GTM,071331
1666550,93,5255,1997,0.0,5.632405582493402e-08,-0.310042,0.2096,GTM,071332
1673076,93,5256,1997,2.4681609221582007e-07,2.891925289256732e-07,-0.310042,0.2096,GTM,071333
1679602,93,5257,1997,4.057968987215134e-09,1.0251023897892294e-07,-0.310042,0.2096,GTM,071339
1686128,93,5258,1997,0.0,6.207740130992604e-09,-0.310042,0.2096,GTM,071340
1692654,93,5259,1997,5.190145668055584e-08,1.553161334856249e-08,-0.310042,0.2096,GTM,071350
1699180,93,5260,1997,1.272149489084395e-09,2.8997073361481204e-09,-0.310042,0.2096,GTM,071390
1705706,93,5261,1997,1.4295772307659917e-08,1.0098763576686847e-09,-0.310042,0.2096,GTM,071410
1712232,93,5262,1997,2.715211868079128e-09,0.0,-0.310042,0.2096,GTM,071420
1718758,93,5263,1997,2.077591634638805e-08,1.7781380567418753e-08,-0.310042,0.2096,GTM,071490
1725284,93,5264,1997,7.711656260902995e-08,2.543914008298651e-08,-0.310042,0.2096,GTM,080110
1731810,93,5265,1997,1.075175413833119e-08,7.0512371215626084e-09,-0.310042,0.2096,GTM,080120
1738336,93,5266,1997,1.9537161538984717e-07,3.105527230507245e-09,-0.310042,0.2096,GTM,080130
1744862,93,5267,1997,0.0,6.482862666109366e-08,-0.310042,0.2096,GTM,080211
1751388,93,5268,1997,0.0,4.298023172381852e-09,-0.310042,0.2096,GTM,080212
1757914,93,5269,1997,0.0,2.4655301032810457e-09,-0.310042,0.2096,GTM,080221
1764440,93,5270,1997,0.0,0.0,-0.310042,0.2096,GTM,080222
1770966,93,5271,1997,0.0,4.351715318736406e-09,-0.310042,0.2096,GTM,080231
1777492,93,5272,1997,0.0,7.876173864010051e-09,-0.310042,0.2096,GTM,080232
1784018,93,5273,1997,0.0,0.0,-0.310042,0.2096,GTM,080240
1790544,93,5274,1997,0.0,2.949422286476411e-09,-0.310042,0.2096,GTM,080250
1797070,93,5275,1997,1.2606580215342355e-06,2.0859398858744342e-08,-0.310042,0.2096,GTM,080290
1803596,93,5276,1997,5.6145799810440376e-05,2.0758974659081196e-08,-0.310042,0.2096,GTM,080300
1810122,93,5277,1997,4.503130397283018e-10,2.2255726096964942e-09,-0.310042,0.2096,GTM,080410
1816648,93,5278,1997,1.7021590472098728e-09,0.0,-0.310042,0.2096,GTM,080420
1823174,93,5279,1997,4.201335810294178e-08,3.471429264923467e-09,-0.310042,0.2096,GTM,080430
1829700,93,5280,1997,8.475233839540538e-07,4.172622181673771e-07,-0.310042,0.2096,GTM,080440
1836226,93,5281,1997,1.2045813205324304e-06,7.772766767327206e-09,-0.310042,0.2096,GTM,080450
1842752,93,5282,1997,5.222843364547296e-09,1.3709924995333032e-07,-0.310042,0.2096,GTM,080510
1849278,93,5283,1997,0.0,2.1798348553944664e-09,-0.310042,0.2096,GTM,080520
1855804,93,5284,1997,1.2818951602537505e-07,1.3851248027466253e-08,-0.310042,0.2096,GTM,080530
1862330,93,5285,1997,3.9000866899752653e-10,1.1458633184666701e-08,-0.310042,0.2096,GTM,080540
1868856,93,5286,1997,0.0,2.8977187381349885e-09,-0.310042,0.2096,GTM,080590
1875382,93,5287,1997,1.2005721405084696e-08,1.4808986659560647e-06,-0.310042,0.2096,GTM,080610
1881908,93,5288,1997,1.8679203074597927e-09,9.034134487056604e-08,-0.310042,0.2096,GTM,080620
1888434,93,5289,1997,1.2708342174246825e-05,4.199256137729647e-08,-0.310042,0.2096,GTM,080710
1894960,93,5290,1997,5.4373935880517626e-08,6.6704206020478994e-09,-0.310042,0.2096,GTM,080720
1901486,93,5291,1997,7.55544066737679e-08,1.797489104007659e-06,-0.310042,0.2096,GTM,080810
1908012,93,5292,1997,4.51397912327378e-08,8.194084399709363e-08,-0.310042,0.2096,GTM,080820
1914538,93,5293,1997,1.3333629709317146e-08,5.6350239032106915e-09,-0.310042,0.2096,GTM,080910
1921064,93,5294,1997,4.542525212333273e-10,6.252152153285877e-09,-0.310042,0.2096,GTM,080920
1927590,93,5295,1997,2.230504124441565e-08,1.3687288121283548e-07,-0.310042,0.2096,GTM,080930
1934116,93,5296,1997,1.2946045336630403e-08,1.803658397910398e-08,-0.310042,0.2096,GTM,080940
1940642,93,5297,1997,2.187351650109593e-08,0.0,-0.310042,0.2096,GTM,081010
1947168,93,5298,1997,8.853345274392888e-07,4.215827787839078e-10,-0.310042,0.2096,GTM,081020
1953694,93,5299,1997,8.817468719363659e-09,0.0,-0.310042,0.2096,GTM,081030
1960220,93,5300,1997,8.604130644014584e-09,0.0,-0.310042,0.2096,GTM,081040
1966746,93,5301,1997,1.5558103396685633e-07,2.3054811065241673e-08,-0.310042,0.2096,GTM,081090
1973272,93,5302,1997,1.8111614700835404e-08,3.798222205081433e-10,-0.310042,0.2096,GTM,081110
1979798,93,5303,1997,4.1683744715786685e-07,0.0,-0.310042,0.2096,GTM,081120
1986324,93,5304,1997,5.903937291580769e-07,1.4279128033291744e-08,-0.310042,0.2096,GTM,081190
1992850,93,5305,1997,0.0,3.840579342761137e-08,-0.310042,0.2096,GTM,081210
1999376,93,5306,1997,0.0,0.0,-0.310042,0.2096,GTM,081220
2005902,93,5307,1997,1.2259969480678267e-08,2.77840285734709e-09,-0.310042,0.2096,GTM,081290
2012428,93,5308,1997,0.0,1.0655571020363707e-09,-0.310042,0.2096,GTM,081310
2018954,93,5309,1997,1.340029785786373e-09,5.3980493066458376e-08,-0.310042,0.2096,GTM,081320
2025480,93,5310,1997,1.850344159206602e-09,3.2540092154877408e-09,-0.310042,0.2096,GTM,081330
2032006,93,5311,1997,1.220330155441367e-08,2.5427871360912096e-08,-0.310042,0.2096,GTM,081340
2038532,93,5312,1997,0.0,2.1612746072719044e-08,-0.310042,0.2096,GTM,081350
2045058,93,5313,1997,2.32702142131469e-09,0.0,-0.310042,0.2096,GTM,081400
2051584,93,5314,1997,0.00022996728376608726,1.6541821139233363e-08,-0.310042,0.2096,GTM,090111
2058110,93,5315,1997,3.953402117479086e-06,1.1358208985003553e-08,-0.310042,0.2096,GTM,090112
2064636,93,5316,1997,1.2853891773116691e-07,4.324040663053658e-08,-0.310042,0.2096,GTM,090121
2071162,93,5317,1997,2.9918846845474585e-09,1.0314195028109442e-09,-0.310042,0.2096,GTM,090122
2077688,93,5318,1997,0.0,0.0,-0.310042,0.2096,GTM,090130
2084214,93,5319,1997,1.2354213999760031e-08,3.286158216700036e-08,-0.310042,0.2096,GTM,090140
2090740,93,5320,1997,0.0,2.019421282335181e-09,-0.310042,0.2096,GTM,090210
2097266,93,5321,1997,0.0,4.259908377130162e-09,-0.310042,0.2096,GTM,090220
2103792,93,5322,1997,5.049506178326173e-08,7.38777419198492e-08,-0.310042,0.2096,GTM,090230
2110318,93,5323,1997,4.766893835896419e-08,3.14844780429067e-08,-0.310042,0.2096,GTM,090240
2116844,93,5324,1997,0.0,0.0,-0.310042,0.2096,GTM,090300
2123370,93,5325,1997,1.4078464447101933e-07,5.3866811546707686e-08,-0.310042,0.2096,GTM,090411
2129896,93,5326,1997,3.4573495762181663e-09,1.0166508482334198e-07,-0.310042,0.2096,GTM,090412
2136422,93,5327,1997,2.516080169111253e-07,5.614740203476749e-08,-0.310042,0.2096,GTM,090420
2142948,93,5328,1997,0.0,2.9855484837149696e-09,-0.310042,0.2096,GTM,090500
2149474,93,5329,1997,8.075937085302317e-10,1.2883993953879022e-07,-0.310042,0.2096,GTM,090610
2156000,93,5330,1997,6.627723076647165e-09,4.7671997302800436e-08,-0.310042,0.2096,GTM,090620
2162526,93,5331,1997,3.9485726161909636e-10,9.726232882226854e-09,-0.310042,0.2096,GTM,090700
2169052,93,5332,1997,0.0,1.0618450524118582e-08,-0.310042,0.2096,GTM,090810
2175578,93,5333,1997,5.988011887638791e-09,5.806043332340013e-09,-0.310042,0.2096,GTM,090820
2182104,93,5334,1997,1.2871557620333381e-05,3.272735180111397e-08,-0.310042,0.2096,GTM,090830
2188630,93,5335,1997,0.0,1.63661616480734e-09,-0.310042,0.2096,GTM,090910
2195156,93,5336,1997,0.0,1.4198589813759913e-09,-0.310042,0.2096,GTM,090920
2201682,93,5337,1997,8.208061234240095e-09,2.2626599626413994e-08,-0.310042,0.2096,GTM,090930
2208208,93,5338,1997,0.0,0.0,-0.310042,0.2096,GTM,090940
2214734,93,5339,1997,0.0,3.383930952345675e-10,-0.310042,0.2096,GTM,090950
2221260,93,5340,1997,2.1421930705804465e-07,2.4327182360643734e-09,-0.310042,0.2096,GTM,091010
2227786,93,5341,1997,0.0,1.9206542476829762e-09,-0.310042,0.2096,GTM,091020
2234312,93,5342,1997,6.057952836204936e-08,7.767795272294376e-09,-0.310042,0.2096,GTM,091030
2240838,93,5343,1997,1.3469996376798798e-09,1.67705099107435e-09,-0.310042,0.2096,GTM,091040
2247364,93,5344,1997,2.6927871272043673e-09,8.82539798227822e-09,-0.310042,0.2096,GTM,091050
2253890,93,5345,1997,2.2227766799509376e-09,2.4257912863186315e-08,-0.310042,0.2096,GTM,091091
2260416,93,5346,1997,1.4174072632858513e-07,6.856652805977677e-08,-0.310042,0.2096,GTM,091099
2266942,93,5347,1997,0.0,3.583099980649881e-06,-0.310042,0.2096,GTM,100110
2273468,93,5348,1997,0.0,1.1605284665176109e-05,-0.310042,0.2096,GTM,100190
2279994,93,5349,1997,0.0,1.883533751437852e-09,-0.310042,0.2096,GTM,100200
2286520,93,5350,1997,0.0,5.6710175272483745e-08,-0.310042,0.2096,GTM,100300
2293046,93,5351,1997,1.4057888232164146e-09,1.987007134721135e-08,-0.310042,0.2096,GTM,100400
2299572,93,5352,1997,5.712793648956931e-07,2.592240254347772e-07,-0.310042,0.2096,GTM,100510
2306098,93,5353,1997,4.2193177251423865e-06,1.0960466182067072e-05,-0.310042,0.2096,GTM,100590
2312624,93,5354,1997,1.1299342067529737e-08,2.537070911102463e-06,-0.310042,0.2096,GTM,100610
2319150,93,5355,1997,5.394422935943099e-08,1.053098535484101e-07,-0.310042,0.2096,GTM,100620
2325676,93,5356,1997,4.4272196190515646e-07,5.173450418382706e-07,-0.310042,0.2096,GTM,100630
2332202,93,5357,1997,1.6624611951207695e-09,3.65868891116003e-08,-0.310042,0.2096,GTM,100640
2338728,93,5358,1997,1.2718373609343814e-07,3.901496728563403e-08,-0.310042,0.2096,GTM,100700
2345254,93,5359,1997,0.0,0.0,-0.310042,0.2096,GTM,100810
2351780,93,5360,1997,0.0,6.022800515771362e-09,-0.310042,0.2096,GTM,100820
2358306,93,5361,1997,0.0,2.4005692348520786e-08,-0.310042,0.2096,GTM,100830
2364832,93,5362,1997,2.2215645317955453e-09,7.070692238791079e-08,-0.310042,0.2096,GTM,100890
2371358,93,5363,1997,9.82206680684905e-08,2.1362613585967303e-07,-0.310042,0.2096,GTM,110100
2377884,93,5364,1997,0.0,8.978851462291545e-09,-0.310042,0.2096,GTM,110210
2384410,93,5365,1997,1.1662683477108629e-06,2.0344749692945874e-07,-0.310042,0.2096,GTM,110220
2390936,93,5366,1997,0.0,2.579112193131081e-08,-0.310042,0.2096,GTM,110230
2397462,93,5367,1997,1.8547988036776694e-07,4.035959097551321e-08,-0.310042,0.2096,GTM,110290
2403988,93,5368,1997,1.5715500834663344e-09,1.7031314540165717e-07,-0.310042,0.2096,GTM,110311
2410514,93,5369,1997,1.2858467632403299e-08,4.940121584841927e-07,-0.310042,0.2096,GTM,110312
2417040,93,5370,1997,4.610802487556142e-07,8.782941414697859e-08,-0.310042,0.2096,GTM,110313
2423566,93,5371,1997,6.442567445910966e-10,0.0,-0.310042,0.2096,GTM,110314
2430092,93,5372,1997,8.14957508574241e-09,3.9672530361976225e-10,-0.310042,0.2096,GTM,110319
2436618,93,5373,1997,4.158577284112709e-09,0.0,-0.310042,0.2096,GTM,110321
2443144,93,5374,1997,5.414362773099305e-09,4.838921831953658e-10,-0.310042,0.2096,GTM,110329
2449670,93,5375,1997,0.0,0.0,-0.310042,0.2096,GTM,110411
2456196,93,5376,1997,6.934172312552712e-07,1.1432350547593144e-07,-0.310042,0.2096,GTM,110412
2462722,93,5377,1997,1.9343460263753e-08,2.484421784405796e-09,-0.310042,0.2096,GTM,110419
2469248,93,5378,1997,0.0,0.0,-0.310042,0.2096,GTM,110421
2475774,93,5379,1997,2.9237013508066324e-09,1.0988429184461724e-07,-0.310042,0.2096,GTM,110422
2482300,93,5380,1997,0.0,5.91957570723972e-07,-0.310042,0.2096,GTM,110423
2488826,93,5381,1997,3.51141138394867e-08,1.7037976343509708e-08,-0.310042,0.2096,GTM,110429
2495352,93,5382,1997,1.691855787889037e-09,0.0,-0.310042,0.2096,GTM,110430
2501878,93,5383,1997,6.797120781363263e-10,1.884494907144199e-08,-0.310042,0.2096,GTM,110510
2508404,93,5384,1997,4.3563695593688745e-08,1.9759637870882109e-07,-0.310042,0.2096,GTM,110520
2514930,93,5385,1997,0.0,0.0,-0.310042,0.2096,GTM,110610
2521456,93,5386,1997,0.0,4.57675832722247e-09,-0.310042,0.2096,GTM,110620
2527982,93,5387,1997,0.0,1.0996615579615782e-08,-0.310042,0.2096,GTM,110630
2534508,93,5388,1997,0.0,8.385278155681903e-07,-0.310042,0.2096,GTM,110710
2541034,93,5389,1997,0.0,0.0,-0.310042,0.2096,GTM,110720
2547560,93,5390,1997,0.0,0.0,-0.310042,0.2096,GTM,110811
2554086,93,5391,1997,2.3519159140560628e-07,6.502443727878669e-07,-0.310042,0.2096,GTM,110812
2560612,93,5392,1997,0.0,1.171582519436506e-08,-0.310042,0.2096,GTM,110813
2567138,93,5393,1997,0.0,0.0,-0.310042,0.2096,GTM,110814
2573664,93,5394,1997,0.0,2.885986009857512e-08,-0.310042,0.2096,GTM,110819
2580190,93,5395,1997,0.0,0.0,-0.310042,0.2096,GTM,110820
2586716,93,5396,1997,1.9239821596466945e-09,9.751753223395375e-09,-0.310042,0.2096,GTM,110900
2593242,93,5397,1997,2.47594291331582e-07,6.413659455252385e-08,-0.310042,0.2096,GTM,120100
2599768,93,5398,1997,1.1806323033522636e-09,1.8003440678885118e-09,-0.310042,0.2096,GTM,120210
2606294,93,5399,1997,4.987989659440005e-09,7.597306135968556e-08,-0.310042,0.2096,GTM,120220
2612820,93,5400,1997,0.0,0.0,-0.310042,0.2096,GTM,120300
2619346,93,5401,1997,0.0,1.1494427948903071e-08,-0.310042,0.2096,GTM,120400
2625872,93,5402,1997,0.0,2.000861034212619e-09,-0.310042,0.2096,GTM,120500
2632398,93,5403,1997,6.668330039852813e-09,2.1199449118989853e-08,-0.310042,0.2096,GTM,120600
2638924,93,5404,1997,1.48594515036213e-07,9.863479288433155e-08,-0.310042,0.2096,GTM,120710
2645450,93,5405,1997,1.3335750968589083e-08,2.2973941412707654e-08,-0.310042,0.2096,GTM,120720
2651976,93,5406,1997,0.0,0.0,-0.310042,0.2096,GTM,120730
2658502,93,5407,1997,1.3655089884942033e-05,9.516435791841465e-07,-0.310042,0.2096,GTM,120740
2665028,93,5408,1997,0.0,2.9172401419638975e-08,-0.310042,0.2096,GTM,120750
2671554,93,5409,1997,0.0,0.0,-0.310042,0.2096,GTM,120760
2678080,93,5410,1997,7.748960120385199e-09,0.0,-0.310042,0.2096,GTM,120791
2684606,93,5411,1997,0.0,0.0,-0.310042,0.2096,GTM,120792
2691132,93,5412,1997,4.048786964938036e-08,1.1924163979540819e-07,-0.310042,0.2096,GTM,120799
2697658,93,5413,1997,0.0,8.79423996574247e-07,-0.310042,0.2096,GTM,120810
2704184,93,5414,1997,7.451680785275196e-10,1.4985743193957853e-08,-0.310042,0.2096,GTM,120890
2710710,93,5415,1997,0.0,0.0,-0.310042,0.2096,GTM,120911
2717236,93,5416,1997,3.57980684361669e-08,1.4553223126101722e-09,-0.310042,0.2096,GTM,120919
2723762,93,5417,1997,0.0,1.627336040746059e-09,-0.310042,0.2096,GTM,120921
2730288,93,5418,1997,0.0,0.0,-0.310042,0.2096,GTM,120922
2736814,93,5419,1997,0.0,0.0,-0.310042,0.2096,GTM,120923
2743340,93,5420,1997,1.2603310445693184e-09,2.893542682307412e-08,-0.310042,0.2096,GTM,120924
2749866,93,5421,1997,0.0,0.0,-0.310042,0.2096,GTM,120925
2756392,93,5422,1997,0.0,0.0,-0.310042,0.2096,GTM,120926
2762918,93,5423,1997,3.084462499915558e-08,3.913494603242631e-08,-0.310042,0.2096,GTM,120929
2769444,93,5424,1997,1.934949070082608e-06,3.3271365930906353e-07,-0.310042,0.2096,GTM,120930
2775970,93,5425,1997,4.700104472534294e-08,7.103345018166701e-07,-0.310042,0.2096,GTM,120991
2782496,93,5426,1997,9.429421715613547e-08,5.991035976841605e-07,-0.310042,0.2096,GTM,120999
2789022,93,5427,1997,0.0,4.73617760127519e-10,-0.310042,0.2096,GTM,121010
2795548,93,5428,1997,0.0,0.0,-0.310042,0.2096,GTM,121020
2802074,93,5429,1997,0.0,0.0,-0.310042,0.2096,GTM,121110
2808600,93,5430,1997,0.0,1.2189442954492579e-08,-0.310042,0.2096,GTM,121120
2815126,93,5431,1997,2.473282248114734e-07,4.784102813391663e-08,-0.310042,0.2096,GTM,121190
2821652,93,5432,1997,0.0,1.7602406746236904e-09,-0.310042,0.2096,GTM,121210
2828178,93,5433,1997,0.0,1.7642841572503915e-08,-0.310042,0.2096,GTM,121220
2834704,93,5434,1997,0.0,0.0,-0.310042,0.2096,GTM,121230
2841230,93,5435,1997,0.0,0.0,-0.310042,0.2096,GTM,121291
2847756,93,5436,1997,0.0,0.0,-0.310042,0.2096,GTM,121292
2854282,93,5437,1997,5.342542994892302e-10,6.330370341802388e-10,-0.310042,0.2096,GTM,121299
2860808,93,5438,1997,0.0,0.0,-0.310042,0.2096,GTM,121300
2867334,93,5439,1997,0.0,5.535925435556298e-09,-0.310042,0.2096,GTM,121410
2873860,93,5440,1997,7.4213770813903836e-09,4.464402539480533e-10,-0.310042,0.2096,GTM,121490
2880386,93,5441,1997,0.0,4.465529411687974e-08,-0.310042,0.2096,GTM,130110
2886912,93,5442,1997,0.0,1.8464132551927282e-08,-0.310042,0.2096,GTM,130120
2893438,93,5443,1997,2.7630008091054757e-08,2.4804843603397957e-07,-0.310042,0.2096,GTM,130190
2899964,93,5444,1997,0.0,2.763488372248603e-09,-0.310042,0.2096,GTM,130211
2906490,93,5445,1997,1.5339734906491679e-09,4.749434921362735e-10,-0.310042,0.2096,GTM,130212
2913016,93,5446,1997,0.0,1.637640292784103e-07,-0.310042,0.2096,GTM,130213
2919542,93,5447,1997,0.0,0.0,-0.310042,0.2096,GTM,130214
2926068,93,5448,1997,8.52291671760329e-09,1.790009986880271e-07,-0.310042,0.2096,GTM,130219
2932594,93,5449,1997,8.675950422221588e-10,1.9632102451639932e-08,-0.310042,0.2096,GTM,130220
2939120,93,5450,1997,0.0,3.5367215663546224e-09,-0.310042,0.2096,GTM,130231
2945646,93,5451,1997,1.0566931848337723e-07,4.554684889276709e-08,-0.310042,0.2096,GTM,130232
2952172,93,5452,1997,1.6512488246833893e-09,2.559484730741472e-07,-0.310042,0.2096,GTM,130239
2958698,93,5453,1997,0.0,6.528235844108987e-09,-0.310042,0.2096,GTM,140110
2965224,93,5454,1997,0.0,3.955321448118833e-09,-0.310042,0.2096,GTM,140120
2971750,93,5455,1997,3.5153508654536955e-08,3.43033157265208e-10,-0.310042,0.2096,GTM,140190
2978276,93,5456,1997,0.0,0.0,-0.310042,0.2096,GTM,140210
2984802,93,5457,1997,0.0,0.0,-0.310042,0.2096,GTM,140291
2991328,93,5458,1997,5.6513377374785325e-09,0.0,-0.310042,0.2096,GTM,140299
2997854,93,5459,1997,9.012321535342998e-10,0.0,-0.310042,0.2096,GTM,140310
3004380,93,5460,1997,1.375788156370451e-09,1.3257320087544269e-09,-0.310042,0.2096,GTM,140390
3010906,93,5461,1997,8.555220465944498e-08,0.0,-0.310042,0.2096,GTM,140410
3017432,93,5462,1997,5.334936765217214e-08,2.5192553929358186e-08,-0.310042,0.2096,GTM,140420
3023958,93,5463,1997,8.615343014451965e-08,9.295701412383853e-09,-0.310042,0.2096,GTM,140490
3030484,93,5464,1997,3.883722689877467e-09,3.662768851416972e-07,-0.310042,0.2096,GTM,150100
3037010,93,5465,1997,0.0,4.856664766292823e-06,-0.310042,0.2096,GTM,150200
3043536,93,5466,1997,0.0,1.6521902015801827e-07,-0.310042,0.2096,GTM,150300
3050062,93,5467,1997,5.771340404862387e-09,8.564228776553598e-10,-0.310042,0.2096,GTM,150410
3056588,93,5468,1997,5.666792626459787e-10,5.626970081257509e-08,-0.310042,0.2096,GTM,150420
3063114,93,5469,1997,0.0,6.3893654161919604e-09,-0.310042,0.2096,GTM,150430
3069640,93,5470,1997,0.0,1.8480041336032334e-08,-0.310042,0.2096,GTM,150510
3076166,93,5471,1997,0.0,4.244032736325328e-08,-0.310042,0.2096,GTM,150590
3082692,93,5472,1997,0.0,2.890556470957693e-07,-0.310042,0.2096,GTM,150600
3089218,93,5473,1997,0.0,9.756161282324484e-07,-0.310042,0.2096,GTM,150710
3095744,93,5474,1997,9.056261905975976e-09,4.7308978735503257e-07,-0.310042,0.2096,GTM,150790
3102270,93,5475,1997,0.0,8.162531977901006e-09,-0.310042,0.2096,GTM,150810
3108796,93,5476,1997,0.0,5.647618357293859e-09,-0.310042,0.2096,GTM,150890
3115322,93,5477,1997,0.0,6.608243770837317e-08,-0.310042,0.2096,GTM,150910
3121848,93,5478,1997,0.0,2.828134379325491e-07,-0.310042,0.2096,GTM,150990
3128374,93,5479,1997,4.318580840624515e-09,2.9166104192597392e-09,-0.310042,0.2096,GTM,151000
3134900,93,5480,1997,1.508764445461471e-06,3.227481317992565e-07,-0.310042,0.2096,GTM,151110
3141426,93,5481,1997,6.888277353019165e-07,5.546223058934298e-07,-0.310042,0.2096,GTM,151190
3147952,93,5482,1997,7.763596809361562e-07,5.9726016732598755e-06,-0.310042,0.2096,GTM,151211
3154478,93,5483,1997,2.679280766382907e-07,1.260794340635613e-07,-0.310042,0.2096,GTM,151219
3161004,93,5484,1997,8.079270492729646e-09,4.770779206703681e-08,-0.310042,0.2096,GTM,151221
3167530,93,5485,1997,7.594141527608084e-07,3.081786684560475e-07,-0.310042,0.2096,GTM,151229
3174056,93,5486,1997,4.382521655821467e-09,1.3535756952682917e-07,-0.310042,0.2096,GTM,151311
3180582,93,5487,1997,0.0,1.7907325108250422e-09,-0.310042,0.2096,GTM,151319
3187108,93,5488,1997,3.169143170051276e-07,0.0,-0.310042,0.2096,GTM,151321
3193634,93,5489,1997,5.102234623085745e-09,1.283606874176255e-08,-0.310042,0.2096,GTM,151329
3200160,93,5490,1997,0.0,0.0,-0.310042,0.2096,GTM,151410
3206686,93,5491,1997,3.249769204607206e-09,1.3183443671356428e-07,-0.310042,0.2096,GTM,151490
3213212,93,5492,1997,1.1690562884682655e-08,1.2928207116370983e-08,-0.310042,0.2096,GTM,151511
3219738,93,5493,1997,7.974419677288197e-09,2.20184200673979e-08,-0.310042,0.2096,GTM,151519
3226264,93,5494,1997,0.0,2.762699561703394e-07,-0.310042,0.2096,GTM,151521
3232790,93,5495,1997,1.400382642443364e-07,2.2329768229653877e-07,-0.310042,0.2096,GTM,151529
3239316,93,5496,1997,5.14799321595181e-09,1.959431908939043e-08,-0.310042,0.2096,GTM,151530
3245842,93,5497,1997,0.0,1.6458962888686211e-09,-0.310042,0.2096,GTM,151540
3252368,93,5498,1997,1.601959850314743e-07,4.8442247599886765e-09,-0.310042,0.2096,GTM,151550
3258894,93,5499,1997,0.0,3.165185170901194e-10,-0.310042,0.2096,GTM,151560
3265420,93,5500,1997,3.0940687740470434e-08,2.1369938255315672e-07,-0.310042,0.2096,GTM,151590
3271946,93,5501,1997,0.0,1.4132303213322191e-09,-0.310042,0.2096,GTM,151610
3278472,93,5502,1997,1.7636601112070593e-06,6.08439071056807e-07,-0.310042,0.2096,GTM,151620
3284998,93,5503,1997,9.975155058134343e-07,1.1853707951935563e-06,-0.310042,0.2096,GTM,151710
3291524,93,5504,1997,8.106119574371588e-08,1.4411436087765435e-07,-0.310042,0.2096,GTM,151790
3298050,93,5505,1997,4.835289295564439e-08,6.204226941169405e-08,-0.310042,0.2096,GTM,151800
3304576,93,5506,1997,5.790734775348666e-09,6.688881420269804e-08,-0.310042,0.2096,GTM,151911
3311102,93,5507,1997,3.204283345076104e-08,4.450150920386422e-09,-0.310042,0.2096,GTM,151912
3317628,93,5508,1997,9.017230735372338e-08,8.689510451380891e-09,-0.310042,0.2096,GTM,151913
3324154,93,5509,1997,0.0,6.274026731430325e-10,-0.310042,0.2096,GTM,151919
3330680,93,5510,1997,3.013736685418796e-07,1.1072182304114785e-07,-0.310042,0.2096,GTM,151920
3337206,93,5511,1997,3.776750615164081e-09,3.9956568444851863e-08,-0.310042,0.2096,GTM,151930
3343732,93,5512,1997,1.2715797794513604e-07,5.4666890813990987e-08,-0.310042,0.2096,GTM,152010
3350258,93,5513,1997,1.1401617068140976e-07,2.581962516949903e-08,-0.310042,0.2096,GTM,152090
3356784,93,5514,1997,0.0,2.6325723363841032e-08,-0.310042,0.2096,GTM,152110
3363310,93,5515,1997,6.865607152142938e-09,1.872927895367817e-08,-0.310042,0.2096,GTM,152190
3369836,93,5516,1997,1.1157460125941048e-07,0.0,-0.310042,0.2096,GTM,152200
3376362,93,5517,1997,1.8310800946470272e-07,4.102394842840027e-07,-0.310042,0.2096,GTM,160100
3382888,93,5518,1997,3.6373535772939474e-08,3.237768998380499e-08,-0.310042,0.2096,GTM,160210
3389414,93,5519,1997,0.0,7.799944273506671e-09,-0.310042,0.2096,GTM,160220
3395940,93,5520,1997,0.0,6.24800924075852e-08,-0.310042,0.2096,GTM,160231
3402466,93,5521,1997,1.761260360896421e-07,6.658996106462458e-07,-0.310042,0.2096,GTM,160239
3408992,93,5522,1997,1.8446046376908187e-07,2.886758248752611e-07,-0.310042,0.2096,GTM,160241
3415518,93,5523,1997,2.107016531110957e-09,0.0,-0.310042,0.2096,GTM,160242
3422044,93,5524,1997,2.0968799421614875e-07,7.487634955544347e-07,-0.310042,0.2096,GTM,160249
3428570,93,5525,1997,6.131954481091647e-09,2.8154570669917764e-08,-0.310042,0.2096,GTM,160250
3435096,93,5526,1997,0.0,4.6922958717854185e-08,-0.310042,0.2096,GTM,160290
3441622,93,5527,1997,1.9079211965877445e-09,1.1567011776382375e-09,-0.310042,0.2096,GTM,160300
3448148,93,5528,1997,5.272844475957235e-10,4.023928079571874e-09,-0.310042,0.2096,GTM,160411
3454674,93,5529,1997,0.0,5.245391265837766e-08,-0.310042,0.2096,GTM,160412
3461200,93,5530,1997,1.1491467550159442e-08,5.814418644305319e-07,-0.310042,0.2096,GTM,160413
3467726,93,5531,1997,2.7382426830315846e-08,2.496240685263842e-07,-0.310042,0.2096,GTM,160414
3474252,93,5532,1997,0.0,4.9253264156242284e-08,-0.310042,0.2096,GTM,160415
3480778,93,5533,1997,0.0,4.6006215033800505e-09,-0.310042,0.2096,GTM,160416
3487304,93,5534,1997,0.0,9.47732669758321e-09,-0.310042,0.2096,GTM,160419
3493830,93,5535,1997,0.0,1.2104264672930106e-08,-0.310042,0.2096,GTM,160420
3500356,93,5536,1997,0.0,3.352776250139946e-09,-0.310042,0.2096,GTM,160430
3506882,93,5537,1997,0.0,4.720931683174515e-09,-0.310042,0.2096,GTM,160510
3513408,93,5538,1997,0.0,5.663792287800663e-08,-0.310042,0.2096,GTM,160520
3519934,93,5539,1997,0.0,3.917538085869332e-10,-0.310042,0.2096,GTM,160530
3526460,93,5540,1997,0.0,8.445907194772265e-09,-0.310042,0.2096,GTM,160540
3532986,93,5541,1997,0.0,4.98461977971577e-08,-0.310042,0.2096,GTM,160590
3539512,93,5542,1997,6.574161128512242e-05,2.18613208243605e-09,-0.310042,0.2096,GTM,170111
3546038,93,5543,1997,0.0,0.0,-0.310042,0.2096,GTM,170112
3552564,93,5544,1997,0.0,3.2967640727700714e-09,-0.310042,0.2096,GTM,170191
3559090,93,5545,1997,8.742874030991922e-06,9.9837563249274e-09,-0.310042,0.2096,GTM,170199
3565616,93,5546,1997,0.0,4.016868556625257e-08,-0.310042,0.2096,GTM,170210
3572142,93,5547,1997,1.891860233528794e-09,1.5836863143578197e-08,-0.310042,0.2096,GTM,170220
3578668,93,5548,1997,5.027687511529108e-09,3.9911360983353335e-07,-0.310042,0.2096,GTM,170230
3585194,93,5549,1997,3.6452325403039988e-09,8.921182119910728e-09,-0.310042,0.2096,GTM,170240
3591720,93,5550,1997,0.0,1.4196601215746781e-08,-0.310042,0.2096,GTM,170250
3598246,93,5551,1997,0.0,2.8857208634557613e-08,-0.310042,0.2096,GTM,170260
3604772,93,5552,1997,5.676165562071359e-07,2.834812754319591e-08,-0.310042,0.2096,GTM,170290
3611298,93,5553,1997,4.888318656103587e-06,2.191766443473256e-09,-0.310042,0.2096,GTM,170310
3617824,93,5554,1997,6.127527109954076e-07,9.483292491622604e-09,-0.310042,0.2096,GTM,170390
3624350,93,5555,1997,1.2928251001709242e-06,9.209903351107288e-07,-0.310042,0.2096,GTM,170410
3630876,93,5556,1997,8.160214716176366e-07,2.7646188902190684e-06,-0.310042,0.2096,GTM,170490
3637402,93,5557,1997,1.6468850913239764e-08,2.9693082666077277e-09,-0.310042,0.2096,GTM,180100
3643928,93,5558,1997,0.0,0.0,-0.310042,0.2096,GTM,180200
3650454,93,5559,1997,0.0,7.755233961511428e-08,-0.310042,0.2096,GTM,180310
3656980,93,5560,1997,2.358234236316046e-09,6.33673385544441e-08,-0.310042,0.2096,GTM,180320
3663506,93,5561,1997,3.6249593624050594e-08,9.406068602112659e-10,-0.310042,0.2096,GTM,180400
3670032,93,5562,1997,1.2663917853462808e-09,1.1193321066414721e-07,-0.310042,0.2096,GTM,180500
3676558,93,5563,1997,0.0,1.4063597151968493e-07,-0.310042,0.2096,GTM,180610
3683084,93,5564,1997,3.3688627608745162e-09,4.764614552862973e-08,-0.310042,0.2096,GTM,180620
3689610,93,5565,1997,1.8522169281066835e-07,2.482854106305444e-07,-0.310042,0.2096,GTM,180631
3696136,93,5566,1997,2.4703882443937342e-08,4.488892124012249e-07,-0.310042,0.2096,GTM,180632
3702662,93,5567,1997,2.300669320416458e-07,5.516258201206427e-07,-0.310042,0.2096,GTM,180690
3709188,93,5568,1997,1.657155016570539e-07,9.978924031755491e-07,-0.310042,0.2096,GTM,190110
3715714,93,5569,1997,6.226592948323913e-08,1.209866345519312e-07,-0.310042,0.2096,GTM,190120
3722240,93,5570,1997,1.5339168227229033e-06,8.722806210780759e-07,-0.310042,0.2096,GTM,190190
3728766,93,5571,1997,1.4720327199086128e-08,1.6508677839014502e-08,-0.310042,0.2096,GTM,190211
3735292,93,5572,1997,5.146744703351757e-07,5.002530419154042e-07,-0.310042,0.2096,GTM,190219
3741818,93,5573,1997,2.8766396986735198e-08,4.62534640534332e-08,-0.310042,0.2096,GTM,190220
3748344,93,5574,1997,2.1245320719563784e-07,4.244417198607867e-07,-0.310042,0.2096,GTM,190230
3754870,93,5575,1997,0.0,3.1025443334875477e-09,-0.310042,0.2096,GTM,190240
3761396,93,5576,1997,0.0,3.2752540709280304e-08,-0.310042,0.2096,GTM,190300
3767922,93,5577,1997,5.92401258629334e-06,3.013129343858099e-06,-0.310042,0.2096,GTM,190410
3774448,93,5578,1997,2.673023051530693e-07,7.373887149193217e-07,-0.310042,0.2096,GTM,190490
3780974,93,5579,1997,7.912297084324333e-10,3.759775976827555e-09,-0.310042,0.2096,GTM,190510
3787500,93,5580,1997,1.3317083886996037e-07,1.0068934606489872e-09,-0.310042,0.2096,GTM,190520
3794026,93,5581,1997,2.1645659921215643e-06,3.2922201263100653e-06,-0.310042,0.2096,GTM,190530
3800552,93,5582,1997,1.821555640516031e-08,1.100281337675671e-07,-0.310042,0.2096,GTM,190540
3807078,93,5583,1997,1.4419338690620626e-06,1.2391047021063865e-06,-0.310042,0.2096,GTM,190590
3813604,93,5584,1997,1.0328714432099218e-08,1.144438156557259e-09,-0.310042,0.2096,GTM,200110
3820130,93,5585,1997,2.013378086106889e-09,1.240553727191955e-09,-0.310042,0.2096,GTM,200120
3826656,93,5586,1997,4.127882662447783e-07,7.771673038419983e-08,-0.310042,0.2096,GTM,200190
3833182,93,5587,1997,0.0,1.096181511438598e-08,-0.310042,0.2096,GTM,200210
3839708,93,5588,1997,7.346920880945402e-08,5.820039748022438e-07,-0.310042,0.2096,GTM,200290
3846234,93,5589,1997,1.5724591945828788e-08,3.434076765576811e-08,-0.310042,0.2096,GTM,200310
3852760,93,5590,1997,1.0948728213582466e-09,0.0,-0.310042,0.2096,GTM,200320
3859286,93,5591,1997,1.0189923468306781e-08,1.4299395161375578e-06,-0.310042,0.2096,GTM,200410
3865812,93,5592,1997,1.893320872056042e-07,3.532545510527046e-08,-0.310042,0.2096,GTM,200490
3872338,93,5593,1997,4.1055458023142885e-08,6.923635415719995e-10,-0.310042,0.2096,GTM,200510
3878864,93,5594,1997,0.0,4.87255896734578e-07,-0.310042,0.2096,GTM,200520
3885390,93,5595,1997,0.0,0.0,-0.310042,0.2096,GTM,200530
3891916,93,5596,1997,4.777075880401715e-09,1.082857904750616e-08,-0.310042,0.2096,GTM,200540
3898442,93,5597,1997,5.289269083462803e-07,1.9966186917846048e-07,-0.310042,0.2096,GTM,200551
3904968,93,5598,1997,6.763150329308389e-07,4.008317585168791e-08,-0.310042,0.2096,GTM,200559
3911494,93,5599,1997,4.060696320564767e-09,3.826128863865714e-08,-0.310042,0.2096,GTM,200560
3918020,93,5600,1997,0.0,5.3162847850059083e-08,-0.310042,0.2096,GTM,200570
3924546,93,5601,1997,3.036431129258132e-10,7.67141455525793e-08,-0.310042,0.2096,GTM,200580
3931072,93,5602,1997,3.506653702438755e-07,2.4636077918683515e-08,-0.310042,0.2096,GTM,200590
3937598,93,5603,1997,1.0363169743416248e-07,1.1289138347347448e-07,-0.310042,0.2096,GTM,200600
3944124,93,5604,1997,6.442870482949814e-09,1.487882290745181e-07,-0.310042,0.2096,GTM,200710
3950650,93,5605,1997,1.4133647491876175e-09,2.6629315993845797e-08,-0.310042,0.2096,GTM,200791
3957176,93,5606,1997,4.449511023629232e-07,8.094120891919256e-07,-0.310042,0.2096,GTM,200799
3963702,93,5607,1997,3.317013123527603e-08,1.3340344054592515e-07,-0.310042,0.2096,GTM,200811
3970228,93,5608,1997,6.900274589387162e-08,9.07354187101683e-08,-0.310042,0.2096,GTM,200819
3976754,93,5609,1997,0.0,2.9643367715748985e-09,-0.310042,0.2096,GTM,200820
3983280,93,5610,1997,0.0,2.0328111756236006e-08,-0.310042,0.2096,GTM,200830
3989806,93,5611,1997,0.0,1.9414350969202018e-08,-0.310042,0.2096,GTM,200840
3996332,93,5612,1997,0.0,2.205686629565178e-08,-0.310042,0.2096,GTM,200850
4002858,93,5613,1997,6.006921398862913e-08,3.921846714897784e-09,-0.310042,0.2096,GTM,200860
4009384,93,5614,1997,1.6327635653136542e-09,2.1980504131947522e-07,-0.310042,0.2096,GTM,200870
4015910,93,5615,1997,3.521290391415119e-10,0.0,-0.310042,0.2096,GTM,200880
4022436,93,5616,1997,6.315291889594758e-10,0.0,-0.310042,0.2096,GTM,200891
4028962,93,5617,1997,8.105331678070584e-09,8.303623006932696e-08,-0.310042,0.2096,GTM,200892
4035488,93,5618,1997,2.9405289975738684e-07,2.1595180123603048e-08,-0.310042,0.2096,GTM,200899
4042014,93,5619,1997,0.0,1.1528200971826089e-07,-0.310042,0.2096,GTM,200911
4048540,93,5620,1997,6.122317903256276e-08,1.3904675027419055e-07,-0.310042,0.2096,GTM,200919
4055066,93,5621,1997,0.0,1.53177727755504e-07,-0.310042,0.2096,GTM,200920
4061592,93,5622,1997,1.9271640485545997e-08,1.0889297573507112e-07,-0.310042,0.2096,GTM,200930
4068118,93,5623,1997,4.2112148177606266e-08,7.722057517992348e-09,-0.310042,0.2096,GTM,200940
4074644,93,5624,1997,1.76072398533766e-07,2.1434435117541576e-08,-0.310042,0.2096,GTM,200950
4081170,93,5625,1997,3.73190113341456e-09,6.181590067119923e-08,-0.310042,0.2096,GTM,200960
4087696,93,5626,1997,4.0556568146087227e-07,2.3460054197017682e-07,-0.310042,0.2096,GTM,200970
4094222,93,5627,1997,5.598636566052457e-07,1.305938498430721e-06,-0.310042,0.2096,GTM,200980
4100748,93,5628,1997,4.266367558830984e-08,1.4785358800834622e-07,-0.310042,0.2096,GTM,200990
4107274,93,5629,1997,3.111038848222538e-08,2.9698683883814263e-07,-0.310042,0.2096,GTM,210110
4113800,93,5630,1997,1.1509043698412634e-08,3.011201398084368e-08,-0.310042,0.2096,GTM,210120
4120326,93,5631,1997,1.4336682307904412e-09,3.287815381710979e-10,-0.310042,0.2096,GTM,210130
4126852,93,5632,1997,4.842816735609426e-07,1.318460368686409e-07,-0.310042,0.2096,GTM,210210
4133378,93,5633,1997,5.753309701050924e-08,1.820031188218515e-08,-0.310042,0.2096,GTM,210220
4139904,93,5634,1997,2.882794380932525e-07,3.930066253352061e-08,-0.310042,0.2096,GTM,210230
4146430,93,5635,1997,1.0809937249790028e-08,2.9151189707498905e-08,-0.310042,0.2096,GTM,210310
4152956,93,5636,1997,7.740005375887236e-07,6.9506372624083e-07,-0.310042,0.2096,GTM,210320
4159482,93,5637,1997,1.6277846667653795e-07,6.492142790170648e-08,-0.310042,0.2096,GTM,210330
4166008,93,5638,1997,1.3354493809441837e-06,1.3972761309058661e-06,-0.310042,0.2096,GTM,210390
4172534,93,5639,1997,9.19964933557366e-06,4.868485655748882e-07,-0.310042,0.2096,GTM,210410
4179060,93,5640,1997,2.532144162540592e-07,1.9766664250528505e-07,-0.310042,0.2096,GTM,210420
4185586,93,5641,1997,4.191002247269457e-09,1.1118974015363774e-06,-0.310042,0.2096,GTM,210500
4192112,93,5642,1997,1.486311825179136e-07,6.022790572781296e-07,-0.310042,0.2096,GTM,210610
4198638,93,5643,1997,3.135059685180912e-06,2.153552814900314e-05,-0.310042,0.2096,GTM,210690
4205164,93,5644,1997,5.753461219570348e-09,1.83123362369249e-08,-0.310042,0.2096,GTM,220110
4211690,93,5645,1997,1.96489215989119e-09,7.385321587768724e-09,-0.310042,0.2096,GTM,220190
4218216,93,5646,1997,8.595672880260334e-07,2.5719051824984897e-06,-0.310042,0.2096,GTM,220210
4224742,93,5647,1997,5.453121210367979e-08,5.169015844813424e-07,-0.310042,0.2096,GTM,220290
4231268,93,5648,1997,1.3787154941657238e-07,1.7657954917403715e-07,-0.310042,0.2096,GTM,220300
4237794,93,5649,1997,2.0595609308273418e-08,1.78863785425121e-07,-0.310042,0.2096,GTM,220410
4244320,93,5650,1997,1.5620650241503886e-08,5.067086939320339e-07,-0.310042,0.2096,GTM,220421
4250846,93,5651,1997,3.124251263116316e-08,8.434008749993695e-08,-0.310042,0.2096,GTM,220429
4257372,93,5652,1997,0.0,3.403816932476991e-10,-0.310042,0.2096,GTM,220430
4263898,93,5653,1997,6.138318258907457e-09,2.0837192847597705e-08,-0.310042,0.2096,GTM,220510
4270424,93,5654,1997,3.1764342412059617e-09,6.492441079872617e-09,-0.310042,0.2096,GTM,220590
4276950,93,5655,1997,4.800924895359062e-08,6.985878533531015e-08,-0.310042,0.2096,GTM,220600
4283476,93,5656,1997,2.3924886340763207e-06,2.9527366164982973e-09,-0.310042,0.2096,GTM,220710
4290002,93,5657,1997,6.228623296484195e-07,4.466059704491476e-09,-0.310042,0.2096,GTM,220720
4296528,93,5658,1997,0.0,0.0,-0.310042,0.2096,GTM,220810
4303054,93,5659,1997,2.5561174226838662e-09,2.571754380482494e-08,-0.310042,0.2096,GTM,220820
4309580,93,5660,1997,2.987278521556967e-08,2.1122858266514087e-06,-0.310042,0.2096,GTM,220830
4316106,93,5661,1997,2.8526573474190795e-07,1.283921735528334e-07,-0.310042,0.2096,GTM,220840
4322632,93,5662,1997,3.827357800651717e-10,1.4995686184023513e-08,-0.310042,0.2096,GTM,220850
4329158,93,5663,1997,9.154224689524405e-07,3.8822006991759826e-07,-0.310042,0.2096,GTM,220890
4335684,93,5664,1997,2.4039625254782268e-08,9.876372032218292e-09,-0.310042,0.2096,GTM,220900
4342210,93,5665,1997,9.521423760607834e-10,3.6971583397240613e-07,-0.310042,0.2096,GTM,230110
4348736,93,5666,1997,0.0,6.12974400258756e-07,-0.310042,0.2096,GTM,230120
4355262,93,5667,1997,0.0,0.0,-0.310042,0.2096,GTM,230210
4361788,93,5668,1997,0.0,5.432186905871265e-10,-0.310042,0.2096,GTM,230220
4368314,93,5669,1997,2.4185386070468213e-09,1.2000194710242884e-08,-0.310042,0.2096,GTM,230230
4374840,93,5670,1997,0.0,4.901894102369494e-10,-0.310042,0.2096,GTM,230240
4381366,93,5671,1997,0.0,0.0,-0.310042,0.2096,GTM,230250
4387892,93,5672,1997,0.0,8.006466805830435e-07,-0.310042,0.2096,GTM,230310
4394418,93,5673,1997,0.0,0.0,-0.310042,0.2096,GTM,230320
4400944,93,5674,1997,0.0,0.0,-0.310042,0.2096,GTM,230330
4407470,93,5675,1997,2.9727933511000273e-10,1.109162582118818e-05,-0.310042,0.2096,GTM,230400
4413996,93,5676,1997,0.0,1.6985941362166095e-09,-0.310042,0.2096,GTM,230500
4420522,93,5677,1997,0.0,1.1041756754513871e-07,-0.310042,0.2096,GTM,230610
4427048,93,5678,1997,0.0,0.0,-0.310042,0.2096,GTM,230620
4433574,93,5679,1997,0.0,0.0,-0.310042,0.2096,GTM,230630
4440100,93,5680,1997,0.0,0.0,-0.310042,0.2096,GTM,230640
4446626,93,5681,1997,0.0,9.71761562416995e-10,-0.310042,0.2096,GTM,230650
4453152,93,5682,1997,0.0,4.4246305792179e-10,-0.310042,0.2096,GTM,230660
4459678,93,5683,1997,0.0,0.0,-0.310042,0.2096,GTM,230690
4466204,93,5684,1997,0.0,0.0,-0.310042,0.2096,GTM,230700
4472730,93,5685,1997,0.0,0.0,-0.310042,0.2096,GTM,230810
4479256,93,5686,1997,2.9250044100736793e-08,0.0,-0.310042,0.2096,GTM,230890
4485782,93,5687,1997,2.0593427441593713e-07,6.256745814696211e-07,-0.310042,0.2096,GTM,230910
4492308,93,5688,1997,1.6825543690186328e-06,1.1622294801147434e-06,-0.310042,0.2096,GTM,230990
4498834,93,5689,1997,4.931835683993293e-06,4.784672878155427e-07,-0.310042,0.2096,GTM,240110
4505360,93,5690,1997,1.1238665567315255e-05,1.331489000002443e-07,-0.310042,0.2096,GTM,240120
4511886,93,5691,1997,1.9763833244043109e-07,1.983527088198155e-08,-0.310042,0.2096,GTM,240130
4518412,93,5692,1997,1.2645129557054224e-08,2.0987331997589144e-08,-0.310042,0.2096,GTM,240210
4524938,93,5693,1997,1.3434568316587065e-06,1.1592276914139213e-06,-0.310042,0.2096,GTM,240220
4531464,93,5694,1997,2.321061288834625e-06,6.102112433195096e-08,-0.310042,0.2096,GTM,240290
4537990,93,5695,1997,1.062447858201498e-09,5.71158492671626e-09,-0.310042,0.2096,GTM,240310
4544516,93,5696,1997,5.532638129361726e-07,1.18251980850873e-07,-0.310042,0.2096,GTM,240391
4551042,93,5697,1997,1.3540876740185373e-07,2.7891147719778263e-07,-0.310042,0.2096,GTM,240399
4557568,93,5698,1997,1.2728767779776304e-08,1.2149936140631697e-07,-0.310042,0.2096,GTM,250100
4564094,93,5699,1997,0.0,0.0,-0.310042,0.2096,GTM,250200
4570620,93,5700,1997,2.8605787356145696e-08,8.443951740059353e-08,-0.310042,0.2096,GTM,250310
4577146,93,5701,1997,0.0,0.0,-0.310042,0.2096,GTM,250390
4583672,93,5702,1997,1.31639289675622e-09,1.672079496041521e-08,-0.310042,0.2096,GTM,250410
4590198,93,5703,1997,0.0,2.5027168861266072e-08,-0.310042,0.2096,GTM,250490
4596724,93,5704,1997,2.4962979112152482e-08,2.934971807580988e-08,-0.310042,0.2096,GTM,250510
4603250,93,5705,1997,9.116869313745599e-09,5.193455714394811e-08,-0.310042,0.2096,GTM,250590
4609776,93,5706,1997,0.0,9.386182621981344e-10,-0.310042,0.2096,GTM,250610
4616302,93,5707,1997,2.6918780160878227e-09,0.0,-0.310042,0.2096,GTM,250621
4622828,93,5708,1997,7.878053898934496e-09,0.0,-0.310042,0.2096,GTM,250629
4629354,93,5709,1997,5.0495061783261725e-09,1.3885750202994087e-07,-0.310042,0.2096,GTM,250700
4635880,93,5710,1997,8.961684046151477e-08,1.0592830753049403e-07,-0.310042,0.2096,GTM,250810
4642406,93,5711,1997,0.0,5.1482813961965036e-08,-0.310042,0.2096,GTM,250820
4648932,93,5712,1997,6.1627733479425e-08,7.055877183593249e-09,-0.310042,0.2096,GTM,250830
4655458,93,5713,1997,8.915349682911601e-10,1.986983934410982e-07,-0.310042,0.2096,GTM,250840
4661984,93,5714,1997,0.0,0.0,-0.310042,0.2096,GTM,250850
4668510,93,5715,1997,0.0,0.0,-0.310042,0.2096,GTM,250860
4675036,93,5716,1997,0.0,0.0,-0.310042,0.2096,GTM,250870
4681562,93,5717,1997,1.899436159499997e-09,8.15457758584848e-09,-0.310042,0.2096,GTM,250900
4688088,93,5718,1997,6.033467443466008e-09,0.0,-0.310042,0.2096,GTM,251010
4694614,93,5719,1997,0.0,1.0672142670473137e-08,-0.310042,0.2096,GTM,251020
4701140,93,5720,1997,2.7917287203882773e-08,0.0,-0.310042,0.2096,GTM,251110
4707666,93,5721,1997,0.0,0.0,-0.310042,0.2096,GTM,251120
4714192,93,5722,1997,4.205396506614743e-08,5.823841284557541e-08,-0.310042,0.2096,GTM,251200
4720718,93,5723,1997,1.2349365407138462e-08,0.0,-0.310042,0.2096,GTM,251311
4727244,93,5724,1997,3.885540912110555e-09,6.133830571504545e-09,-0.310042,0.2096,GTM,251319
4733770,93,5725,1997,0.0,7.927545979349285e-09,-0.310042,0.2096,GTM,251321
4740296,93,5726,1997,0.0,0.0,-0.310042,0.2096,GTM,251329
4746822,93,5727,1997,0.0,0.0,-0.310042,0.2096,GTM,251400
4753348,93,5728,1997,1.7277444643998193e-07,1.1897450479564416e-08,-0.310042,0.2096,GTM,251511
4759874,93,5729,1997,6.442446231095427e-07,4.66286462119107e-08,-0.310042,0.2096,GTM,251512
4766400,93,5730,1997,5.196054890313122e-08,4.5340034699401404e-10,-0.310042,0.2096,GTM,251520
4772926,93,5731,1997,7.559258934066277e-09,0.0,-0.310042,0.2096,GTM,251611
4779452,93,5732,1997,6.06698333996261e-08,6.770811658410828e-08,-0.310042,0.2096,GTM,251612
4785978,93,5733,1997,0.0,0.0,-0.310042,0.2096,GTM,251621
4792504,93,5734,1997,0.0,0.0,-0.310042,0.2096,GTM,251622
4799030,93,5735,1997,9.314600981593994e-08,5.0990967386717145e-09,-0.310042,0.2096,GTM,251690
4805556,93,5736,1997,1.3560604451414385e-08,1.634992143096616e-08,-0.310042,0.2096,GTM,251710
4812082,93,5737,1997,0.0,0.0,-0.310042,0.2096,GTM,251720
4818608,93,5738,1997,0.0,1.2492372718492966e-07,-0.310042,0.2096,GTM,251730
4825134,93,5739,1997,2.9418532694336346e-08,1.6170616176782124e-09,-0.310042,0.2096,GTM,251741
4831660,93,5740,1997,0.0,0.0,-0.310042,0.2096,GTM,251749
4838186,93,5741,1997,4.130649390612466e-07,2.615669253272484e-09,-0.310042,0.2096,GTM,251810
4844712,93,5742,1997,2.391562249848562e-07,9.447464584086017e-08,-0.310042,0.2096,GTM,251820
4851238,93,5743,1997,0.0,0.0,-0.310042,0.2096,GTM,251830
4857764,93,5744,1997,0.0,6.5918709805292e-09,-0.310042,0.2096,GTM,251910
4864290,93,5745,1997,6.994094856614539e-10,6.4685116171146e-08,-0.310042,0.2096,GTM,251990
4870816,93,5746,1997,2.1016255021898492e-07,3.2854953506956585e-09,-0.310042,0.2096,GTM,252010
4877342,93,5747,1997,1.91986085591836e-08,4.5234307571703235e-08,-0.310042,0.2096,GTM,252020
4883868,93,5748,1997,1.2751798594728762e-09,2.8211577146294207e-09,-0.310042,0.2096,GTM,252100
4890394,93,5749,1997,8.185030419287638e-10,0.0,-0.310042,0.2096,GTM,252210
4896920,93,5750,1997,6.08801411045867e-10,0.0,-0.310042,0.2096,GTM,252220
4903446,93,5751,1997,3.1059387348587244e-07,0.0,-0.310042,0.2096,GTM,252230
4909972,93,5752,1997,1.8745871223144516e-09,2.5737098351954067e-08,-0.310042,0.2096,GTM,252310
4916498,93,5753,1997,1.1648258914059458e-07,7.121520804006724e-07,-0.310042,0.2096,GTM,252321
4923024,93,5754,1997,1.7864033440096493e-08,5.376200248842558e-06,-0.310042,0.2096,GTM,252329
4929550,93,5755,1997,6.730452632816677e-10,7.629256277379539e-09,-0.310042,0.2096,GTM,252330
4936076,93,5756,1997,3.6858395035096463e-09,7.373157996588401e-08,-0.310042,0.2096,GTM,252390
4942602,93,5757,1997,7.38501263672861e-10,5.096445274654206e-09,-0.310042,0.2096,GTM,252400
4949128,93,5758,1997,0.0,0.0,-0.310042,0.2096,GTM,252510
4955654,93,5759,1997,0.0,4.2413481290076e-09,-0.310042,0.2096,GTM,252520
4962180,93,5760,1997,0.0,0.0,-0.310042,0.2096,GTM,252530
4968706,93,5761,1997,0.0,0.0,-0.310042,0.2096,GTM,252610
4975232,93,5762,1997,3.459440531786218e-08,6.56886953017731e-08,-0.310042,0.2096,GTM,252620
4981758,93,5763,1997,1.349726971029513e-09,0.0,-0.310042,0.2096,GTM,252700
4988284,93,5764,1997,0.0,1.047480746097004e-07,-0.310042,0.2096,GTM,252810
4994810,93,5765,1997,0.0,8.066814126868937e-08,-0.310042,0.2096,GTM,252890
5001336,93,5766,1997,1.3939037105527915e-07,0.0,-0.310042,0.2096,GTM,252910
5007862,93,5767,1997,0.0,2.6385381304234983e-09,-0.310042,0.2096,GTM,252921
5014388,93,5768,1997,0.0,0.0,-0.310042,0.2096,GTM,252922
5020914,93,5769,1997,0.0,0.0,-0.310042,0.2096,GTM,252930
5027440,93,5770,1997,0.0,4.807104263743552e-09,-0.310042,0.2096,GTM,253010
5033966,93,5771,1997,0.0,2.450386929411048e-07,-0.310042,0.2096,GTM,253020
5040492,93,5772,1997,0.0,0.0,-0.310042,0.2096,GTM,253030
5047018,93,5773,1997,5.197085216245205e-09,3.1065546728140295e-08,-0.310042,0.2096,GTM,253040
5053544,93,5774,1997,3.4706832059274833e-09,2.177315964577833e-08,-0.310042,0.2096,GTM,253090
5060070,93,5775,1997,0.0,4.885322452260064e-10,-0.310042,0.2096,GTM,260111
5066596,93,5776,1997,0.0,0.0,-0.310042,0.2096,GTM,260112
5073122,93,5777,1997,0.0,0.0,-0.310042,0.2096,GTM,260120
5079648,93,5778,1997,0.0,1.0755498070523572e-07,-0.310042,0.2096,GTM,260200
5086174,93,5779,1997,0.0,2.8271235086688155e-09,-0.310042,0.2096,GTM,260300
5092700,93,5780,1997,2.412780903308707e-09,0.0,-0.310042,0.2096,GTM,260400
5099226,93,5781,1997,0.0,5.784168754195565e-09,-0.310042,0.2096,GTM,260500
5105752,93,5782,1997,0.0,4.535329201948894e-09,-0.310042,0.2096,GTM,260600
5112278,93,5783,1997,0.0,1.5958499055381415e-09,-0.310042,0.2096,GTM,260700
5118804,93,5784,1997,1.8951936409561232e-09,1.0855093687681248e-08,-0.310042,0.2096,GTM,260800
5125330,93,5785,1997,7.478954118771526e-10,2.7227221129794044e-09,-0.310042,0.2096,GTM,260900
5131856,93,5786,1997,0.0,8.05978774722254e-09,-0.310042,0.2096,GTM,261000
5138382,93,5787,1997,0.0,0.0,-0.310042,0.2096,GTM,261100
5144908,93,5788,1997,0.0,0.0,-0.310042,0.2096,GTM,261210
5151434,93,5789,1997,0.0,0.0,-0.310042,0.2096,GTM,261220
5157960,93,5790,1997,0.0,0.0,-0.310042,0.2096,GTM,261310
5164486,93,5791,1997,0.0,4.128329475261286e-09,-0.310042,0.2096,GTM,261390
5171012,93,5792,1997,5.045566696821147e-10,0.0,-0.310042,0.2096,GTM,261400
5177538,93,5793,1997,1.1456618290691909e-08,5.974345010851388e-08,-0.310042,0.2096,GTM,261510
5184064,93,5794,1997,0.0,0.0,-0.310042,0.2096,GTM,261590
5190590,93,5795,1997,0.0,0.0,-0.310042,0.2096,GTM,261610
5197116,93,5796,1997,0.0,1.2506292904584887e-08,-0.310042,0.2096,GTM,261690
5203642,93,5797,1997,8.605570069949113e-07,0.0,-0.310042,0.2096,GTM,261710
5210168,93,5798,1997,8.140150633834232e-08,6.188517016865665e-09,-0.310042,0.2096,GTM,261790
5216694,93,5799,1997,0.0,1.0335075307247323e-08,-0.310042,0.2096,GTM,261800
5223220,93,5800,1997,0.0,2.1853697865310162e-08,-0.310042,0.2096,GTM,261900
5229746,93,5801,1997,0.0,0.0,-0.310042,0.2096,GTM,262011
5236272,93,5802,1997,7.151765027927214e-08,0.0,-0.310042,0.2096,GTM,262019
5242798,93,5803,1997,0.0,0.0,-0.310042,0.2096,GTM,262020
5249324,93,5804,1997,0.0,0.0,-0.310042,0.2096,GTM,262030
5255850,93,5805,1997,0.0,0.0,-0.310042,0.2096,GTM,262040
5262376,93,5806,1997,0.0,0.0,-0.310042,0.2096,GTM,262050
5268902,93,5807,1997,0.0,0.0,-0.310042,0.2096,GTM,262090
5275428,93,5808,1997,0.0,2.433745678371158e-08,-0.310042,0.2096,GTM,262100
5281954,93,5809,1997,0.0,3.548653154433412e-09,-0.310042,0.2096,GTM,270111
5288480,93,5810,1997,0.0,0.0,-0.310042,0.2096,GTM,270112
5295006,93,5811,1997,0.0,0.0,-0.310042,0.2096,GTM,270119
5301532,93,5812,1997,0.0,0.0,-0.310042,0.2096,GTM,270120
5308058,93,5813,1997,0.0,8.874118633599946e-09,-0.310042,0.2096,GTM,270210
5314584,93,5814,1997,0.0,0.0,-0.310042,0.2096,GTM,270220
5321110,93,5815,1997,0.0,2.637146111814306e-08,-0.310042,0.2096,GTM,270300
5327636,93,5816,1997,1.969437715473912e-09,1.1689078551088439e-07,-0.310042,0.2096,GTM,270400
5334162,93,5817,1997,0.0,0.0,-0.310042,0.2096,GTM,270500
5340688,93,5818,1997,0.0,2.0270442413855188e-09,-0.310042,0.2096,GTM,270600
5347214,93,5819,1997,0.0,0.0,-0.310042,0.2096,GTM,270710
5353740,93,5820,1997,0.0,1.382513110689379e-07,-0.310042,0.2096,GTM,270720
5360266,93,5821,1997,0.0,2.692362849978928e-08,-0.310042,0.2096,GTM,270730
5366792,93,5822,1997,0.0,4.285760151300874e-09,-0.310042,0.2096,GTM,270740
5373318,93,5823,1997,0.0,6.028434876808568e-09,-0.310042,0.2096,GTM,270750
5379844,93,5824,1997,0.0,0.0,-0.310042,0.2096,GTM,270760
5386370,93,5825,1997,0.0,0.0,-0.310042,0.2096,GTM,270791
5392896,93,5826,1997,0.0,3.357250595669492e-08,-0.310042,0.2096,GTM,270799
5399422,93,5827,1997,0.0,0.0,-0.310042,0.2096,GTM,270810
5405948,93,5828,1997,0.0,0.0,-0.310042,0.2096,GTM,270820
5412474,93,5829,1997,2.7429482421708183e-05,2.3016785756900573e-05,-0.310042,0.2096,GTM,270900
5419000,93,5830,1997,1.4353046308002211e-08,1.607894744273779e-05,-0.310042,0.2096,GTM,271000
5425526,93,5831,1997,0.0,0.0,-0.310042,0.2096,GTM,271011
5432052,93,5832,1997,0.0,8.823011664662462e-07,-0.310042,0.2096,GTM,271012
5438578,93,5833,1997,3.772811133659056e-10,1.5672022288475673e-05,-0.310042,0.2096,GTM,271013
5445104,93,5834,1997,0.0,1.4067574347994756e-07,-0.310042,0.2096,GTM,271014
5451630,93,5835,1997,0.0,0.0,-0.310042,0.2096,GTM,271015
5458156,93,5836,1997,0.0,3.240857953960897e-07,-0.310042,0.2096,GTM,271016
5464682,93,5837,1997,9.119384521168037e-08,1.737292982704756e-05,-0.310042,0.2096,GTM,271019
5471208,93,5838,1997,0.0,1.948600346994517e-06,-0.310042,0.2096,GTM,271021
5477734,93,5839,1997,0.0,3.165185170901194e-10,-0.310042,0.2096,GTM,271022
5484260,93,5840,1997,0.0,3.1966355113448756e-06,-0.310042,0.2096,GTM,271025
5490786,93,5841,1997,0.0,9.943344698970544e-07,-0.310042,0.2096,GTM,271026
5497312,93,5842,1997,0.0,2.020694316496587e-06,-0.310042,0.2096,GTM,271027
5503838,93,5843,1997,8.526553162069467e-09,1.689468559364249e-05,-0.310042,0.2096,GTM,271029
5510364,93,5844,1997,0.0,5.9159087325035055e-06,-0.310042,0.2096,GTM,271091
5516890,93,5845,1997,0.0,8.342168665087232e-10,-0.310042,0.2096,GTM,271093
5523416,93,5846,1997,0.0,0.0,-0.310042,0.2096,GTM,271094
5529942,93,5847,1997,4.799597593128908e-07,4.601668500233964e-06,-0.310042,0.2096,GTM,271095
5536468,93,5848,1997,0.0,6.733909907947149e-07,-0.310042,0.2096,GTM,271096
5542994,93,5849,1997,6.296079341331786e-08,2.5961147061433565e-05,-0.310042,0.2096,GTM,271099
5549520,93,5850,1997,0.0,4.394801609020925e-09,-0.310042,0.2096,GTM,271111
5556046,93,5851,1997,5.366876869111805e-07,1.2446374126418214e-05,-0.310042,0.2096,GTM,271112
5562572,93,5852,1997,1.4839026807202937e-07,1.9824101589807792e-07,-0.310042,0.2096,GTM,271113
5569098,93,5853,1997,0.0,2.7150991539290666e-09,-0.310042,0.2096,GTM,271114
5575624,93,5854,1997,0.0,6.071690197924203e-06,-0.310042,0.2096,GTM,271119
5582150,93,5855,1997,0.0,0.0,-0.310042,0.2096,GTM,271121
5588676,93,5856,1997,0.0,1.2908321136239666e-08,-0.310042,0.2096,GTM,271129
5595202,93,5857,1997,1.0918424509697654e-08,1.6459393751589056e-07,-0.310042,0.2096,GTM,271210
5601728,93,5858,1997,6.174682703569231e-09,2.5729140645571518e-06,-0.310042,0.2096,GTM,271220
5608254,93,5859,1997,1.4782146755011145e-09,7.196623522302662e-07,-0.310042,0.2096,GTM,271290
5614780,93,5860,1997,0.0,0.0,-0.310042,0.2096,GTM,271311
5621306,93,5861,1997,0.0,7.71244596092888e-09,-0.310042,0.2096,GTM,271312
5627832,93,5862,1997,4.9616860444679885e-08,9.504305343961363e-08,-0.310042,0.2096,GTM,271320
5634358,93,5863,1997,6.960760782341246e-10,1.1324734251782504e-08,-0.310042,0.2096,GTM,271390
5640884,93,5864,1997,0.0,9.142711938573593e-08,-0.310042,0.2096,GTM,271410
5647410,93,5865,1997,1.3689213370701526e-07,2.3582419261425717e-07,-0.310042,0.2096,GTM,271490
5653936,93,5866,1997,1.7590390994016645e-08,3.173238992854377e-08,-0.310042,0.2096,GTM,271500
5660462,93,5867,1997,2.677662548595458e-07,5.2127782584224065e-09,-0.310042,0.2096,GTM,271600
5666988,93,5868,1997,4.891381451455225e-07,1.1776908296668419e-07,-0.310042,0.2096,GTM,280110
5673514,93,5869,1997,2.03731801217589e-09,3.0952528074393982e-09,-0.310042,0.2096,GTM,280120
5680040,93,5870,1997,0.0,9.428606046261485e-09,-0.310042,0.2096,GTM,280130
5686566,93,5871,1997,4.569192471751907e-09,1.2631906012414368e-08,-0.310042,0.2096,GTM,280200
5693092,93,5872,1997,1.55458000929084e-09,6.288082805053144e-07,-0.310042,0.2096,GTM,280300
5699618,93,5873,1997,3.8182666894862735e-10,4.627799009559516e-09,-0.310042,0.2096,GTM,280410
5706144,93,5874,1997,0.0,9.255598019119032e-08,-0.310042,0.2096,GTM,280421
5712670,93,5875,1997,1.0945697843193983e-09,1.6909380338660526e-08,-0.310042,0.2096,GTM,280429
5719196,93,5876,1997,1.5321552684160792e-09,5.868352736751471e-09,-0.310042,0.2096,GTM,280430
5725722,93,5877,1997,3.2004650783866175e-08,1.00431491189196e-07,-0.310042,0.2096,GTM,280440
5732248,93,5878,1997,0.0,0.0,-0.310042,0.2096,GTM,280450
5738774,93,5879,1997,0.0,1.226713085020559e-07,-0.310042,0.2096,GTM,280461
5745300,93,5880,1997,0.0,2.646426235875587e-08,-0.310042,0.2096,GTM,280469
5751826,93,5881,1997,0.0,8.950679657105513e-09,-0.310042,0.2096,GTM,280470
5758352,93,5882,1997,0.0,0.0,-0.310042,0.2096,GTM,280480
5764878,93,5883,1997,0.0,3.0538236821658227e-09,-0.310042,0.2096,GTM,280490
5771404,93,5884,1997,0.0,6.688649417168273e-09,-0.310042,0.2096,GTM,280511
5777930,93,5885,1997,0.0,0.0,-0.310042,0.2096,GTM,280519
5784456,93,5886,1997,0.0,1.4439873039353218e-08,-0.310042,0.2096,GTM,280521
5790982,93,5887,1997,0.0,0.0,-0.310042,0.2096,GTM,280522
5797508,93,5888,1997,0.0,0.0,-0.310042,0.2096,GTM,280530
5804034,93,5889,1997,0.0,6.029097742812945e-09,-0.310042,0.2096,GTM,280540
5810560,93,5890,1997,5.4925463291221194e-09,1.4087758617828043e-07,-0.310042,0.2096,GTM,280610
5817086,93,5891,1997,0.0,0.0,-0.310042,0.2096,GTM,280620
5823612,93,5892,1997,1.702462084248721e-09,1.5124182758972036e-07,-0.310042,0.2096,GTM,280700
5830138,93,5893,1997,1.1715108884829353e-08,7.211650694621894e-09,-0.310042,0.2096,GTM,280800
5836664,93,5894,1997,4.1213037283343905e-10,0.0,-0.310042,0.2096,GTM,280910
5843190,93,5895,1997,1.575792602010208e-08,2.657283981027286e-07,-0.310042,0.2096,GTM,280920
5849716,93,5896,1997,1.9812561599889887e-09,1.493867970764707e-08,-0.310042,0.2096,GTM,281000
5856242,93,5897,1997,0.0,2.0301928549063107e-08,-0.310042,0.2096,GTM,281111
5862768,93,5898,1997,3.451288835441204e-09,4.939843181120089e-08,-0.310042,0.2096,GTM,281119
5869294,93,5899,1997,2.883845919457328e-07,1.0829308200110974e-07,-0.310042,0.2096,GTM,281121
5875820,93,5900,1997,0.0,1.5355158418197274e-07,-0.310042,0.2096,GTM,281122
5882346,93,5901,1997,0.0,1.7734979947112348e-09,-0.310042,0.2096,GTM,281123
5888872,93,5902,1997,3.0653105590603576e-08,9.874482864105817e-08,-0.310042,0.2096,GTM,281129
5895398,93,5903,1997,1.1109337844171967e-09,5.7569912480161e-10,-0.310042,0.2096,GTM,281210
5901924,93,5904,1997,0.0,1.049979750933506e-09,-0.310042,0.2096,GTM,281290
5908450,93,5905,1997,0.0,0.0,-0.310042,0.2096,GTM,281310
5914976,93,5906,1997,2.616512704526296e-07,1.0090146318629944e-08,-0.310042,0.2096,GTM,281390
5921502,93,5907,1997,1.98907451559127e-08,4.554655060306512e-07,-0.310042,0.2096,GTM,281410
5928028,93,5908,1997,3.5522001693776268e-09,1.4833284012951095e-08,-0.310042,0.2096,GTM,281420
5934554,93,5909,1997,2.3372640732277563e-08,2.911758240107698e-07,-0.310042,0.2096,GTM,281511
5941080,93,5910,1997,4.413128396745127e-08,6.096663674639114e-07,-0.310042,0.2096,GTM,281512
5947606,93,5911,1997,1.0929333843096186e-08,3.1743990083620376e-08,-0.310042,0.2096,GTM,281520
5954132,93,5912,1997,8.106240789187128e-10,1.3390224721421902e-08,-0.310042,0.2096,GTM,281530
5960658,93,5913,1997,7.37380026629123e-09,2.662434449881297e-08,-0.310042,0.2096,GTM,281610
5967184,93,5914,1997,0.0,3.436960232695852e-10,-0.310042,0.2096,GTM,281620
5973710,93,5915,1997,0.0,4.651993618719284e-09,-0.310042,0.2096,GTM,281630
5980236,93,5916,1997,6.7831810775762495e-09,7.624914505050867e-08,-0.310042,0.2096,GTM,281700
5986762,93,5917,1997,0.0,1.6429133918489237e-09,-0.310042,0.2096,GTM,281810
5993288,93,5918,1997,5.037990770849944e-09,1.0629752389493214e-07,-0.310042,0.2096,GTM,281820
5999814,93,5919,1997,5.097082993425327e-10,6.475007703957496e-08,-0.310042,0.2096,GTM,281830
6006340,93,5920,1997,0.0,1.2727358717044687e-08,-0.310042,0.2096,GTM,281910
6012866,93,5921,1997,1.2388760222188717e-08,1.7783369165431884e-08,-0.310042,0.2096,GTM,281990
6019392,93,5922,1997,4.494039286117574e-10,4.2130934655710216e-07,-0.310042,0.2096,GTM,282010
6025918,93,5923,1997,1.225481785101785e-09,3.064396394935639e-08,-0.310042,0.2096,GTM,282090
6032444,93,5924,1997,2.2076248280085317e-09,5.562009212828542e-08,-0.310042,0.2096,GTM,282110
6038970,93,5925,1997,0.0,1.0293977614975937e-08,-0.310042,0.2096,GTM,282120
6045496,93,5926,1997,0.0,4.9075284634067e-09,-0.310042,0.2096,GTM,282200
6052022,93,5927,1997,6.93439655996146e-09,8.747113507161271e-08,-0.310042,0.2096,GTM,282300
6058548,93,5928,1997,0.0,6.252815019290255e-08,-0.310042,0.2096,GTM,282410
6065074,93,5929,1997,0.0,2.4069990350945377e-08,-0.310042,0.2096,GTM,282420
6071600,93,5930,1997,1.4439714901112772e-09,1.6084443596213084e-08,-0.310042,0.2096,GTM,282490
6078126,93,5931,1997,0.0,1.0001322274043396e-08,-0.310042,0.2096,GTM,282510
6084652,93,5932,1997,0.0,2.815191920590026e-09,-0.310042,0.2096,GTM,282520
6091178,93,5933,1997,0.0,0.0,-0.310042,0.2096,GTM,282530
6097704,93,5934,1997,0.0,0.0,-0.310042,0.2096,GTM,282540
6104230,93,5935,1997,7.336526710512911e-10,6.374119498091285e-09,-0.310042,0.2096,GTM,282550
6110756,93,5936,1997,0.0,5.877301427810564e-09,-0.310042,0.2096,GTM,282560
6117282,93,5937,1997,0.0,0.0,-0.310042,0.2096,GTM,282570
6123808,93,5938,1997,6.873486115152989e-07,4.847207657008373e-09,-0.310042,0.2096,GTM,282580
6130334,93,5939,1997,5.664368330149002e-09,2.979218113373167e-08,-0.310042,0.2096,GTM,282590
6136860,93,5940,1997,4.2364578030966747e-10,2.7001846688305792e-08,-0.310042,0.2096,GTM,282611
6143386,93,5941,1997,0.0,0.0,-0.310042,0.2096,GTM,282612
6149912,93,5942,1997,0.0,7.082723256770526e-10,-0.310042,0.2096,GTM,282619
6156438,93,5943,1997,0.0,6.800342338905833e-09,-0.310042,0.2096,GTM,282620
6162964,93,5944,1997,0.0,0.0,-0.310042,0.2096,GTM,282630
6169490,93,5945,1997,0.0,1.564529486831318e-08,-0.310042,0.2096,GTM,282690
6176016,93,5946,1997,5.894070405595875e-10,1.2912696051868555e-07,-0.310042,0.2096,GTM,282710
6182542,93,5947,1997,7.572895600814443e-10,2.573245828992343e-08,-0.310042,0.2096,GTM,282720
6189068,93,5948,1997,1.797918751485878e-09,5.975405596458391e-09,-0.310042,0.2096,GTM,282731
6195594,93,5949,1997,0.0,1.789837641719133e-08,-0.310042,0.2096,GTM,282732
6202120,93,5950,1997,1.6230663800705142e-08,3.816119587199618e-09,-0.310042,0.2096,GTM,282733
6208646,93,5951,1997,0.0,6.273695298428137e-09,-0.310042,0.2096,GTM,282734
6215172,93,5952,1997,0.0,2.239161362786227e-09,-0.310042,0.2096,GTM,282735
6221698,93,5953,1997,0.0,1.3250359994498308e-07,-0.310042,0.2096,GTM,282736
6228224,93,5954,1997,0.0,0.0,-0.310042,0.2096,GTM,282737
6234750,93,5955,1997,0.0,6.856023083273519e-09,-0.310042,0.2096,GTM,282738
6241276,93,5956,1997,3.617050095691124e-09,6.700581005247062e-08,-0.310042,0.2096,GTM,282739
6247802,93,5957,1997,0.0,1.2347536496536544e-08,-0.310042,0.2096,GTM,282741
6254328,93,5958,1997,0.0,2.809888992555008e-08,-0.310042,0.2096,GTM,282749
6260854,93,5959,1997,0.0,5.353968717354753e-09,-0.310042,0.2096,GTM,282751
6267380,93,5960,1997,0.0,1.081631602642518e-08,-0.310042,0.2096,GTM,282759
6273906,93,5961,1997,4.233427432708193e-09,5.605194933013717e-09,-0.310042,0.2096,GTM,282760
6280432,93,5962,1997,5.589518181553517e-09,2.6815283051373827e-07,-0.310042,0.2096,GTM,282810
6286958,93,5963,1997,4.1842899768589714e-07,1.2465559788615906e-07,-0.310042,0.2096,GTM,282890
6293484,93,5964,1997,0.0,2.629589439364406e-09,-0.310042,0.2096,GTM,282911
6300010,93,5965,1997,0.0,2.9296025929455326e-08,-0.310042,0.2096,GTM,282919
6306536,93,5966,1997,4.525858175196627e-09,3.293946892251468e-08,-0.310042,0.2096,GTM,282990
6313062,93,5967,1997,1.2363911185003171e-09,7.320228146138882e-08,-0.310042,0.2096,GTM,283010
6319588,93,5968,1997,0.0,0.0,-0.310042,0.2096,GTM,283020
6326114,93,5969,1997,0.0,0.0,-0.310042,0.2096,GTM,283030
6332640,93,5970,1997,3.715234096277914e-10,1.1233258743178448e-08,-0.310042,0.2096,GTM,283090
6339166,93,5971,1997,5.690126478451092e-09,7.532477840740466e-08,-0.310042,0.2096,GTM,283110
6345692,93,5972,1997,0.0,0.0,-0.310042,0.2096,GTM,283190
6352218,93,5973,1997,1.8227677886714234e-09,5.7233507982939556e-08,-0.310042,0.2096,GTM,283210
6358744,93,5974,1997,4.468584174854332e-09,4.3062427108361295e-08,-0.310042,0.2096,GTM,283220
6365270,93,5975,1997,3.238253797130978e-09,8.452535854816037e-09,-0.310042,0.2096,GTM,283230
6371796,93,5976,1997,2.9217316100541194e-08,5.032969226075044e-07,-0.310042,0.2096,GTM,283311
6378322,93,5977,1997,7.241100346979639e-08,8.258564690285155e-07,-0.310042,0.2096,GTM,283319
6384848,93,5978,1997,0.0,7.337230659151158e-08,-0.310042,0.2096,GTM,283321
6391374,93,5979,1997,1.3055744744693423e-08,1.6678769255737695e-07,-0.310042,0.2096,GTM,283322
6397900,93,5980,1997,3.75765928171665e-10,1.7193086988533975e-08,-0.310042,0.2096,GTM,283323
6404426,93,5981,1997,0.0,4.827653109879246e-09,-0.310042,0.2096,GTM,283324
6410952,93,5982,1997,3.39401483509891e-10,2.754208248187322e-08,-0.310042,0.2096,GTM,283325
6417478,93,5983,1997,1.0112345986361662e-09,1.0801070108324505e-07,-0.310042,0.2096,GTM,283326
6424004,93,5984,1997,0.0,0.0,-0.310042,0.2096,GTM,283327
6430530,93,5985,1997,3.797417741213523e-08,2.383132544606936e-07,-0.310042,0.2096,GTM,283329
6437056,93,5986,1997,0.0,2.1131173920539e-08,-0.310042,0.2096,GTM,283330
6443582,93,5987,1997,0.0,1.9395459288077265e-09,-0.310042,0.2096,GTM,283340
6450108,93,5988,1997,0.0,1.468854722089533e-07,-0.310042,0.2096,GTM,283410
6456634,93,5989,1997,1.254270303792356e-09,2.901255128268341e-07,-0.310042,0.2096,GTM,283421
6463160,93,5990,1997,0.0,0.0,-0.310042,0.2096,GTM,283422
6469686,93,5991,1997,3.330377056940805e-10,2.0483520690962244e-07,-0.310042,0.2096,GTM,283429
6476212,93,5992,1997,0.0,2.1627991990819722e-08,-0.310042,0.2096,GTM,283510
6482738,93,5993,1997,0.0,0.0,-0.310042,0.2096,GTM,283521
6489264,93,5994,1997,2.754606683129383e-10,1.571257576775747e-08,-0.310042,0.2096,GTM,283522
6495790,93,5995,1997,6.035891739776793e-09,1.7233190381798795e-08,-0.310042,0.2096,GTM,283523
6502316,93,5996,1997,0.0,3.3083642278466726e-09,-0.310042,0.2096,GTM,283524
6508842,93,5997,1997,9.95991835582106e-09,8.795535868781026e-07,-0.310042,0.2096,GTM,283525
6515368,93,5998,1997,0.0,9.840809271083454e-08,-0.310042,0.2096,GTM,283526
6521894,93,5999,1997,6.441355297755574e-09,1.087335564610184e-07,-0.310042,0.2096,GTM,283529
6528420,93,6000,1997,5.5669116184554474e-08,8.452078477273017e-07,-0.310042,0.2096,GTM,283531
6534946,93,6001,1997,1.4656386383889177e-08,1.3835438673261856e-07,-0.310042,0.2096,GTM,283539
6541472,93,6002,1997,0.0,1.3005431005880928e-09,-0.310042,0.2096,GTM,283610
6547998,93,6003,1997,7.888326854551447e-08,1.0645306540285926e-06,-0.310042,0.2096,GTM,283620
6554524,93,6004,1997,1.5749137945975486e-08,2.0027634596451816e-07,-0.310042,0.2096,GTM,283630
6561050,93,6005,1997,1.0224469690735466e-09,1.3744195167759334e-08,-0.310042,0.2096,GTM,283640
6567576,93,6006,1997,9.057080105980864e-08,7.305943383744553e-08,-0.310042,0.2096,GTM,283650
6574102,93,6007,1997,0.0,8.312339694890257e-10,-0.310042,0.2096,GTM,283660
6580628,93,6008,1997,0.0,0.0,-0.310042,0.2096,GTM,283670
6587154,93,6009,1997,0.0,2.674332894659868e-09,-0.310042,0.2096,GTM,283691
6593680,93,6010,1997,0.0,3.383930952345675e-10,-0.310042,0.2096,GTM,283692
6600206,93,6011,1997,0.0,0.0,-0.310042,0.2096,GTM,283693
6606732,93,6012,1997,3.1784342856623595e-08,7.850222659938682e-08,-0.310042,0.2096,GTM,283699
6613258,93,6013,1997,3.80917557832083e-10,4.97182646583129e-09,-0.310042,0.2096,GTM,283711
6619784,93,6014,1997,0.0,3.499932503111687e-09,-0.310042,0.2096,GTM,283719
6626310,93,6015,1997,0.0,1.4433907245313823e-09,-0.310042,0.2096,GTM,283720
6632836,93,6016,1997,0.0,0.0,-0.310042,0.2096,GTM,283800
6639362,93,6017,1997,0.0,1.1287945188539569e-08,-0.310042,0.2096,GTM,283911
6645888,93,6018,1997,8.720799903971109e-09,2.1484514644172272e-07,-0.310042,0.2096,GTM,283919
6652414,93,6019,1997,0.0,1.5255861090741567e-08,-0.310042,0.2096,GTM,283920
6658940,93,6020,1997,5.416787069410091e-09,6.116993774993364e-08,-0.310042,0.2096,GTM,283990
6665466,93,6021,1997,0.0,9.054749619792736e-10,-0.310042,0.2096,GTM,284011
6671992,93,6022,1997,1.093660673202854e-09,3.020216375743898e-08,-0.310042,0.2096,GTM,284019
6678518,93,6023,1997,3.967088179264584e-08,1.2880480764055824e-08,-0.310042,0.2096,GTM,284020
6685044,93,6024,1997,0.0,0.0,-0.310042,0.2096,GTM,284030
6691570,93,6025,1997,4.886775288464734e-09,3.6146083218689453e-09,-0.310042,0.2096,GTM,284110
6698096,93,6026,1997,0.0,5.512725125403096e-09,-0.310042,0.2096,GTM,284120
6704622,93,6027,1997,0.0,0.0,-0.310042,0.2096,GTM,284130
6711148,93,6028,1997,0.0,1.281021696759184e-08,-0.310042,0.2096,GTM,284140
6717674,93,6029,1997,0.0,1.5829571617530048e-08,-0.310042,0.2096,GTM,284150
6724200,93,6030,1997,4.2091844696003443e-10,5.817312054414426e-09,-0.310042,0.2096,GTM,284160
6730726,93,6031,1997,0.0,3.340181796056779e-09,-0.310042,0.2096,GTM,284170
6737252,93,6032,1997,0.0,0.0,-0.310042,0.2096,GTM,284180
6743778,93,6033,1997,0.0,1.0359601349409281e-08,-0.310042,0.2096,GTM,284190
6750304,93,6034,1997,3.0879474258623116e-10,6.131179107487036e-09,-0.310042,0.2096,GTM,284210
6756830,93,6035,1997,6.591358631985391e-09,5.4617507296664884e-08,-0.310042,0.2096,GTM,284290
6763356,93,6036,1997,0.0,0.0,-0.310042,0.2096,GTM,284310
6769882,93,6037,1997,4.827380028850503e-10,3.7067466964773778e-09,-0.310042,0.2096,GTM,284321
6776408,93,6038,1997,0.0,0.0,-0.310042,0.2096,GTM,284329
6782934,93,6039,1997,0.0,0.0,-0.310042,0.2096,GTM,284330
6789460,93,6040,1997,0.0,2.0485873865277783e-09,-0.310042,0.2096,GTM,284390
6795986,93,6041,1997,0.0,0.0,-0.310042,0.2096,GTM,284410
6802512,93,6042,1997,0.0,5.01458132311362e-10,-0.310042,0.2096,GTM,284420
6809038,93,6043,1997,0.0,0.0,-0.310042,0.2096,GTM,284430
6815564,93,6044,1997,0.0,2.7316376607382778e-08,-0.310042,0.2096,GTM,284440
6822090,93,6045,1997,0.0,4.1694271675326727e-10,-0.310042,0.2096,GTM,284450
6828616,93,6046,1997,0.0,3.3063756298335407e-09,-0.310042,0.2096,GTM,284510
6835142,93,6047,1997,0.0,4.514117489808824e-09,-0.310042,0.2096,GTM,284590
6841668,93,6048,1997,0.0,1.1895130448549096e-09,-0.310042,0.2096,GTM,284610
6848194,93,6049,1997,7.210463302352095e-09,3.0428863930935983e-09,-0.310042,0.2096,GTM,284690
6854720,93,6050,1997,7.85956863956476e-09,1.637408289682571e-07,-0.310042,0.2096,GTM,284700
6861246,93,6051,1997,0.0,0.0,-0.310042,0.2096,GTM,284810
6867772,93,6052,1997,0.0,7.318040688324437e-10,-0.310042,0.2096,GTM,284890
6874298,93,6053,1997,0.0,2.0242336895269594e-07,-0.310042,0.2096,GTM,284910
6880824,93,6054,1997,1.1466921550012746e-09,5.627732377162543e-10,-0.310042,0.2096,GTM,284920
6887350,93,6055,1997,0.0,4.1195465007032873e-08,-0.310042,0.2096,GTM,284990
6893876,93,6056,1997,3.0334007588696507e-10,0.0,-0.310042,0.2096,GTM,285000
6900402,93,6057,1997,3.02067320323803e-09,4.26696790007678e-08,-0.310042,0.2096,GTM,285100
6906928,93,6058,1997,3.207950093246166e-09,1.5273128750155595e-07,-0.310042,0.2096,GTM,290110
6913454,93,6059,1997,8.800195608149317e-10,1.0506426169378833e-09,-0.310042,0.2096,GTM,290121
6919980,93,6060,1997,0.0,6.343627661889933e-10,-0.310042,0.2096,GTM,290122
6926506,93,6061,1997,0.0,0.0,-0.310042,0.2096,GTM,290123
6933032,93,6062,1997,0.0,0.0,-0.310042,0.2096,GTM,290124
6939558,93,6063,1997,7.625017971496318e-09,3.3193015169188966e-09,-0.310042,0.2096,GTM,290129
6946084,93,6064,1997,7.15652270943713e-09,1.6897879613484581e-07,-0.310042,0.2096,GTM,290211
6952610,93,6065,1997,0.0,1.1845415498220805e-08,-0.310042,0.2096,GTM,290219
6959136,93,6066,1997,0.0,6.23491763717207e-09,-0.310042,0.2096,GTM,290220
6965662,93,6067,1997,4.081575572541402e-08,4.447284024917491e-07,-0.310042,0.2096,GTM,290230
6972188,93,6068,1997,1.5539739352131438e-09,9.643540348180795e-08,-0.310042,0.2096,GTM,290241
6978714,93,6069,1997,0.0,9.209860264817004e-09,-0.310042,0.2096,GTM,290242
6985240,93,6070,1997,1.0463868951425479e-09,0.0,-0.310042,0.2096,GTM,290243
6991766,93,6071,1997,5.772855590056628e-10,5.659549945372649e-09,-0.310042,0.2096,GTM,290244
6998292,93,6072,1997,0.0,9.436229005311822e-09,-0.310042,0.2096,GTM,290250
7004818,93,6073,1997,0.0,0.0,-0.310042,0.2096,GTM,290260
7011344,93,6074,1997,0.0,0.0,-0.310042,0.2096,GTM,290270
7017870,93,6075,1997,4.772227287780145e-09,8.361451437154564e-07,-0.310042,0.2096,GTM,290290
7024396,93,6076,1997,2.3333851991305005e-09,2.8818430973301543e-08,-0.310042,0.2096,GTM,290311
7030922,93,6077,1997,3.8497825415264775e-09,2.9777929514637563e-08,-0.310042,0.2096,GTM,290312
7037448,93,6078,1997,9.339601537298963e-10,4.007356429462444e-09,-0.310042,0.2096,GTM,290313
7043974,93,6079,1997,2.821274831675969e-10,9.49886984272547e-10,-0.310042,0.2096,GTM,290314
7050500,93,6080,1997,0.0,5.353637284352565e-09,-0.310042,0.2096,GTM,290315
7057026,93,6081,1997,0.0,0.0,-0.310042,0.2096,GTM,290316
7063552,93,6082,1997,1.982468308144381e-08,8.858209849494892e-08,-0.310042,0.2096,GTM,290319
7070078,93,6083,1997,0.0,4.0003963364164833e-10,-0.310042,0.2096,GTM,290321
7076604,93,6084,1997,0.0,1.4036187642687495e-09,-0.310042,0.2096,GTM,290322
7083130,93,6085,1997,4.858895880890707e-09,5.40815801321259e-08,-0.310042,0.2096,GTM,290323
7089656,93,6086,1997,3.3667415016025794e-10,2.899541619647026e-08,-0.310042,0.2096,GTM,290329
7096182,93,6087,1997,0.0,2.6182809453297307e-07,-0.310042,0.2096,GTM,290330
7102708,93,6088,1997,6.284079074593401e-09,2.2734547355226823e-07,-0.310042,0.2096,GTM,290340
7109234,93,6089,1997,0.0,0.0,-0.310042,0.2096,GTM,290351
7115760,93,6090,1997,0.0,0.0,-0.310042,0.2096,GTM,290359
7122286,93,6091,1997,0.0,1.0168364507146455e-09,-0.310042,0.2096,GTM,290361
7128812,93,6092,1997,0.0,0.0,-0.310042,0.2096,GTM,290362
7135338,93,6093,1997,0.0,3.6563688801447097e-09,-0.310042,0.2096,GTM,290369
7141864,93,6094,1997,1.8633717215066826e-07,6.820891185041526e-08,-0.310042,0.2096,GTM,290410
7148390,93,6095,1997,0.0,1.3943386402074685e-08,-0.310042,0.2096,GTM,290420
7154916,93,6096,1997,1.6648945825427198e-07,2.8332424247552213e-06,-0.310042,0.2096,GTM,290490
7161442,93,6097,1997,2.3303548287420193e-09,1.1440503799446984e-07,-0.310042,0.2096,GTM,290511
7167968,93,6098,1997,2.739151794148129e-08,2.654513201128989e-07,-0.310042,0.2096,GTM,290512
7174494,93,6099,1997,0.0,1.4461747617497667e-08,-0.310042,0.2096,GTM,290513
7181020,93,6100,1997,0.0,9.58404812428794e-09,-0.310042,0.2096,GTM,290514
7187546,93,6101,1997,0.0,2.342237026466884e-09,-0.310042,0.2096,GTM,290515
7194072,93,6102,1997,1.5153973201677784e-07,1.651862082908016e-09,-0.310042,0.2096,GTM,290516
7200598,93,6103,1997,6.269836333767539e-09,2.0618115633151037e-08,-0.310042,0.2096,GTM,290517
7207124,93,6104,1997,1.531549194338383e-09,5.072350095395094e-08,-0.310042,0.2096,GTM,290519
7213650,93,6105,1997,0.0,0.0,-0.310042,0.2096,GTM,290521
7220176,93,6106,1997,6.197107444443992e-10,1.9985410031972987e-09,-0.310042,0.2096,GTM,290522
7226702,93,6107,1997,1.0679025249007642e-09,7.747246426158683e-09,-0.310042,0.2096,GTM,290529
7233228,93,6108,1997,9.582031168377457e-10,2.9024913733665047e-08,-0.310042,0.2096,GTM,290531
7239754,93,6109,1997,5.272541438918387e-09,1.0281250587691894e-07,-0.310042,0.2096,GTM,290532
7246280,93,6110,1997,1.0484778507105997e-08,1.689711731757955e-08,-0.310042,0.2096,GTM,290539
7252806,93,6111,1997,0.0,5.457707247039787e-09,-0.310042,0.2096,GTM,290541
7259332,93,6112,1997,0.0,5.299514275095165e-08,-0.310042,0.2096,GTM,290542
7265858,93,6113,1997,0.0,9.752747522401942e-09,-0.310042,0.2096,GTM,290543
7272384,93,6114,1997,1.7958277959178257e-08,3.023759394537294e-07,-0.310042,0.2096,GTM,290544
7278910,93,6115,1997,0.0,1.6234615889504741e-07,-0.310042,0.2096,GTM,290549
7285436,93,6116,1997,0.0,2.15501052353054e-08,-0.310042,0.2096,GTM,290550
7291962,93,6117,1997,0.0,1.3098596822796147e-07,-0.310042,0.2096,GTM,290611
7298488,93,6118,1997,0.0,5.404015100685233e-09,-0.310042,0.2096,GTM,290612
7305014,93,6119,1997,0.0,6.207077264988227e-09,-0.310042,0.2096,GTM,290613
7311540,93,6120,1997,0.0,9.412697262156431e-10,-0.310042,0.2096,GTM,290614
7318066,93,6121,1997,0.0,2.2961678391626676e-09,-0.310042,0.2096,GTM,290619
7324592,93,6122,1997,0.0,4.161141342477957e-09,-0.310042,0.2096,GTM,290621
7331118,93,6123,1997,1.8134342478749013e-08,9.186328521661613e-09,-0.310042,0.2096,GTM,290629
7337644,93,6124,1997,3.1758281671282654e-10,1.4762025917480544e-09,-0.310042,0.2096,GTM,290711
7344170,93,6125,1997,0.0,0.0,-0.310042,0.2096,GTM,290712
7350696,93,6126,1997,0.0,1.5261164018776586e-08,-0.310042,0.2096,GTM,290713
7357222,93,6127,1997,2.9970363142078765e-10,1.374485803376371e-08,-0.310042,0.2096,GTM,290714
7363748,93,6128,1997,0.0,8.991777349376901e-10,-0.310042,0.2096,GTM,290715
7370274,93,6129,1997,2.7064237939525324e-09,1.0053191538885914e-07,-0.310042,0.2096,GTM,290719
7376800,93,6130,1997,0.0,4.135819861110748e-08,-0.310042,0.2096,GTM,290721
7383326,93,6131,1997,0.0,1.284800032984134e-08,-0.310042,0.2096,GTM,290722
7389852,93,6132,1997,0.0,3.6056596308098528e-09,-0.310042,0.2096,GTM,290723
7396378,93,6133,1997,0.0,2.6853033270323107e-08,-0.310042,0.2096,GTM,290729
7402904,93,6134,1997,0.0,5.318836819122761e-09,-0.310042,0.2096,GTM,290730
7409430,93,6135,1997,1.9679225302796713e-09,1.6251618402517017e-07,-0.310042,0.2096,GTM,290810
7415956,93,6136,1997,0.0,0.0,-0.310042,0.2096,GTM,290820
7422482,93,6137,1997,1.5376099351153454e-09,1.8960287756203627e-08,-0.310042,0.2096,GTM,290890
7429008,93,6138,1997,7.72138374985002e-10,1.8576819772671407e-09,-0.310042,0.2096,GTM,290911
7435534,93,6139,1997,3.3659233015976896e-08,7.711120228920124e-09,-0.310042,0.2096,GTM,290919
7442060,93,6140,1997,0.0,1.7857610157922131e-09,-0.310042,0.2096,GTM,290920
7448586,93,6141,1997,0.0,3.40007173955226e-08,-0.310042,0.2096,GTM,290930
7455112,93,6142,1997,0.0,6.786587869315006e-08,-0.310042,0.2096,GTM,290941
7461638,93,6143,1997,0.0,6.124881880445453e-10,-0.310042,0.2096,GTM,290942
7468164,93,6144,1997,0.0,1.0746748239265792e-07,-0.310042,0.2096,GTM,290943
7474690,93,6145,1997,0.0,6.965395973995759e-09,-0.310042,0.2096,GTM,290944
7481216,93,6146,1997,2.7194543866230013e-09,7.178805684105003e-08,-0.310042,0.2096,GTM,290949
7487742,93,6147,1997,3.1379485372722508e-09,2.9548909310125235e-08,-0.310042,0.2096,GTM,290950
7494268,93,6148,1997,1.329423489426689e-09,7.130449609085685e-09,-0.310042,0.2096,GTM,290960
7500794,93,6149,1997,0.0,7.736309137086459e-09,-0.310042,0.2096,GTM,291010
7507320,93,6150,1997,0.0,6.443057562546515e-10,-0.310042,0.2096,GTM,291020
7513846,93,6151,1997,0.0,2.5914083575122784e-08,-0.310042,0.2096,GTM,291030
7520372,93,6152,1997,0.0,9.061378279836509e-09,-0.310042,0.2096,GTM,291090
7526898,93,6153,1997,4.1031215060035033e-10,7.949089124491543e-09,-0.310042,0.2096,GTM,291100
7533424,93,6154,1997,1.350030008068361e-09,2.6094051695311196e-08,-0.310042,0.2096,GTM,291211
7539950,93,6155,1997,0.0,8.853238354462063e-09,-0.310042,0.2096,GTM,291212
7546476,93,6156,1997,0.0,9.508812832791127e-10,-0.310042,0.2096,GTM,291213
7553002,93,6157,1997,6.966821523118209e-10,2.0483553834262463e-08,-0.310042,0.2096,GTM,291219
7559528,93,6158,1997,0.0,8.974874266265282e-09,-0.310042,0.2096,GTM,291221
7566054,93,6159,1997,0.0,3.5711905985822374e-09,-0.310042,0.2096,GTM,291229
7572580,93,6160,1997,7.888054121216484e-10,3.6897110401648834e-08,-0.310042,0.2096,GTM,291230
7579106,93,6161,1997,1.0164771394082387e-08,2.407297324796507e-08,-0.310042,0.2096,GTM,291241
7585632,93,6162,1997,4.268882766253423e-09,5.478454952976794e-08,-0.310042,0.2096,GTM,291242
7592158,93,6163,1997,6.745604484759083e-10,2.061181840610945e-08,-0.310042,0.2096,GTM,291249
7598684,93,6164,1997,0.0,1.564860919833507e-08,-0.310042,0.2096,GTM,291250
7605210,93,6165,1997,0.0,5.198195206326108e-09,-0.310042,0.2096,GTM,291260
7611736,93,6166,1997,0.0,6.622362816730551e-08,-0.310042,0.2096,GTM,291300
7618262,93,6167,1997,2.2507773023405038e-08,2.33996339607187e-07,-0.310042,0.2096,GTM,291411
7624788,93,6168,1997,2.008741619412513e-08,5.5259161588902026e-08,-0.310042,0.2096,GTM,291412
7631314,93,6169,1997,0.0,9.287780163631545e-08,-0.310042,0.2096,GTM,291413
7637840,93,6170,1997,1.9976807674945564e-08,4.578978928337134e-08,-0.310042,0.2096,GTM,291419
7644366,93,6171,1997,5.715278552675485e-10,9.28211265929412e-09,-0.310042,0.2096,GTM,291421
7650892,93,6172,1997,0.0,1.501225783413294e-08,-0.310042,0.2096,GTM,291422
7657418,93,6173,1997,0.0,1.8517161832277458e-09,-0.310042,0.2096,GTM,291423
7663944,93,6174,1997,0.0,5.645596615980508e-08,-0.310042,0.2096,GTM,291429
7670470,93,6175,1997,4.142516321053759e-10,1.493145446819936e-07,-0.310042,0.2096,GTM,291430
7676996,93,6176,1997,0.0,0.0,-0.310042,0.2096,GTM,291441
7683522,93,6177,1997,0.0,3.350091642822218e-08,-0.310042,0.2096,GTM,291449
7690048,93,6178,1997,0.0,4.1019142649868536e-08,-0.310042,0.2096,GTM,291450
7696574,93,6179,1997,0.0,0.0,-0.310042,0.2096,GTM,291461
7703100,93,6180,1997,1.6145813429827672e-09,3.264018492153837e-08,-0.310042,0.2096,GTM,291469
7709626,93,6181,1997,0.0,1.1716488060369437e-08,-0.310042,0.2096,GTM,291470
7716152,93,6182,1997,2.072470308682272e-09,7.239756213207488e-08,-0.310042,0.2096,GTM,291511
7722678,93,6183,1997,0.0,1.0418596423798852e-08,-0.310042,0.2096,GTM,291512
7729204,93,6184,1997,0.0,0.0,-0.310042,0.2096,GTM,291513
7735730,93,6185,1997,1.3348781561259551e-09,1.447033173225435e-07,-0.310042,0.2096,GTM,291521
7742256,93,6186,1997,0.0,5.922707749110402e-10,-0.310042,0.2096,GTM,291522
7748782,93,6187,1997,0.0,1.07023030736723e-08,-0.310042,0.2096,GTM,291523
7755308,93,6188,1997,0.0,0.0,-0.310042,0.2096,GTM,291524
7761834,93,6189,1997,9.223841388458984e-09,3.1138130555619605e-08,-0.310042,0.2096,GTM,291529
7768360,93,6190,1997,2.4791460148164447e-09,2.1739684912557283e-07,-0.310042,0.2096,GTM,291531
7774886,93,6191,1997,6.71711900310736e-09,3.4842424647880786e-07,-0.310042,0.2096,GTM,291532
7781412,93,6192,1997,8.524431902797529e-10,2.8442585948819664e-08,-0.310042,0.2096,GTM,291533
7787938,93,6193,1997,0.0,5.479581825184235e-09,-0.310042,0.2096,GTM,291534
7794464,93,6194,1997,0.0,1.4813729465821967e-08,-0.310042,0.2096,GTM,291535
7800990,93,6195,1997,8.173848352554143e-08,5.488994522446392e-08,-0.310042,0.2096,GTM,291539
7807516,93,6196,1997,0.0,1.2914286930279062e-08,-0.310042,0.2096,GTM,291540
7814042,93,6197,1997,0.0,9.057235367309151e-08,-0.310042,0.2096,GTM,291550
7820568,93,6198,1997,0.0,1.2051898258584307e-08,-0.310042,0.2096,GTM,291560
7827094,93,6199,1997,9.337177240988179e-09,5.782876165487029e-08,-0.310042,0.2096,GTM,291570
7833620,93,6200,1997,7.955631380879614e-09,1.8003274962384024e-07,-0.310042,0.2096,GTM,291590
7840146,93,6201,1997,0.0,7.880482493038502e-08,-0.310042,0.2096,GTM,291611
7846672,93,6202,1997,0.0,7.274755538238605e-08,-0.310042,0.2096,GTM,291612
7853198,93,6203,1997,0.0,2.2901158725427034e-07,-0.310042,0.2096,GTM,291613
7859724,93,6204,1997,0.0,2.215569961690442e-07,-0.310042,0.2096,GTM,291614
7866250,93,6205,1997,0.0,8.141651698763124e-09,-0.310042,0.2096,GTM,291615
7872776,93,6206,1997,5.143750697407937e-09,9.363976610834706e-08,-0.310042,0.2096,GTM,291619
7879302,93,6207,1997,0.0,1.1413458866468393e-07,-0.310042,0.2096,GTM,291620
7885828,93,6208,1997,3.5340179470467397e-09,4.582856694462741e-08,-0.310042,0.2096,GTM,291631
7892354,93,6209,1997,0.0,2.273232675411216e-08,-0.310042,0.2096,GTM,291632
7898880,93,6210,1997,0.0,2.406899605193881e-08,-0.310042,0.2096,GTM,291633
7905406,93,6211,1997,1.0726602064106795e-08,4.609967914041769e-08,-0.310042,0.2096,GTM,291639
7911932,93,6212,1997,1.2006327479162393e-09,7.34090956547545e-09,-0.310042,0.2096,GTM,291711
7918458,93,6213,1997,1.1773595033327039e-08,3.6775805922847804e-09,-0.310042,0.2096,GTM,291712
7924984,93,6214,1997,0.0,0.0,-0.310042,0.2096,GTM,291713
7931510,93,6215,1997,0.0,8.005432734863607e-09,-0.310042,0.2096,GTM,291714
7938036,93,6216,1997,0.0,2.5968803163784124e-07,-0.310042,0.2096,GTM,291719
7944562,93,6217,1997,0.0,6.695278077212045e-09,-0.310042,0.2096,GTM,291720
7951088,93,6218,1997,3.93311772720971e-09,1.039771614466097e-08,-0.310042,0.2096,GTM,291731
7957614,93,6219,1997,2.591451541413557e-08,2.9522096380248173e-07,-0.310042,0.2096,GTM,291732
7964140,93,6220,1997,0.0,3.7640514625557876e-08,-0.310042,0.2096,GTM,291733
7970666,93,6221,1997,0.0,3.046068149914609e-08,-0.310042,0.2096,GTM,291734
7977192,93,6222,1997,1.1574075446949439e-07,1.3972154786664656e-07,-0.310042,0.2096,GTM,291735
7983718,93,6223,1997,0.0,0.0,-0.310042,0.2096,GTM,291736
7990244,93,6224,1997,0.0,0.0,-0.310042,0.2096,GTM,291737
7996770,93,6225,1997,1.2596946667877374e-08,2.354599477448519e-08,-0.310042,0.2096,GTM,291739
8003296,93,6226,1997,1.0327502283943826e-09,1.55848746320142e-07,-0.310042,0.2096,GTM,291811
8009822,93,6227,1997,0.0,2.7588151669177436e-08,-0.310042,0.2096,GTM,291812
8016348,93,6228,1997,0.0,9.32983901160928e-09,-0.310042,0.2096,GTM,291813
8022874,93,6229,1997,2.0091355675630154e-08,4.909682777920925e-07,-0.310042,0.2096,GTM,291814
8029400,93,6230,1997,0.0,4.053094183764472e-08,-0.310042,0.2096,GTM,291815
8035926,93,6231,1997,6.279533519010679e-09,3.634361728799386e-08,-0.310042,0.2096,GTM,291816
8042452,93,6232,1997,0.0,0.0,-0.310042,0.2096,GTM,291817
8048978,93,6233,1997,1.3054835633576879e-09,8.183677403440639e-08,-0.310042,0.2096,GTM,291819
8055504,93,6234,1997,0.0,1.1175257967795442e-08,-0.310042,0.2096,GTM,291821
8062030,93,6235,1997,0.0,1.7352406832686037e-07,-0.310042,0.2096,GTM,291822
8068556,93,6236,1997,0.0,3.755798780801291e-09,-0.310042,0.2096,GTM,291823
8075082,93,6237,1997,2.6885446086604935e-09,5.472224012535648e-08,-0.310042,0.2096,GTM,291829
8081608,93,6238,1997,1.2954833410757e-09,1.2961018983587655e-08,-0.310042,0.2096,GTM,291830
8088134,93,6239,1997,0.0,2.834802811329525e-07,-0.310042,0.2096,GTM,291890
8094660,93,6240,1997,0.0,1.7960685821602788e-08,-0.310042,0.2096,GTM,291900
8101186,93,6241,1997,0.0,2.1856316186027453e-07,-0.310042,0.2096,GTM,292010
8107712,93,6242,1997,1.4333651937515932e-09,2.1862248836766628e-07,-0.310042,0.2096,GTM,292090
8114238,93,6243,1997,0.0,1.7666373315659306e-08,-0.310042,0.2096,GTM,292111
8120764,93,6244,1997,0.0,5.543548394606637e-09,-0.310042,0.2096,GTM,292112
8127290,93,6245,1997,0.0,9.742244410562584e-07,-0.310042,0.2096,GTM,292119
8133816,93,6246,1997,0.0,1.2120504890037349e-09,-0.310042,0.2096,GTM,292121
8140342,93,6247,1997,0.0,0.0,-0.310042,0.2096,GTM,292122
8146868,93,6248,1997,0.0,5.135521225612243e-08,-0.310042,0.2096,GTM,292129
8153394,93,6249,1997,0.0,5.487536217236762e-09,-0.310042,0.2096,GTM,292130
8159920,93,6250,1997,0.0,1.3260634417566155e-09,-0.310042,0.2096,GTM,292141
8166446,93,6251,1997,0.0,4.440241073620983e-08,-0.310042,0.2096,GTM,292142
8172972,93,6252,1997,3.6734255912132334e-06,7.274291532035541e-09,-0.310042,0.2096,GTM,292143
8179498,93,6253,1997,0.0,2.3104857448572153e-08,-0.310042,0.2096,GTM,292144
8186024,93,6254,1997,0.0,0.0,-0.310042,0.2096,GTM,292145
8192550,93,6255,1997,3.127948314990263e-09,2.9664645714489495e-07,-0.310042,0.2096,GTM,292149
8199076,93,6256,1997,0.0,8.57350890061488e-08,-0.310042,0.2096,GTM,292151
8205602,93,6257,1997,1.0279016357728126e-09,4.706348631078216e-09,-0.310042,0.2096,GTM,292159
8212128,93,6258,1997,0.0,9.870074805176709e-09,-0.310042,0.2096,GTM,292211
8218654,93,6259,1997,6.706209669708828e-10,1.3739223672726504e-08,-0.310042,0.2096,GTM,292212
8225180,93,6260,1997,3.679172688654988e-09,1.1887905209101384e-07,-0.310042,0.2096,GTM,292213
8231706,93,6261,1997,4.111303506052402e-09,2.277972167342513e-08,-0.310042,0.2096,GTM,292219
8238232,93,6262,1997,0.0,7.556672449900233e-10,-0.310042,0.2096,GTM,292221
8244758,93,6263,1997,0.0,0.0,-0.310042,0.2096,GTM,292222
8251284,93,6264,1997,0.0,2.6527897495176083e-09,-0.310042,0.2096,GTM,292229
8257810,93,6265,1997,0.0,7.526843479703259e-10,-0.310042,0.2096,GTM,292230
8264336,93,6266,1997,1.0939637102417022e-09,3.195852666593706e-07,-0.310042,0.2096,GTM,292241
8270862,93,6267,1997,0.0,7.484367026142767e-07,-0.310042,0.2096,GTM,292242
8277388,93,6268,1997,9.200810573506527e-09,1.2294474072886148e-07,-0.310042,0.2096,GTM,292249
8283914,93,6269,1997,8.875954867861346e-10,2.6313460342760057e-07,-0.310042,0.2096,GTM,292250
8290440,93,6270,1997,1.0712359323280934e-09,3.117955968089318e-08,-0.310042,0.2096,GTM,292310
8296966,93,6271,1997,4.015846838815246e-09,5.3075349537481295e-08,-0.310042,0.2096,GTM,292320
8303492,93,6272,1997,4.0313017277965e-09,9.294640826776849e-08,-0.310042,0.2096,GTM,292390
8310018,93,6273,1997,1.0972971176690314e-09,4.463275667273091e-08,-0.310042,0.2096,GTM,292410
8316544,93,6274,1997,0.0,2.4220792366941193e-08,-0.310042,0.2096,GTM,292421
8323070,93,6275,1997,4.876662942478372e-07,1.6662263892228701e-07,-0.310042,0.2096,GTM,292429
8329596,93,6276,1997,8.26685041977663e-10,5.12687082425512e-08,-0.310042,0.2096,GTM,292511
8336122,93,6277,1997,0.0,1.5382799930579805e-08,-0.310042,0.2096,GTM,292519
8342648,93,6278,1997,0.0,1.4110428635177743e-08,-0.310042,0.2096,GTM,292520
8349174,93,6279,1997,0.0,0.0,-0.310042,0.2096,GTM,292610
8355700,93,6280,1997,0.0,2.0062302488480742e-08,-0.310042,0.2096,GTM,292620
8362226,93,6281,1997,1.7212200769534194e-08,6.396958546272102e-07,-0.310042,0.2096,GTM,292690
8368752,93,6282,1997,2.497934311225028e-09,5.225339569205355e-08,-0.310042,0.2096,GTM,292700
8375278,93,6283,1997,0.0,1.7626800215197985e-07,-0.310042,0.2096,GTM,292800
8381804,93,6284,1997,2.1397748350104386e-08,6.599715999691004e-07,-0.310042,0.2096,GTM,292910
8388330,93,6285,1997,3.834024615506376e-09,4.562374134927485e-08,-0.310042,0.2096,GTM,292990
8394856,93,6286,1997,0.0,5.962148276370846e-09,-0.310042,0.2096,GTM,293010
8401382,93,6287,1997,1.2172997850528857e-09,3.291096568432646e-08,-0.310042,0.2096,GTM,293020
8407908,93,6288,1997,0.0,9.316581691521736e-10,-0.310042,0.2096,GTM,293030
8414434,93,6289,1997,0.0,3.466832289183111e-07,-0.310042,0.2096,GTM,293040
8420960,93,6290,1997,6.854970552079368e-08,1.3997744728763639e-06,-0.310042,0.2096,GTM,293090
8427486,93,6291,1997,1.947012974599151e-09,3.351195314719506e-07,-0.310042,0.2096,GTM,293100
8434012,93,6292,1997,0.0,4.919990344288991e-08,-0.310042,0.2096,GTM,293211
8440538,93,6293,1997,0.0,0.0,-0.310042,0.2096,GTM,293212
8447064,93,6294,1997,0.0,0.0,-0.310042,0.2096,GTM,293213
8453590,93,6295,1997,0.0,7.531019535530835e-08,-0.310042,0.2096,GTM,293219
8460116,93,6296,1997,0.0,2.6729740193508943e-08,-0.310042,0.2096,GTM,293221
8466642,93,6297,1997,0.0,1.9400430783110097e-08,-0.310042,0.2096,GTM,293229
8473168,93,6298,1997,1.0150528653256525e-08,9.289205325540957e-08,-0.310042,0.2096,GTM,293290
8479694,93,6299,1997,0.0,4.0662189306511407e-08,-0.310042,0.2096,GTM,293311
8486220,93,6300,1997,4.642527435153152e-09,7.041062128395419e-08,-0.310042,0.2096,GTM,293319
8492746,93,6301,1997,0.0,4.568472502167755e-09,-0.310042,0.2096,GTM,293321
8499272,93,6302,1997,1.7657968253679774e-09,5.145397929077463e-08,-0.310042,0.2096,GTM,293329
8505798,93,6303,1997,0.0,1.8744193438776653e-08,-0.310042,0.2096,GTM,293331
8512324,93,6304,1997,1.432759119673897e-09,1.775403403040817e-06,-0.310042,0.2096,GTM,293339
8518850,93,6305,1997,2.0982284569843616e-09,6.415316620263328e-08,-0.310042,0.2096,GTM,293340
8525376,93,6306,1997,0.0,7.032014007435669e-09,-0.310042,0.2096,GTM,293351
8531902,93,6307,1997,8.657768199890701e-10,1.756823600371126e-07,-0.310042,0.2096,GTM,293359
8538428,93,6308,1997,0.0,2.032015736418348e-08,-0.310042,0.2096,GTM,293361
8544954,93,6309,1997,1.2688160816570656e-09,6.06237361623268e-08,-0.310042,0.2096,GTM,293369
8551480,93,6310,1997,0.0,0.0,-0.310042,0.2096,GTM,293371
8558006,93,6311,1997,0.0,2.288090816899331e-07,-0.310042,0.2096,GTM,293379
8564532,93,6312,1997,1.425183193702694e-09,1.5497339861806164e-06,-0.310042,0.2096,GTM,293390
8571058,93,6313,1997,0.0,8.503907970155272e-09,-0.310042,0.2096,GTM,293410
8577584,93,6314,1997,0.0,1.6400083815847405e-06,-0.310042,0.2096,GTM,293420
8584110,93,6315,1997,0.0,3.498540484502495e-08,-0.310042,0.2096,GTM,293430
8590636,93,6316,1997,4.588283805199339e-09,5.812393588661946e-07,-0.310042,0.2096,GTM,293490
8597162,93,6317,1997,4.2170634326103956e-09,2.560681203879373e-07,-0.310042,0.2096,GTM,293500
8603688,93,6318,1997,1.0650782196986997e-07,2.6933571489854936e-08,-0.310042,0.2096,GTM,293610
8610214,93,6319,1997,0.0,2.6374477158462976e-07,-0.310042,0.2096,GTM,293621
8616740,93,6320,1997,0.0,4.816384387804833e-08,-0.310042,0.2096,GTM,293622
8623266,93,6321,1997,3.739477059385763e-10,1.6226064918048276e-07,-0.310042,0.2096,GTM,293623
8629792,93,6322,1997,0.0,3.2205676255669106e-08,-0.310042,0.2096,GTM,293624
8636318,93,6323,1997,0.0,5.0739409738055994e-08,-0.310042,0.2096,GTM,293625
8642844,93,6324,1997,1.0664479471142932e-08,1.8010632775032612e-07,-0.310042,0.2096,GTM,293626
8649370,93,6325,1997,2.3006571989349038e-09,1.5470066240056066e-07,-0.310042,0.2096,GTM,293627
8655896,93,6326,1997,0.0,3.186549342222272e-07,-0.310042,0.2096,GTM,293628
8662422,93,6327,1997,3.3409227458927197e-08,6.904717219955069e-07,-0.310042,0.2096,GTM,293629
8668948,93,6328,1997,4.4360016324373827e-07,3.389154336460167e-07,-0.310042,0.2096,GTM,293690
8675474,93,6329,1997,0.0,5.203829567363314e-09,-0.310042,0.2096,GTM,293710
8682000,93,6330,1997,0.0,2.248772919849697e-09,-0.310042,0.2096,GTM,293721
8688526,93,6331,1997,0.0,5.367060320941203e-08,-0.310042,0.2096,GTM,293722
8695052,93,6332,1997,0.0,5.248639309259214e-08,-0.310042,0.2096,GTM,293729
8701578,93,6333,1997,0.0,0.0,-0.310042,0.2096,GTM,293791
8708104,93,6334,1997,1.6827646767235935e-09,8.996085978405353e-09,-0.310042,0.2096,GTM,293792
8714630,93,6335,1997,0.0,6.10983482214609e-08,-0.310042,0.2096,GTM,293799
8721156,93,6336,1997,0.0,0.0,-0.310042,0.2096,GTM,293810
8727682,93,6337,1997,0.0,4.216159220841266e-09,-0.310042,0.2096,GTM,293890
8734208,93,6338,1997,0.0,9.027240680611081e-09,-0.310042,0.2096,GTM,293910
8740734,93,6339,1997,0.0,5.18361215422981e-10,-0.310042,0.2096,GTM,293921
8747260,93,6340,1997,0.0,4.946968990667144e-09,-0.310042,0.2096,GTM,293929
8753786,93,6341,1997,5.330421513338377e-10,4.947631856671521e-09,-0.310042,0.2096,GTM,293930
8760312,93,6342,1997,0.0,3.561115035315704e-08,-0.310042,0.2096,GTM,293940
8766838,93,6343,1997,0.0,1.3647748164122449e-08,-0.310042,0.2096,GTM,293950
8773364,93,6344,1997,0.0,1.6293577820594095e-08,-0.310042,0.2096,GTM,293960
8779890,93,6345,1997,0.0,2.3793575227120077e-09,-0.310042,0.2096,GTM,293970
8786416,93,6346,1997,5.536486699755097e-10,4.029463010708424e-08,-0.310042,0.2096,GTM,293990
8792942,93,6347,1997,0.0,2.735183993861696e-08,-0.310042,0.2096,GTM,294000
8799468,93,6348,1997,1.45639600870405e-09,2.161463524083152e-07,-0.310042,0.2096,GTM,294110
8805994,93,6349,1997,0.0,7.037780941673752e-08,-0.310042,0.2096,GTM,294120
8812520,93,6350,1997,1.3009380077749661e-09,5.262228062348947e-08,-0.310042,0.2096,GTM,294130
8819046,93,6351,1997,0.0,3.8000450865934706e-08,-0.310042,0.2096,GTM,294140
8825572,93,6352,1997,3.919178023422697e-09,6.541629051727429e-07,-0.310042,0.2096,GTM,294150
8832098,93,6353,1997,1.5842473353940707e-08,4.625694409995618e-07,-0.310042,0.2096,GTM,294190
8838624,93,6354,1997,3.1764342412059617e-09,1.5264445205498252e-07,-0.310042,0.2096,GTM,294200
8845150,93,6355,1997,0.0,4.882008122238177e-09,-0.310042,0.2096,GTM,300110
8851676,93,6356,1997,8.469885235804869e-10,0.0,-0.310042,0.2096,GTM,300120
8858202,93,6357,1997,7.740475083297451e-09,6.063898208042749e-09,-0.310042,0.2096,GTM,300190
8864728,93,6358,1997,1.5793472264758966e-07,7.768776313980855e-07,-0.310042,0.2096,GTM,300210
8871254,93,6359,1997,7.16773507987451e-09,9.113144800448347e-07,-0.310042,0.2096,GTM,300220
8877780,93,6360,1997,0.0,0.0,-0.310042,0.2096,GTM,300231
8884306,93,6361,1997,2.747818653459185e-08,6.22177300430527e-07,-0.310042,0.2096,GTM,300239
8890832,93,6362,1997,8.989927098172122e-08,1.1442459254159896e-07,-0.310042,0.2096,GTM,300290
8897358,93,6363,1997,2.1569267314092418e-08,2.0306005174990026e-07,-0.310042,0.2096,GTM,300310
8903884,93,6364,1997,1.9688225502850504e-07,2.604884423381267e-07,-0.310042,0.2096,GTM,300320
8910410,93,6365,1997,0.0,5.742408195919801e-09,-0.310042,0.2096,GTM,300331
8916936,93,6366,1997,2.5061769186816967e-08,3.0520074293138287e-07,-0.310042,0.2096,GTM,300339
8923462,93,6367,1997,0.0,3.479715089978182e-09,-0.310042,0.2096,GTM,300340
8929988,93,6368,1997,1.2759768468850466e-07,9.372978331174148e-07,-0.310042,0.2096,GTM,300390
8936514,93,6369,1997,1.7183927413809665e-07,5.369609040728034e-07,-0.310042,0.2096,GTM,300410
8943040,93,6370,1997,2.53067412986514e-06,3.1220130394691088e-06,-0.310042,0.2096,GTM,300420
8949566,93,6371,1997,1.2424518592772795e-09,7.295370670974735e-08,-0.310042,0.2096,GTM,300431
8956092,93,6372,1997,1.4581627146405345e-07,5.142554233918684e-07,-0.310042,0.2096,GTM,300432
8962618,93,6373,1997,4.85555944309299e-07,1.6440270067362772e-06,-0.310042,0.2096,GTM,300439
8969144,93,6374,1997,5.824129457029729e-08,3.269450679059708e-07,-0.310042,0.2096,GTM,300440
8975670,93,6375,1997,3.4244879366884377e-06,1.9019329231213504e-06,-0.310042,0.2096,GTM,300450
8982196,93,6376,1997,1.4495060070702797e-05,1.935437551599197e-05,-0.310042,0.2096,GTM,300490
8988722,93,6377,1997,9.544242449633098e-08,1.612216067186215e-07,-0.310042,0.2096,GTM,300510
8995248,93,6378,1997,2.1535751417595818e-07,3.81297760233887e-07,-0.310042,0.2096,GTM,300590
9001774,93,6379,1997,1.1709654218130086e-08,1.7649171942845717e-07,-0.310042,0.2096,GTM,300610
9008300,93,6380,1997,2.4067201625317447e-09,2.0989983461606654e-08,-0.310042,0.2096,GTM,300620
9014826,93,6381,1997,1.6579156395380477e-08,1.241660713419265e-07,-0.310042,0.2096,GTM,300630
9021352,93,6382,1997,1.1694199329148833e-09,1.0720067882589609e-07,-0.310042,0.2096,GTM,300640
9027878,93,6383,1997,0.0,8.60168070580091e-09,-0.310042,0.2096,GTM,300650
9034404,93,6384,1997,5.209206697799131e-10,1.6878358209655673e-07,-0.310042,0.2096,GTM,300660
9040930,93,6385,1997,9.534454353278303e-09,5.9348713402907244e-08,-0.310042,0.2096,GTM,310100
9047456,93,6386,1997,4.569313686567446e-08,6.7495621629085075e-06,-0.310042,0.2096,GTM,310210
9053982,93,6387,1997,1.004840517116471e-07,4.729530712416298e-06,-0.310042,0.2096,GTM,310221
9060508,93,6388,1997,9.416669917018817e-07,1.515142655175194e-07,-0.310042,0.2096,GTM,310229
9067034,93,6389,1997,1.4086676750854717e-08,8.301226746326873e-07,-0.310042,0.2096,GTM,310230
9073560,93,6390,1997,0.0,8.494647732074122e-07,-0.310042,0.2096,GTM,310240
9080086,93,6391,1997,0.0,2.3011393341954968e-09,-0.310042,0.2096,GTM,310250
9086612,93,6392,1997,1.1406011105204273e-08,8.421480582510965e-08,-0.310042,0.2096,GTM,310260
9093138,93,6393,1997,0.0,0.0,-0.310042,0.2096,GTM,310270
9099664,93,6394,1997,0.0,0.0,-0.310042,0.2096,GTM,310280
9106190,93,6395,1997,1.4651840828306455e-08,1.569304110660847e-06,-0.310042,0.2096,GTM,310290
9112716,93,6396,1997,2.830365942841412e-10,1.1002438857464238e-06,-0.310042,0.2096,GTM,310310
9119242,93,6397,1997,0.0,0.0,-0.310042,0.2096,GTM,310320
9125768,93,6398,1997,1.3128170596978122e-08,1.0291316207968362e-06,-0.310042,0.2096,GTM,310390
9132294,93,6399,1997,0.0,0.0,-0.310042,0.2096,GTM,310410
9138820,93,6400,1997,2.763273542440439e-08,1.396416725131191e-06,-0.310042,0.2096,GTM,310420
9145346,93,6401,1997,1.1554196217201003e-08,1.2523693137199788e-07,-0.310042,0.2096,GTM,310430
9151872,93,6402,1997,5.0056264151009656e-08,2.361777984842922e-06,-0.310042,0.2096,GTM,310490
9158398,93,6403,1997,0.0,2.063833304628454e-09,-0.310042,0.2096,GTM,310510
9164924,93,6404,1997,2.3171878694040687e-07,1.125094069384521e-06,-0.310042,0.2096,GTM,310520
9171450,93,6405,1997,7.374709377407774e-09,3.3678882693077373e-06,-0.310042,0.2096,GTM,310530
9177976,93,6406,1997,3.687051651665039e-09,1.5454939637836176e-06,-0.310042,0.2096,GTM,310540
9184502,93,6407,1997,6.014679147057425e-09,4.828219860312988e-07,-0.310042,0.2096,GTM,310551
9191028,93,6408,1997,7.90308475834335e-08,6.862602028366962e-07,-0.310042,0.2096,GTM,310559
9197554,93,6409,1997,3.1264331297960227e-09,1.7869740605802233e-07,-0.310042,0.2096,GTM,310560
9204080,93,6410,1997,6.765210981172556e-08,7.354464180965958e-06,-0.310042,0.2096,GTM,310590
9210606,93,6411,1997,0.0,1.4855357450896856e-07,-0.310042,0.2096,GTM,320110
9217132,93,6412,1997,0.0,4.9776596866698094e-08,-0.310042,0.2096,GTM,320120
9223658,93,6413,1997,0.0,0.0,-0.310042,0.2096,GTM,320130
9230184,93,6414,1997,0.0,5.205089012771631e-08,-0.310042,0.2096,GTM,320190
9236710,93,6415,1997,2.7494550534689652e-08,8.847371990323325e-08,-0.310042,0.2096,GTM,320210
9243236,93,6416,1997,2.147623494316605e-09,1.5995884698028288e-07,-0.310042,0.2096,GTM,320290
9249762,93,6417,1997,2.0730794131303565e-07,1.2000426713344417e-07,-0.310042,0.2096,GTM,320300
9256288,93,6418,1997,5.87710033142038e-09,3.333659194573707e-07,-0.310042,0.2096,GTM,320411
9262814,93,6419,1997,2.500964681613509e-09,1.9902187205123428e-07,-0.310042,0.2096,GTM,320412
9269340,93,6420,1997,0.0,2.5104193890974705e-07,-0.310042,0.2096,GTM,320413
9275866,93,6421,1997,0.0,1.6218508245598377e-07,-0.310042,0.2096,GTM,320414
9282392,93,6422,1997,0.0,2.1349289979279321e-07,-0.310042,0.2096,GTM,320415
9288918,93,6423,1997,4.146152765519936e-09,5.205821479706468e-07,-0.310042,0.2096,GTM,320416
9295444,93,6424,1997,9.365359685601054e-09,7.82326058521064e-07,-0.310042,0.2096,GTM,320417
9301970,93,6425,1997,6.183470777695826e-09,7.150020727864923e-07,-0.310042,0.2096,GTM,320419
9308496,93,6426,1997,2.4884795556129667e-08,1.8393968185363954e-07,-0.310042,0.2096,GTM,320420
9315022,93,6427,1997,7.206826857885917e-09,6.418219973362501e-07,-0.310042,0.2096,GTM,320490
9321548,93,6428,1997,6.890910744886755e-08,2.509232858949635e-07,-0.310042,0.2096,GTM,320500
9328074,93,6429,1997,6.641056706356483e-09,6.31315239733869e-07,-0.310042,0.2096,GTM,320610
9334600,93,6430,1997,0.0,7.855061581770636e-08,-0.310042,0.2096,GTM,320620
9341126,93,6431,1997,0.0,3.858443581579103e-08,-0.310042,0.2096,GTM,320630
9347652,93,6432,1997,0.0,1.3633827978030526e-08,-0.310042,0.2096,GTM,320641
9354178,93,6433,1997,0.0,9.675192199889809e-09,-0.310042,0.2096,GTM,320642
9360704,93,6434,1997,0.0,1.147089620574768e-08,-0.310042,0.2096,GTM,320643
9367230,93,6435,1997,9.147476054669259e-09,1.858898336385173e-07,-0.310042,0.2096,GTM,320649
9373756,93,6436,1997,5.200115586633686e-10,4.930828203460559e-08,-0.310042,0.2096,GTM,320650
9380282,93,6437,1997,8.397459383520168e-09,1.9015537637668467e-07,-0.310042,0.2096,GTM,320710
9386808,93,6438,1997,3.9813006163865605e-09,2.8233750014140623e-07,-0.310042,0.2096,GTM,320720
9393334,93,6439,1997,3.8182666894862735e-10,3.8737889295804355e-09,-0.310042,0.2096,GTM,320730
9399860,93,6440,1997,1.0664479471142932e-08,3.4332813263715586e-07,-0.310042,0.2096,GTM,320740
9406386,93,6441,1997,1.9933812779873795e-06,6.650783196668225e-07,-0.310042,0.2096,GTM,320810
9412912,93,6442,1997,2.568087385718367e-08,2.4001383719492334e-07,-0.310042,0.2096,GTM,320820
9419438,93,6443,1997,1.1443830127652518e-07,8.148499104588342e-07,-0.310042,0.2096,GTM,320890
9425964,93,6444,1997,7.899569528692713e-09,7.986908944371286e-07,-0.310042,0.2096,GTM,320910
9432490,93,6445,1997,3.2988248404559393e-07,7.540998983226735e-07,-0.310042,0.2096,GTM,320990
9439016,93,6446,1997,1.3016652966682016e-08,7.99283828078044e-08,-0.310042,0.2096,GTM,321000
9445542,93,6447,1997,2.663089497397252e-09,1.180103661922775e-07,-0.310042,0.2096,GTM,321100
9452068,93,6448,1997,3.181888907905228e-10,2.17188046334194e-08,-0.310042,0.2096,GTM,321210
9458594,93,6449,1997,1.393000660177024e-08,3.459706479636056e-07,-0.310042,0.2096,GTM,321290
9465120,93,6450,1997,9.78112650290067e-09,5.0119961456965486e-08,-0.310042,0.2096,GTM,321310
9471646,93,6451,1997,0.0,2.833851598613244e-08,-0.310042,0.2096,GTM,321390
9478172,93,6452,1997,5.186418312477752e-08,1.9764211646312311e-07,-0.310042,0.2096,GTM,321410
9484698,93,6453,1997,1.1389344068067628e-08,3.5860951406906595e-07,-0.310042,0.2096,GTM,321490
9491224,93,6454,1997,1.528852164692635e-08,4.404171219992797e-07,-0.310042,0.2096,GTM,321511
9497750,93,6455,1997,7.774384927944556e-08,7.768199620557046e-07,-0.310042,0.2096,GTM,321519
9504276,93,6456,1997,5.943950302190275e-08,6.907176452831309e-07,-0.310042,0.2096,GTM,321590
9510802,93,6457,1997,0.0,1.5613808733105263e-09,-0.310042,0.2096,GTM,330111
9517328,93,6458,1997,1.7503419363867234e-09,1.2806902637569953e-08,-0.310042,0.2096,GTM,330112
9523854,93,6459,1997,6.900153374571622e-08,5.970765534427751e-09,-0.310042,0.2096,GTM,330113
9530380,93,6460,1997,5.385271217369886e-09,8.067675852674627e-08,-0.310042,0.2096,GTM,330114
9536906,93,6461,1997,1.287825595104008e-07,1.0829672776413382e-07,-0.310042,0.2096,GTM,330119
9543432,93,6462,1997,0.0,2.9762683596536884e-10,-0.310042,0.2096,GTM,330121
9549958,93,6463,1997,0.0,1.6067871946103655e-09,-0.310042,0.2096,GTM,330122
9556484,93,6464,1997,4.2273666919312314e-10,2.139532602328332e-08,-0.310042,0.2096,GTM,330123
9563010,93,6465,1997,9.67506353930383e-09,3.6347925917022315e-08,-0.310042,0.2096,GTM,330124
9569536,93,6466,1997,4.4637355822327624e-10,3.2591199123814893e-07,-0.310042,0.2096,GTM,330125
9576062,93,6467,1997,0.0,0.0,-0.310042,0.2096,GTM,330126
9582588,93,6468,1997,5.231185974226784e-07,1.0258812573443725e-07,-0.310042,0.2096,GTM,330129
9589114,93,6469,1997,8.454733383862463e-10,3.3795228934165664e-08,-0.310042,0.2096,GTM,330130
9595640,93,6470,1997,1.9488524094249595e-07,3.9277296506866314e-07,-0.310042,0.2096,GTM,330190
9602166,93,6471,1997,4.5717985902860013e-08,1.8271911353647955e-06,-0.310042,0.2096,GTM,330210
9608692,93,6472,1997,1.8070553182071486e-07,3.2128306535638195e-06,-0.310042,0.2096,GTM,330290
9615218,93,6473,1997,1.301682266742377e-06,1.3714021507240083e-06,-0.310042,0.2096,GTM,330300
9621744,93,6474,1997,3.4842229008232174e-07,1.460071747531535e-07,-0.310042,0.2096,GTM,330410
9628270,93,6475,1997,2.442387622004168e-07,1.652498434272218e-07,-0.310042,0.2096,GTM,330420
9634796,93,6476,1997,2.4550303272649117e-07,5.035097025949095e-08,-0.310042,0.2096,GTM,330430
9641322,93,6477,1997,5.17578777315496e-07,2.125595844586301e-07,-0.310042,0.2096,GTM,330491
9647848,93,6478,1997,1.6236269985923834e-06,1.07525947174244e-06,-0.310042,0.2096,GTM,330499
9654374,93,6479,1997,9.91955382224649e-07,1.8828009530700132e-06,-0.310042,0.2096,GTM,330510
9660900,93,6480,1997,6.876789218876433e-08,7.69176454159231e-08,-0.310042,0.2096,GTM,330520
9667426,93,6481,1997,1.718295769528535e-07,1.6983621331150777e-08,-0.310042,0.2096,GTM,330530
9673952,93,6482,1997,2.6564681380984204e-07,7.183167342413805e-07,-0.310042,0.2096,GTM,330590
9680478,93,6483,1997,4.5183940698927585e-06,8.512946148124954e-07,-0.310042,0.2096,GTM,330610
9687004,93,6484,1997,2.7151573214121354e-07,3.8981426265812546e-07,-0.310042,0.2096,GTM,330690
9693530,93,6485,1997,3.562957984256735e-08,5.034865022847563e-08,-0.310042,0.2096,GTM,330710
9700056,93,6486,1997,1.2501886979161107e-06,8.536444747980128e-07,-0.310042,0.2096,GTM,330720
9706582,93,6487,1997,3.918874986383849e-09,5.640161114744615e-08,-0.310042,0.2096,GTM,330730
9713108,93,6488,1997,3.7106885406951918e-09,1.2051235392579929e-08,-0.310042,0.2096,GTM,330741
9719634,93,6489,1997,1.52403387577495e-08,1.412879002349899e-07,-0.310042,0.2096,GTM,330749
9726160,93,6490,1997,1.0483414840431182e-07,1.282158511956691e-07,-0.310042,0.2096,GTM,330790
9732686,93,6491,1997,6.836444988783467e-06,3.1630941600903863e-06,-0.310042,0.2096,GTM,340111
9739212,93,6492,1997,6.761594840187982e-06,2.942642161550639e-06,-0.310042,0.2096,GTM,340119
9745738,93,6493,1997,5.644140607805891e-07,6.839676807605577e-07,-0.310042,0.2096,GTM,340120
9752264,93,6494,1997,1.204332830160575e-07,5.064498447573246e-07,-0.310042,0.2096,GTM,340211
9758790,93,6495,1997,3.546987932309439e-08,1.5774454309266082e-07,-0.310042,0.2096,GTM,340212
9765316,93,6496,1997,1.228051539191217e-07,9.031267591587673e-07,-0.310042,0.2096,GTM,340213
9771842,93,6497,1997,4.3150656109738766e-08,3.932916577170883e-07,-0.310042,0.2096,GTM,340219
9778368,93,6498,1997,1.5854046338454315e-06,2.2997174866161075e-06,-0.310042,0.2096,GTM,340220
9784894,93,6499,1997,1.2487886667966323e-06,1.6396749599845386e-06,-0.310042,0.2096,GTM,340290
9791420,93,6500,1997,7.210463302352095e-09,7.63767467563513e-08,-0.310042,0.2096,GTM,340311
9797946,93,6501,1997,7.377739747796255e-09,6.608369715378148e-07,-0.310042,0.2096,GTM,340319
9804472,93,6502,1997,4.5477980568092304e-08,7.55127009196456e-08,-0.310042,0.2096,GTM,340391
9810998,93,6503,1997,1.324605200509004e-08,6.342567076282929e-08,-0.310042,0.2096,GTM,340399
9817524,93,6504,1997,1.3845762304970464e-09,1.1390689419218036e-08,-0.310042,0.2096,GTM,340410
9824050,93,6505,1997,2.8937006839606688e-09,2.2178170774452808e-08,-0.310042,0.2096,GTM,340420
9830576,93,6506,1997,3.47759245041322e-08,2.3886674757434856e-07,-0.310042,0.2096,GTM,340490
9837102,93,6507,1997,1.3894793697856087e-07,1.0984617704936555e-07,-0.310042,0.2096,GTM,340510
9843628,93,6508,1997,2.5488445337515116e-09,2.204924333660144e-08,-0.310042,0.2096,GTM,340520
9850154,93,6509,1997,1.1928749997217275e-08,1.8863509319564552e-08,-0.310042,0.2096,GTM,340530
9856680,93,6510,1997,8.897409890211792e-08,1.318307909505402e-08,-0.310042,0.2096,GTM,340540
9863206,93,6511,1997,3.876571015760651e-08,1.3505265116481566e-07,-0.310042,0.2096,GTM,340590
9869732,93,6512,1997,4.868814283172206e-07,6.631377794390082e-08,-0.310042,0.2096,GTM,340600
9876258,93,6513,1997,6.876819522580318e-09,6.713473749032199e-08,-0.310042,0.2096,GTM,340700
9882784,93,6514,1997,1.5680348538156964e-08,2.1257781327375048e-08,-0.310042,0.2096,GTM,350110
9889310,93,6515,1997,2.6006638673945395e-09,3.818008755312093e-08,-0.310042,0.2096,GTM,350190
9895836,93,6516,1997,0.0,0.0,-0.310042,0.2096,GTM,350210
9902362,93,6517,1997,0.0,1.7091668489864262e-08,-0.310042,0.2096,GTM,350290
9908888,93,6518,1997,1.2154815628197971e-08,2.9928068664629e-07,-0.310042,0.2096,GTM,350300
9915414,93,6519,1997,4.0000889127951437e-10,3.6120397161019834e-07,-0.310042,0.2096,GTM,350400
9921940,93,6520,1997,9.161112721417423e-09,1.9273790232973828e-07,-0.310042,0.2096,GTM,350510
9928466,93,6521,1997,5.0905070896823225e-08,2.0790460794289113e-08,-0.310042,0.2096,GTM,350520
9934992,93,6522,1997,2.6229492112314304e-07,3.3194407187798156e-07,-0.310042,0.2096,GTM,350610
9941518,93,6523,1997,2.3040118189549524e-07,3.935047691374956e-07,-0.310042,0.2096,GTM,350691
9948044,93,6524,1997,1.6899466545442937e-08,4.244549771808742e-07,-0.310042,0.2096,GTM,350699
9954570,93,6525,1997,3.4747529933592133e-07,9.081297403268043e-08,-0.310042,0.2096,GTM,350710
9961096,93,6526,1997,3.261466434306743e-08,4.2235700627702035e-07,-0.310042,0.2096,GTM,350790
9967622,93,6527,1997,0.0,6.897783641549283e-08,-0.310042,0.2096,GTM,360100
9974148,93,6528,1997,7.867750639613661e-09,1.6093226570771083e-07,-0.310042,0.2096,GTM,360200
9980674,93,6529,1997,0.0,1.0029129502927021e-07,-0.310042,0.2096,GTM,360300
9987200,93,6530,1997,2.236110309660255e-09,2.139989979871352e-07,-0.310042,0.2096,GTM,360410
9993726,93,6531,1997,5.418302254604331e-10,1.8227489388364615e-08,-0.310042,0.2096,GTM,360490
10000252,93,6532,1997,2.2982480544760613e-07,1.8465358854035378e-07,-0.310042,0.2096,GTM,360500
10006778,93,6533,1997,8.330488197934735e-10,6.279661092467532e-09,-0.310042,0.2096,GTM,360610
10013304,93,6534,1997,0.0,7.533472139747031e-09,-0.310042,0.2096,GTM,360690
10019830,93,6535,1997,1.1848445181922524e-08,2.103548921280715e-07,-0.310042,0.2096,GTM,370110
10026356,93,6536,1997,0.0,3.5907782890115845e-08,-0.310042,0.2096,GTM,370120
10032882,93,6537,1997,7.009549745595793e-09,2.531319554215484e-07,-0.310042,0.2096,GTM,370130
10039408,93,6538,1997,1.689431491578252e-09,6.586047702680746e-07,-0.310042,0.2096,GTM,370191
10045934,93,6539,1997,0.0,6.769287066600761e-08,-0.310042,0.2096,GTM,370199
10052460,93,6540,1997,0.0,2.1098693486324517e-08,-0.310042,0.2096,GTM,370210
10058986,93,6541,1997,9.182022277097943e-10,2.078416356724753e-09,-0.310042,0.2096,GTM,370220
10065512,93,6542,1997,7.366830414397723e-10,3.6891807473613816e-09,-0.310042,0.2096,GTM,370231
10072038,93,6543,1997,0.0,1.7394929686866837e-08,-0.310042,0.2096,GTM,370232
10078564,93,6544,1997,0.0,3.4989382041051214e-09,-0.310042,0.2096,GTM,370239
10085090,93,6545,1997,0.0,8.285825054715169e-10,-0.310042,0.2096,GTM,370241
10091616,93,6546,1997,0.0,2.8675583349358254e-08,-0.310042,0.2096,GTM,370242
10098142,93,6547,1997,0.0,1.3154244423863613e-08,-0.310042,0.2096,GTM,370243
10104668,93,6548,1997,8.068361159331113e-09,7.537946485276578e-08,-0.310042,0.2096,GTM,370244
10111194,93,6549,1997,0.0,5.959496812353338e-08,-0.310042,0.2096,GTM,370251
10117720,93,6550,1997,0.0,0.0,-0.310042,0.2096,GTM,370252
10124246,93,6551,1997,0.0,1.2661072116606966e-08,-0.310042,0.2096,GTM,370253
10130772,93,6552,1997,4.227063654892383e-09,6.729820024700141e-07,-0.310042,0.2096,GTM,370254
10137298,93,6553,1997,0.0,2.146890414976919e-08,-0.310042,0.2096,GTM,370255
10143824,93,6554,1997,3.5840190584566792e-09,7.475139931361836e-09,-0.310042,0.2096,GTM,370256
10150350,93,6555,1997,0.0,2.392233694847035e-07,-0.310042,0.2096,GTM,370291
10156876,93,6556,1997,0.0,0.0,-0.310042,0.2096,GTM,370292
10163402,93,6557,1997,6.536508927953882e-09,4.594788282541531e-08,-0.310042,0.2096,GTM,370293
10169928,93,6558,1997,0.0,7.358806947593635e-09,-0.310042,0.2096,GTM,370294
10176454,93,6559,1997,6.436506705134004e-10,1.2338256372475262e-08,-0.310042,0.2096,GTM,370295
10182980,93,6560,1997,1.8073128996901695e-09,1.303128278005164e-08,-0.310042,0.2096,GTM,370310
10189506,93,6561,1997,3.952815134734837e-09,3.5959320721956173e-07,-0.310042,0.2096,GTM,370320
10196032,93,6562,1997,7.377739747796255e-09,6.813931091995565e-08,-0.310042,0.2096,GTM,370390
10202558,93,6563,1997,1.000628302276482e-09,1.876010222288171e-08,-0.310042,0.2096,GTM,370400
10209084,93,6564,1997,3.0667348331429435e-09,1.1127034465977e-07,-0.310042,0.2096,GTM,370510
10215610,93,6565,1997,0.0,7.644667911981308e-08,-0.310042,0.2096,GTM,370520
10222136,93,6566,1997,0.0,1.1421446401821139e-07,-0.310042,0.2096,GTM,370590
10228662,93,6567,1997,1.4915483052104315e-09,1.5801731245346202e-08,-0.310042,0.2096,GTM,370610
10235188,93,6568,1997,4.127364469111353e-10,5.155771782045966e-09,-0.310042,0.2096,GTM,370690
10241714,93,6569,1997,4.666770398261001e-10,5.627864950363418e-08,-0.310042,0.2096,GTM,370710
10248240,93,6570,1997,6.961366856418943e-09,4.23129576605122e-07,-0.310042,0.2096,GTM,370790
10254766,93,6571,1997,0.0,5.453796337613962e-08,-0.310042,0.2096,GTM,380110
10261292,93,6572,1997,0.0,8.976531431276224e-09,-0.310042,0.2096,GTM,380120
10267818,93,6573,1997,0.0,4.802464201712911e-09,-0.310042,0.2096,GTM,380130
10274344,93,6574,1997,0.0,8.093593913445777e-09,-0.310042,0.2096,GTM,380190
10280870,93,6575,1997,6.88269844113397e-08,3.35946125379409e-07,-0.310042,0.2096,GTM,380210
10287396,93,6576,1997,3.1364333520780104e-10,1.2639098108561861e-07,-0.310042,0.2096,GTM,380290
10293922,93,6577,1997,0.0,1.3649405329133391e-08,-0.310042,0.2096,GTM,380300
10300448,93,6578,1997,4.152516543335746e-09,4.5075219730652703e-08,-0.310042,0.2096,GTM,380400
10306974,93,6579,1997,9.96476694844263e-09,2.676719212275626e-08,-0.310042,0.2096,GTM,380510
10313500,93,6580,1997,0.0,1.534833089835219e-08,-0.310042,0.2096,GTM,380520
10320026,93,6581,1997,4.210093580716889e-09,4.4045125959850515e-08,-0.310042,0.2096,GTM,380590
10326552,93,6582,1997,9.924735755610793e-08,7.543845992715534e-08,-0.310042,0.2096,GTM,380610
10333078,93,6583,1997,0.0,1.4433907245313823e-08,-0.310042,0.2096,GTM,380620
10339604,93,6584,1997,0.0,5.42008960129138e-08,-0.310042,0.2096,GTM,380630
10346130,93,6585,1997,2.7773344610429916e-09,4.400535399958788e-08,-0.310042,0.2096,GTM,380690
10352656,93,6586,1997,0.0,1.6529226685150195e-08,-0.310042,0.2096,GTM,380700
10359182,93,6587,1997,4.59649944235955e-06,4.436239020119556e-06,-0.310042,0.2096,GTM,380810
10365708,93,6588,1997,3.034585330654508e-06,4.709051798644066e-06,-0.310042,0.2096,GTM,380820
10372234,93,6589,1997,5.63424614545046e-06,4.796719142052975e-06,-0.310042,0.2096,GTM,380830
10378760,93,6590,1997,2.3750770349352244e-07,1.7166042055555385e-07,-0.310042,0.2096,GTM,380840
10385286,93,6591,1997,2.390386466137831e-07,6.664153203976512e-07,-0.310042,0.2096,GTM,380890
10391812,93,6592,1997,1.7816153587958492e-08,0.0,-0.310042,0.2096,GTM,380910
10398338,93,6593,1997,5.186669833219996e-07,5.132276496520816e-07,-0.310042,0.2096,GTM,380991
10404864,93,6594,1997,1.690704247141414e-08,4.0106044728838925e-08,-0.310042,0.2096,GTM,380992
10411390,93,6595,1997,0.0,0.0,-0.310042,0.2096,GTM,380993
10417916,93,6596,1997,6.550448631740896e-09,9.72745918433495e-08,-0.310042,0.2096,GTM,380999
10424442,93,6597,1997,2.2552016431076862e-09,3.307303642239669e-08,-0.310042,0.2096,GTM,381010
10430968,93,6598,1997,1.7088258620645315e-09,2.148464721737315e-07,-0.310042,0.2096,GTM,381090
10437494,93,6599,1997,0.0,0.0,-0.310042,0.2096,GTM,381111
10444020,93,6600,1997,1.910709137345147e-08,1.307410392393441e-07,-0.310042,0.2096,GTM,381119
10450546,93,6601,1997,3.784962918916865e-08,1.3474488247898331e-06,-0.310042,0.2096,GTM,381121
10457072,93,6602,1997,1.1650258958515856e-07,1.9324897201911313e-07,-0.310042,0.2096,GTM,381129
10463598,93,6603,1997,2.7724404128655946e-07,2.8735473292853737e-07,-0.310042,0.2096,GTM,381190
10470124,93,6604,1997,0.0,9.587495027510703e-08,-0.310042,0.2096,GTM,381210
10476650,93,6605,1997,0.0,3.335376017525044e-08,-0.310042,0.2096,GTM,381220
10483176,93,6606,1997,1.1654804514098577e-09,1.9884190393104585e-07,-0.310042,0.2096,GTM,381230
10489702,93,6607,1997,0.0,2.520614268244792e-08,-0.310042,0.2096,GTM,381300
10496228,93,6608,1997,1.5515041833465315e-07,1.4137108991853926e-07,-0.310042,0.2096,GTM,381400
10502754,93,6609,1997,1.3266658523731712e-08,6.540399435289309e-08,-0.310042,0.2096,GTM,381511
10509280,93,6610,1997,0.0,0.0,-0.310042,0.2096,GTM,381512
10515806,93,6611,1997,8.656253014696461e-09,2.948527417370502e-08,-0.310042,0.2096,GTM,381519
10522332,93,6612,1997,5.6380041077692156e-09,1.5730075430273026e-07,-0.310042,0.2096,GTM,381590
10528858,93,6613,1997,9.585970649882483e-09,3.568353532083503e-07,-0.310042,0.2096,GTM,381600
10535384,93,6614,1997,1.6990074620058524e-08,8.154425126667474e-07,-0.310042,0.2096,GTM,381710
10541910,93,6615,1997,0.0,6.271043834410628e-09,-0.310042,0.2096,GTM,381720
10548436,93,6616,1997,8.236546715891818e-10,3.789439230523435e-08,-0.310042,0.2096,GTM,381800
10554962,93,6617,1997,2.0700460123714867e-08,1.4433111806108571e-07,-0.310042,0.2096,GTM,381900
10561488,93,6618,1997,1.3956673861188873e-08,4.694914192502709e-08,-0.310042,0.2096,GTM,382000
10568014,93,6619,1997,5.98498151725031e-10,4.7144687396318364e-08,-0.310042,0.2096,GTM,382100
10574540,93,6620,1997,1.5307461461854355e-07,6.228769554981471e-07,-0.310042,0.2096,GTM,382200
10581066,93,6621,1997,6.457719297853372e-09,5.144735063073086e-08,-0.310042,0.2096,GTM,382310
10587592,93,6622,1997,0.0,7.695874310819449e-10,-0.310042,0.2096,GTM,382320
10594118,93,6623,1997,0.0,0.0,-0.310042,0.2096,GTM,382330
10600644,93,6624,1997,8.14957508574241e-09,1.8055011654025665e-07,-0.310042,0.2096,GTM,382340
10607170,93,6625,1997,0.0,2.3303385816883128e-08,-0.310042,0.2096,GTM,382350
10613696,93,6626,1997,6.07346833259396e-09,4.104134866101517e-09,-0.310042,0.2096,GTM,382360
10620222,93,6627,1997,8.743285252253639e-08,1.1586168603908877e-06,-0.310042,0.2096,GTM,382390
10626748,93,6628,1997,1.3493633265828951e-08,1.0497240172290174e-05,-0.310042,0.2096,GTM,390110
10633274,93,6629,1997,1.135510088267779e-08,2.790508116319027e-06,-0.310042,0.2096,GTM,390120
10639800,93,6630,1997,3.494017057918788e-10,2.627468268150399e-08,-0.310042,0.2096,GTM,390130
10646326,93,6631,1997,4.1611530989429176e-08,3.5102506753358227e-06,-0.310042,0.2096,GTM,390190
10652852,93,6632,1997,1.6592793062128644e-08,5.78170421839129e-06,-0.310042,0.2096,GTM,390210
10659378,93,6633,1997,0.0,1.4399769646088397e-08,-0.310042,0.2096,GTM,390220
10665904,93,6634,1997,6.410445519793066e-09,4.110574609334042e-07,-0.310042,0.2096,GTM,390230
10672430,93,6635,1997,1.2282697258591876e-08,2.4032969284600907e-07,-0.310042,0.2096,GTM,390290
10678956,93,6636,1997,5.165569364205001e-09,2.6661034132155244e-07,-0.310042,0.2096,GTM,390311
10685482,93,6637,1997,2.3755073475303888e-09,1.7185941293006788e-06,-0.310042,0.2096,GTM,390319
10692008,93,6638,1997,4.3000955812547794e-10,0.0,-0.310042,0.2096,GTM,390320
10698534,93,6639,1997,0.0,0.0,-0.310042,0.2096,GTM,390330
10705060,93,6640,1997,1.3836065119727323e-08,2.9726888832300517e-07,-0.310042,0.2096,GTM,390390
10711586,93,6641,1997,1.517033720177558e-08,3.5949927910674146e-06,-0.310042,0.2096,GTM,390410
10718112,93,6642,1997,1.3354539264997665e-08,7.140999121545349e-07,-0.310042,0.2096,GTM,390421
10724638,93,6643,1997,3.618898621628097e-08,1.2049207022606534e-06,-0.310042,0.2096,GTM,390422
10731164,93,6644,1997,1.0275985987339645e-09,2.9736168956361795e-09,-0.310042,0.2096,GTM,390430
10737690,93,6645,1997,0.0,2.2531478354785863e-08,-0.310042,0.2096,GTM,390440
10744216,93,6646,1997,0.0,5.504107867346192e-09,-0.310042,0.2096,GTM,390450
10750742,93,6647,1997,0.0,9.084578589989711e-10,-0.310042,0.2096,GTM,390461
10757268,93,6648,1997,0.0,6.125876179452018e-09,-0.310042,0.2096,GTM,390469
10763794,93,6649,1997,1.0034010911819425e-07,7.105790993722852e-08,-0.310042,0.2096,GTM,390490
10770320,93,6650,1997,4.098527464494566e-07,2.2765867773933645e-07,-0.310042,0.2096,GTM,390511
10776846,93,6651,1997,1.4868603222194513e-07,7.523694866182468e-08,-0.310042,0.2096,GTM,390519
10783372,93,6652,1997,1.85228359625523e-08,1.2209030644921924e-07,-0.310042,0.2096,GTM,390520
10789898,93,6653,1997,7.455468748260796e-08,2.1808888123414262e-07,-0.310042,0.2096,GTM,390590
10796424,93,6654,1997,1.6421577135179458e-09,1.1126537316473716e-08,-0.310042,0.2096,GTM,390610
10802950,93,6655,1997,1.718735173234865e-08,6.4994044872486e-07,-0.310042,0.2096,GTM,390690
10809476,93,6656,1997,0.0,4.949786171185747e-08,-0.310042,0.2096,GTM,390710
10816002,93,6657,1997,4.041301950078488e-09,6.667215644916735e-07,-0.310042,0.2096,GTM,390720
10822528,93,6658,1997,2.0664095679053095e-09,1.015514033035913e-07,-0.310042,0.2096,GTM,390730
10829054,93,6659,1997,4.354914981582404e-08,1.955477913222933e-07,-0.310042,0.2096,GTM,390740
10835580,93,6660,1997,1.1182369770534363e-07,6.935156026876071e-07,-0.310042,0.2096,GTM,390750
10842106,93,6661,1997,0.0,1.4420219062323433e-07,-0.310042,0.2096,GTM,390760
10848632,93,6662,1997,5.056172993180831e-09,4.943266884032697e-07,-0.310042,0.2096,GTM,390791
10855158,93,6663,1997,2.4252054219014798e-09,2.541729864814228e-07,-0.310042,0.2096,GTM,390799
10861684,93,6664,1997,3.915238541917671e-10,8.01521000842817e-08,-0.310042,0.2096,GTM,390810
10868210,93,6665,1997,4.8098038805973125e-09,1.1288641197844164e-07,-0.310042,0.2096,GTM,390890
10874736,93,6666,1997,5.742854923210664e-09,3.8468235405223704e-07,-0.310042,0.2096,GTM,390910
10881262,93,6667,1997,8.119877455935293e-09,1.204281699432434e-07,-0.310042,0.2096,GTM,390920
10887788,93,6668,1997,5.665519870896625e-08,7.97043340983249e-08,-0.310042,0.2096,GTM,390930
10894314,93,6669,1997,6.206198555609435e-10,1.0890855308617399e-07,-0.310042,0.2096,GTM,390940
10900840,93,6670,1997,1.3017865114837408e-08,3.830990986007821e-07,-0.310042,0.2096,GTM,390950
10907366,93,6671,1997,8.248637893741859e-08,2.8681383426896557e-07,-0.310042,0.2096,GTM,391000
10913892,93,6672,1997,5.991042258027272e-10,1.205239540808759e-07,-0.310042,0.2096,GTM,391110
10920418,93,6673,1997,2.888336928373057e-08,1.1287182892634535e-07,-0.310042,0.2096,GTM,391190
10926944,93,6674,1997,0.0,1.6161336052720842e-08,-0.310042,0.2096,GTM,391211
10933470,93,6675,1997,0.0,1.5671478075486081e-07,-0.310042,0.2096,GTM,391212
10939996,93,6676,1997,0.0,1.1800009176920966e-07,-0.310042,0.2096,GTM,391220
10946522,93,6677,1997,3.981603653425409e-09,2.153084897787824e-07,-0.310042,0.2096,GTM,391231
10953048,93,6678,1997,3.965542690366458e-09,8.222024201793862e-08,-0.310042,0.2096,GTM,391239
10959574,93,6679,1997,4.6455578055416326e-10,1.2386446730993486e-07,-0.310042,0.2096,GTM,391290
10966100,93,6680,1997,6.618328928442875e-10,1.3083980627399629e-08,-0.310042,0.2096,GTM,391310
10972626,93,6681,1997,9.954766726160642e-10,1.322938028545977e-07,-0.310042,0.2096,GTM,391390
10979152,93,6682,1997,3.951602986579445e-10,3.763322309950973e-08,-0.310042,0.2096,GTM,391400
10985678,93,6683,1997,4.863744473512277e-10,8.685533255354628e-09,-0.310042,0.2096,GTM,391510
10992204,93,6684,1997,0.0,6.078481260139048e-10,-0.310042,0.2096,GTM,391520
10998730,93,6685,1997,1.4965484163514255e-08,4.599560917773046e-08,-0.310042,0.2096,GTM,391530
11005256,93,6686,1997,1.3333326672278297e-08,7.792255027855896e-08,-0.310042,0.2096,GTM,391590
11011782,93,6687,1997,4.509797212137676e-09,8.089616717419514e-09,-0.310042,0.2096,GTM,391610
11018308,93,6688,1997,2.154502435098457e-08,1.8693351616240921e-07,-0.310042,0.2096,GTM,391620
11024834,93,6689,1997,7.178947450311891e-10,1.9657390789706923e-07,-0.310042,0.2096,GTM,391690
11031360,93,6690,1997,3.0146124624610675e-09,5.085309125780668e-07,-0.310042,0.2096,GTM,391710
11037886,93,6691,1997,0.0,4.607780456227324e-08,-0.310042,0.2096,GTM,391721
11044412,93,6692,1997,2.9452169805648486e-09,6.795039410870815e-09,-0.310042,0.2096,GTM,391722
11050938,93,6693,1997,1.9117697669811154e-07,3.563027403738332e-07,-0.310042,0.2096,GTM,391723
11057464,93,6694,1997,2.414568821837911e-08,9.809024846173567e-08,-0.310042,0.2096,GTM,391729
11063990,93,6695,1997,0.0,9.367224654256154e-08,-0.310042,0.2096,GTM,391731
11070516,93,6696,1997,4.072484461375959e-08,2.35549766088445e-07,-0.310042,0.2096,GTM,391732
11077042,93,6697,1997,1.3348781561259551e-09,5.0743386934082256e-08,-0.310042,0.2096,GTM,391733
11083568,93,6698,1997,1.5801260316657362e-08,2.628097990854557e-07,-0.310042,0.2096,GTM,391739
11090094,93,6699,1997,3.0410645655821197e-07,7.894024845507928e-07,-0.310042,0.2096,GTM,391740
11096620,93,6700,1997,4.46737202669894e-09,4.747877186252448e-08,-0.310042,0.2096,GTM,391810
11103146,93,6701,1997,5.318300031784452e-10,2.5715555206811806e-08,-0.310042,0.2096,GTM,391890
11109672,93,6702,1997,1.4670538213603383e-07,9.306439841654764e-07,-0.310042,0.2096,GTM,391910
11116198,93,6703,1997,1.603629584398796e-07,5.069105366303668e-07,-0.310042,0.2096,GTM,391990
11122724,93,6704,1997,1.7602706419275432e-06,9.161769336199437e-07,-0.310042,0.2096,GTM,392010
11129250,93,6705,1997,5.0059597558436984e-08,1.4745119520038904e-06,-0.310042,0.2096,GTM,392020
11135776,93,6706,1997,6.547418261352414e-08,1.0312571006398717e-07,-0.310042,0.2096,GTM,392030
11142302,93,6707,1997,1.6277028467648905e-08,3.0784624115485236e-07,-0.310042,0.2096,GTM,392041
11148828,93,6708,1997,5.8376146052584705e-08,3.5385477621966817e-07,-0.310042,0.2096,GTM,392042
11155354,93,6709,1997,1.483842073312524e-07,5.8255647361689215e-08,-0.310042,0.2096,GTM,392051
11161880,93,6710,1997,1.2889680447404654e-08,3.599395547068488e-08,-0.310042,0.2096,GTM,392059
11168406,93,6711,1997,1.3879096379243756e-09,1.1856617933694779e-07,-0.310042,0.2096,GTM,392061
11174932,93,6712,1997,3.1182511297471233e-10,3.0083742745756987e-07,-0.310042,0.2096,GTM,392062
11181458,93,6713,1997,2.8091533501220443e-10,1.1030421745839022e-08,-0.310042,0.2096,GTM,392063
11187984,93,6714,1997,1.5797320835152337e-09,1.1954821532243264e-07,-0.310042,0.2096,GTM,392069
11194510,93,6715,1997,1.502275816385655e-08,5.006935163753129e-07,-0.310042,0.2096,GTM,392071
11201036,93,6716,1997,0.0,0.0,-0.310042,0.2096,GTM,392072
11207562,93,6717,1997,0.0,2.1000920750678878e-08,-0.310042,0.2096,GTM,392073
11214088,93,6718,1997,4.546464693838298e-09,3.186131736639514e-08,-0.310042,0.2096,GTM,392079
11220614,93,6719,1997,0.0,2.3331889055071347e-08,-0.310042,0.2096,GTM,392091
11227140,93,6720,1997,2.394901718016668e-09,1.6363709043857204e-07,-0.310042,0.2096,GTM,392092
11233666,93,6721,1997,0.0,2.5689371999638906e-09,-0.310042,0.2096,GTM,392093
11240192,93,6722,1997,0.0,1.5401028745700178e-08,-0.310042,0.2096,GTM,392094
11246718,93,6723,1997,2.178836309317961e-08,1.2043910723231562e-07,-0.310042,0.2096,GTM,392099
11253244,93,6724,1997,8.29336616067584e-08,4.53546177514977e-08,-0.310042,0.2096,GTM,392111
11259770,93,6725,1997,9.483241093712971e-09,6.782580844318546e-07,-0.310042,0.2096,GTM,392112
11266296,93,6726,1997,4.9802622149493776e-08,8.690504750387458e-08,-0.310042,0.2096,GTM,392113
11272822,93,6727,1997,0.0,1.3230142581364804e-08,-0.310042,0.2096,GTM,392114
11279348,93,6728,1997,2.057615433037937e-07,1.843367385902615e-07,-0.310042,0.2096,GTM,392119
11285874,93,6729,1997,1.5666651264001027e-07,1.0380551229477622e-06,-0.310042,0.2096,GTM,392190
11292400,93,6730,1997,4.726347480098541e-08,5.0006942803219176e-08,-0.310042,0.2096,GTM,392210
11298926,93,6731,1997,3.3931057239823656e-09,1.054490554093293e-07,-0.310042,0.2096,GTM,392220
11305452,93,6732,1997,9.797914754852857e-08,6.482034083603895e-08,-0.310042,0.2096,GTM,392290
11311978,93,6733,1997,6.618362262517148e-07,1.2690801656903285e-06,-0.310042,0.2096,GTM,392310
11318504,93,6734,1997,1.663583644312663e-06,5.1338640606013e-07,-0.310042,0.2096,GTM,392321
11325030,93,6735,1997,2.7452610208513073e-07,5.707080752216516e-07,-0.310042,0.2096,GTM,392329
11331556,93,6736,1997,1.127302027033539e-06,1.4485803024796516e-06,-0.310042,0.2096,GTM,392330
11338082,93,6737,1997,7.927448936266739e-10,1.7932944879319602e-07,-0.310042,0.2096,GTM,392340
11344608,93,6738,1997,1.884769166819748e-07,1.3232999533843669e-06,-0.310042,0.2096,GTM,392350
11351134,93,6739,1997,1.8205950131028825e-07,6.074030114919654e-07,-0.310042,0.2096,GTM,392390
11357660,93,6740,1997,1.6419101322572069e-06,1.994048428852632e-06,-0.310042,0.2096,GTM,392410
11364186,93,6741,1997,5.77580414044462e-07,1.7945141613800143e-06,-0.310042,0.2096,GTM,392490
11370712,93,6742,1997,1.1472376216712012e-07,1.2607479400153068e-07,-0.310042,0.2096,GTM,392510
11377238,93,6743,1997,1.6476123802172118e-08,3.143244306156309e-08,-0.310042,0.2096,GTM,392520
11383764,93,6744,1997,0.0,6.234055911366379e-08,-0.310042,0.2096,GTM,392530
11390290,93,6745,1997,4.3095503368668405e-08,1.3557333241125396e-07,-0.310042,0.2096,GTM,392590
11396816,93,6746,1997,3.198161996891372e-08,5.052725947335507e-07,-0.310042,0.2096,GTM,392610
11403342,93,6747,1997,1.3195505427010174e-07,4.392017571802541e-07,-0.310042,0.2096,GTM,392620
11409868,93,6748,1997,6.859243374327127e-09,8.674529679681966e-08,-0.310042,0.2096,GTM,392630
11416394,93,6749,1997,2.4061443921579333e-07,1.4294937387496142e-07,-0.310042,0.2096,GTM,392640
11422920,93,6750,1997,2.6096761889298827e-07,2.612282339423119e-06,-0.310042,0.2096,GTM,392690
11429446,93,6751,1997,6.6986140463301e-06,2.288412306911454e-08,-0.310042,0.2096,GTM,400110
11435972,93,6752,1997,6.831576092680294e-08,0.0,-0.310042,0.2096,GTM,400121
11442498,93,6753,1997,4.002698667773704e-06,0.0,-0.310042,0.2096,GTM,400122
11449024,93,6754,1997,2.343158143633352e-07,7.214633591641592e-09,-0.310042,0.2096,GTM,400129
11455550,93,6755,1997,2.8120382627318783e-07,2.6351906571013934e-08,-0.310042,0.2096,GTM,400130
11462076,93,6756,1997,5.529819884900438e-09,1.489105278523257e-07,-0.310042,0.2096,GTM,400211
11468602,93,6757,1997,1.7951914181362448e-09,1.233136588035976e-06,-0.310042,0.2096,GTM,400219
11475128,93,6758,1997,4.583435212577769e-09,3.3987194929033305e-07,-0.310042,0.2096,GTM,400220
11481654,93,6759,1997,0.0,0.0,-0.310042,0.2096,GTM,400231
11488180,93,6760,1997,2.7940014981796384e-10,1.0450745425011148e-08,-0.310042,0.2096,GTM,400239
11494706,93,6761,1997,8.039572640640542e-10,1.3152918691854858e-08,-0.310042,0.2096,GTM,400241
11501232,93,6762,1997,9.027473387285404e-10,1.6757020587554425e-07,-0.310042,0.2096,GTM,400249
11507758,93,6763,1997,0.0,3.460127399548835e-08,-0.310042,0.2096,GTM,400251
11514284,93,6764,1997,0.0,1.619083358991563e-08,-0.310042,0.2096,GTM,400259
11520810,93,6765,1997,0.0,0.0,-0.310042,0.2096,GTM,400260
11527336,93,6766,1997,0.0,9.128327746278607e-09,-0.310042,0.2096,GTM,400270
11533862,93,6767,1997,9.506877982743125e-08,2.4032206988695875e-09,-0.310042,0.2096,GTM,400280
11540388,93,6768,1997,4.175244321249355e-09,2.9444507914435824e-08,-0.310042,0.2096,GTM,400291
11546914,93,6769,1997,5.309208920619009e-10,7.36364586942559e-08,-0.310042,0.2096,GTM,400299
11553440,93,6770,1997,0.0,2.8030614727099227e-08,-0.310042,0.2096,GTM,400300
11559966,93,6771,1997,4.088272691099946e-09,1.462282405656133e-09,-0.310042,0.2096,GTM,400400
11566492,93,6772,1997,3.3031037234444747e-10,1.3033437094565866e-07,-0.310042,0.2096,GTM,400510
11573018,93,6773,1997,3.889480393615581e-09,4.2332611637541984e-08,-0.310042,0.2096,GTM,400520
11579544,93,6774,1997,4.040726179704676e-08,7.260835352146683e-08,-0.310042,0.2096,GTM,400591
11586070,93,6775,1997,0.0,3.504360448020927e-07,-0.310042,0.2096,GTM,400599
11592596,93,6776,1997,8.249940953008905e-08,5.04246809591777e-07,-0.310042,0.2096,GTM,400610
11599122,93,6777,1997,2.363385865976464e-09,2.216352143575607e-07,-0.310042,0.2096,GTM,400690
11605648,93,6778,1997,5.224358549741537e-10,1.1277836481972815e-07,-0.310042,0.2096,GTM,400700
11612174,93,6779,1997,1.4003038528132636e-07,7.269452610203587e-08,-0.310042,0.2096,GTM,400811
11618700,93,6780,1997,9.146263906513865e-09,6.370904597970055e-08,-0.310042,0.2096,GTM,400819
11625226,93,6781,1997,6.042770680558646e-08,2.77625848582293e-07,-0.310042,0.2096,GTM,400821
11631752,93,6782,1997,8.39715634648132e-10,8.247312539860852e-08,-0.310042,0.2096,GTM,400829
11638278,93,6783,1997,1.3523027858597218e-08,8.000162950128808e-08,-0.310042,0.2096,GTM,400910
11644804,93,6784,1997,0.0,5.208436486093736e-08,-0.310042,0.2096,GTM,400920
11651330,93,6785,1997,0.0,7.160808872086162e-08,-0.310042,0.2096,GTM,400930
11657856,93,6786,1997,0.0,2.5768915920164174e-08,-0.310042,0.2096,GTM,400940
11664382,93,6787,1997,6.239532629882728e-10,5.377831893512333e-08,-0.310042,0.2096,GTM,400950
11670908,93,6788,1997,1.8451925295461841e-09,2.2726128956971232e-07,-0.310042,0.2096,GTM,401010
11677434,93,6789,1997,4.1843354324147985e-09,1.2626271651377162e-07,-0.310042,0.2096,GTM,401091
11683960,93,6790,1997,1.1254189548741366e-08,1.9254169399244262e-07,-0.310042,0.2096,GTM,401099
11690486,93,6791,1997,2.45370484325699e-06,3.460410111899702e-06,-0.310042,0.2096,GTM,401110
11697012,93,6792,1997,3.8513313638320305e-06,4.42599044882588e-06,-0.310042,0.2096,GTM,401120
11703538,93,6793,1997,0.0,3.3202958159254624e-09,-0.310042,0.2096,GTM,401130
11710064,93,6794,1997,5.346482476397327e-09,1.598136793253243e-07,-0.310042,0.2096,GTM,401140
11716590,93,6795,1997,2.0370755825448118e-08,4.841961072583728e-07,-0.310042,0.2096,GTM,401150
11723116,93,6796,1997,7.26107048783973e-09,1.6583879987211096e-07,-0.310042,0.2096,GTM,401191
11729642,93,6797,1997,3.0207338106457995e-08,3.94691630718333e-07,-0.310042,0.2096,GTM,401199
11736168,93,6798,1997,8.423217531822259e-09,1.8902916703524778e-07,-0.310042,0.2096,GTM,401210
11742694,93,6799,1997,9.713246206198693e-09,5.637986914250258e-07,-0.310042,0.2096,GTM,401220
11749220,93,6800,1997,1.443580572331163e-06,7.838072326078448e-07,-0.310042,0.2096,GTM,401290
11755746,93,6801,1997,3.0011576179362107e-08,5.050425802300318e-07,-0.310042,0.2096,GTM,401310
11762272,93,6802,1997,5.868918331371481e-09,2.6359363813563174e-07,-0.310042,0.2096,GTM,401320
11768798,93,6803,1997,3.487956317141826e-10,1.0470631405142464e-07,-0.310042,0.2096,GTM,401390
11775324,93,6804,1997,0.0,1.0605027487529944e-07,-0.310042,0.2096,GTM,401410
11781850,93,6805,1997,7.995329232968718e-09,8.924562736533051e-08,-0.310042,0.2096,GTM,401490
11788376,93,6806,1997,1.0945394806155135e-08,1.3582754152393262e-07,-0.310042,0.2096,GTM,401511
11794902,93,6807,1997,8.508886102704621e-07,4.915582285359883e-08,-0.310042,0.2096,GTM,401519
11801428,93,6808,1997,8.503219310078161e-10,4.126274590647716e-08,-0.310042,0.2096,GTM,401590
11807954,93,6809,1997,1.4405168678684086e-08,1.4323871488587206e-08,-0.310042,0.2096,GTM,401610
11814480,93,6810,1997,9.987797763395086e-09,3.409484436814416e-08,-0.310042,0.2096,GTM,401691
11821006,93,6811,1997,5.838644931190554e-08,5.047956626434012e-08,-0.310042,0.2096,GTM,401692
11827532,93,6812,1997,9.703245983916704e-09,2.7591366569298666e-07,-0.310042,0.2096,GTM,401693
11834058,93,6813,1997,0.0,1.7437684544149168e-08,-0.310042,0.2096,GTM,401694
11840584,93,6814,1997,1.893678455761883e-09,1.0943917732267795e-08,-0.310042,0.2096,GTM,401695
11847110,93,6815,1997,5.7644008566727655e-08,5.45509555498254e-07,-0.310042,0.2096,GTM,401699
11853636,93,6816,1997,5.62045826321991e-08,1.4964664055018658e-07,-0.310042,0.2096,GTM,401700
11860162,93,6817,1997,4.65573985004693e-08,8.345449851808899e-08,-0.310042,0.2096,GTM,410110
11866688,93,6818,1997,7.647348770889036e-07,6.159616059074819e-08,-0.310042,0.2096,GTM,410121
11873214,93,6819,1997,0.0,0.0,-0.310042,0.2096,GTM,410122
11879740,93,6820,1997,3.4909866875303072e-09,6.676386396087294e-09,-0.310042,0.2096,GTM,410129
11886266,93,6821,1997,0.0,1.514350530299963e-08,-0.310042,0.2096,GTM,410130
11892792,93,6822,1997,0.0,6.719472686371813e-09,-0.310042,0.2096,GTM,410140
11899318,93,6823,1997,3.1179480927082753e-09,0.0,-0.310042,0.2096,GTM,410210
11905844,93,6824,1997,0.0,0.0,-0.310042,0.2096,GTM,410221
11912370,93,6825,1997,1.306089637435384e-09,4.521409015856973e-09,-0.310042,0.2096,GTM,410229
11918896,93,6826,1997,1.824586010904512e-09,0.0,-0.310042,0.2096,GTM,410310
11925422,93,6827,1997,0.0,0.0,-0.310042,0.2096,GTM,410320
11931948,93,6828,1997,8.509583087893971e-09,0.0,-0.310042,0.2096,GTM,410390
11938474,93,6829,1997,1.4324924470797105e-07,2.139068596125268e-07,-0.310042,0.2096,GTM,410410
11945000,93,6830,1997,4.907381807106406e-09,2.1841766277231372e-08,-0.310042,0.2096,GTM,410421
11951526,93,6831,1997,4.9938685779936586e-08,6.566874303504134e-07,-0.310042,0.2096,GTM,410422
11958052,93,6832,1997,2.7640008313336748e-08,4.268737752308467e-07,-0.310042,0.2096,GTM,410429
11964578,93,6833,1997,1.0239954883420604e-07,2.772486778258024e-07,-0.310042,0.2096,GTM,410431
11971104,93,6834,1997,6.496720164753124e-08,9.074277652281689e-07,-0.310042,0.2096,GTM,410439
11977630,93,6835,1997,0.0,0.0,-0.310042,0.2096,GTM,410511
11984156,93,6836,1997,0.0,0.0,-0.310042,0.2096,GTM,410512
11990682,93,6837,1997,0.0,4.7848982525969155e-09,-0.310042,0.2096,GTM,410519
11997208,93,6838,1997,0.0,5.120639883813974e-09,-0.310042,0.2096,GTM,410520
12003734,93,6839,1997,0.0,0.0,-0.310042,0.2096,GTM,410611
12010260,93,6840,1997,0.0,2.2683274669788244e-09,-0.310042,0.2096,GTM,410612
12016786,93,6841,1997,0.0,0.0,-0.310042,0.2096,GTM,410619
12023312,93,6842,1997,0.0,0.0,-0.310042,0.2096,GTM,410620
12029838,93,6843,1997,0.0,6.609105496643007e-09,-0.310042,0.2096,GTM,410710
12036364,93,6844,1997,0.0,0.0,-0.310042,0.2096,GTM,410721
12042890,93,6845,1997,0.0,0.0,-0.310042,0.2096,GTM,410729
12049416,93,6846,1997,3.521290391415119e-09,2.0896850787991654e-09,-0.310042,0.2096,GTM,410790
12055942,93,6847,1997,8.538432213992313e-08,2.313104065574505e-08,-0.310042,0.2096,GTM,410800
12062468,93,6848,1997,1.007567850466104e-08,8.193567364225948e-07,-0.310042,0.2096,GTM,410900
12068994,93,6849,1997,0.0,4.621998932021215e-08,-0.310042,0.2096,GTM,411000
12075520,93,6850,1997,8.13957486346042e-09,3.386250983360995e-08,-0.310042,0.2096,GTM,411100
12082046,93,6851,1997,0.0,1.3757452487846878e-08,-0.310042,0.2096,GTM,420100
12088572,93,6852,1997,5.6964902562669024e-09,7.022236733871106e-08,-0.310042,0.2096,GTM,420211
12095098,93,6853,1997,6.844303648311915e-08,4.700992673762848e-07,-0.310042,0.2096,GTM,420212
12101624,93,6854,1997,6.0025576655035e-08,1.6329140581728932e-07,-0.310042,0.2096,GTM,420219
12108150,93,6855,1997,2.060045790089499e-08,3.516636726421993e-08,-0.310042,0.2096,GTM,420221
12114676,93,6856,1997,2.3923652980015097e-07,6.756096033113654e-08,-0.310042,0.2096,GTM,420222
12121202,93,6857,1997,1.9671346339786664e-08,7.100852641990243e-08,-0.310042,0.2096,GTM,420229
12127728,93,6858,1997,1.0217499838841958e-08,2.1631969186845984e-08,-0.310042,0.2096,GTM,420231
12134254,93,6859,1997,1.9602253894929293e-07,4.504737935846886e-08,-0.310042,0.2096,GTM,420232
12140780,93,6860,1997,1.4965484163514255e-08,6.230310718441648e-08,-0.310042,0.2096,GTM,420239
12147306,93,6861,1997,1.725492899201178e-09,1.1580600529472107e-08,-0.310042,0.2096,GTM,420291
12153832,93,6862,1997,1.6323514349408206e-07,1.44340398185147e-07,-0.310042,0.2096,GTM,420292
12160358,93,6863,1997,1.842495499900436e-08,8.319200358035561e-08,-0.310042,0.2096,GTM,420299
12166884,93,6864,1997,4.399855374443579e-08,9.695903448196574e-07,-0.310042,0.2096,GTM,420310
12173410,93,6865,1997,1.4248801566638458e-09,7.1284610110725536e-09,-0.310042,0.2096,GTM,420321
12179936,93,6866,1997,3.4425007613146086e-10,3.100920311776824e-08,-0.310042,0.2096,GTM,420329
12186462,93,6867,1997,2.3459215383906082e-06,3.9754062880514624e-08,-0.310042,0.2096,GTM,420330
12192988,93,6868,1997,2.292778235924853e-09,1.527034471293721e-07,-0.310042,0.2096,GTM,420340
12199514,93,6869,1997,2.6455133491440607e-10,1.5794771152300243e-08,-0.310042,0.2096,GTM,420400
12206040,93,6870,1997,1.843919773983022e-08,9.506625374976682e-08,-0.310042,0.2096,GTM,420500
12212566,93,6871,1997,0.0,0.0,-0.310042,0.2096,GTM,420610
12219092,93,6872,1997,0.0,8.866827107551795e-09,-0.310042,0.2096,GTM,420690
12225618,93,6873,1997,0.0,3.831365505300294e-10,-0.310042,0.2096,GTM,430110
12232144,93,6874,1997,0.0,0.0,-0.310042,0.2096,GTM,430120
12238670,93,6875,1997,0.0,0.0,-0.310042,0.2096,GTM,430130
12245196,93,6876,1997,0.0,0.0,-0.310042,0.2096,GTM,430140
12251722,93,6877,1997,0.0,0.0,-0.310042,0.2096,GTM,430150
12258248,93,6878,1997,0.0,0.0,-0.310042,0.2096,GTM,430160
12264774,93,6879,1997,0.0,0.0,-0.310042,0.2096,GTM,430170
12271300,93,6880,1997,0.0,0.0,-0.310042,0.2096,GTM,430180
12277826,93,6881,1997,0.0,5.567643573865748e-08,-0.310042,0.2096,GTM,430190
12284352,93,6882,1997,0.0,0.0,-0.310042,0.2096,GTM,430211
12290878,93,6883,1997,6.594389002373873e-09,0.0,-0.310042,0.2096,GTM,430212
12297404,93,6884,1997,0.0,0.0,-0.310042,0.2096,GTM,430213
12303930,93,6885,1997,0.0,0.0,-0.310042,0.2096,GTM,430219
12310456,93,6886,1997,0.0,0.0,-0.310042,0.2096,GTM,430220
12316982,93,6887,1997,0.0,0.0,-0.310042,0.2096,GTM,430230
12323508,93,6888,1997,3.2637089083942197e-10,5.006030351657154e-08,-0.310042,0.2096,GTM,430310
12330034,93,6889,1997,7.595320341689204e-09,1.2878492166042692e-08,-0.310042,0.2096,GTM,430390
12336560,93,6890,1997,0.0,2.1712175973375626e-08,-0.310042,0.2096,GTM,430400
12343086,93,6891,1997,3.914571860432205e-08,1.0506426169378833e-09,-0.310042,0.2096,GTM,440110
12349612,93,6892,1997,1.632460528274806e-09,1.6917334730713055e-08,-0.310042,0.2096,GTM,440121
12356138,93,6893,1997,0.0,6.346941991911819e-09,-0.310042,0.2096,GTM,440122
12362664,93,6894,1997,0.0,7.073774565711433e-09,-0.310042,0.2096,GTM,440130
12369190,93,6895,1997,0.0,4.72921750822923e-09,-0.310042,0.2096,GTM,440200
12375716,93,6896,1997,4.500100026894536e-09,1.1455981720649192e-08,-0.310042,0.2096,GTM,440310
12382242,93,6897,1997,6.8819711522407354e-09,1.337597310232779e-08,-0.310042,0.2096,GTM,440320
12388768,93,6898,1997,0.0,0.0,-0.310042,0.2096,GTM,440331
12395294,93,6899,1997,0.0,0.0,-0.310042,0.2096,GTM,440332
12401820,93,6900,1997,1.3915763860944377e-08,0.0,-0.310042,0.2096,GTM,440333
12408346,93,6901,1997,0.0,0.0,-0.310042,0.2096,GTM,440334
12414872,93,6902,1997,0.0,0.0,-0.310042,0.2096,GTM,440335
12421398,93,6903,1997,0.0,0.0,-0.310042,0.2096,GTM,440391
12427924,93,6904,1997,0.0,0.0,-0.310042,0.2096,GTM,440392
12434450,93,6905,1997,7.85478065435096e-08,4.163461373493278e-09,-0.310042,0.2096,GTM,440399
12440976,93,6906,1997,2.1526842128653684e-08,8.247047393459102e-09,-0.310042,0.2096,GTM,440410
12447502,93,6907,1997,3.4782591318986864e-09,3.294576614955627e-08,-0.310042,0.2096,GTM,440420
12454028,93,6908,1997,5.578002774077288e-09,1.1652190057944847e-08,-0.310042,0.2096,GTM,440500
12460554,93,6909,1997,0.0,0.0,-0.310042,0.2096,GTM,440610
12467080,93,6910,1997,0.0,2.1480172871843602e-09,-0.310042,0.2096,GTM,440690
12473606,93,6911,1997,1.6355924160713012e-06,1.3974640534181072e-07,-0.310042,0.2096,GTM,440710
12480132,93,6912,1997,4.360702989024403e-10,2.792985909443389e-09,-0.310042,0.2096,GTM,440721
12486658,93,6913,1997,1.2840073284145218e-07,1.375446959082718e-09,-0.310042,0.2096,GTM,440722
12493184,93,6914,1997,4.863653562400623e-07,2.7157620199334434e-09,-0.310042,0.2096,GTM,440723
12499710,93,6915,1997,0.0,1.7397316004482593e-07,-0.310042,0.2096,GTM,440791
12506236,93,6916,1997,5.501637440287563e-09,3.2778723916453204e-10,-0.310042,0.2096,GTM,440792
12512762,93,6917,1997,7.673019038449861e-07,3.5768978748799256e-07,-0.310042,0.2096,GTM,440799
12519288,93,6918,1997,1.6367030468186797e-08,1.2362450981635032e-09,-0.310042,0.2096,GTM,440810
12525814,93,6919,1997,3.832054874753863e-08,3.42479664151553e-08,-0.310042,0.2096,GTM,440820
12532340,93,6920,1997,4.569919760645143e-08,4.3730596040773526e-08,-0.310042,0.2096,GTM,440890
12538866,93,6921,1997,8.073482485287647e-08,1.4513252306037775e-07,-0.310042,0.2096,GTM,440910
12545392,93,6922,1997,1.7395901822483922e-07,4.9148199894548495e-09,-0.310042,0.2096,GTM,440920
12551918,93,6923,1997,2.0586821234146823e-08,8.218192836288561e-07,-0.310042,0.2096,GTM,441010
12558444,93,6924,1997,8.14139308569351e-09,1.1034763518167691e-07,-0.310042,0.2096,GTM,441090
12564970,93,6925,1997,1.961558752463861e-09,1.0197530611339052e-07,-0.310042,0.2096,GTM,441111
12571496,93,6926,1997,5.609518626117492e-09,1.5327119186212117e-07,-0.310042,0.2096,GTM,441119
12578022,93,6927,1997,0.0,2.277243014737698e-08,-0.310042,0.2096,GTM,441121
12584548,93,6928,1997,1.2889377410365806e-08,7.660742412587456e-09,-0.310042,0.2096,GTM,441129
12591074,93,6929,1997,0.0,0.0,-0.310042,0.2096,GTM,441131
12597600,93,6930,1997,0.0,1.721794446369812e-09,-0.310042,0.2096,GTM,441139
12604126,93,6931,1997,0.0,4.789206881625368e-10,-0.310042,0.2096,GTM,441191
12610652,93,6932,1997,2.6682411270576695e-09,8.13512246862001e-08,-0.310042,0.2096,GTM,441199
12617178,93,6933,1997,2.510843689079958e-08,7.98236499791128e-08,-0.310042,0.2096,GTM,441211
12623704,93,6934,1997,9.400815019146283e-09,4.718015072755255e-08,-0.310042,0.2096,GTM,441212
12630230,93,6935,1997,7.185614265166549e-07,3.656667169846679e-08,-0.310042,0.2096,GTM,441219
12636756,93,6936,1997,2.630361497201655e-09,2.0505759845409098e-09,-0.310042,0.2096,GTM,441221
12643282,93,6937,1997,9.865673836739295e-09,1.6940535040866256e-08,-0.310042,0.2096,GTM,441229
12649808,93,6938,1997,0.0,6.929269776757201e-09,-0.310042,0.2096,GTM,441291
12656334,93,6939,1997,6.508326483341008e-09,5.63303530519756e-09,-0.310042,0.2096,GTM,441299
12662860,93,6940,1997,3.207250077686427e-07,3.1346270480994047e-08,-0.310042,0.2096,GTM,441300
12669386,93,6941,1997,6.115105621731691e-08,3.775684760932608e-08,-0.310042,0.2096,GTM,441400
12675912,93,6942,1997,1.600096172525827e-08,7.772435334325017e-09,-0.310042,0.2096,GTM,441510
12682438,93,6943,1997,1.346296591749752e-07,1.6210156133943223e-07,-0.310042,0.2096,GTM,441520
12688964,93,6944,1997,1.484578453316925e-09,1.393775204103748e-08,-0.310042,0.2096,GTM,441600
12695490,93,6945,1997,2.99976364755751e-08,5.16177071938558e-08,-0.310042,0.2096,GTM,441700
12702016,93,6946,1997,1.231106152542806e-07,2.247248328039629e-08,-0.310042,0.2096,GTM,441810
12708542,93,6947,1997,1.164590431626761e-06,8.68202006553143e-08,-0.310042,0.2096,GTM,441820
12715068,93,6948,1997,1.9994383823198757e-08,0.0,-0.310042,0.2096,GTM,441830
12721594,93,6949,1997,0.0,7.432716507081694e-09,-0.310042,0.2096,GTM,441840
12728120,93,6950,1997,0.0,6.731072841448414e-09,-0.310042,0.2096,GTM,441850
12734646,93,6951,1997,1.7264414051327724e-07,6.897153918845125e-08,-0.310042,0.2096,GTM,441890
12741172,93,6952,1997,7.739565972180906e-09,4.384162609650671e-08,-0.310042,0.2096,GTM,441900
12747698,93,6953,1997,8.88316714938593e-08,3.376606282997307e-08,-0.310042,0.2096,GTM,442010
12754224,93,6954,1997,1.4262135196347777e-08,1.7091668489864262e-08,-0.310042,0.2096,GTM,442090
12760750,93,6955,1997,0.0,1.0896290809853291e-07,-0.310042,0.2096,GTM,442110
12767276,93,6956,1997,8.188063820046508e-07,1.3516334978754664e-07,-0.310042,0.2096,GTM,442190
12773802,93,6957,1997,0.0,0.0,-0.310042,0.2096,GTM,450110
12780328,93,6958,1997,0.0,0.0,-0.310042,0.2096,GTM,450190
12786854,93,6959,1997,0.0,1.0141849866971367e-09,-0.310042,0.2096,GTM,450200
12793380,93,6960,1997,0.0,2.5792116230317377e-09,-0.310042,0.2096,GTM,450310
12799906,93,6961,1997,0.0,0.0,-0.310042,0.2096,GTM,450390
12806432,93,6962,1997,5.4313328472748e-09,1.4083582562000466e-08,-0.310042,0.2096,GTM,450410
12812958,93,6963,1997,0.0,8.836832420853727e-08,-0.310042,0.2096,GTM,450490
12819484,93,6964,1997,5.389210698874912e-09,0.0,-0.310042,0.2096,GTM,460110
12826010,93,6965,1997,2.8621848319204643e-09,7.079408926748639e-10,-0.310042,0.2096,GTM,460120
12832536,93,6966,1997,0.0,3.138670530726106e-10,-0.310042,0.2096,GTM,460191
12839062,93,6967,1997,1.9582859524443012e-08,5.341639409673337e-08,-0.310042,0.2096,GTM,460199
12845588,93,6968,1997,1.3450026235938707e-07,2.0288008362971183e-08,-0.310042,0.2096,GTM,460210
12852114,93,6969,1997,1.4304863418825361e-08,1.3651393927146523e-08,-0.310042,0.2096,GTM,460290
12858640,93,6970,1997,0.0,1.3434968176717363e-08,-0.310042,0.2096,GTM,470100
12865166,93,6971,1997,0.0,1.4048119230766286e-08,-0.310042,0.2096,GTM,470200
12871692,93,6972,1997,0.0,1.6059254688046752e-08,-0.310042,0.2096,GTM,470311
12878218,93,6973,1997,0.0,0.0,-0.310042,0.2096,GTM,470319
12884744,93,6974,1997,0.0,9.523462171487864e-08,-0.310042,0.2096,GTM,470321
12891270,93,6975,1997,0.0,0.0,-0.310042,0.2096,GTM,470329
12897796,93,6976,1997,1.7812517143492315e-09,0.0,-0.310042,0.2096,GTM,470411
12904322,93,6977,1997,0.0,0.0,-0.310042,0.2096,GTM,470419
12910848,93,6978,1997,0.0,4.6345933861043824e-08,-0.310042,0.2096,GTM,470421
12917374,93,6979,1997,0.0,3.63542231440639e-08,-0.310042,0.2096,GTM,470429
12923900,93,6980,1997,0.0,1.3560349281445313e-07,-0.310042,0.2096,GTM,470500
12930426,93,6981,1997,0.0,0.0,-0.310042,0.2096,GTM,470610
12936952,93,6982,1997,0.0,0.0,-0.310042,0.2096,GTM,470691
12943478,93,6983,1997,0.0,5.3997396149569995e-08,-0.310042,0.2096,GTM,470692
12950004,93,6984,1997,4.073423876196388e-09,1.675393826063407e-09,-0.310042,0.2096,GTM,470693
12956530,93,6985,1997,1.5164246157294736e-07,3.59975018038083e-07,-0.310042,0.2096,GTM,470710
12963056,93,6986,1997,2.0398029158944447e-08,5.70780659049131e-08,-0.310042,0.2096,GTM,470720
12969582,93,6987,1997,5.413150624943913e-08,1.0083815948288141e-07,-0.310042,0.2096,GTM,470730
12976108,93,6988,1997,6.144366878202865e-07,4.0937411271528825e-07,-0.310042,0.2096,GTM,470790
12982634,93,6989,1997,4.4240983375514286e-08,4.371871085331505e-06,-0.310042,0.2096,GTM,480100
12989160,93,6990,1997,0.0,1.4586598429422114e-07,-0.310042,0.2096,GTM,480210
12995686,93,6991,1997,2.055197197467929e-09,9.027770973414583e-08,-0.310042,0.2096,GTM,480220
13002212,93,6992,1997,2.749152016430117e-09,2.712759236933615e-07,-0.310042,0.2096,GTM,480230
13008738,93,6993,1997,0.0,1.052664358251234e-08,-0.310042,0.2096,GTM,480240
13015264,93,6994,1997,3.6758392812276583e-10,1.2270007688664585e-06,-0.310042,0.2096,GTM,480251
13021790,93,6995,1997,1.9939837156206093e-08,1.1574651307082822e-06,-0.310042,0.2096,GTM,480252
13028316,93,6996,1997,1.024628835753253e-08,6.563566602142292e-08,-0.310042,0.2096,GTM,480253
13034842,93,6997,1997,2.5649054968104617e-09,1.246617956833e-06,-0.310042,0.2096,GTM,480260
13041368,93,6998,1997,4.654648916707076e-09,3.814644710339879e-07,-0.310042,0.2096,GTM,480300
13047894,93,6999,1997,5.810886738432067e-08,4.486103446731834e-06,-0.310042,0.2096,GTM,480411
13054420,93,7000,1997,2.1893516945659904e-08,9.633839304206735e-07,-0.310042,0.2096,GTM,480419
13060946,93,7001,1997,0.0,8.41765915999573e-07,-0.310042,0.2096,GTM,480421
13067472,93,7002,1997,0.0,2.0448885942233533e-07,-0.310042,0.2096,GTM,480429
13073998,93,7003,1997,2.5836331858112754e-08,5.736077825577998e-08,-0.310042,0.2096,GTM,480431
13080524,93,7004,1997,6.381960038141342e-10,5.735242614412483e-07,-0.310042,0.2096,GTM,480439
13087050,93,7005,1997,0.0,2.1957436394995195e-09,-0.310042,0.2096,GTM,480441
13093576,93,7006,1997,5.011020474392462e-09,5.1733377311619625e-08,-0.310042,0.2096,GTM,480442
13100102,93,7007,1997,0.0,6.088391106904487e-08,-0.310042,0.2096,GTM,480449
13106628,93,7008,1997,3.994028172018181e-10,7.896722710145745e-09,-0.310042,0.2096,GTM,480451
13113154,93,7009,1997,0.0,1.872132456162564e-08,-0.310042,0.2096,GTM,480452
13119680,93,7010,1997,1.5419736684747582e-08,6.044741380516247e-07,-0.310042,0.2096,GTM,480459
13126206,93,7011,1997,4.914321355296028e-08,1.1169510919537491e-06,-0.310042,0.2096,GTM,480510
13132732,93,7012,1997,0.0,1.4879353200255311e-08,-0.310042,0.2096,GTM,480521
13139258,93,7013,1997,0.0,3.4239349157098395e-08,-0.310042,0.2096,GTM,480522
13145784,93,7014,1997,0.0,1.6967049681041345e-08,-0.310042,0.2096,GTM,480523
13152310,93,7015,1997,3.3385590569897045e-09,3.764250322357101e-08,-0.310042,0.2096,GTM,480529
13158836,93,7016,1997,0.0,1.3760170238464824e-07,-0.310042,0.2096,GTM,480530
13165362,93,7017,1997,2.1491386795108453e-09,6.11245314286338e-08,-0.310042,0.2096,GTM,480540
13171888,93,7018,1997,0.0,0.0,-0.310042,0.2096,GTM,480550
13178414,93,7019,1997,1.4458806234560203e-08,1.2792617875175623e-07,-0.310042,0.2096,GTM,480560
13184940,93,7020,1997,5.039505956044185e-10,4.23495147206536e-08,-0.310042,0.2096,GTM,480570
13191466,93,7021,1997,1.5196731727859254e-07,1.8552790880012734e-07,-0.310042,0.2096,GTM,480580
13197992,93,7022,1997,0.0,4.2612672524391355e-08,-0.310042,0.2096,GTM,480610
13204518,93,7023,1997,3.238981086024213e-08,7.088026184805544e-08,-0.310042,0.2096,GTM,480620
13211044,93,7024,1997,0.0,2.302697069305783e-08,-0.310042,0.2096,GTM,480630
13217570,93,7025,1997,1.3454238450778696e-08,2.3015768257583854e-07,-0.310042,0.2096,GTM,480640
13224096,93,7026,1997,7.803203750339011e-10,2.293615805045815e-08,-0.310042,0.2096,GTM,480710
13230622,93,7027,1997,0.0,0.0,-0.310042,0.2096,GTM,480791
13237148,93,7028,1997,3.2712848343654222e-09,6.445709026564024e-08,-0.310042,0.2096,GTM,480799
13243674,93,7029,1997,3.5899888881219867e-08,2.11689572827885e-08,-0.310042,0.2096,GTM,480810
13250200,93,7030,1997,0.0,6.936495016204913e-08,-0.310042,0.2096,GTM,480820
13256726,93,7031,1997,5.512243736647248e-10,2.2552358633923747e-08,-0.310042,0.2096,GTM,480830
13263252,93,7032,1997,1.4009402305948447e-09,1.4682581426855935e-07,-0.310042,0.2096,GTM,480890
13269778,93,7033,1997,1.3558786229181296e-08,1.020283353937407e-08,-0.310042,0.2096,GTM,480910
13276304,93,7034,1997,2.353082606655628e-09,1.1971890331855978e-07,-0.310042,0.2096,GTM,480920
13282830,93,7035,1997,1.9315580856178975e-08,4.86765707324341e-08,-0.310042,0.2096,GTM,480990
13289356,93,7036,1997,1.0591750581819384e-08,4.418225967883607e-06,-0.310042,0.2096,GTM,481011
13295882,93,7037,1997,2.428235792289961e-09,2.3644662379236736e-06,-0.310042,0.2096,GTM,481012
13302408,93,7038,1997,1.4498928338503695e-07,7.181473719772621e-07,-0.310042,0.2096,GTM,481021
13308934,93,7039,1997,2.7094844680448985e-08,4.2203949346092367e-07,-0.310042,0.2096,GTM,481029
13315460,93,7040,1997,0.0,3.081909314771285e-07,-0.310042,0.2096,GTM,481031
13321986,93,7041,1997,0.0,2.3776340711006272e-08,-0.310042,0.2096,GTM,481032
13328512,93,7042,1997,6.236502259494247e-10,3.3980831415391284e-08,-0.310042,0.2096,GTM,481039
13335038,93,7043,1997,1.4031827046823208e-08,1.1262524277271702e-07,-0.310042,0.2096,GTM,481091
13341564,93,7044,1997,9.760823021297846e-09,4.6171036665788893e-07,-0.310042,0.2096,GTM,481099
13348090,93,7045,1997,6.181955592501586e-10,6.454657717623116e-09,-0.310042,0.2096,GTM,481110
13354616,93,7046,1997,2.0994406051397543e-09,4.740721547735196e-07,-0.310042,0.2096,GTM,481121
13361142,93,7047,1997,2.179896938953929e-08,1.9637471666275387e-07,-0.310042,0.2096,GTM,481129
13367668,93,7048,1997,7.857750417331672e-10,7.004001290090688e-07,-0.310042,0.2096,GTM,481131
13374194,93,7049,1997,2.4091444588425298e-08,5.464852942566974e-07,-0.310042,0.2096,GTM,481139
13380720,93,7050,1997,2.9373077138509126e-08,3.704559238662933e-08,-0.310042,0.2096,GTM,481140
13387246,93,7051,1997,2.9946241393786455e-07,1.1112759646572735e-06,-0.310042,0.2096,GTM,481190
13393772,93,7052,1997,0.0,1.045240259002209e-08,-0.310042,0.2096,GTM,481200
13400298,93,7053,1997,3.7819022448244993e-10,1.4805112207765062e-09,-0.310042,0.2096,GTM,481310
13406824,93,7054,1997,0.0,1.5196733443151121e-07,-0.310042,0.2096,GTM,481320
13413350,93,7055,1997,0.0,2.1462275489725418e-08,-0.310042,0.2096,GTM,481390
13419876,93,7056,1997,0.0,5.855758282668304e-09,-0.310042,0.2096,GTM,481410
13426402,93,7057,1997,2.7307576681720362e-08,9.717947057172138e-09,-0.310042,0.2096,GTM,481420
13432928,93,7058,1997,1.0982062287855759e-09,1.8503904512189915e-09,-0.310042,0.2096,GTM,481430
13439454,93,7059,1997,6.272260630078325e-09,1.4647018665721097e-08,-0.310042,0.2096,GTM,481490
13445980,93,7060,1997,0.0,4.713308724124176e-09,-0.310042,0.2096,GTM,481500
13452506,93,7061,1997,1.1516316587344989e-08,6.33819216065404e-08,-0.310042,0.2096,GTM,481610
13459032,93,7062,1997,0.0,1.9953758180263975e-07,-0.310042,0.2096,GTM,481620
13465558,93,7063,1997,3.3758326127680227e-10,6.60930435644432e-08,-0.310042,0.2096,GTM,481630
13472084,93,7064,1997,1.6648854914315545e-09,1.8538738120719937e-07,-0.310042,0.2096,GTM,481690
13478610,93,7065,1997,7.332587229007886e-09,5.5882587066018796e-08,-0.310042,0.2096,GTM,481710
13485136,93,7066,1997,7.803203750339012e-09,7.007819398275901e-09,-0.310042,0.2096,GTM,481720
13491662,93,7067,1997,1.561034698218305e-08,3.3028624400103414e-08,-0.310042,0.2096,GTM,481730
13498188,93,7068,1997,1.5372787156318843e-06,1.989012304384376e-06,-0.310042,0.2096,GTM,481810
13504714,93,7069,1997,1.4849724014674274e-08,4.504326958924172e-07,-0.310042,0.2096,GTM,481820
13511240,93,7070,1997,2.7572855305528006e-07,4.3804803889963556e-07,-0.310042,0.2096,GTM,481830
13517766,93,7071,1997,1.5300158269218116e-07,3.479485738340668e-06,-0.310042,0.2096,GTM,481840
13524292,93,7072,1997,0.0,3.212033225760554e-07,-0.310042,0.2096,GTM,481850
13530818,93,7073,1997,3.797266222694099e-08,1.3379718295252523e-07,-0.310042,0.2096,GTM,481890
13537344,93,7074,1997,2.7967442864182523e-06,6.4856646007098694e-06,-0.310042,0.2096,GTM,481910
13543870,93,7075,1997,1.1461342638127552e-06,1.357454124259903e-06,-0.310042,0.2096,GTM,481920
13550396,93,7076,1997,5.412747585682245e-07,2.5682478193193384e-07,-0.310042,0.2096,GTM,481930
13556922,93,7077,1997,5.137026305515897e-07,4.258635674401758e-07,-0.310042,0.2096,GTM,481940
13563448,93,7078,1997,7.094097079434417e-09,7.122839907355435e-07,-0.310042,0.2096,GTM,481950
13569974,93,7079,1997,1.0786603397798722e-08,2.035562069541766e-08,-0.310042,0.2096,GTM,481960
13576500,93,7080,1997,3.1108267222953444e-08,2.6890485199570417e-07,-0.310042,0.2096,GTM,482010
13583026,93,7081,1997,6.963942671249152e-08,8.349794938467591e-07,-0.310042,0.2096,GTM,482020
13589552,93,7082,1997,1.0052950726747431e-08,2.1925651970085308e-07,-0.310042,0.2096,GTM,482030
13596078,93,7083,1997,4.589798990393579e-09,1.905176326480768e-08,-0.310042,0.2096,GTM,482040
13602604,93,7084,1997,6.997125227003021e-10,3.0361914464493886e-08,-0.310042,0.2096,GTM,482050
13609130,93,7085,1997,1.6417486135155006e-07,9.361722866419824e-08,-0.310042,0.2096,GTM,482090
13615656,93,7086,1997,1.3227324316089226e-07,1.0177654574197802e-06,-0.310042,0.2096,GTM,482110
13622182,93,7087,1997,3.2124350414211184e-08,9.57457245475537e-07,-0.310042,0.2096,GTM,482190
13628708,93,7088,1997,0.0,1.856720821560794e-08,-0.310042,0.2096,GTM,482210
13635234,93,7089,1997,2.792274187058204e-08,4.131710091883609e-08,-0.310042,0.2096,GTM,482290
13641760,93,7090,1997,1.4425775197325759e-08,1.1757884042342793e-07,-0.310042,0.2096,GTM,482311
13648286,93,7091,1997,2.6659986529701937e-08,3.375147977787677e-08,-0.310042,0.2096,GTM,482319
13654812,93,7092,1997,5.916798183509483e-09,6.276545622246958e-08,-0.310042,0.2096,GTM,482320
13661338,93,7093,1997,0.0,0.0,-0.310042,0.2096,GTM,482330
13667864,93,7094,1997,0.0,8.550971456466054e-09,-0.310042,0.2096,GTM,482340
13674390,93,7095,1997,7.308395782196641e-07,3.6134847639915254e-07,-0.310042,0.2096,GTM,482351
13680916,93,7096,1997,6.303170408040832e-10,3.548291892461027e-07,-0.310042,0.2096,GTM,482359
13687442,93,7097,1997,5.549093040571178e-08,1.7097998860206064e-07,-0.310042,0.2096,GTM,482360
13693968,93,7098,1997,9.250811684916467e-09,2.4910173011493496e-07,-0.310042,0.2096,GTM,482370
13700494,93,7099,1997,2.717308884387957e-07,1.2879887498981905e-06,-0.310042,0.2096,GTM,482390
13707020,93,7100,1997,5.3982412026325856e-08,1.8736669909626972e-07,-0.310042,0.2096,GTM,490110
13713546,93,7101,1997,3.210798641411338e-08,2.489496023669304e-07,-0.310042,0.2096,GTM,490191
13720072,93,7102,1997,4.524930881857751e-07,2.971224612226382e-06,-0.310042,0.2096,GTM,490199
13726598,93,7103,1997,4.568889434713059e-09,6.456414312534716e-08,-0.310042,0.2096,GTM,490210
13733124,93,7104,1997,2.133259538675204e-08,4.365771392359225e-07,-0.310042,0.2096,GTM,490290
13739650,93,7105,1997,6.627117002569469e-09,4.841142433068322e-08,-0.310042,0.2096,GTM,490300
13746176,93,7106,1997,1.5091244534636224e-09,3.6742662622628943e-09,-0.310042,0.2096,GTM,490400
13752702,93,7107,1997,0.0,0.0,-0.310042,0.2096,GTM,490510
13759228,93,7108,1997,4.669800768649482e-10,4.452470951401743e-09,-0.310042,0.2096,GTM,490591
13765754,93,7109,1997,2.2289586355434394e-08,1.0486871622249706e-08,-0.310042,0.2096,GTM,490599
13772280,93,7110,1997,1.7512510475032679e-09,3.6586557678598106e-08,-0.310042,0.2096,GTM,490600
13778806,93,7111,1997,1.9018604558107818e-08,2.0045730838371314e-08,-0.310042,0.2096,GTM,490700
13785332,93,7112,1997,1.1382071179135272e-09,8.541227326201709e-08,-0.310042,0.2096,GTM,490810
13791858,93,7113,1997,4.468008404480521e-08,5.5789785825405985e-08,-0.310042,0.2096,GTM,490890
13798384,93,7114,1997,1.0945909969121178e-07,1.4862980409947193e-07,-0.310042,0.2096,GTM,490900
13804910,93,7115,1997,1.5870958835592427e-08,4.9230726712093456e-08,-0.310042,0.2096,GTM,491000
13811436,93,7116,1997,3.2526389653650976e-07,3.285395920795002e-07,-0.310042,0.2096,GTM,491110
13817962,93,7117,1997,2.0678641456917803e-08,2.6430124759530446e-08,-0.310042,0.2096,GTM,491191
13824488,93,7118,1997,6.424748868026697e-08,2.3512022891760856e-07,-0.310042,0.2096,GTM,491199
13831014,93,7119,1997,0.0,0.0,-0.310042,0.2096,GTM,500100
13837540,93,7120,1997,0.0,0.0,-0.310042,0.2096,GTM,500200
13844066,93,7121,1997,0.0,8.961948379179926e-10,-0.310042,0.2096,GTM,500310
13850592,93,7122,1997,0.0,2.837729364738851e-09,-0.310042,0.2096,GTM,500390
13857118,93,7123,1997,0.0,0.0,-0.310042,0.2096,GTM,500400
13863644,93,7124,1997,0.0,3.1701566659340235e-09,-0.310042,0.2096,GTM,500500
13870170,93,7125,1997,0.0,2.3399169954515636e-09,-0.310042,0.2096,GTM,500600
13876696,93,7126,1997,3.366135427524883e-09,9.986739221947098e-09,-0.310042,0.2096,GTM,500710
13883222,93,7127,1997,0.0,6.362221053312714e-08,-0.310042,0.2096,GTM,500720
13889748,93,7128,1997,4.987080548323461e-09,8.312571697991789e-08,-0.310042,0.2096,GTM,500790
13896274,93,7129,1997,0.0,3.2162258532382397e-09,-0.310042,0.2096,GTM,510111
13902800,93,7130,1997,0.0,3.530424339313039e-09,-0.310042,0.2096,GTM,510119
13909326,93,7131,1997,0.0,4.05839711179949e-09,-0.310042,0.2096,GTM,510121
13915852,93,7132,1997,0.0,3.454526181811848e-09,-0.310042,0.2096,GTM,510129
13922378,93,7133,1997,0.0,1.9617519399543633e-09,-0.310042,0.2096,GTM,510130
13928904,93,7134,1997,6.1131661846830634e-09,1.039042461861282e-09,-0.310042,0.2096,GTM,510210
13935430,93,7135,1997,0.0,0.0,-0.310042,0.2096,GTM,510220
13941956,93,7136,1997,0.0,3.8678231355410406e-10,-0.310042,0.2096,GTM,510310
13948482,93,7137,1997,0.0,0.0,-0.310042,0.2096,GTM,510320
13955008,93,7138,1997,0.0,0.0,-0.310042,0.2096,GTM,510330
13961534,93,7139,1997,0.0,3.209961769496875e-08,-0.310042,0.2096,GTM,510400
13968060,93,7140,1997,1.152752895778237e-09,2.435038267079694e-08,-0.310042,0.2096,GTM,510510
13974586,93,7141,1997,0.0,0.0,-0.310042,0.2096,GTM,510521
13981112,93,7142,1997,0.0,1.051438056143136e-08,-0.310042,0.2096,GTM,510529
13987638,93,7143,1997,0.0,0.0,-0.310042,0.2096,GTM,510530
13994164,93,7144,1997,0.0,0.0,-0.310042,0.2096,GTM,510540
14000690,93,7145,1997,0.0,5.783505888191187e-09,-0.310042,0.2096,GTM,510610
14007216,93,7146,1997,0.0,4.722588848185458e-09,-0.310042,0.2096,GTM,510620
14013742,93,7147,1997,0.0,1.6057928956037997e-09,-0.310042,0.2096,GTM,510710
14020268,93,7148,1997,0.0,6.494429677885749e-09,-0.310042,0.2096,GTM,510720
14026794,93,7149,1997,0.0,0.0,-0.310042,0.2096,GTM,510810
14033320,93,7150,1997,0.0,0.0,-0.310042,0.2096,GTM,510820
14039846,93,7151,1997,1.1332676141803029e-08,2.007489694256391e-09,-0.310042,0.2096,GTM,510910
14046372,93,7152,1997,1.137601043835831e-09,4.581398389253111e-09,-0.310042,0.2096,GTM,510990
14052898,93,7153,1997,0.0,0.0,-0.310042,0.2096,GTM,511000
14059424,93,7154,1997,0.0,6.697631251527584e-08,-0.310042,0.2096,GTM,511111
14065950,93,7155,1997,2.504904163118535e-09,1.6535981289734798e-06,-0.310042,0.2096,GTM,511119
14072476,93,7156,1997,0.0,2.0938975922569828e-07,-0.310042,0.2096,GTM,511120
14079002,93,7157,1997,0.0,1.0456820591941264e-06,-0.310042,0.2096,GTM,511130
14085528,93,7158,1997,0.0,8.756360487922333e-08,-0.310042,0.2096,GTM,511190
14092054,93,7159,1997,0.0,8.274145355718042e-07,-0.310042,0.2096,GTM,511211
14098580,93,7160,1997,3.2515874268402946e-10,1.965207791868184e-06,-0.310042,0.2096,GTM,511219
14105106,93,7161,1997,0.0,3.405706100589466e-08,-0.310042,0.2096,GTM,511220
14111632,93,7162,1997,0.0,2.685469043533405e-08,-0.310042,0.2096,GTM,511230
14118158,93,7163,1997,0.0,8.154643872448918e-08,-0.310042,0.2096,GTM,511290
14124684,93,7164,1997,0.0,2.0144497873023517e-09,-0.310042,0.2096,GTM,511300
14131210,93,7165,1997,4.121000691295542e-09,1.7079951338937888e-05,-0.310042,0.2096,GTM,520100
14137736,93,7166,1997,4.987989659440005e-09,7.549281493951428e-08,-0.310042,0.2096,GTM,520210
14144262,93,7167,1997,2.5803603857917156e-09,1.3360064318222737e-08,-0.310042,0.2096,GTM,520291
14150788,93,7168,1997,4.692831583601939e-09,2.0225500098758412e-07,-0.310042,0.2096,GTM,520299
14157314,93,7169,1997,4.4513110636399894e-09,4.29692944347463e-08,-0.310042,0.2096,GTM,520300
14163840,93,7170,1997,9.802278488212269e-08,1.7607809104172578e-07,-0.310042,0.2096,GTM,520411
14170366,93,7171,1997,7.303859317725084e-08,1.2860992503527133e-07,-0.310042,0.2096,GTM,520419
14176892,93,7172,1997,4.8891692810716337e-08,8.540498173596894e-08,-0.310042,0.2096,GTM,520420
14183418,93,7173,1997,4.0342866426291535e-07,1.0313896738407472e-07,-0.310042,0.2096,GTM,520511
14189944,93,7174,1997,1.4785540769846243e-07,4.169801686825146e-07,-0.310042,0.2096,GTM,520512
14196470,93,7175,1997,1.7419781141145156e-08,3.54965076777e-07,-0.310042,0.2096,GTM,520513
14202996,93,7176,1997,0.0,0.0,-0.310042,0.2096,GTM,520514
14209522,93,7177,1997,8.181909137787503e-08,0.0,-0.310042,0.2096,GTM,520515
14216048,93,7178,1997,1.5820654687143642e-08,5.104565383207827e-08,-0.310042,0.2096,GTM,520521
14222574,93,7179,1997,2.1309564571799583e-09,1.9048183788384044e-07,-0.310042,0.2096,GTM,520522
14229100,93,7180,1997,0.0,1.1895826457853691e-07,-0.310042,0.2096,GTM,520523
14235626,93,7181,1997,0.0,4.1462268573794703e-10,-0.310042,0.2096,GTM,520524
14242152,93,7182,1997,0.0,1.1580269096469919e-09,-0.310042,0.2096,GTM,520525
14248678,93,7183,1997,0.0,0.0,-0.310042,0.2096,GTM,520531
14255204,93,7184,1997,0.0,1.499402901901257e-09,-0.310042,0.2096,GTM,520532
14261730,93,7185,1997,0.0,0.0,-0.310042,0.2096,GTM,520533
14268256,93,7186,1997,0.0,0.0,-0.310042,0.2096,GTM,520534
14274782,93,7187,1997,0.0,0.0,-0.310042,0.2096,GTM,520535
14281308,93,7188,1997,0.0,3.7170211195452245e-09,-0.310042,0.2096,GTM,520541
14287834,93,7189,1997,0.0,1.3212245199246619e-08,-0.310042,0.2096,GTM,520542
14294360,93,7190,1997,0.0,6.839451433164089e-09,-0.310042,0.2096,GTM,520543
14300886,93,7191,1997,0.0,2.6786415236883197e-09,-0.310042,0.2096,GTM,520544
14307412,93,7192,1997,0.0,1.2773427904348903e-09,-0.310042,0.2096,GTM,520545
14313938,93,7193,1997,1.6977286457019135e-07,5.415615255761834e-10,-0.310042,0.2096,GTM,520611
14320464,93,7194,1997,1.4316681863340437e-08,3.63452744530048e-08,-0.310042,0.2096,GTM,520612
14326990,93,7195,1997,0.0,0.0,-0.310042,0.2096,GTM,520613
14333516,93,7196,1997,0.0,0.0,-0.310042,0.2096,GTM,520614
14340042,93,7197,1997,0.0,3.550906898848295e-08,-0.310042,0.2096,GTM,520615
14346568,93,7198,1997,0.0,0.0,-0.310042,0.2096,GTM,520621
14353094,93,7199,1997,0.0,2.6886508003544154e-08,-0.310042,0.2096,GTM,520622
14359620,93,7200,1997,0.0,3.887576542471482e-08,-0.310042,0.2096,GTM,520623
14366146,93,7201,1997,0.0,0.0,-0.310042,0.2096,GTM,520624
14372672,93,7202,1997,0.0,0.0,-0.310042,0.2096,GTM,520625
14379198,93,7203,1997,0.0,0.0,-0.310042,0.2096,GTM,520631
14385724,93,7204,1997,0.0,0.0,-0.310042,0.2096,GTM,520632
14392250,93,7205,1997,0.0,5.6376753672282e-10,-0.310042,0.2096,GTM,520633
14398776,93,7206,1997,0.0,0.0,-0.310042,0.2096,GTM,520634
14405302,93,7207,1997,4.218275580765788e-10,0.0,-0.310042,0.2096,GTM,520635
14411828,93,7208,1997,0.0,0.0,-0.310042,0.2096,GTM,520641
14418354,93,7209,1997,2.197624605726544e-09,0.0,-0.310042,0.2096,GTM,520642
14424880,93,7210,1997,0.0,0.0,-0.310042,0.2096,GTM,520643
14431406,93,7211,1997,0.0,0.0,-0.310042,0.2096,GTM,520644
14437932,93,7212,1997,0.0,8.14993752381784e-10,-0.310042,0.2096,GTM,520645
14444458,93,7213,1997,7.585259511999446e-08,1.3397615677370707e-07,-0.310042,0.2096,GTM,520710
14450984,93,7214,1997,4.252003603189583e-08,9.910973637646783e-08,-0.310042,0.2096,GTM,520790
14457510,93,7215,1997,0.0,1.2907452781773932e-06,-0.310042,0.2096,GTM,520811
14464036,93,7216,1997,8.03848170730069e-08,9.21860346741474e-07,-0.310042,0.2096,GTM,520812
14470562,93,7217,1997,0.0,0.0,-0.310042,0.2096,GTM,520813
14477088,93,7218,1997,1.9846501748240876e-08,2.6926942829811164e-08,-0.310042,0.2096,GTM,520819
14483614,93,7219,1997,0.0,7.226233746718193e-08,-0.310042,0.2096,GTM,520821
14490140,93,7220,1997,0.0,1.4029790985745256e-07,-0.310042,0.2096,GTM,520822
14496666,93,7221,1997,5.763764478891185e-10,0.0,-0.310042,0.2096,GTM,520823
14503192,93,7222,1997,5.689202215482605e-07,1.8051597894103124e-07,-0.310042,0.2096,GTM,520829
14509718,93,7223,1997,8.990502868545934e-09,7.536554466667385e-08,-0.310042,0.2096,GTM,520831
14516244,93,7224,1997,5.847263304575395e-07,1.0141508490979112e-06,-0.310042,0.2096,GTM,520832
14522770,93,7225,1997,3.817054541330881e-08,7.24172823957051e-07,-0.310042,0.2096,GTM,520833
14529296,93,7226,1997,4.6036114186242765e-07,4.7436779301147186e-07,-0.310042,0.2096,GTM,520839
14535822,93,7227,1997,3.370984020146453e-08,2.1668360530486294e-07,-0.310042,0.2096,GTM,520841
14542348,93,7228,1997,2.1898607967912552e-07,2.4860371888584635e-06,-0.310042,0.2096,GTM,520842
14548874,93,7229,1997,1.4722054510207563e-07,8.972988412482828e-07,-0.310042,0.2096,GTM,520843
14555400,93,7230,1997,2.79888645524587e-07,7.980522230419111e-07,-0.310042,0.2096,GTM,520849
14561926,93,7231,1997,0.0,1.3642644095888745e-07,-0.310042,0.2096,GTM,520851
14568452,93,7232,1997,2.2145946799020385e-08,2.3165377114771792e-07,-0.310042,0.2096,GTM,520852
14574978,93,7233,1997,0.0,3.3097893897560834e-07,-0.310042,0.2096,GTM,520853
14581504,93,7234,1997,6.618147106219565e-08,1.7596208949095978e-07,-0.310042,0.2096,GTM,520859
14588030,93,7235,1997,0.0,4.901562669367305e-08,-0.310042,0.2096,GTM,520911
14594556,93,7236,1997,1.1254795622819064e-09,6.277937640856151e-08,-0.310042,0.2096,GTM,520912
14601082,93,7237,1997,4.054726490899459e-08,2.8472812638619267e-07,-0.310042,0.2096,GTM,520919
14607608,93,7238,1997,0.0,6.976366406368202e-08,-0.310042,0.2096,GTM,520921
14614134,93,7239,1997,0.0,7.503344879848086e-08,-0.310042,0.2096,GTM,520922
14620660,93,7240,1997,3.645505273638962e-08,8.2994138078049e-09,-0.310042,0.2096,GTM,520929
14627186,93,7241,1997,4.64767906481357e-09,1.2847403750437402e-07,-0.310042,0.2096,GTM,520931
14633712,93,7242,1997,9.117172350784446e-09,4.1039459492902695e-07,-0.310042,0.2096,GTM,520932
14640238,93,7243,1997,6.606977160967624e-07,4.632303184059259e-07,-0.310042,0.2096,GTM,520939
14646764,93,7244,1997,7.70835315717955e-09,5.196428668424443e-07,-0.310042,0.2096,GTM,520941
14653290,93,7245,1997,1.2045995027547612e-07,1.8220562438618874e-06,-0.310042,0.2096,GTM,520942
14659816,93,7246,1997,0.0,3.463206412139168e-07,-0.310042,0.2096,GTM,520943
14666342,93,7247,1997,2.218261428072101e-08,2.1343059038838175e-07,-0.310042,0.2096,GTM,520949
14672868,93,7248,1997,0.0,5.135222935910273e-09,-0.310042,0.2096,GTM,520951
14679394,93,7249,1997,0.0,1.2418794592007094e-09,-0.310042,0.2096,GTM,520952
14685920,93,7250,1997,1.5454888981253964e-09,7.980797319810928e-07,-0.310042,0.2096,GTM,520959
14692446,93,7251,1997,7.804415898494404e-09,3.0835863657623594e-08,-0.310042,0.2096,GTM,521011
14698972,93,7252,1997,0.0,0.0,-0.310042,0.2096,GTM,521012
14705498,93,7253,1997,4.065302483555258e-08,1.44846496379489e-07,-0.310042,0.2096,GTM,521019
14712024,93,7254,1997,4.684346546514192e-09,1.6680161274346886e-07,-0.310042,0.2096,GTM,521021
14718550,93,7255,1997,0.0,0.0,-0.310042,0.2096,GTM,521022
14725076,93,7256,1997,3.3832873239236864e-08,3.073514116825848e-07,-0.310042,0.2096,GTM,521029
14731602,93,7257,1997,4.825561806617414e-09,4.5966940223041153e-07,-0.310042,0.2096,GTM,521031
14738128,93,7258,1997,0.0,0.0,-0.310042,0.2096,GTM,521032
14744654,93,7259,1997,1.615399542987657e-08,3.410445592520763e-08,-0.310042,0.2096,GTM,521039
14751180,93,7260,1997,0.0,4.898798518129052e-07,-0.310042,0.2096,GTM,521041
14757706,93,7261,1997,2.442872481266325e-08,1.0276080232857753e-08,-0.310042,0.2096,GTM,521042
14764232,93,7262,1997,5.354361439407378e-09,8.921394237032129e-07,-0.310042,0.2096,GTM,521049
14770758,93,7263,1997,0.0,9.243666431040242e-08,-0.310042,0.2096,GTM,521051
14777284,93,7264,1997,0.0,3.327587341973612e-09,-0.310042,0.2096,GTM,521052
14783810,93,7265,1997,5.0946586971145424e-09,4.3664309440335804e-08,-0.310042,0.2096,GTM,521059
14790336,93,7266,1997,0.0,1.2804251173552444e-08,-0.310042,0.2096,GTM,521111
14796862,93,7267,1997,0.0,2.4196929190783612e-08,-0.310042,0.2096,GTM,521112
14803388,93,7268,1997,5.869827442488025e-10,3.673172533355672e-08,-0.310042,0.2096,GTM,521119
14809914,93,7269,1997,0.0,2.806773522334435e-08,-0.310042,0.2096,GTM,521121
14816440,93,7270,1997,4.666770398261001e-10,0.0,-0.310042,0.2096,GTM,521122
14822966,93,7271,1997,0.0,6.866098646540053e-08,-0.310042,0.2096,GTM,521129
14829492,93,7272,1997,3.9449361717247865e-09,3.415367372603264e-07,-0.310042,0.2096,GTM,521131
14836018,93,7273,1997,0.0,4.578746925235602e-08,-0.310042,0.2096,GTM,521132
14842544,93,7274,1997,9.23332644777493e-08,6.2140373580341875e-09,-0.310042,0.2096,GTM,521139
14849070,93,7275,1997,0.0,5.540631784187377e-08,-0.310042,0.2096,GTM,521141
14855596,93,7276,1997,1.6788251952185679e-09,6.21105446101449e-08,-0.310042,0.2096,GTM,521142
14862122,93,7277,1997,0.0,0.0,-0.310042,0.2096,GTM,521143
14868648,93,7278,1997,8.177454493316436e-09,2.2060180625673663e-08,-0.310042,0.2096,GTM,521149
14875174,93,7279,1997,0.0,7.4401074630305e-08,-0.310042,0.2096,GTM,521151
14881700,93,7280,1997,0.0,0.0,-0.310042,0.2096,GTM,521152
14888226,93,7281,1997,5.765734219643697e-08,4.269950797096477e-08,-0.310042,0.2096,GTM,521159
14894752,93,7282,1997,1.2239665999075444e-09,1.8875109474641154e-09,-0.310042,0.2096,GTM,521211
14901278,93,7283,1997,2.6047548674189893e-08,1.6293246387591907e-09,-0.310042,0.2096,GTM,521212
14907804,93,7284,1997,1.0654176211822096e-06,1.369196132661441e-07,-0.310042,0.2096,GTM,521213
14914330,93,7285,1997,1.2822103187741525e-08,2.4758045263488924e-09,-0.310042,0.2096,GTM,521214
14920856,93,7286,1997,1.222175651007952e-07,2.607048680885559e-07,-0.310042,0.2096,GTM,521215
14927382,93,7287,1997,1.5145791201628886e-09,0.0,-0.310042,0.2096,GTM,521221
14933908,93,7288,1997,1.010931561597318e-09,0.0,-0.310042,0.2096,GTM,521222
14940434,93,7289,1997,2.075197642031905e-09,2.0180955503264263e-09,-0.310042,0.2096,GTM,521223
14946960,93,7290,1997,8.354125086964888e-09,1.2415016255782145e-07,-0.310042,0.2096,GTM,521224
14953486,93,7291,1997,4.586283760742941e-08,9.590013918327336e-09,-0.310042,0.2096,GTM,521225
14960012,93,7292,1997,0.0,2.690009675663389e-08,-0.310042,0.2096,GTM,530110
14966538,93,7293,1997,0.0,0.0,-0.310042,0.2096,GTM,530121
14973064,93,7294,1997,0.0,0.0,-0.310042,0.2096,GTM,530129
14979590,93,7295,1997,0.0,0.0,-0.310042,0.2096,GTM,530130
14986116,93,7296,1997,0.0,0.0,-0.310042,0.2096,GTM,530210
14992642,93,7297,1997,0.0,4.1661128375107867e-10,-0.310042,0.2096,GTM,530290
14999168,93,7298,1997,0.0,6.340313331868047e-10,-0.310042,0.2096,GTM,530310
15005694,93,7299,1997,0.0,1.2687255323779866e-09,-0.310042,0.2096,GTM,530390
15012220,93,7300,1997,3.5044415320551634e-08,0.0,-0.310042,0.2096,GTM,530410
15018746,93,7301,1997,0.0,5.5448741266153904e-09,-0.310042,0.2096,GTM,530490
15025272,93,7302,1997,0.0,0.0,-0.310042,0.2096,GTM,530511
15031798,93,7303,1997,0.0,0.0,-0.310042,0.2096,GTM,530519
15038324,93,7304,1997,0.0,0.0,-0.310042,0.2096,GTM,530521
15044850,93,7305,1997,0.0,0.0,-0.310042,0.2096,GTM,530529
15051376,93,7306,1997,0.0,0.0,-0.310042,0.2096,GTM,530591
15057902,93,7307,1997,0.0,4.1462268573794703e-10,-0.310042,0.2096,GTM,530599
15064428,93,7308,1997,0.0,4.031551038622213e-09,-0.310042,0.2096,GTM,530610
15070954,93,7309,1997,0.0,0.0,-0.310042,0.2096,GTM,530620
15077480,93,7310,1997,0.0,3.0690696002664983e-10,-0.310042,0.2096,GTM,530710
15084006,93,7311,1997,9.579000797988976e-10,1.929934371744257e-09,-0.310042,0.2096,GTM,530720
15090532,93,7312,1997,0.0,4.427944909239786e-10,-0.310042,0.2096,GTM,530810
15097058,93,7313,1997,0.0,5.372528965477315e-10,-0.310042,0.2096,GTM,530820
15103584,93,7314,1997,0.0,0.0,-0.310042,0.2096,GTM,530830
15110110,93,7315,1997,0.0,4.275485728233027e-10,-0.310042,0.2096,GTM,530890
15116636,93,7316,1997,0.0,4.623158947528875e-08,-0.310042,0.2096,GTM,530911
15123162,93,7317,1997,7.730474861015463e-10,3.467773558909327e-07,-0.310042,0.2096,GTM,530919
15129688,93,7318,1997,0.0,2.604135384796321e-08,-0.310042,0.2096,GTM,530921
15136214,93,7319,1997,1.1707229921819301e-08,5.323297907332219e-07,-0.310042,0.2096,GTM,530929
15142740,93,7320,1997,0.0,8.62554388195849e-09,-0.310042,0.2096,GTM,531010
15149266,93,7321,1997,0.0,2.1854360731314539e-07,-0.310042,0.2096,GTM,531090
15155792,93,7322,1997,0.0,1.5202831810391392e-09,-0.310042,0.2096,GTM,531100
15162318,93,7323,1997,1.2950924232955858e-07,1.2248593802393179e-06,-0.310042,0.2096,GTM,540110
15168844,93,7324,1997,5.029808770801045e-09,8.685135535752001e-08,-0.310042,0.2096,GTM,540120
15175370,93,7325,1997,9.215962425448932e-09,3.197400458713927e-08,-0.310042,0.2096,GTM,540210
15181896,93,7326,1997,2.413386977386403e-09,3.2238819555887964e-08,-0.310042,0.2096,GTM,540220
15188422,93,7327,1997,0.0,2.1883791981908887e-07,-0.310042,0.2096,GTM,540231
15194948,93,7328,1997,0.0,1.4752745793419264e-08,-0.310042,0.2096,GTM,540232
15201474,93,7329,1997,7.332162977153499e-08,4.2749786357396786e-07,-0.310042,0.2096,GTM,540233
15208000,93,7330,1997,7.007731523362704e-09,6.469572202721604e-08,-0.310042,0.2096,GTM,540239
15214526,93,7331,1997,6.944396782243448e-09,2.547410626471741e-07,-0.310042,0.2096,GTM,540241
15221052,93,7332,1997,1.7725848550381754e-08,1.3286028814193847e-06,-0.310042,0.2096,GTM,540242
15227578,93,7333,1997,0.0,5.805986988729641e-07,-0.310042,0.2096,GTM,540243
15234104,93,7334,1997,0.0,1.2771406163035552e-07,-0.310042,0.2096,GTM,540249
15240630,93,7335,1997,0.0,4.672211031852789e-09,-0.310042,0.2096,GTM,540251
15247156,93,7336,1997,0.0,2.6092759106602663e-07,-0.310042,0.2096,GTM,540252
15253682,93,7337,1997,0.0,2.1059252959064074e-09,-0.310042,0.2096,GTM,540259
15260208,93,7338,1997,0.0,0.0,-0.310042,0.2096,GTM,540261
15266734,93,7339,1997,0.0,6.979647593089869e-09,-0.310042,0.2096,GTM,540262
15273260,93,7340,1997,2.1624723092201627e-09,1.3263948747588042e-08,-0.310042,0.2096,GTM,540269
15279786,93,7341,1997,0.0,4.543548740403172e-08,-0.310042,0.2096,GTM,540310
15286312,93,7342,1997,0.0,1.1673401770084918e-08,-0.310042,0.2096,GTM,540320
15292838,93,7343,1997,0.0,1.6843425171224995e-09,-0.310042,0.2096,GTM,540331
15299364,93,7344,1997,0.0,1.170621363730159e-09,-0.310042,0.2096,GTM,540332
15305890,93,7345,1997,0.0,2.747612731443769e-07,-0.310042,0.2096,GTM,540333
15312416,93,7346,1997,1.0969940806301833e-09,1.7708465306937258e-09,-0.310042,0.2096,GTM,540339
15318942,93,7347,1997,0.0,2.1788736996881195e-08,-0.310042,0.2096,GTM,540341
15325468,93,7348,1997,0.0,8.35824316569338e-08,-0.310042,0.2096,GTM,540342
15331994,93,7349,1997,0.0,0.0,-0.310042,0.2096,GTM,540349
15338520,93,7350,1997,1.2660887483074327e-09,2.4033731580505944e-07,-0.310042,0.2096,GTM,540410
15345046,93,7351,1997,3.33615294290125e-07,5.259775458132751e-08,-0.310042,0.2096,GTM,540490
15351572,93,7352,1997,1.1748745996141493e-09,1.3570192841610314e-08,-0.310042,0.2096,GTM,540500
15358098,93,7353,1997,1.4522050064567806e-07,2.6005227650724653e-07,-0.310042,0.2096,GTM,540610
15364624,93,7354,1997,0.0,8.758905893379142e-07,-0.310042,0.2096,GTM,540620
15371150,93,7355,1997,7.43076213848351e-07,8.944249856863055e-08,-0.310042,0.2096,GTM,540710
15377676,93,7356,1997,1.4517443901577313e-07,2.05405603106389e-08,-0.310042,0.2096,GTM,540720
15384202,93,7357,1997,1.2500277852484824e-09,1.5816314297442503e-08,-0.310042,0.2096,GTM,540730
15390728,93,7358,1997,6.409233371637673e-10,2.1271535796965873e-07,-0.310042,0.2096,GTM,540741
15397254,93,7359,1997,7.288040784297213e-10,3.2845361835873247e-06,-0.310042,0.2096,GTM,540742
15403780,93,7360,1997,1.9297701670886936e-08,6.820559752039338e-09,-0.310042,0.2096,GTM,540743
15410306,93,7361,1997,1.5160124853566401e-07,2.247049468238316e-08,-0.310042,0.2096,GTM,540744
15416832,93,7362,1997,5.0456879116366866e-08,1.2246648290670333e-07,-0.310042,0.2096,GTM,540751
15423358,93,7363,1997,3.914771864877845e-07,2.0052286583154603e-06,-0.310042,0.2096,GTM,540752
15429884,93,7364,1997,7.978965232870919e-10,1.113339797961902e-07,-0.310042,0.2096,GTM,540753
15436410,93,7365,1997,4.640706182549674e-07,4.550054770236134e-07,-0.310042,0.2096,GTM,540754
15442936,93,7366,1997,3.6261109031526826e-08,5.79008317611962e-06,-0.310042,0.2096,GTM,540760
15449462,93,7367,1997,2.8723668764257612e-08,4.44120222932733e-08,-0.310042,0.2096,GTM,540771
15455988,93,7368,1997,1.1213703800351259e-07,3.552405970317194e-06,-0.310042,0.2096,GTM,540772
15462514,93,7369,1997,3.7031126147239893e-10,5.998605906611593e-08,-0.310042,0.2096,GTM,540773
15469040,93,7370,1997,1.1733594144199087e-09,1.0786520199528425e-07,-0.310042,0.2096,GTM,540774
15475566,93,7371,1997,1.285180081754864e-09,6.342202499980522e-08,-0.310042,0.2096,GTM,540781
15482092,93,7372,1997,5.8416449978751505e-09,3.0289993503018956e-08,-0.310042,0.2096,GTM,540782
15488618,93,7373,1997,3.223556500746844e-08,3.054022541967136e-08,-0.310042,0.2096,GTM,540783
15495144,93,7374,1997,7.751687453734831e-10,2.206349495569555e-09,-0.310042,0.2096,GTM,540784
15501670,93,7375,1997,0.0,2.4632100722657254e-08,-0.310042,0.2096,GTM,540791
15508196,93,7376,1997,0.0,3.009809379475176e-07,-0.310042,0.2096,GTM,540792
15514722,93,7377,1997,0.0,3.1440728886617804e-08,-0.310042,0.2096,GTM,540793
15521248,93,7378,1997,0.0,2.0969036895868333e-07,-0.310042,0.2096,GTM,540794
15527774,93,7379,1997,1.7630694920183445e-09,2.2226559992772344e-08,-0.310042,0.2096,GTM,540810
15534300,93,7380,1997,1.735796158522014e-09,4.254936882097333e-09,-0.310042,0.2096,GTM,540821
15540826,93,7381,1997,1.7999309174238293e-07,1.592489174895949e-07,-0.310042,0.2096,GTM,540822
15547352,93,7382,1997,2.253322813466828e-08,0.0,-0.310042,0.2096,GTM,540823
15553878,93,7383,1997,2.1415627535396426e-09,8.465826318203801e-08,-0.310042,0.2096,GTM,540824
15560404,93,7384,1997,0.0,5.463341608076993e-09,-0.310042,0.2096,GTM,540831
15566930,93,7385,1997,2.9191557952239104e-09,2.9307162078328865e-07,-0.310042,0.2096,GTM,540832
15573456,93,7386,1997,6.6516630027161665e-09,7.782046891388486e-10,-0.310042,0.2096,GTM,540833
15579982,93,7387,1997,0.0,2.2427076959096453e-07,-0.310042,0.2096,GTM,540834
15586508,93,7388,1997,0.0,3.4616188480586845e-08,-0.310042,0.2096,GTM,550110
15593034,93,7389,1997,0.0,7.876074434109394e-08,-0.310042,0.2096,GTM,550120
15599560,93,7390,1997,1.5565800537472376e-08,7.90235707118295e-07,-0.310042,0.2096,GTM,550130
15606086,93,7391,1997,0.0,6.584413737979955e-08,-0.310042,0.2096,GTM,550190
15612612,93,7392,1997,0.0,2.1677640654547574e-07,-0.310042,0.2096,GTM,550200
15619138,93,7393,1997,0.0,1.0717350131971663e-07,-0.310042,0.2096,GTM,550310
15625664,93,7394,1997,7.893205750876903e-09,1.4864839749089472e-06,-0.310042,0.2096,GTM,550320
15632190,93,7395,1997,0.0,2.407396754697164e-07,-0.310042,0.2096,GTM,550330
15638716,93,7396,1997,0.0,1.4460090452486723e-08,-0.310042,0.2096,GTM,550340
15645242,93,7397,1997,0.0,4.7086023754930985e-08,-0.310042,0.2096,GTM,550390
15651768,93,7398,1997,0.0,2.8194674063182587e-08,-0.310042,0.2096,GTM,550410
15658294,93,7399,1997,4.897078547785569e-10,2.693290862385056e-08,-0.310042,0.2096,GTM,550490
15664820,93,7400,1997,0.0,2.425628884147559e-07,-0.310042,0.2096,GTM,550510
15671346,93,7401,1997,1.0369927469382561e-09,1.9248303035105524e-08,-0.310042,0.2096,GTM,550520
15677872,93,7402,1997,1.816404010855613e-09,3.184043708725726e-08,-0.310042,0.2096,GTM,550610
15684398,93,7403,1997,0.0,4.416643043865155e-08,-0.310042,0.2096,GTM,550620
15690924,93,7404,1997,0.0,6.822435662831725e-07,-0.310042,0.2096,GTM,550630
15697450,93,7405,1997,1.3388176376309807e-09,1.0763286746075003e-07,-0.310042,0.2096,GTM,550690
15703976,93,7406,1997,0.0,3.212712663415041e-08,-0.310042,0.2096,GTM,550700
15710502,93,7407,1997,1.6561580247127287e-08,9.977260238084504e-07,-0.310042,0.2096,GTM,550810
15717028,93,7408,1997,5.938435028083239e-08,4.765310562167569e-08,-0.310042,0.2096,GTM,550820
15723554,93,7409,1997,0.0,1.523928944063214e-08,-0.310042,0.2096,GTM,550911
15730080,93,7410,1997,1.3933643046236418e-09,2.848666653811075e-09,-0.310042,0.2096,GTM,550912
15736606,93,7411,1997,0.0,1.812209369366864e-08,-0.310042,0.2096,GTM,550921
15743132,93,7412,1997,2.6851808975292793e-08,1.273750056691166e-07,-0.310042,0.2096,GTM,550922
15749658,93,7413,1997,4.6546489167070764e-10,1.5139229817271397e-07,-0.310042,0.2096,GTM,550931
15756184,93,7414,1997,0.0,3.9056760987210014e-07,-0.310042,0.2096,GTM,550932
15762710,93,7415,1997,0.0,0.0,-0.310042,0.2096,GTM,550941
15769236,93,7416,1997,0.0,2.1837126215200734e-08,-0.310042,0.2096,GTM,550942
15775762,93,7417,1997,0.0,0.0,-0.310042,0.2096,GTM,550951
15782288,93,7418,1997,0.0,3.152292427116058e-08,-0.310042,0.2096,GTM,550952
15788814,93,7419,1997,0.0,1.5625442031482084e-07,-0.310042,0.2096,GTM,550953
15795340,93,7420,1997,0.0,2.0421575862853193e-08,-0.310042,0.2096,GTM,550959
15801866,93,7421,1997,1.3057259929887663e-08,0.0,-0.310042,0.2096,GTM,550961
15808392,93,7422,1997,0.0,1.144438156557259e-09,-0.310042,0.2096,GTM,550962
15814918,93,7423,1997,2.7555157942459273e-08,1.7037976343509708e-08,-0.310042,0.2096,GTM,550969
15821444,93,7424,1997,0.0,0.0,-0.310042,0.2096,GTM,550991
15827970,93,7425,1997,0.0,6.350256321933705e-10,-0.310042,0.2096,GTM,550992
15834496,93,7426,1997,0.0,5.174994896172906e-09,-0.310042,0.2096,GTM,550999
15841022,93,7427,1997,0.0,0.0,-0.310042,0.2096,GTM,551011
15847548,93,7428,1997,0.0,3.545670257413715e-09,-0.310042,0.2096,GTM,551012
15854074,93,7429,1997,0.0,0.0,-0.310042,0.2096,GTM,551020
15860600,93,7430,1997,0.0,0.0,-0.310042,0.2096,GTM,551030
15867126,93,7431,1997,1.1239037696798961e-08,1.642581958846735e-09,-0.310042,0.2096,GTM,551090
15873652,93,7432,1997,0.0,5.526015588790859e-08,-0.310042,0.2096,GTM,551110
15880178,93,7433,1997,0.0,5.9200562850928934e-09,-0.310042,0.2096,GTM,551120
15886704,93,7434,1997,0.0,2.249435785854074e-09,-0.310042,0.2096,GTM,551130
15893230,93,7435,1997,5.5224257811525437e-08,5.480297720468963e-07,-0.310042,0.2096,GTM,551211
15899756,93,7436,1997,1.757814829764718e-07,2.883427347080616e-07,-0.310042,0.2096,GTM,551219
15906282,93,7437,1997,9.092929387676597e-09,1.5299013667626524e-07,-0.310042,0.2096,GTM,551221
15912808,93,7438,1997,1.4118495639933769e-09,4.088756374799966e-08,-0.310042,0.2096,GTM,551229
15919334,93,7439,1997,0.0,2.700184668830579e-09,-0.310042,0.2096,GTM,551291
15925860,93,7440,1997,4.0892484703650367e-07,2.937159265395433e-09,-0.310042,0.2096,GTM,551299
15932386,93,7441,1997,1.0465990210697415e-08,4.180079424223015e-07,-0.310042,0.2096,GTM,551311
15938912,93,7442,1997,3.153403426253505e-09,6.831331324610468e-08,-0.310042,0.2096,GTM,551312
15945438,93,7443,1997,6.332625608216869e-08,3.67612228707515e-08,-0.310042,0.2096,GTM,551313
15951964,93,7444,1997,7.766384750118965e-07,2.7585755408571613e-06,-0.310042,0.2096,GTM,551319
15958490,93,7445,1997,7.360466636581912e-09,8.713456485789018e-07,-0.310042,0.2096,GTM,551321
15965016,93,7446,1997,8.115331900352572e-10,4.898712345548483e-08,-0.310042,0.2096,GTM,551322
15971542,93,7447,1997,6.267715074495603e-09,1.2393804543642074e-07,-0.310042,0.2096,GTM,551323
15978068,93,7448,1997,8.271547493878776e-08,2.2865231387989792e-08,-0.310042,0.2096,GTM,551329
15984594,93,7449,1997,6.51520542412286e-08,1.647931287502059e-07,-0.310042,0.2096,GTM,551331
15991120,93,7450,1997,1.3063926744742321e-09,0.0,-0.310042,0.2096,GTM,551332
15997646,93,7451,1997,3.508865872822346e-09,4.1781107121900144e-08,-0.310042,0.2096,GTM,551333
16004172,93,7452,1997,3.1134025371255533e-09,1.3546627955154705e-07,-0.310042,0.2096,GTM,551339
16010698,93,7453,1997,5.782583079003652e-08,3.2831057187498785e-07,-0.310042,0.2096,GTM,551341
16017224,93,7454,1997,0.0,0.0,-0.310042,0.2096,GTM,551342
16023750,93,7455,1997,0.0,5.259974317934065e-08,-0.310042,0.2096,GTM,551343
16030276,93,7456,1997,2.6811202012087146e-08,2.085741026073121e-08,-0.310042,0.2096,GTM,551349
16036802,93,7457,1997,1.7532207882557804e-08,3.1164645195794693e-09,-0.310042,0.2096,GTM,551411
16043328,93,7458,1997,0.0,0.0,-0.310042,0.2096,GTM,551412
16049854,93,7459,1997,0.0,2.870209798953334e-09,-0.310042,0.2096,GTM,551413
16056380,93,7460,1997,4.133122172849467e-09,3.5748363616063123e-09,-0.310042,0.2096,GTM,551419
16062906,93,7461,1997,0.0,1.797049623846757e-07,-0.310042,0.2096,GTM,551421
16069432,93,7462,1997,0.0,8.459131371559591e-08,-0.310042,0.2096,GTM,551422
16075958,93,7463,1997,0.0,1.1686824806673557e-07,-0.310042,0.2096,GTM,551423
16082484,93,7464,1997,2.3903561624339465e-09,4.921912655701685e-08,-0.310042,0.2096,GTM,551429
16089010,93,7465,1997,0.0,3.5826913237581825e-08,-0.310042,0.2096,GTM,551431
16095536,93,7466,1997,0.0,2.306077685928107e-08,-0.310042,0.2096,GTM,551432
16102062,93,7467,1997,0.0,1.0874648234810376e-08,-0.310042,0.2096,GTM,551433
16108588,93,7468,1997,0.0,2.5169022186202795e-09,-0.310042,0.2096,GTM,551439
16115114,93,7469,1997,0.0,2.857946777872356e-09,-0.310042,0.2096,GTM,551441
16121640,93,7470,1997,0.0,0.0,-0.310042,0.2096,GTM,551442
16128166,93,7471,1997,0.0,3.032280537023563e-08,-0.310042,0.2096,GTM,551443
16134692,93,7472,1997,0.0,9.638734569649062e-09,-0.310042,0.2096,GTM,551449
16141218,93,7473,1997,4.601981079355273e-08,1.7719740657671715e-06,-0.310042,0.2096,GTM,551511
16147744,93,7474,1997,6.2125623334252455e-09,4.044854759330063e-07,-0.310042,0.2096,GTM,551512
16154270,93,7475,1997,0.0,6.775799725093767e-07,-0.310042,0.2096,GTM,551513
16160796,93,7476,1997,3.383317627627571e-08,2.4384255123620613e-07,-0.310042,0.2096,GTM,551519
16167322,93,7477,1997,0.0,2.3518154402301344e-08,-0.310042,0.2096,GTM,551521
16173848,93,7478,1997,0.0,1.836261462335691e-07,-0.310042,0.2096,GTM,551522
16180374,93,7479,1997,1.1576014883998067e-09,5.333032094606499e-07,-0.310042,0.2096,GTM,551529
16186900,93,7480,1997,1.3582514029323105e-07,1.5221392058513953e-08,-0.310042,0.2096,GTM,551591
16193426,93,7481,1997,0.0,6.304160619989313e-07,-0.310042,0.2096,GTM,551592
16199952,93,7482,1997,3.6606874292852525e-10,4.725803748306687e-08,-0.310042,0.2096,GTM,551599
16206478,93,7483,1997,2.82430520206445e-10,1.578118239921051e-08,-0.310042,0.2096,GTM,551611
16213004,93,7484,1997,2.8076381649278033e-09,2.8617847720377e-07,-0.310042,0.2096,GTM,551612
16219530,93,7485,1997,0.0,9.728552913242174e-09,-0.310042,0.2096,GTM,551613
16226056,93,7486,1997,6.930457078456435e-10,2.3123298380813926e-06,-0.310042,0.2096,GTM,551614
16232582,93,7487,1997,1.3039683781634473e-09,2.370541404853791e-08,-0.310042,0.2096,GTM,551621
16239108,93,7488,1997,0.0,1.2316746370633222e-07,-0.310042,0.2096,GTM,551622
16245634,93,7489,1997,0.0,5.119645584807409e-09,-0.310042,0.2096,GTM,551623
16252160,93,7490,1997,5.060142778389742e-07,1.3107081507652174e-07,-0.310042,0.2096,GTM,551624
16258686,93,7491,1997,2.1127742348490713e-09,2.2010465675345375e-09,-0.310042,0.2096,GTM,551631
16265212,93,7492,1997,0.0,8.517828156247193e-10,-0.310042,0.2096,GTM,551632
16271738,93,7493,1997,0.0,3.897685249038234e-08,-0.310042,0.2096,GTM,551633
16278264,93,7494,1997,0.0,0.0,-0.310042,0.2096,GTM,551634
16284790,93,7495,1997,0.0,5.006892077462844e-08,-0.310042,0.2096,GTM,551641
16291316,93,7496,1997,0.0,7.875941860908518e-08,-0.310042,0.2096,GTM,551642
16297842,93,7497,1997,0.0,8.822083652256334e-09,-0.310042,0.2096,GTM,551643
16304368,93,7498,1997,8.000177825590287e-10,3.443191173136998e-08,-0.310042,0.2096,GTM,551644
16310894,93,7499,1997,0.0,0.0,-0.310042,0.2096,GTM,551691
16317420,93,7500,1997,0.0,1.7713900808173152e-07,-0.310042,0.2096,GTM,551692
16323946,93,7501,1997,0.0,3.3279187749758003e-09,-0.310042,0.2096,GTM,551693
16330472,93,7502,1997,0.0,1.5485212728256085e-08,-0.310042,0.2096,GTM,551694
16336998,93,7503,1997,7.044095968024478e-09,3.818419732234807e-07,-0.310042,0.2096,GTM,560110
16343524,93,7504,1997,3.2893761455846546e-08,1.0094786380660584e-08,-0.310042,0.2096,GTM,560121
16350050,93,7505,1997,8.790195385867329e-09,1.1074701194931419e-07,-0.310042,0.2096,GTM,560122
16356576,93,7506,1997,2.1648966055309473e-09,1.6196136517950647e-08,-0.310042,0.2096,GTM,560129
16363102,93,7507,1997,0.0,5.9826971225065405e-09,-0.310042,0.2096,GTM,560130
16369628,93,7508,1997,0.0,6.296829321980902e-08,-0.310042,0.2096,GTM,560210
16376154,93,7509,1997,0.0,1.1417866925397501e-09,-0.310042,0.2096,GTM,560221
16382680,93,7510,1997,8.737224511476677e-08,6.631178934588768e-08,-0.310042,0.2096,GTM,560229
16389206,93,7511,1997,2.8102139797580123e-08,1.8975500531004083e-07,-0.310042,0.2096,GTM,560290
16395732,93,7512,1997,2.2194735762274932e-08,9.325401123709975e-07,-0.310042,0.2096,GTM,560300
16402258,93,7513,1997,7.143492116766661e-09,9.032411035445224e-08,-0.310042,0.2096,GTM,560410
16408784,93,7514,1997,0.0,1.106621651007539e-07,-0.310042,0.2096,GTM,560420
16415310,93,7515,1997,9.495362575266896e-09,9.818072967133316e-08,-0.310042,0.2096,GTM,560490
16421836,93,7516,1997,0.0,1.6383793883789833e-07,-0.310042,0.2096,GTM,560500
16428362,93,7517,1997,0.0,8.349128758133192e-09,-0.310042,0.2096,GTM,560600
16434888,93,7518,1997,0.0,3.047427025223582e-08,-0.310042,0.2096,GTM,560710
16441414,93,7519,1997,0.0,1.3091603586449967e-09,-0.310042,0.2096,GTM,560721
16447940,93,7520,1997,2.5100557927789525e-09,5.4994678053155515e-09,-0.310042,0.2096,GTM,560729
16454466,93,7521,1997,8.485037087747274e-09,3.288478247715356e-09,-0.310042,0.2096,GTM,560730
16460992,93,7522,1997,6.087408036380973e-09,5.902490335976898e-09,-0.310042,0.2096,GTM,560741
16467518,93,7523,1997,6.007700204052753e-07,2.976748937506862e-07,-0.310042,0.2096,GTM,560749
16474044,93,7524,1997,2.192291153842817e-08,1.3316845454737344e-07,-0.310042,0.2096,GTM,560750
16480570,93,7525,1997,1.1994812071686164e-08,6.770082505806013e-08,-0.310042,0.2096,GTM,560790
16487096,93,7526,1997,3.166737055962822e-09,6.826956408981578e-08,-0.310042,0.2096,GTM,560811
16493622,93,7527,1997,1.2667857334967833e-08,1.7378689469759595e-08,-0.310042,0.2096,GTM,560819
16500148,93,7528,1997,5.621337070632569e-09,3.5534257896649283e-08,-0.310042,0.2096,GTM,560890
16506674,93,7529,1997,7.091551568308093e-08,5.365668302332011e-08,-0.310042,0.2096,GTM,560900
16513200,93,7530,1997,1.2240575110191987e-08,5.180065821106391e-08,-0.310042,0.2096,GTM,570110
16519726,93,7531,1997,1.9844380488968937e-08,1.8467778314951357e-08,-0.310042,0.2096,GTM,570190
16526252,93,7532,1997,1.4441745249273054e-07,1.114940619362473e-08,-0.310042,0.2096,GTM,570210
16532778,93,7533,1997,0.0,3.4170742525645355e-10,-0.310042,0.2096,GTM,570220
16539304,93,7534,1997,0.0,3.6192483838995857e-10,-0.310042,0.2096,GTM,570231
16545830,93,7535,1997,3.4970474283072694e-10,8.510536630199044e-09,-0.310042,0.2096,GTM,570232
16552356,93,7536,1997,8.451703013473982e-10,2.3465456554953357e-09,-0.310042,0.2096,GTM,570239
16558882,93,7537,1997,0.0,3.6924950773832676e-08,-0.310042,0.2096,GTM,570241
16565408,93,7538,1997,0.0,2.7540425316862277e-08,-0.310042,0.2096,GTM,570242
16571934,93,7539,1997,1.1239643770876658e-09,1.0242605499636703e-08,-0.310042,0.2096,GTM,570249
16578460,93,7540,1997,0.0,4.3550296487582925e-10,-0.310042,0.2096,GTM,570251
16584986,93,7541,1997,0.0,4.381345429132068e-08,-0.310042,0.2096,GTM,570252
16591512,93,7542,1997,0.0,1.0565918393271689e-07,-0.310042,0.2096,GTM,570259
16598038,93,7543,1997,6.76378670708997e-10,0.0,-0.310042,0.2096,GTM,570291
16604564,93,7544,1997,9.884765170186727e-09,1.3327915317010443e-08,-0.310042,0.2096,GTM,570292
16611090,93,7545,1997,1.34215104505831e-09,2.0820621197488275e-09,-0.310042,0.2096,GTM,570299
16617616,93,7546,1997,6.560751891061732e-10,9.642910625476637e-08,-0.310042,0.2096,GTM,570310
16624142,93,7547,1997,3.795841948611513e-09,3.039174343469086e-08,-0.310042,0.2096,GTM,570320
16630668,93,7548,1997,4.189790099114065e-09,6.521971760367622e-08,-0.310042,0.2096,GTM,570330
16637194,93,7549,1997,1.0343260209963927e-08,9.26056951415186e-09,-0.310042,0.2096,GTM,570390
16643720,93,7550,1997,0.0,3.734587068661221e-09,-0.310042,0.2096,GTM,570410
16650246,93,7551,1997,0.0,4.130583219676168e-08,-0.310042,0.2096,GTM,570490
16656772,93,7552,1997,0.0,1.690576771893667e-07,-0.310042,0.2096,GTM,570500
16663298,93,7553,1997,0.0,2.5202496919423846e-08,-0.310042,0.2096,GTM,580110
16669824,93,7554,1997,0.0,1.2770146717627236e-07,-0.310042,0.2096,GTM,580121
16676350,93,7555,1997,5.584063514854251e-09,2.528659472939918e-06,-0.310042,0.2096,GTM,580122
16682876,93,7556,1997,2.306263384153594e-08,1.1674926361894985e-07,-0.310042,0.2096,GTM,580123
16689402,93,7557,1997,0.0,1.3289800521758752e-08,-0.310042,0.2096,GTM,580124
16695928,93,7558,1997,0.0,3.3853428569349984e-07,-0.310042,0.2096,GTM,580125
16702454,93,7559,1997,8.65473782950222e-10,6.461949243671266e-09,-0.310042,0.2096,GTM,580126
16708980,93,7560,1997,0.0,1.4440535905357595e-08,-0.310042,0.2096,GTM,580131
16715506,93,7561,1997,0.0,1.651862082908016e-09,-0.310042,0.2096,GTM,580132
16722032,93,7562,1997,0.0,3.4975461854959295e-08,-0.310042,0.2096,GTM,580133
16728558,93,7563,1997,0.0,8.748174092768275e-09,-0.310042,0.2096,GTM,580134
16735084,93,7564,1997,0.0,1.9605223235162435e-07,-0.310042,0.2096,GTM,580135
16741610,93,7565,1997,3.987967431241219e-10,0.0,-0.310042,0.2096,GTM,580136
16748136,93,7566,1997,0.0,4.923271531010659e-08,-0.310042,0.2096,GTM,580190
16754662,93,7567,1997,0.0,1.4056073622818812e-09,-0.310042,0.2096,GTM,580211
16761188,93,7568,1997,3.772186877359029e-07,2.026745951683549e-08,-0.310042,0.2096,GTM,580219
16767714,93,7569,1997,4.760711880303917e-10,1.700417017728647e-08,-0.310042,0.2096,GTM,580220
16774240,93,7570,1997,0.0,2.3560246393579298e-08,-0.310042,0.2096,GTM,580230
16780766,93,7571,1997,0.0,3.6918653546791094e-08,-0.310042,0.2096,GTM,580310
16787292,93,7572,1997,1.4415471938004922e-09,4.275154295230839e-09,-0.310042,0.2096,GTM,580390
16793818,93,7573,1997,5.0584154672683074e-08,5.378358871985813e-07,-0.310042,0.2096,GTM,580410
16800344,93,7574,1997,6.122923977333972e-08,3.2035916271948103e-07,-0.310042,0.2096,GTM,580421
16806870,93,7575,1997,6.002254628464652e-09,4.9933364676733305e-08,-0.310042,0.2096,GTM,580429
16813396,93,7576,1997,3.4394703909261273e-10,9.175457519189826e-08,-0.310042,0.2096,GTM,580430
16819922,93,7577,1997,1.6415516394402494e-09,3.5778192586260095e-09,-0.310042,0.2096,GTM,580500
16826448,93,7578,1997,1.002446524509571e-09,7.92360192662324e-08,-0.310042,0.2096,GTM,580610
16832974,93,7579,1997,1.851010840692068e-08,2.333705940990549e-07,-0.310042,0.2096,GTM,580620
16839500,93,7580,1997,1.0099315393691194e-08,1.3633871064320812e-06,-0.310042,0.2096,GTM,580631
16846026,93,7581,1997,2.0578275589651309e-07,1.9841037816219628e-07,-0.310042,0.2096,GTM,580632
16852552,93,7582,1997,3.826721422870136e-08,1.1345084238116885e-07,-0.310042,0.2096,GTM,580639
16859078,93,7583,1997,0.0,1.9047123202777042e-08,-0.310042,0.2096,GTM,580640
16865604,93,7584,1997,3.345528908883211e-10,1.516371277314307e-06,-0.310042,0.2096,GTM,580710
16872130,93,7585,1997,1.7945853440585485e-09,4.3009530401211996e-07,-0.310042,0.2096,GTM,580790
16878656,93,7586,1997,0.0,2.5476923445236012e-08,-0.310042,0.2096,GTM,580810
16885182,93,7587,1997,7.102582116522165e-09,1.2476563364288568e-07,-0.310042,0.2096,GTM,580890
16891708,93,7588,1997,0.0,7.11984375301565e-09,-0.310042,0.2096,GTM,580900
16898234,93,7589,1997,1.9430734930941258e-09,6.02604855919281e-08,-0.310042,0.2096,GTM,581010
16904760,93,7590,1997,1.093660673202854e-09,3.742309457612215e-08,-0.310042,0.2096,GTM,581091
16911286,93,7591,1997,3.858570615653073e-09,1.5694114949535563e-07,-0.310042,0.2096,GTM,581092
16917812,93,7592,1997,9.2371750181683e-09,4.6978639462221876e-08,-0.310042,0.2096,GTM,581099
16924338,93,7593,1997,1.2190877035820896e-08,8.593063447744007e-08,-0.310042,0.2096,GTM,581100
16930864,93,7594,1997,0.0,1.505302409340214e-08,-0.310042,0.2096,GTM,590110
16937390,93,7595,1997,5.845584479380176e-10,7.766104963983215e-08,-0.310042,0.2096,GTM,590190
16943916,93,7596,1997,3.42128816859524e-10,1.5383926802787245e-06,-0.310042,0.2096,GTM,590210
16950442,93,7597,1997,0.0,4.4623476548669636e-08,-0.310042,0.2096,GTM,590220
16956968,93,7598,1997,0.0,1.2251752358904037e-07,-0.310042,0.2096,GTM,590290
16963494,93,7599,1997,1.8911632483394433e-08,4.435339179518614e-07,-0.310042,0.2096,GTM,590310
16970020,93,7600,1997,9.793035858527402e-08,1.451820060076045e-06,-0.310042,0.2096,GTM,590320
16976546,93,7601,1997,4.046786920481638e-08,1.9093788969485197e-07,-0.310042,0.2096,GTM,590390
16983072,93,7602,1997,0.0,0.0,-0.310042,0.2096,GTM,590410
16989598,93,7603,1997,0.0,0.0,-0.310042,0.2096,GTM,590491
16996124,93,7604,1997,0.0,0.0,-0.310042,0.2096,GTM,590492
17002650,93,7605,1997,0.0,1.3128061216690712e-09,-0.310042,0.2096,GTM,590500
17009176,93,7606,1997,0.0,1.8562236720575107e-08,-0.310042,0.2096,GTM,590610
17015702,93,7607,1997,1.400243245405494e-08,1.1124217285458397e-08,-0.310042,0.2096,GTM,590691
17022228,93,7608,1997,2.8665485652798775e-08,1.5511064502426794e-08,-0.310042,0.2096,GTM,590699
17028754,93,7609,1997,0.0,5.803822731225349e-08,-0.310042,0.2096,GTM,590700
17035280,93,7610,1997,0.0,4.048023258830986e-08,-0.310042,0.2096,GTM,590800
17041806,93,7611,1997,0.0,6.679800156009837e-08,-0.310042,0.2096,GTM,590900
17048332,93,7612,1997,1.0706298582503973e-09,5.547558733933118e-08,-0.310042,0.2096,GTM,591000
17054858,93,7613,1997,6.321352630371719e-10,1.2383066114371161e-07,-0.310042,0.2096,GTM,591110
17061384,93,7614,1997,0.0,2.7112545311036785e-08,-0.310042,0.2096,GTM,591120
17067910,93,7615,1997,0.0,2.4515767738889052e-08,-0.310042,0.2096,GTM,591131
17074436,93,7616,1997,0.0,8.717085677162984e-08,-0.310042,0.2096,GTM,591132
17080962,93,7617,1997,0.0,5.41223463913951e-08,-0.310042,0.2096,GTM,591140
17087488,93,7618,1997,0.0,3.7304275844837536e-07,-0.310042,0.2096,GTM,591190
17094014,93,7619,1997,0.0,3.7176044416290763e-07,-0.310042,0.2096,GTM,600110
17100540,93,7620,1997,0.0,2.4127328260324006e-08,-0.310042,0.2096,GTM,600121
17107066,93,7621,1997,2.2458681023111642e-08,1.38917491403337e-07,-0.310042,0.2096,GTM,600122
17113592,93,7622,1997,5.132841364009405e-09,9.093858714050991e-09,-0.310042,0.2096,GTM,600129
17120118,93,7623,1997,1.5618528982231948e-09,1.5776045187676587e-07,-0.310042,0.2096,GTM,600191
17126644,93,7624,1997,1.2473004518988493e-08,1.5599613457621526e-06,-0.310042,0.2096,GTM,600192
17133170,93,7625,1997,0.0,2.9162591002774193e-07,-0.310042,0.2096,GTM,600199
17139696,93,7626,1997,3.849540111895399e-08,4.954422918886366e-07,-0.310042,0.2096,GTM,600210
17146222,93,7627,1997,4.173426099016267e-09,9.3175759905283e-09,-0.310042,0.2096,GTM,600220
17152748,93,7628,1997,1.0220590816638209e-07,1.3565310833488076e-06,-0.310042,0.2096,GTM,600230
17159274,93,7629,1997,0.0,0.0,-0.310042,0.2096,GTM,600241
17165800,93,7630,1997,5.354088706072415e-08,2.791386745207829e-06,-0.310042,0.2096,GTM,600242
17172326,93,7631,1997,6.074407747414389e-08,4.0151417906838544e-07,-0.310042,0.2096,GTM,600243
17178852,93,7632,1997,7.54895567474544e-09,2.1008875142731404e-08,-0.310042,0.2096,GTM,600249
17185378,93,7633,1997,0.0,0.0,-0.310042,0.2096,GTM,600291
17191904,93,7634,1997,4.311553411693627e-07,1.625733694753678e-05,-0.310042,0.2096,GTM,600292
17198430,93,7635,1997,7.273040450874231e-08,1.2776586460859762e-06,-0.310042,0.2096,GTM,600293
17204956,93,7636,1997,2.862487868959313e-09,8.904802700942567e-07,-0.310042,0.2096,GTM,600299
17211482,93,7637,1997,2.287626606264435e-09,4.006693563458067e-09,-0.310042,0.2096,GTM,610110
17218008,93,7638,1997,1.8796781445670997e-07,3.1058918068096526e-08,-0.310042,0.2096,GTM,610120
17224534,93,7639,1997,6.204198511153037e-08,3.399309443647226e-08,-0.310042,0.2096,GTM,610130
17231060,93,7640,1997,2.6288463120074143e-09,4.907064457203636e-08,-0.310042,0.2096,GTM,610190
17237586,93,7641,1997,4.7594997321485245e-09,6.058595280007731e-10,-0.310042,0.2096,GTM,610210
17244112,93,7642,1997,4.810622080602202e-08,8.551302889468243e-09,-0.310042,0.2096,GTM,610220
17250638,93,7643,1997,1.509316881983291e-06,5.781285287076524e-08,-0.310042,0.2096,GTM,610230
17257164,93,7644,1997,6.86681930029833e-10,2.8169816588018442e-08,-0.310042,0.2096,GTM,610290
17263690,93,7645,1997,6.433476334745523e-10,2.1265072853423197e-08,-0.310042,0.2096,GTM,610311
17270216,93,7646,1997,0.0,2.204957476960363e-08,-0.310042,0.2096,GTM,610312
17276742,93,7647,1997,3.6609904663241008e-09,2.2222582796746082e-08,-0.310042,0.2096,GTM,610319
17283268,93,7648,1997,0.0,0.0,-0.310042,0.2096,GTM,610321
17289794,93,7649,1997,5.132841364009405e-09,1.431356392221914e-07,-0.310042,0.2096,GTM,610322
17296320,93,7650,1997,5.224358549741537e-10,6.816251123010886e-09,-0.310042,0.2096,GTM,610323
17302846,93,7651,1997,0.0,1.618519922887842e-08,-0.310042,0.2096,GTM,610329
17309372,93,7652,1997,2.106410457033261e-09,5.7414138969132344e-09,-0.310042,0.2096,GTM,610331
17315898,93,7653,1997,1.1024487473294494e-08,2.0071914045544212e-08,-0.310042,0.2096,GTM,610332
17322424,93,7654,1997,2.969762980711546e-10,4.999998271017321e-09,-0.310042,0.2096,GTM,610333
17328950,93,7655,1997,2.6021790525887803e-09,3.098898570463473e-09,-0.310042,0.2096,GTM,610339
17335476,93,7656,1997,0.0,2.0770906247159984e-09,-0.310042,0.2096,GTM,610341
17342002,93,7657,1997,1.3006249705138358e-06,6.902977196693579e-07,-0.310042,0.2096,GTM,610342
17348528,93,7658,1997,5.870603217307476e-07,1.7965988749637806e-08,-0.310042,0.2096,GTM,610343
17355054,93,7659,1997,8.924743831115893e-09,4.873987443585213e-08,-0.310042,0.2096,GTM,610349
17361580,93,7660,1997,4.018271135126031e-10,2.1660472425034206e-08,-0.310042,0.2096,GTM,610411
17368106,93,7661,1997,2.200200420556753e-08,2.8804179354207435e-08,-0.310042,0.2096,GTM,610412
17374632,93,7662,1997,0.0,1.6846606928046005e-07,-0.310042,0.2096,GTM,610413
17381158,93,7663,1997,0.0,2.7850646606910812e-08,-0.310042,0.2096,GTM,610419
17387684,93,7664,1997,2.2797476432543837e-09,3.586105083680725e-10,-0.310042,0.2096,GTM,610421
17394210,93,7665,1997,1.7656453068485534e-08,2.111609371893942e-07,-0.310042,0.2096,GTM,610422
17400736,93,7666,1997,1.539125120309586e-09,1.365262022925462e-07,-0.310042,0.2096,GTM,610423
17407262,93,7667,1997,0.0,9.920121188507188e-09,-0.310042,0.2096,GTM,610429
17413788,93,7668,1997,2.2899599914635654e-08,8.314991158907766e-09,-0.310042,0.2096,GTM,610431
17420314,93,7669,1997,2.5808452450538728e-08,5.1498059880065715e-08,-0.310042,0.2096,GTM,610432
17426840,93,7670,1997,1.0602144752251874e-07,4.665174709216325e-07,-0.310042,0.2096,GTM,610433
17433366,93,7671,1997,1.565186305650524e-09,5.202238688952809e-08,-0.310042,0.2096,GTM,610439
17439892,93,7672,1997,0.0,2.3862513291575306e-08,-0.310042,0.2096,GTM,610441
17446418,93,7673,1997,3.188131470905499e-07,2.532983347886471e-07,-0.310042,0.2096,GTM,610442
17452944,93,7674,1997,9.310628166014696e-07,1.7712541932864177e-07,-0.310042,0.2096,GTM,610443
17459470,93,7675,1997,0.0,1.2841371669797568e-08,-0.310042,0.2096,GTM,610444
17465996,93,7676,1997,0.0,5.0808347802511223e-08,-0.310042,0.2096,GTM,610449
17472522,93,7677,1997,0.0,1.3655039690170598e-09,-0.310042,0.2096,GTM,610451
17479048,93,7678,1997,9.774156651007164e-08,4.2632558504522675e-08,-0.310042,0.2096,GTM,610452
17485574,93,7679,1997,1.534231072132189e-07,2.5090803997686283e-08,-0.310042,0.2096,GTM,610453
17492100,93,7680,1997,1.9725589969740475e-08,1.0606187503037603e-08,-0.310042,0.2096,GTM,610459
17498626,93,7681,1997,9.260811907198453e-10,7.772435334325017e-09,-0.310042,0.2096,GTM,610461
17505152,93,7682,1997,1.2271072757781663e-06,8.422786428539588e-07,-0.310042,0.2096,GTM,610462
17511678,93,7683,1997,3.772377790693503e-07,1.5103335623134372e-07,-0.310042,0.2096,GTM,610463
17518204,93,7684,1997,4.497827249103176e-08,9.156158175472384e-07,-0.310042,0.2096,GTM,610469
17524730,93,7685,1997,1.9682542346223946e-05,3.831238566460456e-06,-0.310042,0.2096,GTM,610510
17531256,93,7686,1997,2.44828017722457e-06,1.845024550913558e-07,-0.310042,0.2096,GTM,610520
17537782,93,7687,1997,3.628262466128504e-08,6.522667769672218e-08,-0.310042,0.2096,GTM,610590
17544308,93,7688,1997,2.349265855151336e-06,9.668908230168313e-07,-0.310042,0.2096,GTM,610610
17550834,93,7689,1997,1.1848299724143877e-06,1.3683377211857724e-07,-0.310042,0.2096,GTM,610620
17557360,93,7690,1997,3.548472813799795e-08,9.872262262991153e-08,-0.310042,0.2096,GTM,610690
17563886,93,7691,1997,3.786705381890242e-07,3.332462721435806e-07,-0.310042,0.2096,GTM,610711
17570412,93,7692,1997,3.1838586486577407e-08,6.96768286171086e-08,-0.310042,0.2096,GTM,610712
17576938,93,7693,1997,1.6912497138113406e-09,1.0660873948398725e-08,-0.310042,0.2096,GTM,610719
17583464,93,7694,1997,1.575086525709692e-07,4.9166760142671056e-08,-0.310042,0.2096,GTM,610721
17589990,93,7695,1997,1.4970938830213522e-08,1.0444779630971753e-08,-0.310042,0.2096,GTM,610722
17596516,93,7696,1997,0.0,1.5493829986312988e-08,-0.310042,0.2096,GTM,610729
17603042,93,7697,1997,7.24482770255747e-08,5.743733927928555e-10,-0.310042,0.2096,GTM,610791
17609568,93,7698,1997,4.0400898019230954e-09,2.190871574367347e-08,-0.310042,0.2096,GTM,610792
17616094,93,7699,1997,0.0,6.465263573693152e-09,-0.310042,0.2096,GTM,610799
17622620,93,7700,1997,1.8279194183318413e-09,5.349958378028271e-08,-0.310042,0.2096,GTM,610811
17629146,93,7701,1997,6.08801411045867e-10,2.0470959380179295e-08,-0.310042,0.2096,GTM,610819
17635672,93,7702,1997,6.885271225593792e-07,7.449818449994627e-08,-0.310042,0.2096,GTM,610821
17642198,93,7703,1997,1.2575249215895848e-06,3.501271492440529e-07,-0.310042,0.2096,GTM,610822
17648724,93,7704,1997,1.5454888981253964e-09,6.790299918939518e-08,-0.310042,0.2096,GTM,610829
17655250,93,7705,1997,7.085960534941345e-07,1.8845147931243304e-07,-0.310042,0.2096,GTM,610831
17661776,93,7706,1997,3.764504888424229e-07,7.265806847179512e-08,-0.310042,0.2096,GTM,610832
17668302,93,7707,1997,1.2632705038461452e-08,3.145796340273161e-08,-0.310042,0.2096,GTM,610839
17674828,93,7708,1997,1.8400439302561545e-07,3.3466447395994564e-08,-0.310042,0.2096,GTM,610891
17681354,93,7709,1997,1.2982858276109673e-06,4.5672793433598765e-08,-0.310042,0.2096,GTM,610892
17687880,93,7710,1997,0.0,2.1726096159467547e-08,-0.310042,0.2096,GTM,610899
17694406,93,7711,1997,6.269511175024856e-06,2.3224037441829155e-06,-0.310042,0.2096,GTM,610910
17700932,93,7712,1997,5.075740094779254e-07,1.707360539124498e-07,-0.310042,0.2096,GTM,610990
17707458,93,7713,1997,1.2803920965410637e-08,5.3941383972200124e-08,-0.310042,0.2096,GTM,611010
17713984,93,7714,1997,1.6020060634631673e-05,1.220949465112499e-06,-0.310042,0.2096,GTM,611020
17720510,93,7715,1997,2.041161430939601e-06,1.8664185512048325e-07,-0.310042,0.2096,GTM,611030
17727036,93,7716,1997,2.7788496462372324e-09,1.1390026553213659e-07,-0.310042,0.2096,GTM,611090
17733562,93,7717,1997,3.3103766123768293e-09,1.6671742876091295e-08,-0.310042,0.2096,GTM,611110
17740088,93,7718,1997,1.3922957960246633e-06,8.698081308817489e-07,-0.310042,0.2096,GTM,611120
17746614,93,7719,1997,4.019496010837055e-06,2.094095457759289e-06,-0.310042,0.2096,GTM,611130
17753140,93,7720,1997,8.054724492582948e-10,4.959374527939064e-07,-0.310042,0.2096,GTM,611190
17759666,93,7721,1997,2.1846546204638446e-08,3.46582804718648e-08,-0.310042,0.2096,GTM,611211
17766192,93,7722,1997,1.646127498726856e-08,4.313302233782747e-08,-0.310042,0.2096,GTM,611212
17772718,93,7723,1997,6.91833559690251e-10,2.250363798260202e-08,-0.310042,0.2096,GTM,611219
17779244,93,7724,1997,2.8496390985121524e-08,1.3373321638310281e-08,-0.310042,0.2096,GTM,611220
17785770,93,7725,1997,7.758960342667186e-09,4.494894375681884e-09,-0.310042,0.2096,GTM,611231
17792296,93,7726,1997,1.0824483027654736e-09,1.1279659363484853e-08,-0.310042,0.2096,GTM,611239
17798822,93,7727,1997,5.336345887447858e-07,8.681357199527052e-08,-0.310042,0.2096,GTM,611241
17805348,93,7728,1997,8.006480995998329e-08,3.319400946819553e-08,-0.310042,0.2096,GTM,611249
17811874,93,7729,1997,2.1706543092690616e-09,1.1993731766700206e-07,-0.310042,0.2096,GTM,611300
17818400,93,7730,1997,3.6212926142349975e-10,8.615269458890644e-09,-0.310042,0.2096,GTM,611410
17824926,93,7731,1997,7.714171468325435e-07,3.03295997467805e-07,-0.310042,0.2096,GTM,611420
17831452,93,7732,1997,3.3262739354348016e-07,1.8917864331923483e-08,-0.310042,0.2096,GTM,611430
17837978,93,7733,1997,6.0831655178371e-09,4.5063619575576106e-08,-0.310042,0.2096,GTM,611490
17844504,93,7734,1997,1.8464652851093462e-07,7.407792745317112e-08,-0.310042,0.2096,GTM,611511
17851030,93,7735,1997,1.7053560879697205e-07,1.9873054244231047e-08,-0.310042,0.2096,GTM,611512
17857556,93,7736,1997,2.6047457763078235e-07,2.0944577140306813e-08,-0.310042,0.2096,GTM,611519
17864082,93,7737,1997,3.1455244632434537e-10,3.6958094074051538e-09,-0.310042,0.2096,GTM,611520
17870608,93,7738,1997,3.894025949198302e-09,7.47679709637278e-09,-0.310042,0.2096,GTM,611591
17877134,93,7739,1997,2.8225778909430155e-08,9.621400623634597e-08,-0.310042,0.2096,GTM,611592
17883660,93,7740,1997,3.9912705349646634e-08,2.44787798158448e-07,-0.310042,0.2096,GTM,611593
17890186,93,7741,1997,2.622785571230452e-09,7.305611950742363e-08,-0.310042,0.2096,GTM,611599
17896712,93,7742,1997,4.74402666094494e-07,3.6510659521096917e-09,-0.310042,0.2096,GTM,611610
17903238,93,7743,1997,0.0,0.0,-0.310042,0.2096,GTM,611691
17909764,93,7744,1997,1.2912890054210032e-06,3.784302018989511e-09,-0.310042,0.2096,GTM,611692
17916290,93,7745,1997,0.0,0.0,-0.310042,0.2096,GTM,611693
17922816,93,7746,1997,0.0,1.0052694389382632e-08,-0.310042,0.2096,GTM,611699
17929342,93,7747,1997,1.7181594028610534e-08,4.564495306141492e-08,-0.310042,0.2096,GTM,611710
17935868,93,7748,1997,8.42139930958917e-10,1.8704090045511833e-08,-0.310042,0.2096,GTM,611720
17942394,93,7749,1997,2.9322469953021492e-08,4.3553776534105907e-07,-0.310042,0.2096,GTM,611780
17948920,93,7750,1997,2.434963214552389e-08,6.040303492616941e-07,-0.310042,0.2096,GTM,611790
17955446,93,7751,1997,6.713785595680031e-09,0.0,-0.310042,0.2096,GTM,620111
17961972,93,7752,1997,7.770172713104566e-07,1.8427012055682157e-08,-0.310042,0.2096,GTM,620112
17968498,93,7753,1997,1.1140762785100517e-07,5.4334794945798e-08,-0.310042,0.2096,GTM,620113
17975024,93,7754,1997,4.4607052118442816e-10,4.455520135021878e-08,-0.310042,0.2096,GTM,620119
17981550,93,7755,1997,5.137083882553279e-09,0.0,-0.310042,0.2096,GTM,620191
17988076,93,7756,1997,8.09773756987705e-07,6.041559623695237e-08,-0.310042,0.2096,GTM,620192
17994602,93,7757,1997,7.661405446973045e-06,1.2886545987995874e-07,-0.310042,0.2096,GTM,620193
18001128,93,7758,1997,0.0,1.754175450683639e-08,-0.310042,0.2096,GTM,620199
18007654,93,7759,1997,3.3176828353834574e-07,1.2512590131626471e-08,-0.310042,0.2096,GTM,620211
18014180,93,7760,1997,3.8047815412575324e-08,1.8124413724683958e-08,-0.310042,0.2096,GTM,620212
18020706,93,7761,1997,5.9514413777906e-07,4.2466742573527715e-07,-0.310042,0.2096,GTM,620213
18027232,93,7762,1997,1.132752451214261e-08,7.407527598915361e-10,-0.310042,0.2096,GTM,620219
18033758,93,7763,1997,1.1636549562878367e-06,9.343427764699012e-09,-0.310042,0.2096,GTM,620291
18040284,93,7764,1997,8.747921718948016e-07,3.8195996337225984e-08,-0.310042,0.2096,GTM,620292
18046810,93,7765,1997,2.3517265159067827e-06,1.0183716483807832e-06,-0.310042,0.2096,GTM,620293
18053336,93,7766,1997,1.9307338248722305e-07,5.0876954433964266e-08,-0.310042,0.2096,GTM,620299
18059862,93,7767,1997,1.284497945380417e-06,1.3966885001929858e-07,-0.310042,0.2096,GTM,620311
18066388,93,7768,1997,6.168982576868498e-07,3.087795564890155e-08,-0.310042,0.2096,GTM,620312
18072914,93,7769,1997,1.4807904903313234e-08,2.2732989620116535e-08,-0.310042,0.2096,GTM,620319
18079440,93,7770,1997,0.0,0.0,-0.310042,0.2096,GTM,620321
18085966,93,7771,1997,4.350096692664719e-09,1.9635814501264444e-07,-0.310042,0.2096,GTM,620322
18092492,93,7772,1997,8.32806390162395e-09,8.1679674791369e-08,-0.310042,0.2096,GTM,620323
18099018,93,7773,1997,0.0,6.50427323805075e-08,-0.310042,0.2096,GTM,620329
18105544,93,7774,1997,2.1618695685498935e-06,4.403452010378048e-08,-0.310042,0.2096,GTM,620331
18112070,93,7775,1997,1.3911521342400504e-07,2.491935370565412e-07,-0.310042,0.2096,GTM,620332
18118596,93,7776,1997,4.806249256131624e-07,2.1640951021205296e-07,-0.310042,0.2096,GTM,620333
18125122,93,7777,1997,2.0365755714307124e-07,5.689312628969186e-08,-0.310042,0.2096,GTM,620339
18131648,93,7778,1997,5.524725832277401e-07,2.1168294416784123e-08,-0.310042,0.2096,GTM,620341
18138174,93,7779,1997,3.6362036729463345e-05,1.9751292056453997e-05,-0.310042,0.2096,GTM,620342
18144700,93,7780,1997,2.352328347465935e-06,2.924581382962375e-07,-0.310042,0.2096,GTM,620343
18151226,93,7781,1997,5.0191115633297063e-08,1.7081128920394663e-07,-0.310042,0.2096,GTM,620349
18157752,93,7782,1997,2.5984910918259985e-07,9.426783164749447e-08,-0.310042,0.2096,GTM,620411
18164278,93,7783,1997,3.6779605404995955e-09,2.6871295228743697e-07,-0.310042,0.2096,GTM,620412
18170804,93,7784,1997,4.1528953396343064e-07,2.0896221065287495e-07,-0.310042,0.2096,GTM,620413
18177330,93,7785,1997,2.8848004861296997e-07,1.148746785585711e-07,-0.310042,0.2096,GTM,620419
18183856,93,7786,1997,5.627791759560034e-08,3.619612960201993e-08,-0.310042,0.2096,GTM,620421
18190382,93,7787,1997,4.602829583064048e-09,2.8042579458478235e-07,-0.310042,0.2096,GTM,620422
18196908,93,7788,1997,2.267292820957726e-08,8.884293626767136e-08,-0.310042,0.2096,GTM,620423
18203434,93,7789,1997,8.536553384351455e-10,4.15845673516023e-08,-0.310042,0.2096,GTM,620429
18209960,93,7790,1997,1.2362935102701041e-05,4.361002071457731e-06,-0.310042,0.2096,GTM,620431
18216486,93,7791,1997,2.048124312981214e-07,2.7021401235434918e-08,-0.310042,0.2096,GTM,620432
18223012,93,7792,1997,7.026866191106691e-06,2.4758678300523105e-06,-0.310042,0.2096,GTM,620433
18229538,93,7793,1997,5.641063872750465e-06,3.3203223305656374e-07,-0.310042,0.2096,GTM,620439
18236064,93,7794,1997,3.1940103894591525e-10,0.0,-0.310042,0.2096,GTM,620441
18242590,93,7795,1997,2.0052563904287207e-06,1.567525641171103e-07,-0.310042,0.2096,GTM,620442
18249116,93,7796,1997,6.572403968242481e-06,2.9089278022690076e-07,-0.310042,0.2096,GTM,620443
18255642,93,7797,1997,5.154003955617363e-06,1.76252424800877e-07,-0.310042,0.2096,GTM,620444
18262168,93,7798,1997,7.399255377554472e-08,1.460154605782082e-07,-0.310042,0.2096,GTM,620449
18268694,93,7799,1997,1.166946544603805e-06,2.8037309673743437e-07,-0.310042,0.2096,GTM,620451
18275220,93,7800,1997,2.5038398970381002e-06,6.972694128703953e-07,-0.310042,0.2096,GTM,620452
18281746,93,7801,1997,5.189627171682115e-06,6.846245809708955e-07,-0.310042,0.2096,GTM,620453
18288272,93,7802,1997,2.8459293190825737e-06,4.979353309310992e-07,-0.310042,0.2096,GTM,620459
18294798,93,7803,1997,2.127230010713243e-06,2.0530816180374557e-07,-0.310042,0.2096,GTM,620461
18301324,93,7804,1997,2.7337009154118486e-05,6.705787817711445e-06,-0.310042,0.2096,GTM,620462
18307850,93,7805,1997,4.41992824485984e-06,7.689010333344122e-07,-0.310042,0.2096,GTM,620463
18314376,93,7806,1997,3.973721660044969e-06,5.538215637601422e-07,-0.310042,0.2096,GTM,620469
18320902,93,7807,1997,3.2846184640747396e-09,3.094722514635896e-08,-0.310042,0.2096,GTM,620510
18327428,93,7808,1997,2.7146696742092207e-05,7.208454023315785e-06,-0.310042,0.2096,GTM,620520
18333954,93,7809,1997,1.4903173687586305e-06,2.787308462115898e-07,-0.310042,0.2096,GTM,620530
18340480,93,7810,1997,3.267012012117664e-08,2.5110590547916945e-07,-0.310042,0.2096,GTM,620590
18347006,93,7811,1997,9.325358796473103e-08,8.906599067814428e-09,-0.310042,0.2096,GTM,620610
18353532,93,7812,1997,1.2379547896207735e-07,1.8612945969909967e-08,-0.310042,0.2096,GTM,620620
18360058,93,7813,1997,3.3708706842939236e-06,3.0152415663810465e-07,-0.310042,0.2096,GTM,620630
18366584,93,7814,1997,6.761044827962473e-06,4.009537258616845e-07,-0.310042,0.2096,GTM,620640
18373110,93,7815,1997,1.3463905332317952e-07,1.1646423123706765e-07,-0.310042,0.2096,GTM,620690
18379636,93,7816,1997,1.301540445408196e-06,1.7690203348516665e-07,-0.310042,0.2096,GTM,620711
18386162,93,7817,1997,5.0158993707179166e-08,7.931191742373359e-09,-0.310042,0.2096,GTM,620719
18392688,93,7818,1997,7.659291460590041e-08,4.0142170926077484e-08,-0.310042,0.2096,GTM,620721
18399214,93,7819,1997,4.8290467325641675e-08,1.2619477274832295e-07,-0.310042,0.2096,GTM,620722
18405740,93,7820,1997,4.0970607652265413e-10,5.321156850138081e-09,-0.310042,0.2096,GTM,620729
18412266,93,7821,1997,5.418574987939294e-07,6.286389182411961e-08,-0.310042,0.2096,GTM,620791
18418792,93,7822,1997,5.675580700586382e-08,5.087828016597302e-09,-0.310042,0.2096,GTM,620792
18425318,93,7823,1997,6.071953147399719e-09,4.2327640142509155e-08,-0.310042,0.2096,GTM,620799
18431844,93,7824,1997,1.571307653835256e-08,5.4687771093128867e-08,-0.310042,0.2096,GTM,620811
18438370,93,7825,1997,4.97586817788608e-09,6.189710175673543e-08,-0.310042,0.2096,GTM,620819
18444896,93,7826,1997,4.950973685144708e-07,1.5160242669610154e-07,-0.310042,0.2096,GTM,620821
18451422,93,7827,1997,4.026983449992914e-07,3.2539429288873035e-08,-0.310042,0.2096,GTM,620822
18457948,93,7828,1997,4.978898548274561e-10,2.3853896033518404e-08,-0.310042,0.2096,GTM,620829
18464474,93,7829,1997,1.5283563960970794e-06,2.0838783726008212e-07,-0.310042,0.2096,GTM,620891
18471000,93,7830,1997,4.94099164508505e-07,3.4590436136316785e-07,-0.310042,0.2096,GTM,620892
18477526,93,7831,1997,5.2864811427054e-09,4.570527386781325e-08,-0.310042,0.2096,GTM,620899
18484052,93,7832,1997,4.016452912892942e-09,4.746120591340848e-10,-0.310042,0.2096,GTM,620910
18490578,93,7833,1997,1.4001629405901992e-06,4.1402378630299223e-07,-0.310042,0.2096,GTM,620920
18497104,93,7834,1997,3.2359658674876745e-07,8.052297361373077e-08,-0.310042,0.2096,GTM,620930
18503630,93,7835,1997,4.281913358923892e-10,1.3494493543910437e-07,-0.310042,0.2096,GTM,620990
18510156,93,7836,1997,4.603435657141744e-09,7.683644433038689e-08,-0.310042,0.2096,GTM,621010
18516682,93,7837,1997,8.424732717016498e-09,1.0052097809978692e-07,-0.310042,0.2096,GTM,621020
18523208,93,7838,1997,0.0,1.962514235859397e-08,-0.310042,0.2096,GTM,621030
18529734,93,7839,1997,1.3654242896418453e-08,1.1597835045585916e-08,-0.310042,0.2096,GTM,621040
18536260,93,7840,1997,4.341914692615819e-08,3.6228444319733317e-07,-0.310042,0.2096,GTM,621050
18542786,93,7841,1997,8.171696789578321e-09,5.8365351685413644e-08,-0.310042,0.2096,GTM,621111
18549312,93,7842,1997,2.257604726825752e-07,4.4104452467242274e-08,-0.310042,0.2096,GTM,621112
18555838,93,7843,1997,2.272959613584186e-08,1.1517959692058462e-08,-0.310042,0.2096,GTM,621120
18562364,93,7844,1997,5.650368018954219e-08,0.0,-0.310042,0.2096,GTM,621131
18568890,93,7845,1997,5.813159516223427e-08,3.451410711591275e-08,-0.310042,0.2096,GTM,621132
18575416,93,7846,1997,5.446551367365752e-07,7.206679199589065e-08,-0.310042,0.2096,GTM,621133
18581942,93,7847,1997,1.756069336420953e-08,5.569996748181287e-08,-0.310042,0.2096,GTM,621139
18588468,93,7848,1997,1.7449145430209536e-07,2.9163121295577696e-08,-0.310042,0.2096,GTM,621141
18594994,93,7849,1997,1.6607229746659368e-06,7.100090346085209e-08,-0.310042,0.2096,GTM,621142
18601520,93,7850,1997,1.6325120445714102e-06,2.1815914503060662e-07,-0.310042,0.2096,GTM,621143
18608046,93,7851,1997,1.277370817263748e-07,9.340080291376907e-08,-0.310042,0.2096,GTM,621149
18614572,93,7852,1997,4.0393625130298597e-07,5.014750353944736e-07,-0.310042,0.2096,GTM,621210
18621098,93,7853,1997,4.779803213751349e-09,4.4936680735737865e-08,-0.310042,0.2096,GTM,621220
18627624,93,7854,1997,0.0,1.6424162423456408e-08,-0.310042,0.2096,GTM,621230
18634150,93,7855,1997,5.0082931410428285e-09,4.2608695328365094e-08,-0.310042,0.2096,GTM,621290
18640676,93,7856,1997,0.0,1.6091072256256858e-09,-0.310042,0.2096,GTM,621310
18647202,93,7857,1997,4.385855063248797e-09,5.032810138233994e-09,-0.310042,0.2096,GTM,621320
18653728,93,7858,1997,3.610080243797617e-09,3.272569463610303e-09,-0.310042,0.2096,GTM,621390
18660254,93,7859,1997,0.0,1.6979312702122322e-09,-0.310042,0.2096,GTM,621410
18666780,93,7860,1997,1.3009380077749661e-09,1.3250691427500498e-09,-0.310042,0.2096,GTM,621420
18673306,93,7861,1997,7.024398560499351e-10,4.359006844784556e-09,-0.310042,0.2096,GTM,621430
18679832,93,7862,1997,4.335247877761161e-09,9.34641066171871e-10,-0.310042,0.2096,GTM,621440
18686358,93,7863,1997,5.132295897339478e-08,8.866164241547419e-09,-0.310042,0.2096,GTM,621490
18692884,93,7864,1997,0.0,3.219473896659688e-08,-0.310042,0.2096,GTM,621510
18699410,93,7865,1997,5.957708183753979e-10,2.285827129494383e-08,-0.310042,0.2096,GTM,621520
18705936,93,7866,1997,5.409211143438887e-10,1.430862557048653e-08,-0.310042,0.2096,GTM,621590
18712462,93,7867,1997,7.265628164904006e-07,2.3231796288410388e-08,-0.310042,0.2096,GTM,621600
18718988,93,7868,1997,8.447005939371836e-08,3.8772689761034157e-07,-0.310042,0.2096,GTM,621710
18725514,93,7869,1997,2.0083476712620103e-08,2.550441680706656e-05,-0.310042,0.2096,GTM,621790
18732040,93,7870,1997,1.9182244559085803e-09,8.060086036924508e-08,-0.310042,0.2096,GTM,630110
18738566,93,7871,1997,2.4105081255173462e-08,3.3776337253040914e-09,-0.310042,0.2096,GTM,630120
18745092,93,7872,1997,2.4333571182464943e-08,1.5353965259389396e-08,-0.310042,0.2096,GTM,630130
18751618,93,7873,1997,9.383057048669784e-08,3.025618733679572e-08,-0.310042,0.2096,GTM,630140
18758144,93,7874,1997,4.1143944838486533e-08,1.2121499189043914e-08,-0.310042,0.2096,GTM,630190
18764670,93,7875,1997,1.3503936525149787e-08,1.1788077588842177e-08,-0.310042,0.2096,GTM,630210
18771196,93,7876,1997,1.7888609743947075e-07,9.670220704856979e-09,-0.310042,0.2096,GTM,630221
18777722,93,7877,1997,1.4272438455668611e-08,2.2643171276523423e-08,-0.310042,0.2096,GTM,630222
18784248,93,7878,1997,1.618308698560599e-08,1.7378358036757405e-08,-0.310042,0.2096,GTM,630229
18790774,93,7879,1997,7.246312584047827e-08,4.7445462845804527e-07,-0.310042,0.2096,GTM,630231
18797300,93,7880,1997,1.4482746160629205e-08,4.8860184615646596e-08,-0.310042,0.2096,GTM,630232
18803826,93,7881,1997,1.4112131862117958e-08,2.8135016122788638e-08,-0.310042,0.2096,GTM,630239
18810352,93,7882,1997,5.264359438869488e-09,2.3790260897098192e-09,-0.310042,0.2096,GTM,630240
18816878,93,7883,1997,7.157371213145904e-08,2.4079601908008844e-08,-0.310042,0.2096,GTM,630251
18823404,93,7884,1997,0.0,4.749434921362735e-10,-0.310042,0.2096,GTM,630252
18829930,93,7885,1997,2.313990828644221e-09,3.3739879622800166e-08,-0.310042,0.2096,GTM,630253
18836456,93,7886,1997,5.1534478826510765e-09,1.468215056395309e-08,-0.310042,0.2096,GTM,630259
18842982,93,7887,1997,2.4148476159136513e-07,4.6864858512570525e-07,-0.310042,0.2096,GTM,630260
18849508,93,7888,1997,4.579571490332455e-07,6.721792717387133e-09,-0.310042,0.2096,GTM,630291
18856034,93,7889,1997,0.0,0.0,-0.310042,0.2096,GTM,630292
18862560,93,7890,1997,0.0,9.002383205446936e-09,-0.310042,0.2096,GTM,630293
18869086,93,7891,1997,7.615320786253179e-10,2.868817780344142e-08,-0.310042,0.2096,GTM,630299
18875612,93,7892,1997,1.5688227501167013e-09,7.192427580494954e-09,-0.310042,0.2096,GTM,630311
18882138,93,7893,1997,0.0,1.9300006583446948e-08,-0.310042,0.2096,GTM,630312
18888664,93,7894,1997,5.418302254604331e-10,3.8234111132477674e-09,-0.310042,0.2096,GTM,630319
18895190,93,7895,1997,1.684279861917834e-09,1.6853368161290652e-09,-0.310042,0.2096,GTM,630391
18901716,93,7896,1997,0.0,1.857880837068454e-08,-0.310042,0.2096,GTM,630392
18908242,93,7897,1997,2.771879794343726e-09,1.6717812063395513e-08,-0.310042,0.2096,GTM,630399
18914768,93,7898,1997,1.7382204548327988e-09,4.39380731001436e-09,-0.310042,0.2096,GTM,630411
18921294,93,7899,1997,8.87019716412323e-09,1.8351776764185342e-08,-0.310042,0.2096,GTM,630419
18927820,93,7900,1997,1.375788156370451e-09,0.0,-0.310042,0.2096,GTM,630491
18934346,93,7901,1997,3.37462046461263e-08,1.3766401178905969e-08,-0.310042,0.2096,GTM,630492
18940872,93,7902,1997,5.157387364156102e-09,6.834148505129071e-10,-0.310042,0.2096,GTM,630493
18947398,93,7903,1997,1.0204772283210338e-08,3.4144227885470268e-09,-0.310042,0.2096,GTM,630499
18953924,93,7904,1997,5.2542076980680756e-08,2.4910769590897434e-07,-0.310042,0.2096,GTM,630510
18960450,93,7905,1997,1.4511534679319777e-08,5.6327038721953715e-09,-0.310042,0.2096,GTM,630520
18966976,93,7906,1997,3.2914004330041606e-07,1.1034896091368567e-07,-0.310042,0.2096,GTM,630531
18973502,93,7907,1997,1.264573563113192e-08,1.6574898152851785e-07,-0.310042,0.2096,GTM,630539
18980028,93,7908,1997,2.6814838456553323e-08,6.417636651278649e-08,-0.310042,0.2096,GTM,630590
18986554,93,7909,1997,2.681877793805835e-10,2.5486203569297292e-08,-0.310042,0.2096,GTM,630611
18993080,93,7910,1997,6.3577170750334935e-09,2.2718406568020237e-08,-0.310042,0.2096,GTM,630612
18999606,93,7911,1997,8.848681534365015e-10,6.580436541953693e-08,-0.310042,0.2096,GTM,630619
19006132,93,7912,1997,1.0397200802878892e-09,0.0,-0.310042,0.2096,GTM,630621
19012658,93,7913,1997,1.0839634879597142e-09,1.7331957416451e-08,-0.310042,0.2096,GTM,630622
19019184,93,7914,1997,0.0,2.1009538008735782e-09,-0.310042,0.2096,GTM,630629
19025710,93,7915,1997,0.0,4.3914872789990393e-10,-0.310042,0.2096,GTM,630631
19032236,93,7916,1997,0.0,0.0,-0.310042,0.2096,GTM,630639
19038762,93,7917,1997,0.0,4.984752352916645e-10,-0.310042,0.2096,GTM,630641
19045288,93,7918,1997,0.0,4.083917452968012e-09,-0.310042,0.2096,GTM,630649
19051814,93,7919,1997,1.2361486888692387e-08,9.59863117638424e-09,-0.310042,0.2096,GTM,630691
19058340,93,7920,1997,9.103232646997433e-10,1.7882467633086276e-08,-0.310042,0.2096,GTM,630699
19064866,93,7921,1997,8.718072570621477e-09,9.883332125264253e-09,-0.310042,0.2096,GTM,630710
19071392,93,7922,1997,4.97586817788608e-10,1.854268217344598e-08,-0.310042,0.2096,GTM,630720
19077918,93,7923,1997,1.4005459794073032e-06,3.6769144119503814e-07,-0.310042,0.2096,GTM,630790
19084444,93,7924,1997,4.830410399238985e-10,2.6477851111845605e-08,-0.310042,0.2096,GTM,630800
19090970,93,7925,1997,3.2201018785039755e-08,9.194766805897335e-07,-0.310042,0.2096,GTM,630900
19097496,93,7926,1997,3.88796520842134e-10,6.468909336717226e-08,-0.310042,0.2096,GTM,631010
19104022,93,7927,1997,4.324338544362628e-09,8.337598203987051e-07,-0.310042,0.2096,GTM,631090
19110548,93,7928,1997,2.5327835706925615e-09,1.8469766912964487e-08,-0.310042,0.2096,GTM,640110
19117074,93,7929,1997,1.0266894876174203e-09,5.617789387096884e-10,-0.310042,0.2096,GTM,640191
19123600,93,7930,1997,2.838487335482542e-08,1.298935650527478e-07,-0.310042,0.2096,GTM,640192
19130126,93,7931,1997,1.8025127929948152e-07,6.26342087536029e-08,-0.310042,0.2096,GTM,640199
19136652,93,7932,1997,0.0,8.080336593358232e-10,-0.310042,0.2096,GTM,640211
19143178,93,7933,1997,2.8026380537868096e-08,3.5195533368412527e-07,-0.310042,0.2096,GTM,640219
19149704,93,7934,1997,2.9156799603883227e-07,8.269087688104644e-08,-0.310042,0.2096,GTM,640220
19156230,93,7935,1997,0.0,0.0,-0.310042,0.2096,GTM,640230
19162756,93,7936,1997,3.940693653180913e-09,8.051468778867605e-08,-0.310042,0.2096,GTM,640291
19169282,93,7937,1997,6.065998469586354e-07,1.3704575666677708e-06,-0.310042,0.2096,GTM,640299
19175808,93,7938,1997,0.0,4.3723304514725377e-08,-0.310042,0.2096,GTM,640311
19182334,93,7939,1997,1.0817704089095704e-06,3.813995101655589e-07,-0.310042,0.2096,GTM,640319
19188860,93,7940,1997,6.924244819160048e-08,1.2256259847733801e-07,-0.310042,0.2096,GTM,640320
19195386,93,7941,1997,1.5715500834663344e-09,2.737139448574609e-08,-0.310042,0.2096,GTM,640330
19201912,93,7942,1997,1.686837494525712e-07,2.4058390195868774e-08,-0.310042,0.2096,GTM,640340
19208438,93,7943,1997,1.5923081206274306e-08,1.276166203277121e-07,-0.310042,0.2096,GTM,640351
19214964,93,7944,1997,6.06289233993816e-08,2.952746559488363e-07,-0.310042,0.2096,GTM,640359
19221490,93,7945,1997,1.3493224165826506e-06,5.801923620122808e-07,-0.310042,0.2096,GTM,640391
19228016,93,7946,1997,4.772803058153957e-07,8.255366361814035e-07,-0.310042,0.2096,GTM,640399
19234542,93,7947,1997,9.077019943137071e-08,3.054880953442804e-07,-0.310042,0.2096,GTM,640411
19241068,93,7948,1997,1.5562527737452816e-07,2.4199547511500904e-07,-0.310042,0.2096,GTM,640419
19247594,93,7949,1997,3.3715294868163793e-07,2.7075424814791663e-08,-0.310042,0.2096,GTM,640420
19254120,93,7950,1997,2.0931586473244326e-07,2.0572145875747476e-07,-0.310042,0.2096,GTM,640510
19260646,93,7951,1997,4.6323453906478546e-08,7.285029961306452e-08,-0.310042,0.2096,GTM,640520
19267172,93,7952,1997,4.252973321713897e-08,1.564940463754032e-07,-0.310042,0.2096,GTM,640590
19273698,93,7953,1997,4.5155549158757906e-09,8.804583989740776e-08,-0.310042,0.2096,GTM,640610
19280224,93,7954,1997,5.656492397509339e-07,1.245154017262333e-07,-0.310042,0.2096,GTM,640620
19286750,93,7955,1997,5.476788403102018e-09,1.611659259742538e-08,-0.310042,0.2096,GTM,640691
19293276,93,7956,1997,2.982187499304319e-08,1.9179994693354452e-07,-0.310042,0.2096,GTM,640699
19299802,93,7957,1997,0.0,1.7098628582910222e-09,-0.310042,0.2096,GTM,650100
19306328,93,7958,1997,8.889288497570662e-09,3.441931727728681e-09,-0.310042,0.2096,GTM,650200
19312854,93,7959,1997,0.0,2.2243463075883963e-08,-0.310042,0.2096,GTM,650300
19319380,93,7960,1997,6.888910700430358e-08,1.6722750415128122e-07,-0.310042,0.2096,GTM,650400
19325906,93,7961,1997,4.769499954430513e-09,1.3113146731592225e-08,-0.310042,0.2096,GTM,650510
19332432,93,7962,1997,1.6496275765255517e-07,2.518257779599231e-07,-0.310042,0.2096,GTM,650590
19338958,93,7963,1997,3.956754616239863e-09,6.860298569001752e-08,-0.310042,0.2096,GTM,650610
19345484,93,7964,1997,0.0,1.1797689145905645e-08,-0.310042,0.2096,GTM,650691
19352010,93,7965,1997,1.1291160067480837e-09,1.2425423252050867e-09,-0.310042,0.2096,GTM,650692
19358536,93,7966,1997,1.2777859780069699e-08,1.2281813332202542e-07,-0.310042,0.2096,GTM,650699
19365062,93,7967,1997,2.3685374956368822e-09,5.1040682337045436e-09,-0.310042,0.2096,GTM,650700
19371588,93,7968,1997,4.2800951366908036e-09,7.344986191402371e-08,-0.310042,0.2096,GTM,660110
19378114,93,7969,1997,0.0,3.829410050587381e-08,-0.310042,0.2096,GTM,660191
19384640,93,7970,1997,1.0181438431219033e-08,2.660207220106589e-07,-0.310042,0.2096,GTM,660199
19391166,93,7971,1997,0.0,1.3817441861243016e-09,-0.310042,0.2096,GTM,660200
19397692,93,7972,1997,0.0,4.327520709576638e-09,-0.310042,0.2096,GTM,660310
19404218,93,7973,1997,0.0,6.379090993124114e-09,-0.310042,0.2096,GTM,660320
19410744,93,7974,1997,1.020628746840458e-09,3.441832297828025e-08,-0.310042,0.2096,GTM,660390
19417270,93,7975,1997,0.0,1.398978702238109e-09,-0.310042,0.2096,GTM,670100
19423796,93,7976,1997,5.221631216391903e-09,1.889062053914358e-07,-0.310042,0.2096,GTM,670210
19430322,93,7977,1997,6.172864481336142e-10,1.3918462640310103e-07,-0.310042,0.2096,GTM,670290
19436848,93,7978,1997,2.8343054243464377e-09,0.0,-0.310042,0.2096,GTM,670300
19443374,93,7979,1997,0.0,6.078481260139048e-10,-0.310042,0.2096,GTM,670411
19449900,93,7980,1997,2.080955345770019e-09,1.7897382118184763e-09,-0.310042,0.2096,GTM,670419
19456426,93,7981,1997,3.625535132778871e-09,0.0,-0.310042,0.2096,GTM,670420
19462952,93,7982,1997,1.332150822776322e-09,0.0,-0.310042,0.2096,GTM,670490
19469478,93,7983,1997,1.1545105106035559e-08,8.47805619598456e-10,-0.310042,0.2096,GTM,680100
19476004,93,7984,1997,2.58611808952983e-09,1.1046661962946262e-08,-0.310042,0.2096,GTM,680210
19482530,93,7985,1997,1.317041396019355e-07,5.5664172717576505e-08,-0.310042,0.2096,GTM,680221
19489056,93,7986,1997,1.0945091769116288e-08,1.8904938444838126e-09,-0.310042,0.2096,GTM,680222
19495582,93,7987,1997,0.0,2.237802487477254e-08,-0.310042,0.2096,GTM,680223
19502108,93,7988,1997,5.386786402564127e-09,7.525517747694505e-09,-0.310042,0.2096,GTM,680229
19508634,93,7989,1997,1.1170036163053245e-07,1.2123819220059234e-08,-0.310042,0.2096,GTM,680291
19515160,93,7990,1997,0.0,2.3377626809373375e-08,-0.310042,0.2096,GTM,680292
19521686,93,7991,1997,5.251631883237866e-10,7.57655843003155e-10,-0.310042,0.2096,GTM,680293
19528212,93,7992,1997,6.636511150773761e-10,8.830369477311049e-09,-0.310042,0.2096,GTM,680299
19534738,93,7993,1997,0.0,3.5798078566391414e-09,-0.310042,0.2096,GTM,680300
19541264,93,7994,1997,0.0,2.8092924131510684e-08,-0.310042,0.2096,GTM,680410
19547790,93,7995,1997,0.0,3.514416125307329e-08,-0.310042,0.2096,GTM,680421
19554316,93,7996,1997,3.624322984623479e-10,1.8469236620160986e-07,-0.310042,0.2096,GTM,680422
19560842,93,7997,1997,0.0,4.786058268104576e-08,-0.310042,0.2096,GTM,680423
19567368,93,7998,1997,0.0,5.2380003098889595e-08,-0.310042,0.2096,GTM,680430
19573894,93,7999,1997,6.951972708214651e-09,9.380316257842604e-08,-0.310042,0.2096,GTM,680510
19580420,93,8000,1997,3.6261412068565675e-09,2.743970282749716e-07,-0.310042,0.2096,GTM,680520
19586946,93,8001,1997,5.5710632258876665e-08,1.0031615250443436e-07,-0.310042,0.2096,GTM,680530
19593472,93,8002,1997,3.93387531980683e-08,5.733890367763553e-08,-0.310042,0.2096,GTM,680610
19599998,93,8003,1997,0.0,1.2776410801368602e-08,-0.310042,0.2096,GTM,680620
19606524,93,8004,1997,1.8890722927713915e-08,7.471295308536449e-08,-0.310042,0.2096,GTM,680690
19613050,93,8005,1997,1.0345684506274713e-09,8.655903144958966e-08,-0.310042,0.2096,GTM,680710
19619576,93,8006,1997,2.9432775435162205e-08,3.7422100277115585e-08,-0.310042,0.2096,GTM,680790
19626102,93,8007,1997,6.571358187421416e-09,5.1934225710945923e-08,-0.310042,0.2096,GTM,680800
19632628,93,8008,1997,3.060674092365981e-10,2.077166854306502e-07,-0.310042,0.2096,GTM,680911
19639154,93,8009,1997,8.075937085302317e-10,2.5438145783979943e-08,-0.310042,0.2096,GTM,680919
19645680,93,8010,1997,8.118059233702204e-09,1.1038574997692861e-07,-0.310042,0.2096,GTM,680990
19652206,93,8011,1997,2.285505346992498e-09,0.0,-0.310042,0.2096,GTM,681011
19658732,93,8012,1997,1.4427896456597696e-08,2.408987633107669e-08,-0.310042,0.2096,GTM,681019
19665258,93,8013,1997,0.0,0.0,-0.310042,0.2096,GTM,681020
19671784,93,8014,1997,3.656566125556918e-08,2.0568732115824934e-08,-0.310042,0.2096,GTM,681091
19678310,93,8015,1997,3.815236319097792e-10,1.2492737294795374e-07,-0.310042,0.2096,GTM,681099
19684836,93,8016,1997,4.082484683657947e-08,1.3908155073942036e-07,-0.310042,0.2096,GTM,681110
19691362,93,8017,1997,2.980035936328497e-07,5.8373306077466173e-08,-0.310042,0.2096,GTM,681120
19697888,93,8018,1997,0.0,1.0072580369513948e-08,-0.310042,0.2096,GTM,681130
19704414,93,8019,1997,7.454468726032598e-08,2.63267176628476e-08,-0.310042,0.2096,GTM,681190
19710940,93,8020,1997,0.0,6.123556148436698e-09,-0.310042,0.2096,GTM,681210
19717466,93,8021,1997,0.0,0.0,-0.310042,0.2096,GTM,681220
19723992,93,8022,1997,0.0,5.790797414239337e-09,-0.310042,0.2096,GTM,681230
19730518,93,8023,1997,0.0,4.925094412522696e-10,-0.310042,0.2096,GTM,681240
19737044,93,8024,1997,0.0,1.7602406746236904e-09,-0.310042,0.2096,GTM,681250
19743570,93,8025,1997,0.0,4.739823364299265e-09,-0.310042,0.2096,GTM,681260
19750096,93,8026,1997,3.6879607627815834e-10,4.11454186237024e-08,-0.310042,0.2096,GTM,681270
19756622,93,8027,1997,0.0,1.2300207863824012e-07,-0.310042,0.2096,GTM,681290
19763148,93,8028,1997,1.7909488995923711e-09,4.909434203169285e-07,-0.310042,0.2096,GTM,681310
19769674,93,8029,1997,5.075870400705959e-10,1.2587792279823066e-07,-0.310042,0.2096,GTM,681390
19776200,93,8030,1997,0.0,2.2209656909660725e-08,-0.310042,0.2096,GTM,681410
19782726,93,8031,1997,0.0,1.5209460470435163e-09,-0.310042,0.2096,GTM,681490
19789252,93,8032,1997,0.0,1.0677445598508155e-08,-0.310042,0.2096,GTM,681510
19795778,93,8033,1997,0.0,0.0,-0.310042,0.2096,GTM,681520
19802304,93,8034,1997,0.0,2.6024119331849403e-09,-0.310042,0.2096,GTM,681591
19808830,93,8035,1997,4.5334341011678296e-10,2.826904762887371e-07,-0.310042,0.2096,GTM,681599
19815356,93,8036,1997,9.362723263363075e-08,3.225015456456282e-07,-0.310042,0.2096,GTM,690100
19821882,93,8037,1997,1.2025418812609825e-08,3.229542831266178e-07,-0.310042,0.2096,GTM,690210
19828408,93,8038,1997,1.160783377307712e-08,2.267614886024119e-07,-0.310042,0.2096,GTM,690220
19834934,93,8039,1997,4.1940326176579385e-09,2.746263799124861e-07,-0.310042,0.2096,GTM,690290
19841460,93,8040,1997,0.0,8.736905370693861e-09,-0.310042,0.2096,GTM,690310
19847986,93,8041,1997,1.525276327634227e-08,1.054785529465241e-08,-0.310042,0.2096,GTM,690320
19854512,93,8042,1997,7.872871965570193e-08,1.5225104108138467e-07,-0.310042,0.2096,GTM,690390
19861038,93,8043,1997,0.0,5.1780440797930407e-08,-0.310042,0.2096,GTM,690410
19867564,93,8044,1997,3.337952982912008e-09,9.117059024204194e-09,-0.310042,0.2096,GTM,690490
19874090,93,8045,1997,2.9060039877379024e-08,2.878661340509144e-08,-0.310042,0.2096,GTM,690510
19880616,93,8046,1997,0.0,2.0018553332191847e-09,-0.310042,0.2096,GTM,690590
19887142,93,8047,1997,0.0,2.911870927328442e-08,-0.310042,0.2096,GTM,690600
19893668,93,8048,1997,8.488067458135755e-10,4.001224918921955e-08,-0.310042,0.2096,GTM,690710
19900194,93,8049,1997,1.3618484525834376e-09,1.0236142556094024e-07,-0.310042,0.2096,GTM,690790
19906720,93,8050,1997,1.668158291451114e-08,2.0541919185947875e-07,-0.310042,0.2096,GTM,690810
19913246,93,8051,1997,1.0884163142085485e-06,1.9725848276308978e-06,-0.310042,0.2096,GTM,690890
19919772,93,8052,1997,0.0,2.7860258163974284e-09,-0.310042,0.2096,GTM,690911
19926298,93,8053,1997,7.72471715727735e-09,8.253676053502874e-09,-0.310042,0.2096,GTM,690919
19932824,93,8054,1997,3.575534021368932e-09,5.5263138784928286e-09,-0.310042,0.2096,GTM,690990
19939350,93,8055,1997,3.4771630469291726e-06,3.42701061397015e-07,-0.310042,0.2096,GTM,691010
19945876,93,8056,1997,1.256367320101185e-07,3.4260560869238466e-07,-0.310042,0.2096,GTM,691090
19952402,93,8057,1997,6.150439740461382e-09,1.5769625330424192e-06,-0.310042,0.2096,GTM,691110
19958928,93,8058,1997,9.330510426133521e-10,7.402423530681656e-08,-0.310042,0.2096,GTM,691190
19965454,93,8059,1997,1.818343447904241e-08,3.114081516293733e-07,-0.310042,0.2096,GTM,691200
19971980,93,8060,1997,3.2835275307348864e-08,8.753941027006357e-08,-0.310042,0.2096,GTM,691310
19978506,93,8061,1997,6.714815921612114e-08,1.6034662359284356e-07,-0.310042,0.2096,GTM,691390
19985032,93,8062,1997,4.2091844696003443e-10,1.368553152637195e-08,-0.310042,0.2096,GTM,691410
19991558,93,8063,1997,1.768281729086532e-08,1.0555179964000777e-07,-0.310042,0.2096,GTM,691490
19998084,93,8064,1997,4.715256324476699e-10,1.1022235350684962e-07,-0.310042,0.2096,GTM,700100
20004610,93,8065,1997,0.0,4.496220107690639e-09,-0.310042,0.2096,GTM,700210
20011136,93,8066,1997,0.0,0.0,-0.310042,0.2096,GTM,700220
20017662,93,8067,1997,0.0,0.0,-0.310042,0.2096,GTM,700231
20024188,93,8068,1997,0.0,0.0,-0.310042,0.2096,GTM,700232
20030714,93,8069,1997,3.3500744644659326e-09,1.9133627216348268e-09,-0.310042,0.2096,GTM,700239
20037240,93,8070,1997,0.0,3.617558075588424e-08,-0.310042,0.2096,GTM,700311
20043766,93,8071,1997,4.083121061439528e-09,2.2764641471825548e-07,-0.310042,0.2096,GTM,700319
20050292,93,8072,1997,0.0,4.012029634793304e-08,-0.310042,0.2096,GTM,700320
20056818,93,8073,1997,0.0,2.30279649920644e-09,-0.310042,0.2096,GTM,700330
20063344,93,8074,1997,6.587116113441518e-09,7.063831575645775e-09,-0.310042,0.2096,GTM,700410
20069870,93,8075,1997,2.1118348200286422e-08,6.012592379303952e-08,-0.310042,0.2096,GTM,700490
20076396,93,8076,1997,2.1027740125670835e-08,3.407167720129118e-07,-0.310042,0.2096,GTM,700510
20082922,93,8077,1997,6.480750112805829e-09,2.3902053248736407e-07,-0.310042,0.2096,GTM,700521
20089448,93,8078,1997,2.874033580139426e-08,7.688973875713882e-07,-0.310042,0.2096,GTM,700529
20095974,93,8079,1997,1.985195641494014e-09,1.9433905516331144e-08,-0.310042,0.2096,GTM,700530
20102500,93,8080,1997,2.147926531355453e-09,1.9619839430558952e-08,-0.310042,0.2096,GTM,700600
20109026,93,8081,1997,6.683178854756371e-09,3.2273818880919083e-07,-0.310042,0.2096,GTM,700711
20115552,93,8082,1997,9.61869865007808e-09,7.2772081424548e-08,-0.310042,0.2096,GTM,700719
20122078,93,8083,1997,6.712573447524638e-09,2.948219184678467e-07,-0.310042,0.2096,GTM,700721
20128604,93,8084,1997,2.326506258348648e-08,4.7696854777964584e-08,-0.310042,0.2096,GTM,700729
20135130,93,8085,1997,1.1882082293234665e-09,3.0111815121042363e-07,-0.310042,0.2096,GTM,700800
20141656,93,8086,1997,3.916147653034215e-09,9.368252096562939e-08,-0.310042,0.2096,GTM,700910
20148182,93,8087,1997,1.1582075624775029e-09,3.445643777353193e-08,-0.310042,0.2096,GTM,700991
20154708,93,8088,1997,7.343799599445266e-09,4.523463900470542e-08,-0.310042,0.2096,GTM,700992
20161234,93,8089,1997,2.901882684009568e-09,2.3450774072956402e-07,-0.310042,0.2096,GTM,701010
20167760,93,8090,1997,7.879958183686617e-06,1.6627953947842138e-06,-0.310042,0.2096,GTM,701090
20174286,93,8091,1997,0.0,1.0562769779750896e-08,-0.310042,0.2096,GTM,701110
20180812,93,8092,1997,0.0,3.94405272604442e-10,-0.310042,0.2096,GTM,701120
20187338,93,8093,1997,3.008551721684105e-09,4.10870864153172e-08,-0.310042,0.2096,GTM,701190
20193864,93,8094,1997,0.0,2.7251415738953813e-08,-0.310042,0.2096,GTM,701200
20200390,93,8095,1997,3.3464380199997553e-09,6.5505744284565e-08,-0.310042,0.2096,GTM,701310
20206916,93,8096,1997,4.426122624970934e-07,1.628330339752625e-08,-0.310042,0.2096,GTM,701321
20213442,93,8097,1997,3.2053348836009067e-07,7.231135640820562e-07,-0.310042,0.2096,GTM,701329
20219968,93,8098,1997,4.8001066953541724e-09,4.5382458123681543e-08,-0.310042,0.2096,GTM,701331
20226494,93,8099,1997,0.0,7.051369694763484e-08,-0.310042,0.2096,GTM,701332
20233020,93,8100,1997,6.654875195327956e-08,4.5289027160364576e-07,-0.310042,0.2096,GTM,701339
20239546,93,8101,1997,0.0,2.1641912176911643e-08,-0.310042,0.2096,GTM,701391
20246072,93,8102,1997,2.0952283902997654e-08,1.3687288121283548e-07,-0.310042,0.2096,GTM,701399
20252598,93,8103,1997,0.0,2.980245555679952e-08,-0.310042,0.2096,GTM,701400
20259124,93,8104,1997,7.388043007117091e-10,1.2415480261985208e-08,-0.310042,0.2096,GTM,701510
20265650,93,8105,1997,7.548652637706593e-10,1.102346165279306e-08,-0.310042,0.2096,GTM,701590
20272176,93,8106,1997,0.0,7.367490492250976e-08,-0.310042,0.2096,GTM,701610
20278702,93,8107,1997,2.2218675688343934e-09,2.2681882651179053e-07,-0.310042,0.2096,GTM,701690
20285228,93,8108,1997,1.8351923072641962e-09,6.093926038041036e-08,-0.310042,0.2096,GTM,701710
20291754,93,8109,1997,4.839501510404428e-10,2.0447096204021714e-08,-0.310042,0.2096,GTM,701720
20298280,93,8110,1997,9.368996130067231e-09,7.654909191748936e-08,-0.310042,0.2096,GTM,701790
20304806,93,8111,1997,8.992321090779022e-09,1.2046926763551478e-08,-0.310042,0.2096,GTM,701810
20311332,93,8112,1997,0.0,1.584316037061978e-08,-0.310042,0.2096,GTM,701820
20317858,93,8113,1997,6.5607518910617315e-09,1.3555609789514015e-08,-0.310042,0.2096,GTM,701890
20324384,93,8114,1997,4.3704001742675425e-09,3.4518415744941206e-08,-0.310042,0.2096,GTM,701910
20330910,93,8115,1997,9.236568944090604e-10,4.694085609997237e-08,-0.310042,0.2096,GTM,701920
20337436,93,8116,1997,0.0,1.7048184479977115e-07,-0.310042,0.2096,GTM,701931
20343962,93,8117,1997,0.0,0.0,-0.310042,0.2096,GTM,701932
20350488,93,8118,1997,5.813159516223427e-09,7.51839193814745e-08,-0.310042,0.2096,GTM,701939
20357014,93,8119,1997,1.0882969176152423e-08,5.912201322941024e-08,-0.310042,0.2096,GTM,701990
20363540,93,8120,1997,1.773403055043065e-08,5.823377278354477e-08,-0.310042,0.2096,GTM,702000
20370066,93,8121,1997,0.0,0.0,-0.310042,0.2096,GTM,710110
20376592,93,8122,1997,0.0,8.700116307450927e-10,-0.310042,0.2096,GTM,710121
20383118,93,8123,1997,0.0,1.4036187642687495e-09,-0.310042,0.2096,GTM,710122
20389644,93,8124,1997,0.0,0.0,-0.310042,0.2096,GTM,710210
20396170,93,8125,1997,0.0,0.0,-0.310042,0.2096,GTM,710221
20402696,93,8126,1997,0.0,0.0,-0.310042,0.2096,GTM,710229
20409222,93,8127,1997,0.0,0.0,-0.310042,0.2096,GTM,710231
20415748,93,8128,1997,0.0,5.194549443302033e-09,-0.310042,0.2096,GTM,710239
20422274,93,8129,1997,6.503174853680589e-10,0.0,-0.310042,0.2096,GTM,710310
20428800,93,8130,1997,0.0,0.0,-0.310042,0.2096,GTM,710391
20435326,93,8131,1997,3.166737055962822e-10,4.5406321299839123e-10,-0.310042,0.2096,GTM,710399
20441852,93,8132,1997,0.0,0.0,-0.310042,0.2096,GTM,710410
20448378,93,8133,1997,0.0,0.0,-0.310042,0.2096,GTM,710420
20454904,93,8134,1997,0.0,5.763619908059871e-10,-0.310042,0.2096,GTM,710490
20461430,93,8135,1997,0.0,0.0,-0.310042,0.2096,GTM,710510
20467956,93,8136,1997,0.0,0.0,-0.310042,0.2096,GTM,710590
20474482,93,8137,1997,0.0,9.48892685265981e-10,-0.310042,0.2096,GTM,710610
20481008,93,8138,1997,0.0,5.646955491289481e-09,-0.310042,0.2096,GTM,710691
20487534,93,8139,1997,0.0,1.855030513249632e-09,-0.310042,0.2096,GTM,710692
20494060,93,8140,1997,0.0,1.4886313293301272e-08,-0.310042,0.2096,GTM,710700
20500586,93,8141,1997,0.0,0.0,-0.310042,0.2096,GTM,710811
20507112,93,8142,1997,0.0,0.0,-0.310042,0.2096,GTM,710812
20513638,93,8143,1997,0.0,0.0,-0.310042,0.2096,GTM,710813
20520164,93,8144,1997,0.0,0.0,-0.310042,0.2096,GTM,710900
20526690,93,8145,1997,0.0,0.0,-0.310042,0.2096,GTM,711011
20533216,93,8146,1997,0.0,3.592733743724497e-10,-0.310042,0.2096,GTM,711019
20539742,93,8147,1997,0.0,0.0,-0.310042,0.2096,GTM,711021
20546268,93,8148,1997,0.0,0.0,-0.310042,0.2096,GTM,711029
20552794,93,8149,1997,0.0,0.0,-0.310042,0.2096,GTM,711031
20559320,93,8150,1997,0.0,2.8963930061262343e-09,-0.310042,0.2096,GTM,711039
20565846,93,8151,1997,0.0,0.0,-0.310042,0.2096,GTM,711041
20572372,93,8152,1997,0.0,0.0,-0.310042,0.2096,GTM,711049
20578898,93,8153,1997,0.0,3.000462968813457e-09,-0.310042,0.2096,GTM,711100
20585424,93,8154,1997,2.410538429221231e-08,0.0,-0.310042,0.2096,GTM,711210
20591950,93,8155,1997,1.4832147866421084e-08,0.0,-0.310042,0.2096,GTM,711220
20598476,93,8156,1997,0.0,0.0,-0.310042,0.2096,GTM,711290
20605002,93,8157,1997,9.453543463905856e-09,7.220168522778141e-08,-0.310042,0.2096,GTM,711311
20611528,93,8158,1997,5.018111541101508e-08,3.774584403365342e-07,-0.310042,0.2096,GTM,711319
20618054,93,8159,1997,0.0,6.64420425157478e-08,-0.310042,0.2096,GTM,711320
20624580,93,8160,1997,0.0,1.971562356819146e-08,-0.310042,0.2096,GTM,711411
20631106,93,8161,1997,2.8364266836183746e-09,3.685534984337307e-10,-0.310042,0.2096,GTM,711419
20637632,93,8162,1997,5.663156181993609e-09,7.978255228684141e-09,-0.310042,0.2096,GTM,711420
20644158,93,8163,1997,0.0,0.0,-0.310042,0.2096,GTM,711510
20650684,93,8164,1997,4.760711880303917e-10,3.36835360124281e-09,-0.310042,0.2096,GTM,711590
20657210,93,8165,1997,0.0,3.103207199491925e-09,-0.310042,0.2096,GTM,711610
20663736,93,8166,1997,4.363430322374036e-09,1.4711515527947e-07,-0.310042,0.2096,GTM,711620
20670262,93,8167,1997,5.294057068676603e-10,4.1304837897755116e-08,-0.310042,0.2096,GTM,711711
20676788,93,8168,1997,9.010988172372066e-08,3.560442226321261e-07,-0.310042,0.2096,GTM,711719
20683314,93,8169,1997,3.850161337825038e-07,7.673535726471936e-08,-0.310042,0.2096,GTM,711790
20689840,93,8170,1997,0.0,1.114012606956345e-07,-0.310042,0.2096,GTM,711810
20696366,93,8171,1997,0.0,1.4917799428509189e-09,-0.310042,0.2096,GTM,720110
20702892,93,8172,1997,0.0,3.3882395813741266e-09,-0.310042,0.2096,GTM,720120
20709418,93,8173,1997,0.0,0.0,-0.310042,0.2096,GTM,720130
20715944,93,8174,1997,0.0,0.0,-0.310042,0.2096,GTM,720140
20722470,93,8175,1997,0.0,3.061380354615723e-08,-0.310042,0.2096,GTM,720211
20728996,93,8176,1997,0.0,2.538677366864071e-08,-0.310042,0.2096,GTM,720219
20735522,93,8177,1997,0.0,7.876240150610489e-08,-0.310042,0.2096,GTM,720221
20742048,93,8178,1997,2.5285410521486876e-09,1.2645958771707164e-07,-0.310042,0.2096,GTM,720229
20748574,93,8179,1997,0.0,2.830630069831971e-07,-0.310042,0.2096,GTM,720230
20755100,93,8180,1997,0.0,0.0,-0.310042,0.2096,GTM,720241
20761626,93,8181,1997,9.879007466448612e-10,0.0,-0.310042,0.2096,GTM,720249
20768152,93,8182,1997,0.0,0.0,-0.310042,0.2096,GTM,720250
20774678,93,8183,1997,0.0,0.0,-0.310042,0.2096,GTM,720260
20781204,93,8184,1997,0.0,0.0,-0.310042,0.2096,GTM,720270
20787730,93,8185,1997,0.0,0.0,-0.310042,0.2096,GTM,720280
20794256,93,8186,1997,0.0,0.0,-0.310042,0.2096,GTM,720291
20800782,93,8187,1997,0.0,0.0,-0.310042,0.2096,GTM,720292
20807308,93,8188,1997,0.0,0.0,-0.310042,0.2096,GTM,720293
20813834,93,8189,1997,0.0,8.179766494014814e-10,-0.310042,0.2096,GTM,720299
20820360,93,8190,1997,0.0,0.0,-0.310042,0.2096,GTM,720310
20826886,93,8191,1997,3.880086245411289e-09,2.2982426097563682e-07,-0.310042,0.2096,GTM,720390
20833412,93,8192,1997,2.608148882254088e-08,1.5409844863558395e-07,-0.310042,0.2096,GTM,720410
20839938,93,8193,1997,3.4143183167017337e-09,1.0695342980626339e-09,-0.310042,0.2096,GTM,720421
20846464,93,8194,1997,5.413453661982761e-08,2.3213070323786732e-07,-0.310042,0.2096,GTM,720429
20852990,93,8195,1997,2.1392899757482817e-08,9.95293305572386e-09,-0.310042,0.2096,GTM,720430
20859516,93,8196,1997,4.627375583210746e-10,0.0,-0.310042,0.2096,GTM,720441
20866042,93,8197,1997,1.3178171708388062e-08,2.13552226300185e-07,-0.310042,0.2096,GTM,720449
20872568,93,8198,1997,8.234425456619882e-09,6.382073890143811e-09,-0.310042,0.2096,GTM,720450
20879094,93,8199,1997,0.0,5.334414170225625e-09,-0.310042,0.2096,GTM,720510
20885620,93,8200,1997,0.0,0.0,-0.310042,0.2096,GTM,720521
20892146,93,8201,1997,0.0,2.397586337832381e-09,-0.310042,0.2096,GTM,720529
20898672,93,8202,1997,3.236587093417313e-08,2.99301136062525e-06,-0.310042,0.2096,GTM,720610
20905198,93,8203,1997,1.5711258316119473e-08,3.8626560950369204e-07,-0.310042,0.2096,GTM,720690
20911724,93,8204,1997,4.210687533313031e-07,5.354489067168189e-07,-0.310042,0.2096,GTM,720711
20918250,93,8205,1997,0.0,4.749434921362735e-09,-0.310042,0.2096,GTM,720712
20924776,93,8206,1997,0.0,6.393501700059275e-07,-0.310042,0.2096,GTM,720719
20931302,93,8207,1997,1.215481562819797e-09,1.4709990936136932e-07,-0.310042,0.2096,GTM,720720
20937828,93,8208,1997,0.0,0.0,-0.310042,0.2096,GTM,720811
20944354,93,8209,1997,0.0,0.0,-0.310042,0.2096,GTM,720812
20950880,93,8210,1997,0.0,0.0,-0.310042,0.2096,GTM,720813
20957406,93,8211,1997,0.0,0.0,-0.310042,0.2096,GTM,720814
20963932,93,8212,1997,3.8822075046832266e-09,1.8530021432762377e-07,-0.310042,0.2096,GTM,720821
20970458,93,8213,1997,5.783461886416312e-09,1.123700393610318e-07,-0.310042,0.2096,GTM,720822
20976984,93,8214,1997,5.978920776473347e-09,5.749096513903966e-07,-0.310042,0.2096,GTM,720823
20983510,93,8215,1997,8.729860711432668e-08,1.3846273218103403e-06,-0.310042,0.2096,GTM,720824
20990036,93,8216,1997,0.0,0.0,-0.310042,0.2096,GTM,720831
20996562,93,8217,1997,0.0,0.0,-0.310042,0.2096,GTM,720832
21003088,93,8218,1997,0.0,0.0,-0.310042,0.2096,GTM,720833
21009614,93,8219,1997,0.0,0.0,-0.310042,0.2096,GTM,720834
21016140,93,8220,1997,0.0,0.0,-0.310042,0.2096,GTM,720835
21022666,93,8221,1997,0.0,4.3989776648485017e-08,-0.310042,0.2096,GTM,720841
21029192,93,8222,1997,1.2717858446377772e-08,1.6008247149009925e-07,-0.310042,0.2096,GTM,720842
21035718,93,8223,1997,6.080438184487466e-09,6.07999590895905e-07,-0.310042,0.2096,GTM,720843
21042244,93,8224,1997,5.8783124795757726e-08,3.5685789065249913e-07,-0.310042,0.2096,GTM,720844
21048770,93,8225,1997,1.6300059282601362e-08,4.690479618933425e-07,-0.310042,0.2096,GTM,720845
21055296,93,8226,1997,7.506075933748433e-08,1.6659662143161521e-06,-0.310042,0.2096,GTM,720890
21061822,93,8227,1997,3.3882874350646804e-08,0.0,-0.310042,0.2096,GTM,720911
21068348,93,8228,1997,0.0,0.0,-0.310042,0.2096,GTM,720912
21074874,93,8229,1997,0.0,0.0,-0.310042,0.2096,GTM,720913
21081400,93,8230,1997,0.0,0.0,-0.310042,0.2096,GTM,720914
21087926,93,8231,1997,8.310669575594068e-08,1.4838885230688082e-07,-0.310042,0.2096,GTM,720921
21094452,93,8232,1997,0.0,1.6721815774061951e-06,-0.310042,0.2096,GTM,720922
21100978,93,8233,1997,2.0462303314884132e-07,1.0839015872745078e-06,-0.310042,0.2096,GTM,720923
21107504,93,8234,1997,8.413802171025248e-07,4.222683479489349e-06,-0.310042,0.2096,GTM,720924
21114030,93,8235,1997,0.0,0.0,-0.310042,0.2096,GTM,720931
21120556,93,8236,1997,0.0,0.0,-0.310042,0.2096,GTM,720932
21127082,93,8237,1997,0.0,0.0,-0.310042,0.2096,GTM,720933
21133608,93,8238,1997,0.0,0.0,-0.310042,0.2096,GTM,720934
21140134,93,8239,1997,2.6214522082595205e-08,3.767266362677017e-08,-0.310042,0.2096,GTM,720941
21146660,93,8240,1997,4.082575594769601e-08,4.2630105900306475e-07,-0.310042,0.2096,GTM,720942
21153186,93,8241,1997,6.7786355219935276e-09,7.544591716970459e-07,-0.310042,0.2096,GTM,720943
21159712,93,8242,1997,7.251676339635438e-10,6.707756529744446e-07,-0.310042,0.2096,GTM,720944
21166238,93,8243,1997,3.01821860322336e-07,2.4846368844242164e-06,-0.310042,0.2096,GTM,720990
21172764,93,8244,1997,1.707310676870291e-09,5.607965712912014e-07,-0.310042,0.2096,GTM,721011
21179290,93,8245,1997,0.0,1.280139422107358e-06,-0.310042,0.2096,GTM,721012
21185816,93,8246,1997,1.207299562770898e-09,1.5202500377389203e-08,-0.310042,0.2096,GTM,721020
21192342,93,8247,1997,1.8006460848355108e-09,0.0,-0.310042,0.2096,GTM,721031
21198868,93,8248,1997,5.6561863301001026e-09,4.54563676831696e-08,-0.310042,0.2096,GTM,721039
21205394,93,8249,1997,4.79381716161288e-06,9.228291254068713e-07,-0.310042,0.2096,GTM,721041
21211920,93,8250,1997,2.3872936701193475e-06,4.793863515306118e-07,-0.310042,0.2096,GTM,721049
21218446,93,8251,1997,0.0,5.530327532149333e-07,-0.310042,0.2096,GTM,721050
21224972,93,8252,1997,1.0085678726943028e-08,9.494329210595485e-08,-0.310042,0.2096,GTM,721060
21231498,93,8253,1997,2.929853002695249e-08,1.0786294825086936e-06,-0.310042,0.2096,GTM,721070
21238024,93,8254,1997,1.3911824379439353e-08,2.529910963956182e-07,-0.310042,0.2096,GTM,721090
21244550,93,8255,1997,0.0,0.0,-0.310042,0.2096,GTM,721111
21251076,93,8256,1997,0.0,0.0,-0.310042,0.2096,GTM,721112
21257602,93,8257,1997,0.0,0.0,-0.310042,0.2096,GTM,721119
21264128,93,8258,1997,0.0,8.436958503713174e-09,-0.310042,0.2096,GTM,721121
21270654,93,8259,1997,0.0,1.3247045664476423e-08,-0.310042,0.2096,GTM,721122
21277180,93,8260,1997,5.1170834379893025e-09,1.6071716568929044e-07,-0.310042,0.2096,GTM,721129
21283706,93,8261,1997,0.0,0.0,-0.310042,0.2096,GTM,721130
21290232,93,8262,1997,0.0,1.716093798732168e-08,-0.310042,0.2096,GTM,721141
21296758,93,8263,1997,3.479622798573503e-08,1.6529193541849976e-07,-0.310042,0.2096,GTM,721149
21303284,93,8264,1997,9.32748005574504e-10,3.904645342084195e-08,-0.310042,0.2096,GTM,721190
21309810,93,8265,1997,7.702989401591938e-08,5.560683480819787e-08,-0.310042,0.2096,GTM,721210
21316336,93,8266,1997,0.0,0.0,-0.310042,0.2096,GTM,721221
21322862,93,8267,1997,0.0,2.49274075276073e-08,-0.310042,0.2096,GTM,721229
21329388,93,8268,1997,1.8979088528242025e-07,7.735357924370178e-07,-0.310042,0.2096,GTM,721230
21335914,93,8269,1997,1.0259318950203e-08,2.524624607571274e-08,-0.310042,0.2096,GTM,721240
21342440,93,8270,1997,5.3934532174187855e-09,1.5182614397257887e-08,-0.310042,0.2096,GTM,721250
21348966,93,8271,1997,5.684974848790674e-09,0.0,-0.310042,0.2096,GTM,721260
21355492,93,8272,1997,3.4612890577231917e-09,5.802702487677952e-07,-0.310042,0.2096,GTM,721310
21362018,93,8273,1997,1.2039661553435686e-08,9.749008958137254e-07,-0.310042,0.2096,GTM,721320
21368544,93,8274,1997,0.0,1.1717913222278847e-06,-0.310042,0.2096,GTM,721331
21375070,93,8275,1997,0.0,2.651666191640189e-07,-0.310042,0.2096,GTM,721339
21381596,93,8276,1997,0.0,0.0,-0.310042,0.2096,GTM,721341
21388122,93,8277,1997,0.0,0.0,-0.310042,0.2096,GTM,721349
21394648,93,8278,1997,0.0,0.0,-0.310042,0.2096,GTM,721350
21401174,93,8279,1997,1.198066024197196e-07,1.452273128990037e-08,-0.310042,0.2096,GTM,721410
21407700,93,8280,1997,4.3806561598103185e-06,1.998548957589351e-06,-0.310042,0.2096,GTM,721420
21414226,93,8281,1997,1.9960746711886615e-08,3.463110296568533e-08,-0.310042,0.2096,GTM,721430
21420752,93,8282,1997,5.4292721954106325e-08,3.382230701044447e-07,-0.310042,0.2096,GTM,721440
21427278,93,8283,1997,0.0,0.0,-0.310042,0.2096,GTM,721450
21433804,93,8284,1997,0.0,0.0,-0.310042,0.2096,GTM,721460
21440330,93,8285,1997,2.793577246325251e-08,1.2195408748531974e-07,-0.310042,0.2096,GTM,721510
21446856,93,8286,1997,0.0,0.0,-0.310042,0.2096,GTM,721520
21453382,93,8287,1997,0.0,0.0,-0.310042,0.2096,GTM,721530
21459908,93,8288,1997,1.501972779346807e-08,1.175304512051084e-07,-0.310042,0.2096,GTM,721540
21466434,93,8289,1997,4.645739627764942e-08,4.294907702161279e-08,-0.310042,0.2096,GTM,721590
21472960,93,8290,1997,1.1783716470424566e-07,2.0823338948106222e-07,-0.310042,0.2096,GTM,721610
21479486,93,8291,1997,9.301340080774001e-07,3.897251071805367e-07,-0.310042,0.2096,GTM,721621
21486012,93,8292,1997,0.0,1.3929499359282982e-07,-0.310042,0.2096,GTM,721622
21492538,93,8293,1997,1.1906325256342515e-09,2.007632210447332e-07,-0.310042,0.2096,GTM,721631
21499064,93,8294,1997,9.275963759140859e-10,5.210368740496496e-07,-0.310042,0.2096,GTM,721632
21505590,93,8295,1997,7.024398560499351e-10,8.484021990023956e-08,-0.310042,0.2096,GTM,721633
21512116,93,8296,1997,0.0,3.703366079855054e-08,-0.310042,0.2096,GTM,721640
21518642,93,8297,1997,1.8050098181949236e-08,7.935066194168944e-07,-0.310042,0.2096,GTM,721650
21525168,93,8298,1997,1.0244894387153828e-07,1.684528119603725e-07,-0.310042,0.2096,GTM,721660
21531694,93,8299,1997,1.1346130986327886e-07,2.509468176381189e-07,-0.310042,0.2096,GTM,721690
21538220,93,8300,1997,6.423173075424687e-09,2.1282340512837222e-07,-0.310042,0.2096,GTM,721711
21544746,93,8301,1997,8.71028451872308e-08,1.2047788489357167e-07,-0.310042,0.2096,GTM,721712
21551272,93,8302,1997,6.424688260618927e-09,2.887354828156551e-07,-0.310042,0.2096,GTM,721713
21557798,93,8303,1997,0.0,0.0,-0.310042,0.2096,GTM,721719
21564324,93,8304,1997,0.0,0.0,-0.310042,0.2096,GTM,721721
21570850,93,8305,1997,0.0,0.0,-0.310042,0.2096,GTM,721722
21577376,93,8306,1997,0.0,0.0,-0.310042,0.2096,GTM,721723
21583902,93,8307,1997,0.0,0.0,-0.310042,0.2096,GTM,721729
21590428,93,8308,1997,0.0,0.0,-0.310042,0.2096,GTM,721731
21596954,93,8309,1997,7.141673894533572e-09,0.0,-0.310042,0.2096,GTM,721732
21603480,93,8310,1997,0.0,0.0,-0.310042,0.2096,GTM,721733
21610006,93,8311,1997,5.571123833295436e-08,1.1020644472274457e-07,-0.310042,0.2096,GTM,721739
21616532,93,8312,1997,0.0,3.27323232961468e-09,-0.310042,0.2096,GTM,721810
21623058,93,8313,1997,0.0,7.333618039427301e-09,-0.310042,0.2096,GTM,721890
21629584,93,8314,1997,3.775841504047537e-10,2.9081920210041486e-08,-0.310042,0.2096,GTM,721911
21636110,93,8315,1997,0.0,3.408423851207413e-08,-0.310042,0.2096,GTM,721912
21642636,93,8316,1997,5.569820774028389e-10,1.9481631868646306e-09,-0.310042,0.2096,GTM,721913
21649162,93,8317,1997,0.0,3.438120248203512e-08,-0.310042,0.2096,GTM,721914
21655688,93,8318,1997,5.457697069654586e-10,5.285826092104776e-08,-0.310042,0.2096,GTM,721921
21662214,93,8319,1997,0.0,2.1652518032981677e-08,-0.310042,0.2096,GTM,721922
21668740,93,8320,1997,2.8727911282801484e-10,4.086568916985521e-10,-0.310042,0.2096,GTM,721923
21675266,93,8321,1997,2.6003608303556915e-09,4.5485865220364385e-09,-0.310042,0.2096,GTM,721924
21681792,93,8322,1997,0.0,3.0007612585154264e-08,-0.310042,0.2096,GTM,721931
21688318,93,8323,1997,0.0,2.059358959098908e-08,-0.310042,0.2096,GTM,721932
21694844,93,8324,1997,0.0,3.2584471033870465e-07,-0.310042,0.2096,GTM,721933
21701370,93,8325,1997,3.916329475257524e-08,3.116597092780345e-08,-0.310042,0.2096,GTM,721934
21707896,93,8326,1997,0.0,1.0021539687176901e-08,-0.310042,0.2096,GTM,721935
21714422,93,8327,1997,4.2607007662045244e-10,1.3060283167743143e-07,-0.310042,0.2096,GTM,721990
21720948,93,8328,1997,4.676164546465292e-09,4.475008395550568e-09,-0.310042,0.2096,GTM,722011
21727474,93,8329,1997,0.0,1.0787149922232584e-08,-0.310042,0.2096,GTM,722012
21734000,93,8330,1997,0.0,1.9307960975499473e-08,-0.310042,0.2096,GTM,722020
21740526,93,8331,1997,5.100113363813808e-09,2.0003406843991827e-07,-0.310042,0.2096,GTM,722090
21747052,93,8332,1997,0.0,3.010173955777583e-08,-0.310042,0.2096,GTM,722100
21753578,93,8333,1997,0.0,4.2473139230469956e-08,-0.310042,0.2096,GTM,722210
21760104,93,8334,1997,0.0,1.9373584709932818e-08,-0.310042,0.2096,GTM,722220
21766630,93,8335,1997,0.0,3.0505093521439366e-08,-0.310042,0.2096,GTM,722230
21773156,93,8336,1997,0.0,4.691434145979728e-08,-0.310042,0.2096,GTM,722240
21779682,93,8337,1997,8.16866641918984e-09,4.7729666645181254e-08,-0.310042,0.2096,GTM,722300
21786208,93,8338,1997,0.0,3.947367056066306e-10,-0.310042,0.2096,GTM,722410
21792734,93,8339,1997,3.6988700961801156e-09,1.442993004928756e-07,-0.310042,0.2096,GTM,722490
21799260,93,8340,1997,5.666792626459787e-10,2.8591730799804536e-08,-0.310042,0.2096,GTM,722510
21805786,93,8341,1997,0.0,0.0,-0.310042,0.2096,GTM,722520
21812312,93,8342,1997,0.0,9.160476747490901e-08,-0.310042,0.2096,GTM,722530
21818838,93,8343,1997,0.0,5.332757005214682e-10,-0.310042,0.2096,GTM,722540
21825364,93,8344,1997,0.0,1.3317143744439313e-07,-0.310042,0.2096,GTM,722550
21831890,93,8345,1997,1.1523286439238496e-08,1.1694944915227178e-08,-0.310042,0.2096,GTM,722590
21838416,93,8346,1997,2.0464091233413336e-09,2.347672527702777e-08,-0.310042,0.2096,GTM,722610
21844942,93,8347,1997,0.0,1.2012457731323863e-08,-0.310042,0.2096,GTM,722620
21851468,93,8348,1997,2.078361348717479e-07,1.5023095693304508e-07,-0.310042,0.2096,GTM,722691
21857994,93,8349,1997,0.0,0.0,-0.310042,0.2096,GTM,722692
21864520,93,8350,1997,0.0,3.644105859063731e-09,-0.310042,0.2096,GTM,722699
21871046,93,8351,1997,0.0,0.0,-0.310042,0.2096,GTM,722710
21877572,93,8352,1997,0.0,0.0,-0.310042,0.2096,GTM,722720
21884098,93,8353,1997,4.099363846721787e-08,1.002338245466907e-06,-0.310042,0.2096,GTM,722790
21890624,93,8354,1997,0.0,1.0250228458687041e-08,-0.310042,0.2096,GTM,722810
21897150,93,8355,1997,0.0,2.2792647560510484e-09,-0.310042,0.2096,GTM,722820
21903676,93,8356,1997,0.0,5.3620225393079366e-08,-0.310042,0.2096,GTM,722830
21910202,93,8357,1997,5.238601290567397e-09,1.0560118315733388e-08,-0.310042,0.2096,GTM,722840
21916728,93,8358,1997,0.0,3.888106835274983e-08,-0.310042,0.2096,GTM,722850
21923254,93,8359,1997,2.627028089774326e-09,2.9415341810243224e-08,-0.310042,0.2096,GTM,722860
21929780,93,8360,1997,0.0,1.1829771860517503e-07,-0.310042,0.2096,GTM,722870
21936306,93,8361,1997,3.993422097940485e-09,5.132571471892764e-09,-0.310042,0.2096,GTM,722880
21942832,93,8362,1997,0.0,9.743467398340661e-09,-0.310042,0.2096,GTM,722910
21949358,93,8363,1997,0.0,0.0,-0.310042,0.2096,GTM,722920
21955884,93,8364,1997,3.363105057136402e-09,6.645331123782222e-08,-0.310042,0.2096,GTM,722990
21962410,93,8365,1997,5.381937809942557e-10,1.2826722331100832e-07,-0.310042,0.2096,GTM,730110
21968936,93,8366,1997,0.0,1.349528898311569e-07,-0.310042,0.2096,GTM,730120
21975462,93,8367,1997,0.0,2.937556984998059e-08,-0.310042,0.2096,GTM,730210
21981988,93,8368,1997,0.0,4.760703643437147e-09,-0.310042,0.2096,GTM,730220
21988514,93,8369,1997,0.0,1.7268653713032976e-08,-0.310042,0.2096,GTM,730230
21995040,93,8370,1997,0.0,1.0854927971180154e-07,-0.310042,0.2096,GTM,730240
22001566,93,8371,1997,1.289513511410392e-08,2.1394000291274566e-08,-0.310042,0.2096,GTM,730290
22008092,93,8372,1997,6.828030559325771e-09,3.7322637233158786e-07,-0.310042,0.2096,GTM,730300
22014618,93,8373,1997,3.088553499940008e-08,4.387682428133914e-07,-0.310042,0.2096,GTM,730410
22021144,93,8374,1997,9.89158350356081e-08,5.00544371524328e-07,-0.310042,0.2096,GTM,730420
22027670,93,8375,1997,4.059787209448223e-09,3.809159494153657e-08,-0.310042,0.2096,GTM,730431
22034196,93,8376,1997,3.080674536929957e-09,3.852040295976819e-07,-0.310042,0.2096,GTM,730439
22040722,93,8377,1997,0.0,2.9783232442672578e-08,-0.310042,0.2096,GTM,730441
22047248,93,8378,1997,5.506182995870285e-10,9.036255658270612e-08,-0.310042,0.2096,GTM,730449
22053774,93,8379,1997,4.7958641768102985e-09,5.432485195573234e-08,-0.310042,0.2096,GTM,730451
22060300,93,8380,1997,4.545555582721754e-10,5.417139847571902e-08,-0.310042,0.2096,GTM,730459
22066826,93,8381,1997,8.045845507344698e-08,3.0501646618216604e-07,-0.310042,0.2096,GTM,730490
22073352,93,8382,1997,0.0,3.3925482104025784e-09,-0.310042,0.2096,GTM,730511
22079878,93,8383,1997,0.0,5.3045852000286505e-09,-0.310042,0.2096,GTM,730512
22086404,93,8384,1997,5.055263882064287e-09,6.708601683900027e-08,-0.310042,0.2096,GTM,730519
22092930,93,8385,1997,0.0,1.9823471867103632e-07,-0.310042,0.2096,GTM,730520
22099456,93,8386,1997,0.0,6.209529869204423e-08,-0.310042,0.2096,GTM,730531
22105982,93,8387,1997,0.0,0.0,-0.310042,0.2096,GTM,730539
22112508,93,8388,1997,6.501659668486349e-09,2.4566841564526316e-07,-0.310042,0.2096,GTM,730590
22119034,93,8389,1997,3.483410761559104e-09,2.4868710742919697e-07,-0.310042,0.2096,GTM,730610
22125560,93,8390,1997,9.186870869719513e-09,5.940532215968106e-07,-0.310042,0.2096,GTM,730620
22132086,93,8391,1997,3.848917067743527e-06,5.593743922788101e-07,-0.310042,0.2096,GTM,730630
22138612,93,8392,1997,4.242518543873637e-09,7.867656035853804e-08,-0.310042,0.2096,GTM,730640
22145138,93,8393,1997,0.0,8.442228288447972e-08,-0.310042,0.2096,GTM,730650
22151664,93,8394,1997,8.203200520136972e-07,1.0364539701141891e-07,-0.310042,0.2096,GTM,730660
22158190,93,8395,1997,2.4268721256151446e-08,9.411338386847458e-08,-0.310042,0.2096,GTM,730690
22164716,93,8396,1997,2.3155060138384615e-09,5.274259080328393e-08,-0.310042,0.2096,GTM,730711
22171242,93,8397,1997,4.557980101314527e-09,1.503936905371197e-07,-0.310042,0.2096,GTM,730719
22177768,93,8398,1997,0.0,3.085342960673959e-08,-0.310042,0.2096,GTM,730721
22184294,93,8399,1997,2.21762505029052e-09,2.1581094221010033e-07,-0.310042,0.2096,GTM,730722
22190820,93,8400,1997,0.0,1.0782178427199754e-08,-0.310042,0.2096,GTM,730723
22197346,93,8401,1997,4.561313508741857e-09,7.662001857995773e-08,-0.310042,0.2096,GTM,730729
22203872,93,8402,1997,0.0,1.4590675055349034e-08,-0.310042,0.2096,GTM,730791
22210398,93,8403,1997,3.205525796935381e-09,1.744315318868528e-07,-0.310042,0.2096,GTM,730792
22216924,93,8404,1997,0.0,7.0041736352518264e-09,-0.310042,0.2096,GTM,730793
22223450,93,8405,1997,1.031235043200142e-09,1.929901228444038e-07,-0.310042,0.2096,GTM,730799
22229976,93,8406,1997,1.707583410205254e-08,2.2644397578631522e-07,-0.310042,0.2096,GTM,730810
22236502,93,8407,1997,2.39134709355098e-07,3.0360655019085567e-07,-0.310042,0.2096,GTM,730820
22243028,93,8408,1997,5.0062627928825466e-08,1.3515241249847442e-07,-0.310042,0.2096,GTM,730830
22249554,93,8409,1997,3.79223580784922e-08,1.0728519424145419e-07,-0.310042,0.2096,GTM,730840
22256080,93,8410,1997,4.34749966524179e-07,1.3012835219149821e-06,-0.310042,0.2096,GTM,730890
22262606,93,8411,1997,2.423720540411124e-08,3.883284485093139e-07,-0.310042,0.2096,GTM,730900
22269132,93,8412,1997,3.406893909249955e-07,1.2865831425359088e-07,-0.310042,0.2096,GTM,731010
22275658,93,8413,1997,6.343919798654738e-07,1.3132349959739034e-06,-0.310042,0.2096,GTM,731021
22282184,93,8414,1997,1.2689757821765387e-06,4.789713974118716e-07,-0.310042,0.2096,GTM,731029
22288710,93,8415,1997,5.758294660339976e-07,5.094158386939105e-07,-0.310042,0.2096,GTM,731100
22295236,93,8416,1997,5.387695513680671e-09,3.4643995709470466e-07,-0.310042,0.2096,GTM,731210
22301762,93,8417,1997,7.121370412930748e-10,9.240849250521639e-08,-0.310042,0.2096,GTM,731290
22308288,93,8418,1997,1.8733719437886706e-07,1.412186307375325e-07,-0.310042,0.2096,GTM,731300
22314814,93,8419,1997,1.0069920800922927e-09,8.832623221725932e-08,-0.310042,0.2096,GTM,731411
22321340,93,8420,1997,3.765538244726701e-09,2.0039267894828635e-07,-0.310042,0.2096,GTM,731419
22327866,93,8421,1997,4.507403219530776e-08,6.028700023210319e-08,-0.310042,0.2096,GTM,731420
22334392,93,8422,1997,4.184941506492495e-10,1.9894299099671338e-07,-0.310042,0.2096,GTM,731430
22340918,93,8423,1997,2.494085740831657e-08,1.4158618993695966e-07,-0.310042,0.2096,GTM,731441
22347444,93,8424,1997,0.0,2.6130177892549754e-09,-0.310042,0.2096,GTM,731442
22353970,93,8425,1997,2.246383265277206e-08,7.781317738783671e-08,-0.310042,0.2096,GTM,731449
22360496,93,8426,1997,0.0,3.872993490375183e-08,-0.310042,0.2096,GTM,731450
22367022,93,8427,1997,0.0,2.400983526104814e-07,-0.310042,0.2096,GTM,731511
22373548,93,8428,1997,6.610449965432823e-09,1.5056106420322495e-07,-0.310042,0.2096,GTM,731512
22380074,93,8429,1997,0.0,6.011432363796293e-08,-0.310042,0.2096,GTM,731519
22386600,93,8430,1997,0.0,1.4483290762639926e-08,-0.310042,0.2096,GTM,731520
22393126,93,8431,1997,8.118362270741053e-10,3.834447832220648e-08,-0.310042,0.2096,GTM,731581
22399652,93,8432,1997,3.433409650149165e-10,4.437191890000848e-08,-0.310042,0.2096,GTM,731582
22406178,93,8433,1997,8.357761531431065e-10,2.3385050908622402e-07,-0.310042,0.2096,GTM,731589
22412704,93,8434,1997,0.0,4.305016408728032e-08,-0.310042,0.2096,GTM,731590
22419230,93,8435,1997,4.22282113634851e-09,8.177976755802996e-08,-0.310042,0.2096,GTM,731600
22425756,93,8436,1997,3.2085773799165813e-07,3.0779354330750437e-07,-0.310042,0.2096,GTM,731700
22432282,93,8437,1997,2.912185943330404e-10,3.588259398194951e-08,-0.310042,0.2096,GTM,731811
22438808,93,8438,1997,2.179442383395657e-09,3.75003184656321e-08,-0.310042,0.2096,GTM,731812
22445334,93,8439,1997,0.0,3.5542543721704e-08,-0.310042,0.2096,GTM,731813
22451860,93,8440,1997,2.9576414991576215e-10,5.2364094314784543e-08,-0.310042,0.2096,GTM,731814
22458386,93,8441,1997,2.944823032414346e-08,4.82759013760883e-07,-0.310042,0.2096,GTM,731815
22464912,93,8442,1997,2.241564976359521e-09,9.347139814323525e-08,-0.310042,0.2096,GTM,731816
22471438,93,8443,1997,7.490469526247755e-09,5.315489345800656e-08,-0.310042,0.2096,GTM,731819
22477964,93,8444,1997,3.5728066880192987e-10,2.2687914731818884e-08,-0.310042,0.2096,GTM,731821
22484490,93,8445,1997,4.597071879325934e-09,1.0224741260818737e-07,-0.310042,0.2096,GTM,731822
22491016,93,8446,1997,5.291026698288121e-10,5.384626270057199e-08,-0.310042,0.2096,GTM,731823
22497542,93,8447,1997,0.0,2.125976992538818e-08,-0.310042,0.2096,GTM,731824
22504068,93,8448,1997,1.2906650521580148e-08,4.1854685248386015e-08,-0.310042,0.2096,GTM,731829
22510594,93,8449,1997,3.1061296481931987e-10,1.2717747159981218e-08,-0.310042,0.2096,GTM,731910
22517120,93,8450,1997,0.0,5.593926210939305e-09,-0.310042,0.2096,GTM,731920
22523646,93,8451,1997,0.0,2.477295974858741e-08,-0.310042,0.2096,GTM,731930
22530172,93,8452,1997,0.0,1.4341437437703201e-08,-0.310042,0.2096,GTM,731990
22536698,93,8453,1997,6.823697129670242e-08,1.2207042046908793e-07,-0.310042,0.2096,GTM,732010
22543224,93,8454,1997,3.882510541722075e-09,1.1679466994024969e-07,-0.310042,0.2096,GTM,732020
22549750,93,8455,1997,1.254270303792356e-09,3.031518241118529e-08,-0.310042,0.2096,GTM,732090
22556276,93,8456,1997,5.790307493123891e-07,2.863060789096126e-06,-0.310042,0.2096,GTM,732111
22562802,93,8457,1997,5.627397811409532e-10,5.147485956991251e-09,-0.310042,0.2096,GTM,732112
22569328,93,8458,1997,1.1978448071588366e-08,2.1933241785835428e-08,-0.310042,0.2096,GTM,732113
22575854,93,8459,1997,8.514431680515542e-09,2.0484548133269027e-08,-0.310042,0.2096,GTM,732181
22582380,93,8460,1997,0.0,7.699188640841334e-10,-0.310042,0.2096,GTM,732182
22588906,93,8461,1997,0.0,2.660081275565758e-09,-0.310042,0.2096,GTM,732183
22595432,93,8462,1997,3.6734149849168735e-09,1.8030021605660645e-07,-0.310042,0.2096,GTM,732190
22601958,93,8463,1997,0.0,0.0,-0.310042,0.2096,GTM,732211
22608484,93,8464,1997,0.0,9.65331762174536e-09,-0.310042,0.2096,GTM,732219
22615010,93,8465,1997,4.2748525959187315e-08,3.60748251232189e-08,-0.310042,0.2096,GTM,732290
22621536,93,8466,1997,7.3086473029388846e-09,4.762924244551811e-08,-0.310042,0.2096,GTM,732310
22628062,93,8467,1997,3.0170367587718525e-09,7.533273279945718e-08,-0.310042,0.2096,GTM,732391
22634588,93,8468,1997,3.2240110563051162e-09,1.4433840958713386e-07,-0.310042,0.2096,GTM,732392
22641114,93,8469,1997,6.147106333034052e-09,1.9078741911185833e-07,-0.310042,0.2096,GTM,732393
22647640,93,8470,1997,3.840206571098877e-08,7.355293757770436e-07,-0.310042,0.2096,GTM,732394
22654166,93,8471,1997,5.4972130995203805e-08,1.4834709174860506e-07,-0.310042,0.2096,GTM,732399
22660692,93,8472,1997,0.0,7.099394336780612e-08,-0.310042,0.2096,GTM,732410
22667218,93,8473,1997,0.0,3.3030612998116547e-09,-0.310042,0.2096,GTM,732421
22673744,93,8474,1997,0.0,1.4070325241912921e-08,-0.310042,0.2096,GTM,732429
22680270,93,8475,1997,5.216479586731485e-09,3.590413712709177e-07,-0.310042,0.2096,GTM,732490
22686796,93,8476,1997,4.644648694425088e-09,3.259411573423415e-08,-0.310042,0.2096,GTM,732510
22693322,93,8477,1997,0.0,5.9452783365594465e-08,-0.310042,0.2096,GTM,732591
22699848,93,8478,1997,5.6922477377230285e-09,1.9374148146036538e-07,-0.310042,0.2096,GTM,732599
22706374,93,8479,1997,0.0,3.3131700063784075e-08,-0.310042,0.2096,GTM,732611
22712900,93,8480,1997,1.0564477248323052e-08,1.237468085941579e-07,-0.310042,0.2096,GTM,732619
22719426,93,8481,1997,2.988308847489051e-08,3.4694870675306416e-07,-0.310042,0.2096,GTM,732620
22725952,93,8482,1997,2.846457209604247e-08,5.733038584947928e-07,-0.310042,0.2096,GTM,732690
22732478,93,8483,1997,0.0,0.0,-0.310042,0.2096,GTM,740110
22739004,93,8484,1997,0.0,0.0,-0.310042,0.2096,GTM,740120
22745530,93,8485,1997,0.0,1.6436425444537385e-08,-0.310042,0.2096,GTM,740200
22752056,93,8486,1997,0.0,2.054553180567173e-09,-0.310042,0.2096,GTM,740311
22758582,93,8487,1997,0.0,7.95472348552875e-09,-0.310042,0.2096,GTM,740312
22765108,93,8488,1997,0.0,0.0,-0.310042,0.2096,GTM,740313
22771634,93,8489,1997,0.0,4.453796683410498e-09,-0.310042,0.2096,GTM,740319
22778160,93,8490,1997,0.0,0.0,-0.310042,0.2096,GTM,740321
22784686,93,8491,1997,4.800106695354173e-10,8.550971456466054e-10,-0.310042,0.2096,GTM,740322
22791212,93,8492,1997,1.4016069120803104e-08,0.0,-0.310042,0.2096,GTM,740323
22797738,93,8493,1997,0.0,3.9142237558474453e-10,-0.310042,0.2096,GTM,740329
22804264,93,8494,1997,4.2634250691837687e-07,0.0,-0.310042,0.2096,GTM,740400
22810790,93,8495,1997,0.0,6.541161731194342e-09,-0.310042,0.2096,GTM,740500
22817316,93,8496,1997,0.0,0.0,-0.310042,0.2096,GTM,740610
22823842,93,8497,1997,0.0,8.470764669936411e-09,-0.310042,0.2096,GTM,740620
22830368,93,8498,1997,0.0,4.042783303066384e-07,-0.310042,0.2096,GTM,740710
22836894,93,8499,1997,2.235807272621407e-09,1.3478916192807571e-07,-0.310042,0.2096,GTM,740721
22843420,93,8500,1997,0.0,0.0,-0.310042,0.2096,GTM,740722
22849946,93,8501,1997,2.2791415691766875e-09,4.6797345610024704e-08,-0.310042,0.2096,GTM,740729
22856472,93,8502,1997,0.0,1.4644698634705777e-08,-0.310042,0.2096,GTM,740811
22862998,93,8503,1997,2.072288486458963e-08,1.566892604136923e-07,-0.310042,0.2096,GTM,740819
22869524,93,8504,1997,0.0,4.308363882050137e-08,-0.310042,0.2096,GTM,740821
22876050,93,8505,1997,0.0,1.6550769830292456e-08,-0.310042,0.2096,GTM,740822
22882576,93,8506,1997,1.000628302276482e-09,1.519355168633011e-08,-0.310042,0.2096,GTM,740829
22889102,93,8507,1997,0.0,3.198991337124432e-08,-0.310042,0.2096,GTM,740911
22895628,93,8508,1997,0.0,1.1319099890745297e-08,-0.310042,0.2096,GTM,740919
22902154,93,8509,1997,0.0,0.0,-0.310042,0.2096,GTM,740921
22908680,93,8510,1997,0.0,1.3204290807194093e-09,-0.310042,0.2096,GTM,740929
22915206,93,8511,1997,0.0,3.045869290113296e-10,-0.310042,0.2096,GTM,740931
22921732,93,8512,1997,8.824438571257166e-10,9.382868291959457e-10,-0.310042,0.2096,GTM,740939
22928258,93,8513,1997,0.0,0.0,-0.310042,0.2096,GTM,740940
22934784,93,8514,1997,0.0,6.918001054682788e-09,-0.310042,0.2096,GTM,740990
22941310,93,8515,1997,0.0,3.9476984890684946e-09,-0.310042,0.2096,GTM,741011
22947836,93,8516,1997,0.0,3.9196924003835576e-08,-0.310042,0.2096,GTM,741012
22954362,93,8517,1997,1.3203323782612454e-09,0.0,-0.310042,0.2096,GTM,741021
22960888,93,8518,1997,0.0,0.0,-0.310042,0.2096,GTM,741022
22967414,93,8519,1997,2.5116921927887325e-08,1.7559519315753697e-07,-0.310042,0.2096,GTM,741110
22973940,93,8520,1997,0.0,1.3277305497576243e-07,-0.310042,0.2096,GTM,741121
22980466,93,8521,1997,0.0,6.115270323381983e-09,-0.310042,0.2096,GTM,741122
22986992,93,8522,1997,1.6050356762590515e-08,2.372132283264296e-07,-0.310042,0.2096,GTM,741129
22993518,93,8523,1997,8.12533212263456e-09,8.368782735162976e-08,-0.310042,0.2096,GTM,741210
23000044,93,8524,1997,6.078922999293226e-10,6.4214149875036e-08,-0.310042,0.2096,GTM,741220
23006570,93,8525,1997,0.0,9.592466522543531e-08,-0.310042,0.2096,GTM,741300
23013096,93,8526,1997,0.0,5.15974897807223e-09,-0.310042,0.2096,GTM,741410
23019622,93,8527,1997,0.0,3.2586492775183815e-09,-0.310042,0.2096,GTM,741490
23026148,93,8528,1997,0.0,1.9087558029044052e-08,-0.310042,0.2096,GTM,741510
23032674,93,8529,1997,0.0,1.1816249394028207e-08,-0.310042,0.2096,GTM,741521
23039200,93,8530,1997,2.7403639423035214e-09,1.1800009176920965e-08,-0.310042,0.2096,GTM,741529
23045726,93,8531,1997,0.0,0.0,-0.310042,0.2096,GTM,741531
23052252,93,8532,1997,5.027384474490261e-10,2.44852759026877e-08,-0.310042,0.2096,GTM,741532
23058778,93,8533,1997,0.0,8.323276983962482e-09,-0.310042,0.2096,GTM,741539
23065304,93,8534,1997,0.0,1.3353435658178965e-09,-0.310042,0.2096,GTM,741600
23071830,93,8535,1997,0.0,1.5513384533442115e-08,-0.310042,0.2096,GTM,741700
23078356,93,8536,1997,1.0360836358217119e-09,2.59369524522738e-08,-0.310042,0.2096,GTM,741810
23084882,93,8537,1997,0.0,5.4744777569505305e-08,-0.310042,0.2096,GTM,741820
23091408,93,8538,1997,0.0,2.431392504055619e-09,-0.310042,0.2096,GTM,741910
23097934,93,8539,1997,0.0,6.957110148941044e-09,-0.310042,0.2096,GTM,741991
23104460,93,8540,1997,2.231776880004727e-08,3.23919416028991e-08,-0.310042,0.2096,GTM,741999
23110986,93,8541,1997,0.0,0.0,-0.310042,0.2096,GTM,750110
23117512,93,8542,1997,0.0,0.0,-0.310042,0.2096,GTM,750120
23124038,93,8543,1997,0.0,1.0547192428648033e-08,-0.310042,0.2096,GTM,750210
23130564,93,8544,1997,0.0,2.0204155813417466e-09,-0.310042,0.2096,GTM,750220
23137090,93,8545,1997,0.0,0.0,-0.310042,0.2096,GTM,750300
23143616,93,8546,1997,0.0,0.0,-0.310042,0.2096,GTM,750400
23150142,93,8547,1997,0.0,0.0,-0.310042,0.2096,GTM,750511
23156668,93,8548,1997,5.406665632312563e-08,0.0,-0.310042,0.2096,GTM,750512
23163194,93,8549,1997,2.501267718652357e-09,1.3728949249658657e-08,-0.310042,0.2096,GTM,750521
23169720,93,8550,1997,8.730497089214249e-10,2.5290326665003825e-08,-0.310042,0.2096,GTM,750522
23176246,93,8551,1997,0.0,0.0,-0.310042,0.2096,GTM,750610
23182772,93,8552,1997,0.0,1.8527104822343116e-09,-0.310042,0.2096,GTM,750620
23189298,93,8553,1997,1.1469951920401226e-09,6.080469858152179e-09,-0.310042,0.2096,GTM,750711
23195824,93,8554,1997,0.0,0.0,-0.310042,0.2096,GTM,750712
23202350,93,8555,1997,0.0,0.0,-0.310042,0.2096,GTM,750720
23208876,93,8556,1997,2.3364155695189816e-09,2.787550408207496e-08,-0.310042,0.2096,GTM,750800
23215402,93,8557,1997,3.6256260438905256e-08,2.8356413368250626e-08,-0.310042,0.2096,GTM,760110
23221928,93,8558,1997,0.0,3.342826631414244e-07,-0.310042,0.2096,GTM,760120
23228454,93,8559,1997,7.369266832190062e-07,4.2582280118090663e-07,-0.310042,0.2096,GTM,760200
23234980,93,8560,1997,0.0,7.782411467690893e-08,-0.310042,0.2096,GTM,760310
23241506,93,8561,1997,0.0,3.9893264741433836e-08,-0.310042,0.2096,GTM,760320
23248032,93,8562,1997,7.340435888314052e-08,2.660449166198187e-07,-0.310042,0.2096,GTM,760410
23254558,93,8563,1997,1.420334601081124e-09,2.3410140386888078e-07,-0.310042,0.2096,GTM,760421
23261084,93,8564,1997,2.0112416749830098e-07,8.702293822275306e-07,-0.310042,0.2096,GTM,760429
23267610,93,8565,1997,0.0,3.071641520363482e-07,-0.310042,0.2096,GTM,760511
23274136,93,8566,1997,0.0,2.3934434253050237e-08,-0.310042,0.2096,GTM,760519
23280662,93,8567,1997,0.0,1.6267394613421197e-08,-0.310042,0.2096,GTM,760521
23287188,93,8568,1997,1.1379040808746791e-09,9.081595692970014e-09,-0.310042,0.2096,GTM,760529
23293714,93,8569,1997,0.0,1.2179632537627795e-07,-0.310042,0.2096,GTM,760611
23300240,93,8570,1997,0.0,2.978121070135923e-07,-0.310042,0.2096,GTM,760612
23306766,93,8571,1997,5.991042258027272e-10,4.7521990726009875e-07,-0.310042,0.2096,GTM,760691
23313292,93,8572,1997,0.0,7.919657873897196e-08,-0.310042,0.2096,GTM,760692
23319818,93,8573,1997,1.4183648603286114e-08,4.2525737647917283e-07,-0.310042,0.2096,GTM,760711
23326344,93,8574,1997,5.527698625628501e-09,2.3538471245335506e-07,-0.310042,0.2096,GTM,760719
23332870,93,8575,1997,1.9642254784057245e-08,2.6992705766105428e-06,-0.310042,0.2096,GTM,760720
23339396,93,8576,1997,4.038574616728854e-09,4.210392286603184e-08,-0.310042,0.2096,GTM,760810
23345922,93,8577,1997,3.406209045542158e-07,2.0497374590453727e-07,-0.310042,0.2096,GTM,760820
23352448,93,8578,1997,0.0,1.0312140143495872e-07,-0.310042,0.2096,GTM,760900
23358974,93,8579,1997,1.898830085422301e-09,1.6805641808975493e-07,-0.310042,0.2096,GTM,761010
23365500,93,8580,1997,3.0697652035314245e-10,4.257038167331209e-07,-0.310042,0.2096,GTM,761090
23372026,93,8581,1997,0.0,2.7440663983203505e-08,-0.310042,0.2096,GTM,761100
23378552,93,8582,1997,4.684043509475344e-09,2.310227227115508e-07,-0.310042,0.2096,GTM,761210
23385078,93,8583,1997,1.5969748910256915e-08,2.276076039136992e-06,-0.310042,0.2096,GTM,761290
23391604,93,8584,1997,9.361511115207683e-08,1.082824761450397e-08,-0.310042,0.2096,GTM,761300
23398130,93,8585,1997,0.0,2.1501450870584112e-07,-0.310042,0.2096,GTM,761410
23404656,93,8586,1997,0.0,1.4630314442410792e-07,-0.310042,0.2096,GTM,761490
23411182,93,8587,1997,9.076929032025416e-08,4.926135112149568e-07,-0.310042,0.2096,GTM,761510
23417708,93,8588,1997,7.00197381962459e-09,3.851317772032048e-08,-0.310042,0.2096,GTM,761520
23424234,93,8589,1997,6.496508038825931e-09,1.8169985762484893e-07,-0.310042,0.2096,GTM,761610
23430760,93,8590,1997,2.0839857161585002e-08,3.5807623836854446e-07,-0.310042,0.2096,GTM,761690
23437286,93,8591,1997,0.0,2.4417663570241224e-08,-0.310042,0.2096,GTM,780110
23443812,93,8592,1997,0.0,6.012526092703515e-09,-0.310042,0.2096,GTM,780191
23450338,93,8593,1997,7.130461524096192e-10,1.2243135100847133e-08,-0.310042,0.2096,GTM,780199
23456864,93,8594,1997,6.266199889301362e-09,1.1252481857305387e-08,-0.310042,0.2096,GTM,780200
23463390,93,8595,1997,6.281351741243768e-09,9.409714365136734e-09,-0.310042,0.2096,GTM,780300
23469916,93,8596,1997,3.215222982178521e-10,3.436628799693663e-09,-0.310042,0.2096,GTM,780411
23476442,93,8597,1997,0.0,0.0,-0.310042,0.2096,GTM,780419
23482968,93,8598,1997,0.0,0.0,-0.310042,0.2096,GTM,780420
23489494,93,8599,1997,0.0,2.0267128083833303e-09,-0.310042,0.2096,GTM,780500
23496020,93,8600,1997,7.978965232870919e-10,1.593099011619976e-08,-0.310042,0.2096,GTM,780600
23502546,93,8601,1997,2.4445997923877595e-09,1.7768265763522149e-06,-0.310042,0.2096,GTM,790111
23509072,93,8602,1997,0.0,1.9401325652216006e-07,-0.310042,0.2096,GTM,790112
23515598,93,8603,1997,0.0,3.970302219817758e-08,-0.310042,0.2096,GTM,790120
23522124,93,8604,1997,1.2340880370050714e-08,0.0,-0.310042,0.2096,GTM,790200
23528650,93,8605,1997,7.252282413713135e-09,0.0,-0.310042,0.2096,GTM,790310
23535176,93,8606,1997,6.142560777451331e-10,0.0,-0.310042,0.2096,GTM,790390
23541702,93,8607,1997,2.399144236560542e-09,1.4255602918796397e-06,-0.310042,0.2096,GTM,790400
23548228,93,8608,1997,9.154142869523916e-09,1.5066195240909116e-06,-0.310042,0.2096,GTM,790500
23554754,93,8609,1997,0.0,2.1181551736871667e-08,-0.310042,0.2096,GTM,790600
23561280,93,8610,1997,0.0,0.0,-0.310042,0.2096,GTM,790710
23567806,93,8611,1997,3.612201503069554e-10,7.076167511987236e-07,-0.310042,0.2096,GTM,790790
23574332,93,8612,1997,0.0,2.2609033677297998e-08,-0.310042,0.2096,GTM,800110
23580858,93,8613,1997,0.0,1.3141318536778258e-09,-0.310042,0.2096,GTM,800120
23587384,93,8614,1997,0.0,0.0,-0.310042,0.2096,GTM,800200
23593910,93,8615,1997,0.0,3.98332753680377e-08,-0.310042,0.2096,GTM,800300
23600436,93,8616,1997,0.0,2.23064353462998e-08,-0.310042,0.2096,GTM,800400
23606962,93,8617,1997,0.0,3.3010727017985233e-10,-0.310042,0.2096,GTM,800510
23613488,93,8618,1997,0.0,0.0,-0.310042,0.2096,GTM,800520
23620014,93,8619,1997,0.0,5.7569912480161e-10,-0.310042,0.2096,GTM,800600
23626540,93,8620,1997,1.308513933746169e-09,1.0416607825785722e-08,-0.310042,0.2096,GTM,800700
23633066,93,8621,1997,0.0,3.0926013434218895e-09,-0.310042,0.2096,GTM,810110
23639592,93,8622,1997,0.0,0.0,-0.310042,0.2096,GTM,810191
23646118,93,8623,1997,0.0,3.5695334335712946e-10,-0.310042,0.2096,GTM,810192
23652644,93,8624,1997,0.0,0.0,-0.310042,0.2096,GTM,810193
23659170,93,8625,1997,0.0,7.48143715840342e-09,-0.310042,0.2096,GTM,810199
23665696,93,8626,1997,7.878963010051041e-10,0.0,-0.310042,0.2096,GTM,810210
23672222,93,8627,1997,0.0,0.0,-0.310042,0.2096,GTM,810291
23678748,93,8628,1997,0.0,0.0,-0.310042,0.2096,GTM,810292
23685274,93,8629,1997,0.0,0.0,-0.310042,0.2096,GTM,810293
23691800,93,8630,1997,0.0,7.699188640841335e-09,-0.310042,0.2096,GTM,810299
23698326,93,8631,1997,0.0,0.0,-0.310042,0.2096,GTM,810310
23704852,93,8632,1997,0.0,0.0,-0.310042,0.2096,GTM,810390
23711378,93,8633,1997,0.0,0.0,-0.310042,0.2096,GTM,810411
23717904,93,8634,1997,0.0,0.0,-0.310042,0.2096,GTM,810419
23724430,93,8635,1997,5.314057513240579e-09,0.0,-0.310042,0.2096,GTM,810420
23730956,93,8636,1997,0.0,1.831498770094241e-09,-0.310042,0.2096,GTM,810430
23737482,93,8637,1997,0.0,7.978255228684141e-09,-0.310042,0.2096,GTM,810490
23744008,93,8638,1997,5.9007372204505335e-09,8.391220749411146e-09,-0.310042,0.2096,GTM,810510
23750534,93,8639,1997,0.0,1.1987931689161905e-09,-0.310042,0.2096,GTM,810590
23757060,93,8640,1997,0.0,0.0,-0.310042,0.2096,GTM,810600
23763586,93,8641,1997,0.0,0.0,-0.310042,0.2096,GTM,810710
23770112,93,8642,1997,0.0,0.0,-0.310042,0.2096,GTM,810790
23776638,93,8643,1997,0.0,1.4225104453935e-09,-0.310042,0.2096,GTM,810810
23783164,93,8644,1997,0.0,3.262626473544645e-09,-0.310042,0.2096,GTM,810890
23789690,93,8645,1997,0.0,5.027838643201164e-10,-0.310042,0.2096,GTM,810910
23796216,93,8646,1997,0.0,1.8954653395166418e-09,-0.310042,0.2096,GTM,810990
23802742,93,8647,1997,5.991951369143817e-09,1.4057399354827566e-08,-0.310042,0.2096,GTM,811000
23809268,93,8648,1997,0.0,0.0,-0.310042,0.2096,GTM,811100
23815794,93,8649,1997,0.0,0.0,-0.310042,0.2096,GTM,811211
23822320,93,8650,1997,0.0,9.56515644316319e-10,-0.310042,0.2096,GTM,811219
23828846,93,8651,1997,0.0,0.0,-0.310042,0.2096,GTM,811220
23835372,93,8652,1997,0.0,0.0,-0.310042,0.2096,GTM,811230
23841898,93,8653,1997,0.0,0.0,-0.310042,0.2096,GTM,811240
23848424,93,8654,1997,2.054894160429081e-09,0.0,-0.310042,0.2096,GTM,811291
23854950,93,8655,1997,0.0,1.553360194657562e-08,-0.310042,0.2096,GTM,811299
23861476,93,8656,1997,0.0,0.0,-0.310042,0.2096,GTM,811300
23868002,93,8657,1997,8.30866953113767e-09,1.2617720679920696e-07,-0.310042,0.2096,GTM,820110
23874528,93,8658,1997,0.0,2.5584970603949497e-08,-0.310042,0.2096,GTM,820120
23881054,93,8659,1997,4.32252032212954e-09,3.1198782795020117e-07,-0.310042,0.2096,GTM,820130
23887580,93,8660,1997,1.4382713634105443e-07,5.47247258728729e-07,-0.310042,0.2096,GTM,820140
23894106,93,8661,1997,0.0,2.3799541021159473e-08,-0.310042,0.2096,GTM,820150
23900632,93,8662,1997,0.0,1.781286670262667e-08,-0.310042,0.2096,GTM,820160
23907158,93,8663,1997,8.206182404599237e-08,1.4930062449590167e-07,-0.310042,0.2096,GTM,820190
23913684,93,8664,1997,1.6136722318662227e-09,8.945376729070495e-08,-0.310042,0.2096,GTM,820210
23920210,93,8665,1997,0.0,5.699222475734625e-08,-0.310042,0.2096,GTM,820220
23926736,93,8666,1997,0.0,2.3168492584992364e-08,-0.310042,0.2096,GTM,820231
23933262,93,8667,1997,0.0,1.4898244881380061e-08,-0.310042,0.2096,GTM,820232
23939788,93,8668,1997,0.0,1.4035392203482242e-07,-0.310042,0.2096,GTM,820240
23946314,93,8669,1997,0.0,1.2844984289521424e-07,-0.310042,0.2096,GTM,820291
23952840,93,8670,1997,0.0,1.0586301522906288e-07,-0.310042,0.2096,GTM,820299
23959366,93,8671,1997,3.6703846145283924e-09,7.773704722723399e-07,-0.310042,0.2096,GTM,820310
23965892,93,8672,1997,1.41457689734301e-09,1.763886437647765e-07,-0.310042,0.2096,GTM,820320
23972418,93,8673,1997,5.815280775495365e-10,2.0828907022542992e-08,-0.310042,0.2096,GTM,820330
23978944,93,8674,1997,0.0,1.6124546989477907e-08,-0.310042,0.2096,GTM,820340
23985470,93,8675,1997,7.945631158597627e-10,5.3439594406886574e-08,-0.310042,0.2096,GTM,820411
23991996,93,8676,1997,0.0,5.2347854097677305e-08,-0.310042,0.2096,GTM,820412
23998522,93,8677,1997,3.6940215035585455e-10,3.2457896770334635e-08,-0.310042,0.2096,GTM,820420
24005048,93,8678,1997,0.0,8.983955530525249e-08,-0.310042,0.2096,GTM,820510
24011574,93,8679,1997,0.0,1.437000696249186e-07,-0.310042,0.2096,GTM,820520
24018100,93,8680,1997,0.0,8.812372665292207e-08,-0.310042,0.2096,GTM,820530
24024626,93,8681,1997,2.1939881612603666e-10,2.123968508545555e-07,-0.310042,0.2096,GTM,820540
24031152,93,8682,1997,2.0836826791196523e-09,1.519355168633011e-07,-0.310042,0.2096,GTM,820551
24037678,93,8683,1997,2.757637053517864e-09,3.415615947354906e-07,-0.310042,0.2096,GTM,820559
24044204,93,8684,1997,0.0,3.0607837752117833e-09,-0.310042,0.2096,GTM,820560
24050730,93,8685,1997,0.0,9.58729616770939e-08,-0.310042,0.2096,GTM,820570
24057256,93,8686,1997,0.0,4.190307446670555e-09,-0.310042,0.2096,GTM,820580
24063782,93,8687,1997,1.090630302814373e-09,5.0456697387189116e-08,-0.310042,0.2096,GTM,820590
24070308,93,8688,1997,2.712787571768343e-09,1.255541127550924e-07,-0.310042,0.2096,GTM,820600
24076834,93,8689,1997,0.0,7.908223435321689e-08,-0.310042,0.2096,GTM,820711
24083360,93,8690,1997,3.7184917444455307e-07,1.5924692889158177e-07,-0.310042,0.2096,GTM,820712
24089886,93,8691,1997,0.0,1.1079805263165123e-08,-0.310042,0.2096,GTM,820720
24096412,93,8692,1997,0.0,9.587627600711578e-08,-0.310042,0.2096,GTM,820730
24102938,93,8693,1997,0.0,3.387311568967998e-08,-0.310042,0.2096,GTM,820740
24109464,93,8694,1997,0.0,1.5125972497183854e-07,-0.310042,0.2096,GTM,820750
24115990,93,8695,1997,0.0,1.64476941666118e-08,-0.310042,0.2096,GTM,820760
24122516,93,8696,1997,0.0,2.1050967134009358e-08,-0.310042,0.2096,GTM,820770
24129042,93,8697,1997,0.0,6.941532797838179e-09,-0.310042,0.2096,GTM,820780
24135568,93,8698,1997,3.285679093710708e-08,1.5470265099857377e-07,-0.310042,0.2096,GTM,820790
24142094,93,8699,1997,0.0,3.798918214386029e-08,-0.310042,0.2096,GTM,820810
24148620,93,8700,1997,0.0,2.5418591236850816e-08,-0.310042,0.2096,GTM,820820
24155146,93,8701,1997,0.0,2.1281644503532626e-08,-0.310042,0.2096,GTM,820830
24161672,93,8702,1997,0.0,1.1510005300005934e-08,-0.310042,0.2096,GTM,820840
24168198,93,8703,1997,8.256547160455794e-09,8.471162389539037e-08,-0.310042,0.2096,GTM,820890
24174724,93,8704,1997,1.0824179990615888e-08,4.666576670815583e-09,-0.310042,0.2096,GTM,820900
24181250,93,8705,1997,9.415360797010993e-10,3.197831321616772e-07,-0.310042,0.2096,GTM,821000
24187776,93,8706,1997,0.0,2.7778062779431508e-08,-0.310042,0.2096,GTM,821110
24194302,93,8707,1997,0.0,8.630018227488036e-08,-0.310042,0.2096,GTM,821191
24200828,93,8708,1997,4.3546422482474407e-10,1.5424295342453818e-07,-0.310042,0.2096,GTM,821192
24207354,93,8709,1997,0.0,8.415017638968288e-08,-0.310042,0.2096,GTM,821193
24213880,93,8710,1997,0.0,9.526378781907124e-09,-0.310042,0.2096,GTM,821194
24220406,93,8711,1997,8.929592423737462e-09,3.4903540893484366e-07,-0.310042,0.2096,GTM,821210
24226932,93,8712,1997,1.1072973399510192e-08,1.1629619470495803e-07,-0.310042,0.2096,GTM,821220
24233458,93,8713,1997,2.129441271985718e-09,1.8676912539332368e-08,-0.310042,0.2096,GTM,821290
24239984,93,8714,1997,0.0,1.8437816771553506e-07,-0.310042,0.2096,GTM,821300
24246510,93,8715,1997,4.0173620240094865e-09,7.283173936494195e-08,-0.310042,0.2096,GTM,821410
24253036,93,8716,1997,6.027709739727894e-09,4.9706333070234105e-08,-0.310042,0.2096,GTM,821420
24259562,93,8717,1997,1.3985159342840597e-09,5.889763308692855e-08,-0.310042,0.2096,GTM,821490
24266088,93,8718,1997,5.009202252159373e-10,4.794609239561042e-08,-0.310042,0.2096,GTM,821510
24272614,93,8719,1997,1.5813381798211285e-08,1.3561940159855818e-07,-0.310042,0.2096,GTM,821520
24279140,93,8720,1997,0.0,2.3729277224695486e-08,-0.310042,0.2096,GTM,821591
24285666,93,8721,1997,2.1864122352891636e-09,1.996237543832088e-07,-0.310042,0.2096,GTM,821599
24292192,93,8722,1997,1.9603466043084686e-09,5.145053238755187e-07,-0.310042,0.2096,GTM,830110
24298718,93,8723,1997,0.0,4.195444658204478e-08,-0.310042,0.2096,GTM,830120
24305244,93,8724,1997,3.705233873995926e-09,3.196094612685304e-07,-0.310042,0.2096,GTM,830130
24311770,93,8725,1997,2.9524898694972033e-08,9.779010273495366e-07,-0.310042,0.2096,GTM,830140
24318296,93,8726,1997,0.0,2.108576759923916e-08,-0.310042,0.2096,GTM,830150
24324822,93,8727,1997,1.7861003069708013e-09,9.958003980657346e-08,-0.310042,0.2096,GTM,830160
24331348,93,8728,1997,3.856752393419984e-09,8.667304440234254e-08,-0.310042,0.2096,GTM,830170
24337874,93,8729,1997,4.740711435739941e-09,5.510547610578716e-07,-0.310042,0.2096,GTM,830210
24344400,93,8730,1997,0.0,6.087330521297483e-08,-0.310042,0.2096,GTM,830220
24350926,93,8731,1997,0.0,1.048905908006415e-07,-0.310042,0.2096,GTM,830230
24357452,93,8732,1997,3.3915905387881248e-09,4.938855510773567e-07,-0.310042,0.2096,GTM,830241
24363978,93,8733,1997,4.5967991459909706e-08,2.0572179019047696e-07,-0.310042,0.2096,GTM,830242
24370504,93,8734,1997,8.882015608638307e-10,4.072347126861608e-07,-0.310042,0.2096,GTM,830249
24377030,93,8735,1997,2.287626606264435e-09,7.96549505809988e-08,-0.310042,0.2096,GTM,830250
24383556,93,8736,1997,0.0,1.692847087958659e-07,-0.310042,0.2096,GTM,830260
24390082,93,8737,1997,8.894258305007771e-08,5.4899888214529576e-08,-0.310042,0.2096,GTM,830300
24396608,93,8738,1997,1.4373046752566188e-09,2.4027898359667424e-08,-0.310042,0.2096,GTM,830400
24403134,93,8739,1997,0.0,3.2469828358413426e-08,-0.310042,0.2096,GTM,830510
24409660,93,8740,1997,4.0264531351749296e-09,8.965859288605751e-08,-0.310042,0.2096,GTM,830520
24416186,93,8741,1997,6.9510635970981066e-09,8.437985946019957e-08,-0.310042,0.2096,GTM,830590
24422712,93,8742,1997,0.0,1.1572646137419581e-08,-0.310042,0.2096,GTM,830610
24429238,93,8743,1997,0.0,2.2614336605333013e-08,-0.310042,0.2096,GTM,830621
24435764,93,8744,1997,7.212281524585183e-10,7.579408753850372e-08,-0.310042,0.2096,GTM,830629
24442290,93,8745,1997,3.2121926117900396e-10,6.852675609951415e-08,-0.310042,0.2096,GTM,830630
24448816,93,8746,1997,0.0,1.188452459247906e-08,-0.310042,0.2096,GTM,830710
24455342,93,8747,1997,3.009157795761801e-10,7.451939621208633e-09,-0.310042,0.2096,GTM,830790
24461868,93,8748,1997,5.010717437353614e-09,1.1093957452358577e-07,-0.310042,0.2096,GTM,830810
24468394,93,8749,1997,1.7924640847866117e-09,8.181589375526851e-08,-0.310042,0.2096,GTM,830820
24474920,93,8750,1997,5.623458329904506e-09,6.022767372471143e-07,-0.310042,0.2096,GTM,830890
24481446,93,8751,1997,2.1310261556988933e-07,3.0851838728329084e-07,-0.310042,0.2096,GTM,830910
24487972,93,8752,1997,4.1862748694634266e-07,8.68727659294614e-07,-0.310042,0.2096,GTM,830990
24494498,93,8753,1997,8.687768866736664e-09,9.038211112983525e-08,-0.310042,0.2096,GTM,831000
24501024,93,8754,1997,3.450834279882932e-08,3.3286446132505934e-07,-0.310042,0.2096,GTM,831110
24507550,93,8755,1997,0.0,2.131644496876243e-08,-0.310042,0.2096,GTM,831120
24514076,93,8756,1997,3.7100824666174956e-09,5.091838355923784e-08,-0.310042,0.2096,GTM,831130
24520602,93,8757,1997,2.8485481651722993e-10,1.1027339418918667e-07,-0.310042,0.2096,GTM,831190
24527128,93,8758,1997,2.9091555729419227e-10,3.159550809863988e-09,-0.310042,0.2096,GTM,840110
24533654,93,8759,1997,0.0,1.881876586426909e-08,-0.310042,0.2096,GTM,840120
24540180,93,8760,1997,8.418368939200689e-10,2.551039817845706e-09,-0.310042,0.2096,GTM,840130
24546706,93,8761,1997,0.0,2.8808156550233697e-09,-0.310042,0.2096,GTM,840140
24553232,93,8762,1997,1.2125724072468551e-08,6.514647091019255e-08,-0.310042,0.2096,GTM,840211
24559758,93,8763,1997,0.0,2.0731797152901727e-08,-0.310042,0.2096,GTM,840212
24566284,93,8764,1997,6.421385156895483e-08,1.7444014914490969e-07,-0.310042,0.2096,GTM,840219
24572810,93,8765,1997,3.094008166639274e-10,7.578348168243369e-08,-0.310042,0.2096,GTM,840220
24579336,93,8766,1997,5.0995982008477665e-08,6.055758213508996e-07,-0.310042,0.2096,GTM,840290
24585862,93,8767,1997,1.1436617846127934e-09,6.367026831844449e-08,-0.310042,0.2096,GTM,840310
24592388,93,8768,1997,0.0,1.0217449734770588e-07,-0.310042,0.2096,GTM,840390
24598914,93,8769,1997,1.6570277410142228e-07,4.050409576446744e-08,-0.310042,0.2096,GTM,840410
24605440,93,8770,1997,1.4336682307904412e-09,6.82486838106779e-09,-0.310042,0.2096,GTM,840420
24611966,93,8771,1997,8.674859488881735e-08,1.323203174947728e-07,-0.310042,0.2096,GTM,840490
24618492,93,8772,1997,0.0,7.923237350320833e-09,-0.310042,0.2096,GTM,840510
24625018,93,8773,1997,0.0,1.3896886351867624e-07,-0.310042,0.2096,GTM,840590
24631544,93,8774,1997,0.0,2.2816179303665876e-08,-0.310042,0.2096,GTM,840611
24638070,93,8775,1997,9.057777091170216e-10,1.354089416421684e-07,-0.310042,0.2096,GTM,840619
24644596,93,8776,1997,3.072310714657749e-08,2.1212507579276083e-07,-0.310042,0.2096,GTM,840690
24651122,93,8777,1997,0.0,2.120276344901174e-08,-0.310042,0.2096,GTM,840710
24657648,93,8778,1997,9.062625683791786e-09,6.210968288433921e-07,-0.310042,0.2096,GTM,840721
24664174,93,8779,1997,1.463971934675253e-09,6.043581365008587e-08,-0.310042,0.2096,GTM,840729
24670700,93,8780,1997,0.0,5.728819442830068e-09,-0.310042,0.2096,GTM,840731
24677226,93,8781,1997,0.0,1.4362649149843273e-08,-0.310042,0.2096,GTM,840732
24683752,93,8782,1997,0.0,1.4707339472119424e-08,-0.310042,0.2096,GTM,840733
24690278,93,8783,1997,1.2530581556369636e-09,1.8089745832655031e-07,-0.310042,0.2096,GTM,840734
24696804,93,8784,1997,1.3230597116108785e-09,2.96347836009923e-07,-0.310042,0.2096,GTM,840790
24703330,93,8785,1997,1.3039683781634473e-09,1.6396355194572783e-07,-0.310042,0.2096,GTM,840810
24709856,93,8786,1997,3.122493648290997e-09,3.119444102269145e-07,-0.310042,0.2096,GTM,840820
24716382,93,8787,1997,1.1094185992229561e-08,1.1986019320739278e-06,-0.310042,0.2096,GTM,840890
24722908,93,8788,1997,0.0,6.4386031029971e-07,-0.310042,0.2096,GTM,840910
24729434,93,8789,1997,7.95138886233574e-09,2.458044357493614e-06,-0.310042,0.2096,GTM,840991
24735960,93,8790,1997,4.521373227021674e-08,1.6595864604570236e-06,-0.310042,0.2096,GTM,840999
24742486,93,8791,1997,0.0,1.3891881713534575e-07,-0.310042,0.2096,GTM,841011
24749012,93,8792,1997,0.0,4.1626029620176093e-07,-0.310042,0.2096,GTM,841012
24755538,93,8793,1997,4.854653362346834e-10,1.9783003897536405e-07,-0.310042,0.2096,GTM,841013
24762064,93,8794,1997,0.0,1.880017247284631e-07,-0.310042,0.2096,GTM,841090
24768590,93,8795,1997,0.0,4.417199851308831e-07,-0.310042,0.2096,GTM,841111
24775116,93,8796,1997,0.0,0.0,-0.310042,0.2096,GTM,841112
24781642,93,8797,1997,0.0,2.170886164335374e-09,-0.310042,0.2096,GTM,841121
24788168,93,8798,1997,0.0,0.0,-0.310042,0.2096,GTM,841122
24794694,93,8799,1997,0.0,4.175094671870098e-08,-0.310042,0.2096,GTM,841181
24801220,93,8800,1997,0.0,5.3287466658882004e-08,-0.310042,0.2096,GTM,841182
24807746,93,8801,1997,0.0,4.538510958769905e-08,-0.310042,0.2096,GTM,841191
24814272,93,8802,1997,8.724436348437287e-10,1.4503879380735883e-06,-0.310042,0.2096,GTM,841199
24820798,93,8803,1997,0.0,5.258516012724435e-09,-0.310042,0.2096,GTM,841210
24827324,93,8804,1997,0.0,1.9844882439045018e-08,-0.310042,0.2096,GTM,841221
24833850,93,8805,1997,0.0,1.4061840557056895e-07,-0.310042,0.2096,GTM,841229
24840376,93,8806,1997,0.0,2.7310742246345573e-08,-0.310042,0.2096,GTM,841231
24846902,93,8807,1997,0.0,7.035328337457555e-09,-0.310042,0.2096,GTM,841239
24853428,93,8808,1997,0.0,2.6098194607838556e-07,-0.310042,0.2096,GTM,841280
24859954,93,8809,1997,4.626466472094201e-09,2.987977887621012e-07,-0.310042,0.2096,GTM,841290
24866480,93,8810,1997,6.040437295359515e-09,4.5718133468298166e-07,-0.310042,0.2096,GTM,841311
24873006,93,8811,1997,1.6275816319493513e-08,1.8021967783707462e-07,-0.310042,0.2096,GTM,841319
24879532,93,8812,1997,1.1190248733544415e-08,6.507620711372855e-08,-0.310042,0.2096,GTM,841320
24886058,93,8813,1997,7.3083442659000365e-09,5.09731362911994e-07,-0.310042,0.2096,GTM,841330
24892584,93,8814,1997,5.360725217223189e-10,1.841822908112416e-07,-0.310042,0.2096,GTM,841340
24899110,93,8815,1997,0.0,2.5876731075776125e-07,-0.310042,0.2096,GTM,841350
24905636,93,8816,1997,1.6464002320618194e-09,1.2789071542052207e-07,-0.310042,0.2096,GTM,841360
24912162,93,8817,1997,3.428258020488747e-09,6.746607106260994e-07,-0.310042,0.2096,GTM,841370
24918688,93,8818,1997,7.211069376429791e-08,4.1732485900479074e-07,-0.310042,0.2096,GTM,841381
24925214,93,8819,1997,1.7382204548327988e-09,6.366662255542042e-08,-0.310042,0.2096,GTM,841382
24931740,93,8820,1997,5.246177216538601e-09,1.1055395222553932e-06,-0.310042,0.2096,GTM,841391
24938266,93,8821,1997,4.4834329897578904e-09,1.4549245930075459e-08,-0.310042,0.2096,GTM,841392
24944792,93,8822,1997,5.3983018100403555e-09,1.6412164548777179e-07,-0.310042,0.2096,GTM,841410
24951318,93,8823,1997,1.112661095538631e-08,6.251257284179968e-08,-0.310042,0.2096,GTM,841420
24957844,93,8824,1997,1.624136100817648e-07,1.075234945700278e-06,-0.310042,0.2096,GTM,841430
24964370,93,8825,1997,3.68132425163081e-08,1.9386974603221238e-07,-0.310042,0.2096,GTM,841440
24970896,93,8826,1997,1.4342743048681376e-09,3.4942782560943494e-07,-0.310042,0.2096,GTM,841451
24977422,93,8827,1997,2.110046901499438e-09,2.652614090026448e-07,-0.310042,0.2096,GTM,841459
24983948,93,8828,1997,1.127297784514995e-09,1.9837723486197742e-07,-0.310042,0.2096,GTM,841460
24990474,93,8829,1997,2.107834731115847e-08,6.481841852462626e-07,-0.310042,0.2096,GTM,841480
24997000,93,8830,1997,7.237130561770729e-09,1.1517127795222968e-06,-0.310042,0.2096,GTM,841490
25003526,93,8831,1997,3.132766603907948e-08,3.055772508218691e-07,-0.310042,0.2096,GTM,841510
25010052,93,8832,1997,0.0,3.136483072911661e-08,-0.310042,0.2096,GTM,841581
25016578,93,8833,1997,1.502760675647812e-09,3.553803623287423e-07,-0.310042,0.2096,GTM,841582
25023104,93,8834,1997,2.1212592719368186e-09,7.497047652806503e-08,-0.310042,0.2096,GTM,841583
25029630,93,8835,1997,5.464363884509245e-09,4.6458952514790135e-07,-0.310042,0.2096,GTM,841590
25036156,93,8836,1997,0.0,2.1524717467337753e-07,-0.310042,0.2096,GTM,841610
25042682,93,8837,1997,0.0,1.7064822416686983e-08,-0.310042,0.2096,GTM,841620
25049208,93,8838,1997,0.0,5.666178605416421e-09,-0.310042,0.2096,GTM,841630
25055734,93,8839,1997,0.0,2.6483816905885e-08,-0.310042,0.2096,GTM,841690
25062260,93,8840,1997,0.0,1.643244824851112e-08,-0.310042,0.2096,GTM,841710
25068786,93,8841,1997,0.0,1.1736274610600097e-07,-0.310042,0.2096,GTM,841720
25075312,93,8842,1997,1.4527595642378727e-09,2.0782605832137242e-07,-0.310042,0.2096,GTM,841780
25081838,93,8843,1997,0.0,8.891525494874891e-07,-0.310042,0.2096,GTM,841790
25088364,93,8844,1997,0.0,1.3306355600218073e-06,-0.310042,0.2096,GTM,841810
25094890,93,8845,1997,2.167866368511659e-08,5.301155199889001e-06,-0.310042,0.2096,GTM,841821
25101416,93,8846,1997,0.0,8.34279838779139e-08,-0.310042,0.2096,GTM,841822
25107942,93,8847,1997,1.3171504893533403e-08,7.314858931503426e-08,-0.310042,0.2096,GTM,841829
25114468,93,8848,1997,1.3006822445141783e-06,1.7132832468736085e-07,-0.310042,0.2096,GTM,841830
25120994,93,8849,1997,3.518820639548507e-07,4.3151251152947844e-08,-0.310042,0.2096,GTM,841840
25127520,93,8850,1997,3.294509896059781e-06,8.854080194287623e-07,-0.310042,0.2096,GTM,841850
25134046,93,8851,1997,7.839568195000786e-09,1.1807101843167802e-07,-0.310042,0.2096,GTM,841861
25140572,93,8852,1997,4.4795238119567497e-08,4.111532450710367e-07,-0.310042,0.2096,GTM,841869
25147098,93,8853,1997,3.2864063826039433e-08,7.773562206532458e-08,-0.310042,0.2096,GTM,841891
25153624,93,8854,1997,2.541541341115272e-07,1.7389374869750154e-06,-0.310042,0.2096,GTM,841899
25160150,93,8855,1997,1.5791260094375374e-09,2.5114667173843864e-08,-0.310042,0.2096,GTM,841911
25166676,93,8856,1997,7.700171157130651e-10,6.153915411437174e-08,-0.310042,0.2096,GTM,841919
25173202,93,8857,1997,6.424385223580079e-10,1.0118748986718821e-07,-0.310042,0.2096,GTM,841920
25179728,93,8858,1997,4.421310396794026e-10,1.8876634066451222e-07,-0.310042,0.2096,GTM,841931
25186254,93,8859,1997,4.622526990589176e-09,3.771376131904156e-08,-0.310042,0.2096,GTM,841932
25192780,93,8860,1997,0.0,7.23067494894752e-08,-0.310042,0.2096,GTM,841939
25199306,93,8861,1997,6.08801411045867e-10,2.708801926887483e-08,-0.310042,0.2096,GTM,841940
25205832,93,8862,1997,0.0,7.360331539403703e-08,-0.310042,0.2096,GTM,841950
25212358,93,8863,1997,0.0,7.862253677918128e-09,-0.310042,0.2096,GTM,841960
25218884,93,8864,1997,6.0813472956040105e-09,2.4099289028338847e-07,-0.310042,0.2096,GTM,841981
25225410,93,8865,1997,1.3770790941559438e-07,4.0846631772229367e-07,-0.310042,0.2096,GTM,841989
25231936,93,8866,1997,0.0,3.9942217395857094e-07,-0.310042,0.2096,GTM,841990
25238462,93,8867,1997,0.0,2.5440797247997454e-09,-0.310042,0.2096,GTM,842010
25244988,93,8868,1997,0.0,1.150781784219149e-07,-0.310042,0.2096,GTM,842091
25251514,93,8869,1997,0.0,1.7079074035781094e-08,-0.310042,0.2096,GTM,842099
25258040,93,8870,1997,0.0,1.32215253233079e-08,-0.310042,0.2096,GTM,842111
25264566,93,8871,1997,0.0,9.970167571837668e-09,-0.310042,0.2096,GTM,842112
25271092,93,8872,1997,7.741687231452843e-09,3.5316373841010495e-07,-0.310042,0.2096,GTM,842119
25277618,93,8873,1997,1.8676475741248297e-08,1.5893604473552886e-07,-0.310042,0.2096,GTM,842121
25284144,93,8874,1997,0.0,1.9384521999005042e-08,-0.310042,0.2096,GTM,842122
25290670,93,8875,1997,1.3127867559939273e-08,8.669163779376533e-07,-0.310042,0.2096,GTM,842123
25297196,93,8876,1997,9.71051887284906e-09,1.5636545037055402e-07,-0.310042,0.2096,GTM,842129
25303722,93,8877,1997,3.438561279809583e-09,2.0273789887177293e-07,-0.310042,0.2096,GTM,842131
25310248,93,8878,1997,2.463478999907997e-08,3.214214054914955e-07,-0.310042,0.2096,GTM,842139
25316774,93,8879,1997,8.645646718336776e-10,2.113807766997459e-06,-0.310042,0.2096,GTM,842191
25323300,93,8880,1997,5.670429070925965e-09,3.612225318583209e-07,-0.310042,0.2096,GTM,842199
25329826,93,8881,1997,0.0,4.681259152812538e-08,-0.310042,0.2096,GTM,842211
25336352,93,8882,1997,3.54523031748412e-09,2.5916403606138105e-08,-0.310042,0.2096,GTM,842219
25342878,93,8883,1997,9.498392945655378e-09,1.8503241646185537e-07,-0.310042,0.2096,GTM,842220
25349404,93,8884,1997,5.7294000786858076e-08,1.029256239605659e-06,-0.310042,0.2096,GTM,842230
25355930,93,8885,1997,2.2340799614999726e-08,6.281599975530336e-07,-0.310042,0.2096,GTM,842240
25362456,93,8886,1997,3.066219670176902e-08,1.0938343029170982e-06,-0.310042,0.2096,GTM,842290
25368982,93,8887,1997,1.9206487522193653e-09,2.490453865045629e-08,-0.310042,0.2096,GTM,842310
25375508,93,8888,1997,1.1254795622819064e-09,6.484619261020966e-08,-0.310042,0.2096,GTM,842320
25382034,93,8889,1997,0.0,1.9440070170171854e-07,-0.310042,0.2096,GTM,842330
25388560,93,8890,1997,1.028507709850509e-09,2.1033003465290734e-07,-0.310042,0.2096,GTM,842381
25395086,93,8891,1997,1.716159358404656e-08,1.1211284735133343e-07,-0.310042,0.2096,GTM,842382
25401612,93,8892,1997,1.1767534292550078e-08,7.610331452954569e-08,-0.310042,0.2096,GTM,842389
25408138,93,8893,1997,2.3942047328273176e-08,1.1377432099130493e-07,-0.310042,0.2096,GTM,842390
25414664,93,8894,1997,5.002535437304714e-09,1.3174130403994928e-07,-0.310042,0.2096,GTM,842410
25421190,93,8895,1997,1.1215400807768808e-09,1.5173334273196606e-07,-0.310042,0.2096,GTM,842420
25427716,93,8896,1997,5.736491145394854e-10,8.58481076598951e-08,-0.310042,0.2096,GTM,842430
25434242,93,8897,1997,4.737014383865994e-08,1.7353172442921093e-06,-0.310042,0.2096,GTM,842481
25440768,93,8898,1997,1.9775894118189264e-08,2.467959507187088e-07,-0.310042,0.2096,GTM,842489
25447294,93,8899,1997,3.1421910558161246e-09,3.457760967913209e-07,-0.310042,0.2096,GTM,842490
25453820,93,8900,1997,3.1470396484376943e-09,2.900237628951622e-08,-0.310042,0.2096,GTM,842511
25460346,93,8901,1997,2.13065342014111e-09,3.539770749974758e-08,-0.310042,0.2096,GTM,842519
25466872,93,8902,1997,0.0,4.163129940491089e-09,-0.310042,0.2096,GTM,842520
25473398,93,8903,1997,0.0,3.1653508874022887e-08,-0.310042,0.2096,GTM,842531
25479924,93,8904,1997,0.0,6.93483785119397e-08,-0.310042,0.2096,GTM,842539
25486450,93,8905,1997,9.002018276022163e-09,9.520777564170135e-08,-0.310042,0.2096,GTM,842541
25492976,93,8906,1997,4.392521878103455e-09,1.2035459181675752e-07,-0.310042,0.2096,GTM,842542
25499502,93,8907,1997,6.757725966313008e-10,2.35572634965596e-08,-0.310042,0.2096,GTM,842549
25506028,93,8908,1997,1.0527506729583583e-09,1.2569762324504004e-07,-0.310042,0.2096,GTM,842611
25512554,93,8909,1997,0.0,4.242673861016355e-09,-0.310042,0.2096,GTM,842612
25519080,93,8910,1997,0.0,1.0987832605057785e-07,-0.310042,0.2096,GTM,842619
25525606,93,8911,1997,8.573826940129773e-09,8.853967507066878e-08,-0.310042,0.2096,GTM,842620
25532132,93,8912,1997,0.0,3.83961818705479e-08,-0.310042,0.2096,GTM,842630
25538658,93,8913,1997,1.8142524478797913e-08,1.5257021106249228e-07,-0.310042,0.2096,GTM,842641
25545184,93,8914,1997,1.2966954892310925e-09,7.05905894041426e-08,-0.310042,0.2096,GTM,842649
25551710,93,8915,1997,0.0,7.164189488708486e-08,-0.310042,0.2096,GTM,842691
25558236,93,8916,1997,5.36375558761167e-10,5.6824519658238816e-08,-0.310042,0.2096,GTM,842699
25564762,93,8917,1997,1.1658137921525907e-08,2.6033300026010024e-07,-0.310042,0.2096,GTM,842710
25571288,93,8918,1997,1.704068180554616e-08,8.44904255097297e-07,-0.310042,0.2096,GTM,842720
25577814,93,8919,1997,2.0589851604535306e-08,2.0476494311315844e-07,-0.310042,0.2096,GTM,842790
25584340,93,8920,1997,1.117176347417468e-08,8.162452433980481e-07,-0.310042,0.2096,GTM,842810
25590866,93,8921,1997,4.1940326176579384e-10,2.635929752696274e-07,-0.310042,0.2096,GTM,842820
25597392,93,8922,1997,0.0,0.0,-0.310042,0.2096,GTM,842831
25603918,93,8923,1997,0.0,4.796166974671328e-08,-0.310042,0.2096,GTM,842832
25610444,93,8924,1997,1.099630502868162e-08,3.535051144023592e-07,-0.310042,0.2096,GTM,842833
25616970,93,8925,1997,1.1527528957782369e-08,2.478379760775898e-07,-0.310042,0.2096,GTM,842839
25623496,93,8926,1997,0.0,8.207573722898438e-08,-0.310042,0.2096,GTM,842840
25630022,93,8927,1997,5.527092551550805e-09,1.0613909891988599e-07,-0.310042,0.2096,GTM,842850
25636548,93,8928,1997,0.0,7.201541988055142e-08,-0.310042,0.2096,GTM,842860
25643074,93,8929,1997,3.6267472809342637e-09,1.9398972477900464e-07,-0.310042,0.2096,GTM,842890
25649600,93,8930,1997,4.466372004470741e-08,2.810540921270313e-06,-0.310042,0.2096,GTM,842911
25656126,93,8931,1997,0.0,4.772880491937556e-07,-0.310042,0.2096,GTM,842919
25662652,93,8932,1997,1.8597686111147784e-08,1.6107169957173158e-06,-0.310042,0.2096,GTM,842920
25669178,93,8933,1997,2.4334783330620335e-08,6.211617897118211e-08,-0.310042,0.2096,GTM,842930
25675704,93,8934,1997,1.0851150287073371e-08,1.491976814054219e-06,-0.310042,0.2096,GTM,842940
25682230,93,8935,1997,6.563479224411364e-08,2.064706630589221e-06,-0.310042,0.2096,GTM,842951
25688756,93,8936,1997,8.805104808178655e-08,1.7630684609983635e-06,-0.310042,0.2096,GTM,842952
25695282,93,8937,1997,6.07755933261841e-08,1.2256886256107939e-06,-0.310042,0.2096,GTM,842959
25701808,93,8938,1997,0.0,3.642415550752569e-08,-0.310042,0.2096,GTM,843010
25708334,93,8939,1997,0.0,1.73249310368046e-07,-0.310042,0.2096,GTM,843020
25714860,93,8940,1997,5.815280775495365e-10,1.6134158546541376e-09,-0.310042,0.2096,GTM,843031
25721386,93,8941,1997,1.686673854524734e-08,3.096750884609291e-07,-0.310042,0.2096,GTM,843039
25727912,93,8942,1997,8.315336345992329e-10,1.440864873621703e-06,-0.310042,0.2096,GTM,843041
25734438,93,8943,1997,5.981435983895787e-08,8.181887665228821e-08,-0.310042,0.2096,GTM,843049
25740964,93,8944,1997,0.0,9.069432101789691e-08,-0.310042,0.2096,GTM,843050
25747490,93,8945,1997,2.3473855103252836e-08,1.6002679074573155e-07,-0.310042,0.2096,GTM,843061
25754016,93,8946,1997,8.688981014892057e-09,1.3926814751965255e-08,-0.310042,0.2096,GTM,843062
25760542,93,8947,1997,1.0023586437683049e-07,3.8636139364132453e-08,-0.310042,0.2096,GTM,843069
25767068,93,8948,1997,0.0,4.86039869049548e-08,-0.310042,0.2096,GTM,843110
25773594,93,8949,1997,1.2633614149577996e-09,6.986574542835612e-08,-0.310042,0.2096,GTM,843120
25780120,93,8950,1997,4.3182778035856665e-10,2.1935959536453374e-07,-0.310042,0.2096,GTM,843131
25786646,93,8951,1997,1.4791237866176588e-09,6.9147785316025085e-06,-0.310042,0.2096,GTM,843139
25793172,93,8952,1997,1.554883046329688e-09,9.681953433134456e-07,-0.310042,0.2096,GTM,843141
25799698,93,8953,1997,0.0,4.947731286572178e-08,-0.310042,0.2096,GTM,843142
25806224,93,8954,1997,4.1216067653732385e-09,1.6539308877076773e-06,-0.310042,0.2096,GTM,843143
25812750,93,8955,1997,4.1990327287989325e-08,4.93114637914266e-07,-0.310042,0.2096,GTM,843149
25819276,93,8956,1997,6.527417816788439e-10,1.0860396615716266e-07,-0.310042,0.2096,GTM,843210
25825802,93,8957,1997,1.2212392665579113e-09,3.2796289865569205e-08,-0.310042,0.2096,GTM,843221
25832328,93,8958,1997,1.0295380357825925e-08,1.9888797311835007e-07,-0.310042,0.2096,GTM,843229
25838854,93,8959,1997,0.0,7.232000680956275e-08,-0.310042,0.2096,GTM,843230
25845380,93,8960,1997,0.0,2.4227089593982775e-08,-0.310042,0.2096,GTM,843240
25851906,93,8961,1997,2.3607191400346005e-08,1.339605794226042e-07,-0.310042,0.2096,GTM,843280
25858432,93,8962,1997,2.910670758136163e-09,3.652689973820416e-07,-0.310042,0.2096,GTM,843290
25864958,93,8963,1997,1.0415383025209779e-09,5.147916819894096e-08,-0.310042,0.2096,GTM,843311
25871484,93,8964,1997,5.784977071610553e-10,4.8467436508053095e-08,-0.310042,0.2096,GTM,843319
25878010,93,8965,1997,0.0,1.3795235850096378e-08,-0.310042,0.2096,GTM,843320
25884536,93,8966,1997,0.0,3.1187845505947892e-09,-0.310042,0.2096,GTM,843330
25891062,93,8967,1997,0.0,1.4897913448377873e-08,-0.310042,0.2096,GTM,843340
25897588,93,8968,1997,2.663998608513796e-09,3.3383257712445227e-07,-0.310042,0.2096,GTM,843351
25904114,93,8969,1997,7.114400561037242e-09,4.950747326892094e-08,-0.310042,0.2096,GTM,843352
25910640,93,8970,1997,0.0,1.3684868660367573e-09,-0.310042,0.2096,GTM,843353
25917166,93,8971,1997,7.198038783759322e-09,3.8589771887126266e-07,-0.310042,0.2096,GTM,843359
25923692,93,8972,1997,0.0,1.0090411465031695e-07,-0.310042,0.2096,GTM,843360
25930218,93,8973,1997,1.531549194338383e-09,4.7313917087235867e-07,-0.310042,0.2096,GTM,843390
25936744,93,8974,1997,0.0,4.233393736955074e-09,-0.310042,0.2096,GTM,843410
25943270,93,8975,1997,2.1912608279107336e-09,7.446073257069896e-08,-0.310042,0.2096,GTM,843420
25949796,93,8976,1997,2.3130817175276765e-09,2.3697128223483193e-08,-0.310042,0.2096,GTM,843490
25956322,93,8977,1997,1.8264042331376007e-09,4.478123865771141e-08,-0.310042,0.2096,GTM,843510
25962848,93,8978,1997,0.0,2.1055938629042186e-08,-0.310042,0.2096,GTM,843590
25969374,93,8979,1997,1.1779049700026305e-09,1.4961614871398524e-07,-0.310042,0.2096,GTM,843610
25975900,93,8980,1997,0.0,1.2258513592148685e-07,-0.310042,0.2096,GTM,843621
25982426,93,8981,1997,3.1697674263513034e-10,3.1913915783842476e-07,-0.310042,0.2096,GTM,843629
25988952,93,8982,1997,0.0,9.584710990292318e-08,-0.310042,0.2096,GTM,843680
25995478,93,8983,1997,0.0,1.8192987212836782e-07,-0.310042,0.2096,GTM,843691
26002004,93,8984,1997,0.0,5.5025501322359057e-08,-0.310042,0.2096,GTM,843699
26008530,93,8985,1997,2.326718384275842e-08,4.2718366508789306e-07,-0.310042,0.2096,GTM,843710
26015056,93,8986,1997,2.7071813865496528e-08,3.8334402758939945e-07,-0.310042,0.2096,GTM,843780
26021582,93,8987,1997,2.724333282948456e-08,2.1589413189364968e-07,-0.310042,0.2096,GTM,843790
26028108,93,8988,1997,3.7822052818633476e-09,3.360379323210152e-07,-0.310042,0.2096,GTM,843810
26034634,93,8989,1997,5.394968402613026e-09,5.150568283911605e-08,-0.310042,0.2096,GTM,843820
26041160,93,8990,1997,8.074482507515845e-08,1.302179385319898e-06,-0.310042,0.2096,GTM,843830
26047686,93,8991,1997,0.0,8.798949628703569e-08,-0.310042,0.2096,GTM,843840
26054212,93,8992,1997,0.0,1.6968839419253162e-07,-0.310042,0.2096,GTM,843850
26060738,93,8993,1997,6.0428615916703e-09,3.524491688573863e-08,-0.310042,0.2096,GTM,843860
26067264,93,8994,1997,2.079076516129161e-08,7.70083254853219e-07,-0.310042,0.2096,GTM,843880
26073790,93,8995,1997,8.173333189588101e-08,2.4369761558434904e-06,-0.310042,0.2096,GTM,843890
26080316,93,8996,1997,0.0,1.9576421707272244e-08,-0.310042,0.2096,GTM,843910
26086842,93,8997,1997,1.7382507585366837e-08,3.9036178997774104e-08,-0.310042,0.2096,GTM,843920
26093368,93,8998,1997,0.0,1.4131308914315626e-08,-0.310042,0.2096,GTM,843930
26099894,93,8999,1997,2.1373202349957687e-09,1.493437107861862e-08,-0.310042,0.2096,GTM,843991
26106420,93,9000,1997,4.0900909133330345e-09,1.402203545349404e-07,-0.310042,0.2096,GTM,843999
26112946,93,9001,1997,0.0,2.542173985037161e-07,-0.310042,0.2096,GTM,844010
26119472,93,9002,1997,0.0,1.4198921246762102e-08,-0.310042,0.2096,GTM,844090
26125998,93,9003,1997,6.200137814832472e-10,1.4659845122905795e-07,-0.310042,0.2096,GTM,844110
26132524,93,9004,1997,0.0,4.115237871674835e-08,-0.310042,0.2096,GTM,844120
26139050,93,9005,1997,0.0,1.6245652608477623e-07,-0.310042,0.2096,GTM,844130
26145576,93,9006,1997,3.1864344634879495e-09,7.232199540757587e-09,-0.310042,0.2096,GTM,844140
26152102,93,9007,1997,3.220980685916635e-09,1.287908874544663e-07,-0.310042,0.2096,GTM,844180
26158628,93,9008,1997,1.7664028994456737e-09,1.1864373465945992e-07,-0.310042,0.2096,GTM,844190
26165154,93,9009,1997,0.0,9.660841150895041e-08,-0.310042,0.2096,GTM,844210
26171680,93,9010,1997,5.187994105079762e-10,9.3437591977012e-09,-0.310042,0.2096,GTM,844220
26178206,93,9011,1997,7.39622500716599e-09,1.422831935405623e-07,-0.310042,0.2096,GTM,844230
26184732,93,9012,1997,0.0,1.0072016933410227e-07,-0.310042,0.2096,GTM,844240
26191258,93,9013,1997,6.623480558103292e-09,6.140220599786741e-07,-0.310042,0.2096,GTM,844250
26197784,93,9014,1997,1.5094274905024705e-09,5.735620448034977e-07,-0.310042,0.2096,GTM,844311
26204310,93,9015,1997,0.0,2.4488590232709587e-08,-0.310042,0.2096,GTM,844312
26210836,93,9016,1997,3.4051969018324055e-08,4.573838402473189e-07,-0.310042,0.2096,GTM,844319
26217362,93,9017,1997,0.0,7.552363820871782e-09,-0.310042,0.2096,GTM,844321
26223888,93,9018,1997,0.0,3.9122749297945765e-07,-0.310042,0.2096,GTM,844329
26230414,93,9019,1997,5.527395588589653e-10,3.473749295938787e-08,-0.310042,0.2096,GTM,844330
26236940,93,9020,1997,0.0,3.128694397360229e-08,-0.310042,0.2096,GTM,844340
26243466,93,9021,1997,9.862037392273119e-09,1.0698093874544505e-06,-0.310042,0.2096,GTM,844350
26249992,93,9022,1997,5.344664254164239e-09,2.3570123097044519e-07,-0.310042,0.2096,GTM,844360
26256518,93,9023,1997,5.018596400363665e-09,5.192709990139886e-07,-0.310042,0.2096,GTM,844390
26263044,93,9024,1997,0.0,8.054584249088178e-08,-0.310042,0.2096,GTM,844400
26269570,93,9025,1997,0.0,1.0956379613150086e-07,-0.310042,0.2096,GTM,844511
26276096,93,9026,1997,0.0,0.0,-0.310042,0.2096,GTM,844512
26282622,93,9027,1997,0.0,1.5568070978803236e-08,-0.310042,0.2096,GTM,844513
26289148,93,9028,1997,9.377662989378288e-08,1.5997972725942078e-07,-0.310042,0.2096,GTM,844519
26295674,93,9029,1997,5.356240269048237e-08,5.34471842226367e-07,-0.310042,0.2096,GTM,844520
26302200,93,9030,1997,6.034437161990322e-08,7.399374347061521e-08,-0.310042,0.2096,GTM,844530
26308726,93,9031,1997,1.2128148368779335e-08,7.527274342606104e-08,-0.310042,0.2096,GTM,844540
26315252,93,9032,1997,7.1450073019609014e-09,1.296383616410626e-07,-0.310042,0.2096,GTM,844590
26321778,93,9033,1997,0.0,3.5970655730631024e-07,-0.310042,0.2096,GTM,844610
26328304,93,9034,1997,0.0,2.4877029711274633e-08,-0.310042,0.2096,GTM,844621
26334830,93,9035,1997,9.521423760607834e-09,2.0027435736650502e-07,-0.310042,0.2096,GTM,844629
26341356,93,9036,1997,0.0,2.2854658675219974e-07,-0.310042,0.2096,GTM,844630
26347882,93,9037,1997,8.075634048263469e-09,4.781965070527547e-07,-0.310042,0.2096,GTM,844711
26354408,93,9038,1997,0.0,3.9631532099605496e-07,-0.310042,0.2096,GTM,844712
26360934,93,9039,1997,0.0,2.1297685860838555e-07,-0.310042,0.2096,GTM,844720
26367460,93,9040,1997,3.695536688752786e-08,4.602828847174626e-07,-0.310042,0.2096,GTM,844790
26373986,93,9041,1997,0.0,8.296430910785203e-09,-0.310042,0.2096,GTM,844811
26380512,93,9042,1997,0.0,5.722257069386733e-08,-0.310042,0.2096,GTM,844819
26387038,93,9043,1997,0.0,7.72348267990176e-08,-0.310042,0.2096,GTM,844820
26393564,93,9044,1997,0.0,4.061114862417436e-08,-0.310042,0.2096,GTM,844831
26400090,93,9045,1997,7.578956341591404e-09,6.109901108746528e-08,-0.310042,0.2096,GTM,844832
26406616,93,9046,1997,0.0,8.43994140073287e-09,-0.310042,0.2096,GTM,844833
26413142,93,9047,1997,4.099485061537326e-09,2.640112437183894e-07,-0.310042,0.2096,GTM,844839
26419668,93,9048,1997,0.0,1.8562236720575107e-08,-0.310042,0.2096,GTM,844841
26426194,93,9049,1997,0.0,3.4306630056542684e-08,-0.310042,0.2096,GTM,844842
26432720,93,9050,1997,6.84257633719048e-10,3.4906358074002965e-07,-0.310042,0.2096,GTM,844849
26439246,93,9051,1997,0.0,1.9920780596546208e-07,-0.310042,0.2096,GTM,844851
26445772,93,9052,1997,0.0,1.436947666968836e-07,-0.310042,0.2096,GTM,844859
26452298,93,9053,1997,3.9273600234715957e-10,1.8938413178059176e-08,-0.310042,0.2096,GTM,844900
26458824,93,9054,1997,5.397089661884962e-10,1.5746408448620882e-06,-0.310042,0.2096,GTM,845011
26465350,93,9055,1997,0.0,7.592898077039449e-08,-0.310042,0.2096,GTM,845012
26471876,93,9056,1997,3.5667459472423367e-10,9.381211126948513e-09,-0.310042,0.2096,GTM,845019
26478402,93,9057,1997,0.0,9.835506343048437e-08,-0.310042,0.2096,GTM,845020
26484928,93,9058,1997,2.393689569861276e-09,1.9836265180988112e-08,-0.310042,0.2096,GTM,845090
26491454,93,9059,1997,0.0,4.4786541585746424e-09,-0.310042,0.2096,GTM,845110
26497980,93,9060,1997,3.1182511297471233e-10,7.778997707768352e-08,-0.310042,0.2096,GTM,845121
26504506,93,9061,1997,3.0727955739199057e-10,1.196884114823584e-07,-0.310042,0.2096,GTM,845129
26511032,93,9062,1997,4.091000024449579e-09,7.015734018368165e-07,-0.310042,0.2096,GTM,845130
26517558,93,9063,1997,1.1793595477891015e-08,6.168253203111853e-07,-0.310042,0.2096,GTM,845140
26524084,93,9064,1997,6.018618628562451e-09,1.3210256601233488e-07,-0.310042,0.2096,GTM,845150
26530610,93,9065,1997,1.6462487135423954e-08,8.943043440735088e-07,-0.310042,0.2096,GTM,845180
26537136,93,9066,1997,3.9243296530831144e-10,3.126420766965215e-07,-0.310042,0.2096,GTM,845190
26543662,93,9067,1997,3.936148097598191e-09,4.2588676775032903e-07,-0.310042,0.2096,GTM,845210
26550188,93,9068,1997,6.9195477450579026e-09,4.3887662140510705e-07,-0.310042,0.2096,GTM,845221
26556714,93,9069,1997,4.600708323792111e-08,2.481945648446445e-06,-0.310042,0.2096,GTM,845229
26563240,93,9070,1997,0.0,1.4662132010620898e-07,-0.310042,0.2096,GTM,845230
26569766,93,9071,1997,9.520817686530137e-09,3.013697088590848e-07,-0.310042,0.2096,GTM,845240
26576292,93,9072,1997,3.5818977991847423e-09,7.901004824534021e-07,-0.310042,0.2096,GTM,845290
26582818,93,9073,1997,1.4491231197716952e-09,1.8411335274678637e-07,-0.310042,0.2096,GTM,845310
26589344,93,9074,1997,3.3318922421350456e-09,1.8578940943885415e-07,-0.310042,0.2096,GTM,845320
26595870,93,9075,1997,4.915806236786384e-08,1.8822080194290975e-08,-0.310042,0.2096,GTM,845380
26602396,93,9076,1997,6.933487448844916e-10,1.8381075441578816e-07,-0.310042,0.2096,GTM,845390
26608922,93,9077,1997,0.0,0.0,-0.310042,0.2096,GTM,845410
26615448,93,9078,1997,0.0,1.7285225363142408e-08,-0.310042,0.2096,GTM,845420
26621974,93,9079,1997,7.615320786253179e-10,2.249203782752542e-08,-0.310042,0.2096,GTM,845430
26628500,93,9080,1997,0.0,1.9614867935526123e-08,-0.310042,0.2096,GTM,845490
26635026,93,9081,1997,0.0,6.871269001374195e-09,-0.310042,0.2096,GTM,845510
26641552,93,9082,1997,0.0,5.51173082639653e-10,-0.310042,0.2096,GTM,845521
26648078,93,9083,1997,0.0,4.958237712741557e-10,-0.310042,0.2096,GTM,845522
26654604,93,9084,1997,0.0,1.6405171312431e-07,-0.310042,0.2096,GTM,845530
26661130,93,9085,1997,0.0,1.5774354879365424e-07,-0.310042,0.2096,GTM,845590
26667656,93,9086,1997,0.0,1.1318768457743109e-08,-0.310042,0.2096,GTM,845610
26674182,93,9087,1997,0.0,1.0393738948634707e-09,-0.310042,0.2096,GTM,845620
26680708,93,9088,1997,0.0,6.398148390749959e-08,-0.310042,0.2096,GTM,845630
26687234,93,9089,1997,0.0,2.8169816588018442e-08,-0.310042,0.2096,GTM,845690
26693760,93,9090,1997,0.0,1.0501421531045785e-07,-0.310042,0.2096,GTM,845710
26700286,93,9091,1997,1.8948906039172752e-08,1.3138004206756372e-09,-0.310042,0.2096,GTM,845720
26706812,93,9092,1997,0.0,4.7776067265487664e-09,-0.310042,0.2096,GTM,845730
26713338,93,9093,1997,0.0,1.7309751405304363e-08,-0.310042,0.2096,GTM,845811
26719864,93,9094,1997,0.0,1.0257586271335628e-07,-0.310042,0.2096,GTM,845819
26726390,93,9095,1997,0.0,4.000727769418672e-09,-0.310042,0.2096,GTM,845891
26732916,93,9096,1997,0.0,5.695377852909237e-08,-0.310042,0.2096,GTM,845899
26739442,93,9097,1997,0.0,1.835475966120504e-09,-0.310042,0.2096,GTM,845910
26745968,93,9098,1997,0.0,5.016238488124563e-09,-0.310042,0.2096,GTM,845921
26752494,93,9099,1997,0.0,1.2481766862422929e-08,-0.310042,0.2096,GTM,845929
26759020,93,9100,1997,0.0,9.737501604301266e-10,-0.310042,0.2096,GTM,845931
26765546,93,9101,1997,0.0,5.012924158102677e-09,-0.310042,0.2096,GTM,845939
26772072,93,9102,1997,0.0,0.0,-0.310042,0.2096,GTM,845940
26778598,93,9103,1997,0.0,0.0,-0.310042,0.2096,GTM,845951
26785124,93,9104,1997,0.0,1.9724903692252743e-08,-0.310042,0.2096,GTM,845959
26791650,93,9105,1997,0.0,1.6101015246322515e-09,-0.310042,0.2096,GTM,845961
26798176,93,9106,1997,0.0,1.3376967401334357e-08,-0.310042,0.2096,GTM,845969
26804702,93,9107,1997,0.0,9.64370606468189e-09,-0.310042,0.2096,GTM,845970
26811228,93,9108,1997,0.0,0.0,-0.310042,0.2096,GTM,846011
26817754,93,9109,1997,2.374295199374996e-09,3.439578553413142e-08,-0.310042,0.2096,GTM,846019
26824280,93,9110,1997,0.0,1.7264345084004526e-09,-0.310042,0.2096,GTM,846021
26830806,93,9111,1997,5.794068182775996e-10,2.6596504126629123e-08,-0.310042,0.2096,GTM,846029
26837332,93,9112,1997,0.0,0.0,-0.310042,0.2096,GTM,846031
26843858,93,9113,1997,7.148643746427079e-10,5.577685993832063e-09,-0.310042,0.2096,GTM,846039
26850384,93,9114,1997,0.0,0.0,-0.310042,0.2096,GTM,846040
26856910,93,9115,1997,3.3331043902904383e-09,3.000728115215208e-08,-0.310042,0.2096,GTM,846090
26863436,93,9116,1997,0.0,5.8120091263794074e-09,-0.310042,0.2096,GTM,846110
26869962,93,9117,1997,0.0,4.944980392654012e-10,-0.310042,0.2096,GTM,846120
26876488,93,9118,1997,0.0,0.0,-0.310042,0.2096,GTM,846130
26883014,93,9119,1997,0.0,1.1880547396452797e-08,-0.310042,0.2096,GTM,846140
26889540,93,9120,1997,0.0,2.3782306505045664e-08,-0.310042,0.2096,GTM,846150
26896066,93,9121,1997,0.0,4.7855942619015116e-08,-0.310042,0.2096,GTM,846190
26902592,93,9122,1997,0.0,4.833817763719954e-08,-0.310042,0.2096,GTM,846210
26909118,93,9123,1997,0.0,1.8832354617358822e-08,-0.310042,0.2096,GTM,846221
26915644,93,9124,1997,2.1988367538819367e-09,9.313930227504226e-08,-0.310042,0.2096,GTM,846229
26922170,93,9125,1997,0.0,0.0,-0.310042,0.2096,GTM,846231
26928696,93,9126,1997,0.0,1.2730010181062197e-08,-0.310042,0.2096,GTM,846239
26935222,93,9127,1997,0.0,4.263056990650954e-08,-0.310042,0.2096,GTM,846241
26941748,93,9128,1997,0.0,1.4473016339572079e-08,-0.310042,0.2096,GTM,846249
26948274,93,9129,1997,0.0,3.461771307239691e-07,-0.310042,0.2096,GTM,846291
26954800,93,9130,1997,0.0,9.06045026743038e-08,-0.310042,0.2096,GTM,846299
26961326,93,9131,1997,0.0,9.775284966550768e-09,-0.310042,0.2096,GTM,846310
26967852,93,9132,1997,0.0,1.2077418599752829e-08,-0.310042,0.2096,GTM,846320
26974378,93,9133,1997,8.797165237760835e-10,9.489457145463312e-08,-0.310042,0.2096,GTM,846330
26980904,93,9134,1997,2.5133892002062818e-09,1.708785701033909e-07,-0.310042,0.2096,GTM,846390
26987430,93,9135,1997,0.0,8.497577599813469e-08,-0.310042,0.2096,GTM,846410
26993956,93,9136,1997,0.0,1.2758314559449104e-07,-0.310042,0.2096,GTM,846420
27000482,93,9137,1997,5.553153736891743e-09,5.215784355752257e-07,-0.310042,0.2096,GTM,846490
27007008,93,9138,1997,2.1762907981916368e-08,4.824451467078104e-07,-0.310042,0.2096,GTM,846510
27013534,93,9139,1997,2.6626652455428644e-08,7.961285858972084e-08,-0.310042,0.2096,GTM,846591
27020060,93,9140,1997,1.097024384334068e-08,9.259939791447702e-08,-0.310042,0.2096,GTM,846592
27026586,93,9141,1997,1.539125120309586e-09,1.5166904472954146e-07,-0.310042,0.2096,GTM,846593
27033112,93,9142,1997,6.716512929029664e-09,8.546662827437601e-09,-0.310042,0.2096,GTM,846594
27039638,93,9143,1997,0.0,1.2881806496064578e-08,-0.310042,0.2096,GTM,846595
27046164,93,9144,1997,0.0,4.505533375052139e-08,-0.310042,0.2096,GTM,846596
27052690,93,9145,1997,1.3870005268078312e-08,1.9933408193929594e-07,-0.310042,0.2096,GTM,846599
27059216,93,9146,1997,0.0,3.1994553433274964e-08,-0.310042,0.2096,GTM,846610
27065742,93,9147,1997,0.0,4.0020535014274264e-09,-0.310042,0.2096,GTM,846620
27072268,93,9148,1997,0.0,7.317874971823342e-08,-0.310042,0.2096,GTM,846630
27078794,93,9149,1997,0.0,1.9558690041655156e-07,-0.310042,0.2096,GTM,846691
27085320,93,9150,1997,1.4112434899156805e-09,4.396160484329899e-08,-0.310042,0.2096,GTM,846692
27091846,93,9151,1997,0.0,3.1151752452009553e-07,-0.310042,0.2096,GTM,846693
27098372,93,9152,1997,0.0,1.6058260389040185e-07,-0.310042,0.2096,GTM,846694
27104898,93,9153,1997,0.0,8.002118404841722e-08,-0.310042,0.2096,GTM,846711
27111424,93,9154,1997,3.5409877989402463e-09,6.945377420663567e-08,-0.310042,0.2096,GTM,846719
27117950,93,9155,1997,1.05729622854108e-08,3.6048177909842936e-07,-0.310042,0.2096,GTM,846781
27124476,93,9156,1997,6.86681930029833e-10,2.5303451411890495e-07,-0.310042,0.2096,GTM,846789
27131002,93,9157,1997,0.0,2.409584212511609e-07,-0.310042,0.2096,GTM,846791
27137528,93,9158,1997,0.0,4.6888390255725913e-07,-0.310042,0.2096,GTM,846792
27144054,93,9159,1997,0.0,2.7945105012534566e-08,-0.310042,0.2096,GTM,846799
27150580,93,9160,1997,0.0,9.163028781607754e-08,-0.310042,0.2096,GTM,846810
27157106,93,9161,1997,4.037059431534614e-09,1.5136014917150168e-07,-0.310042,0.2096,GTM,846820
27163632,93,9162,1997,1.0235985098211693e-08,5.105460252313736e-08,-0.310042,0.2096,GTM,846880
27170158,93,9163,1997,0.0,7.259045613934865e-08,-0.310042,0.2096,GTM,846890
27176684,93,9164,1997,2.7627886831782823e-09,1.0691200068098982e-07,-0.310042,0.2096,GTM,846910
27183210,93,9165,1997,3.808266467204285e-09,1.4380115669058614e-07,-0.310042,0.2096,GTM,846921
27189736,93,9166,1997,0.0,0.0,-0.310042,0.2096,GTM,846929
27196262,93,9167,1997,1.2088147479651385e-08,4.166576843713851e-07,-0.310042,0.2096,GTM,846931
27202788,93,9168,1997,0.0,0.0,-0.310042,0.2096,GTM,846939
27209314,93,9169,1997,1.201178214586166e-08,4.0785581813226226e-07,-0.310042,0.2096,GTM,847010
27215840,93,9170,1997,0.0,1.2306405660964938e-07,-0.310042,0.2096,GTM,847021
27222366,93,9171,1997,2.523995496565966e-09,8.665547845322656e-08,-0.310042,0.2096,GTM,847029
27228892,93,9172,1997,2.214897716940887e-09,3.2767455194378796e-08,-0.310042,0.2096,GTM,847030
27235418,93,9173,1997,0.0,6.7082039642974e-09,-0.310042,0.2096,GTM,847040
27241944,93,9174,1997,2.269444383933548e-09,1.5169224503969466e-07,-0.310042,0.2096,GTM,847050
27248470,93,9175,1997,1.5670045278836127e-09,1.1222056307704473e-07,-0.310042,0.2096,GTM,847090
27254996,93,9176,1997,2.327142636130229e-08,7.809754690371453e-07,-0.310042,0.2096,GTM,847110
27261522,93,9177,1997,5.7219453675301444e-08,1.8945565502246407e-06,-0.310042,0.2096,GTM,847120
27268048,93,9178,1997,4.812531213946945e-09,2.4302175740628605e-06,-0.310042,0.2096,GTM,847191
27274574,93,9179,1997,3.735840614919585e-09,1.3716981203949627e-06,-0.310042,0.2096,GTM,847192
27281100,93,9180,1997,7.730474861015463e-10,2.1955712943383816e-07,-0.310042,0.2096,GTM,847193
27287626,93,9181,1997,2.646270941741181e-08,3.2309073409361885e-06,-0.310042,0.2096,GTM,847199
27294152,93,9182,1997,2.9788540918769894e-10,1.1876901633428722e-07,-0.310042,0.2096,GTM,847210
27300678,93,9183,1997,0.0,4.328183575581015e-09,-0.310042,0.2096,GTM,847220
27307204,93,9184,1997,0.0,3.156534769544072e-08,-0.310042,0.2096,GTM,847230
27313730,93,9185,1997,8.751709681933617e-09,7.922040877182932e-07,-0.310042,0.2096,GTM,847290
27320256,93,9186,1997,0.0,1.9432148921419545e-07,-0.310042,0.2096,GTM,847310
27326782,93,9187,1997,0.0,3.3318959710020636e-09,-0.310042,0.2096,GTM,847321
27333308,93,9188,1997,4.265246321787246e-09,2.0905468046048557e-08,-0.310042,0.2096,GTM,847329
27339834,93,9189,1997,3.706597540670743e-08,3.949834906200603e-06,-0.310042,0.2096,GTM,847330
27346360,93,9190,1997,5.733763812045221e-09,1.74739433145886e-07,-0.310042,0.2096,GTM,847340
27352886,93,9191,1997,2.6523013788142587e-08,5.747479120853286e-08,-0.310042,0.2096,GTM,847410
27359412,93,9192,1997,8.592281895795624e-08,9.34802805476939e-07,-0.310042,0.2096,GTM,847420
27365938,93,9193,1997,0.0,2.3889458794653243e-07,-0.310042,0.2096,GTM,847431
27372464,93,9194,1997,2.8961249802714538e-09,1.8639096033782647e-07,-0.310042,0.2096,GTM,847432
27378990,93,9195,1997,1.0069920800922927e-09,9.675324773090684e-08,-0.310042,0.2096,GTM,847439
27385516,93,9196,1997,5.488000773539397e-10,4.450024975845591e-07,-0.310042,0.2096,GTM,847480
27392042,93,9197,1997,6.066801517739301e-09,1.4495136178138147e-06,-0.310042,0.2096,GTM,847490
27398568,93,9198,1997,0.0,9.204888769784175e-09,-0.310042,0.2096,GTM,847510
27405094,93,9199,1997,1.3223930301254127e-08,5.25464156092885e-07,-0.310042,0.2096,GTM,847520
27411620,93,9200,1997,4.651618546318595e-10,2.9994322121766503e-07,-0.310042,0.2096,GTM,847590
27418146,93,9201,1997,8.182000048899158e-10,7.191996717592109e-08,-0.310042,0.2096,GTM,847611
27424672,93,9202,1997,8.712314866883362e-10,1.1262424847371045e-08,-0.310042,0.2096,GTM,847619
27431198,93,9203,1997,0.0,5.894038794421088e-08,-0.310042,0.2096,GTM,847690
27437724,93,9204,1997,2.6956659790734242e-08,4.6308879651399137e-07,-0.310042,0.2096,GTM,847710
27444250,93,9205,1997,0.0,2.2301994144070472e-07,-0.310042,0.2096,GTM,847720
27450776,93,9206,1997,2.4597516443301654e-09,1.2030736261394564e-06,-0.310042,0.2096,GTM,847730
27457302,93,9207,1997,8.505825428612256e-08,1.493350935281293e-07,-0.310042,0.2096,GTM,847740
27463828,93,9208,1997,2.6455133491440607e-10,5.5180943400385514e-08,-0.310042,0.2096,GTM,847751
27470354,93,9209,1997,0.0,1.2007950242494097e-07,-0.310042,0.2096,GTM,847759
27476880,93,9210,1997,2.7346971496770617e-08,3.7685125507652465e-07,-0.310042,0.2096,GTM,847780
27483406,93,9211,1997,6.766211003400755e-09,8.212704305772319e-07,-0.310042,0.2096,GTM,847790
27489932,93,9212,1997,1.8097068922970697e-08,9.929865318771533e-08,-0.310042,0.2096,GTM,847810
27496458,93,9213,1997,1.2627553408801032e-09,3.418300554672633e-08,-0.310042,0.2096,GTM,847890
27502984,93,9214,1997,0.0,9.952068015588148e-07,-0.310042,0.2096,GTM,847910
27509510,93,9215,1997,1.9739832710566336e-09,4.553127154166423e-07,-0.310042,0.2096,GTM,847920
27516036,93,9216,1997,0.0,1.0722189053803616e-08,-0.310042,0.2096,GTM,847930
27522562,93,9217,1997,0.0,1.2107247569949805e-09,-0.310042,0.2096,GTM,847940
27529088,93,9218,1997,3.2143138710619766e-09,3.135869921857612e-07,-0.310042,0.2096,GTM,847981
27535614,93,9219,1997,1.4993909037758207e-07,5.562930596574626e-07,-0.310042,0.2096,GTM,847982
27542140,93,9220,1997,1.6227633430316663e-07,1.1946499249558307e-06,-0.310042,0.2096,GTM,847989
27548666,93,9221,1997,1.307544215221855e-08,7.346474325582197e-07,-0.310042,0.2096,GTM,847990
27555192,93,9222,1997,0.0,4.578415492233413e-09,-0.310042,0.2096,GTM,848010
27561718,93,9223,1997,0.0,1.4526708485926633e-08,-0.310042,0.2096,GTM,848020
27568244,93,9224,1997,0.0,3.553260073163834e-08,-0.310042,0.2096,GTM,848030
27574770,93,9225,1997,3.039461499646613e-10,8.137011636732484e-09,-0.310042,0.2096,GTM,848041
27581296,93,9226,1997,0.0,1.0008017220687607e-07,-0.310042,0.2096,GTM,848049
27587822,93,9227,1997,1.6540216135888494e-07,4.401390497104435e-07,-0.310042,0.2096,GTM,848050
27594348,93,9228,1997,0.0,1.727229947605705e-07,-0.310042,0.2096,GTM,848060
27600874,93,9229,1997,3.445682650222514e-08,3.932412799007556e-07,-0.310042,0.2096,GTM,848071
27607400,93,9230,1997,8.339579309100178e-09,2.7535950971332733e-07,-0.310042,0.2096,GTM,848079
27613926,93,9231,1997,9.955675837277186e-09,4.1170441815367634e-07,-0.310042,0.2096,GTM,848110
27620452,93,9232,1997,3.395226983254302e-09,2.7128884958044685e-07,-0.310042,0.2096,GTM,848120
27626978,93,9233,1997,2.35762816223835e-09,2.90687623198546e-07,-0.310042,0.2096,GTM,848130
27633504,93,9234,1997,2.1805030130316256e-08,1.6266831177317475e-07,-0.310042,0.2096,GTM,848140
27640030,93,9235,1997,1.2746040890990647e-08,1.7100885641655125e-06,-0.310042,0.2096,GTM,848180
27646556,93,9236,1997,1.0946909991349376e-08,2.1647181961646442e-07,-0.310042,0.2096,GTM,848190
27653082,93,9237,1997,2.985823943770496e-09,4.677772477629514e-07,-0.310042,0.2096,GTM,848210
27659608,93,9238,1997,5.763764478891185e-10,1.7539335045920413e-07,-0.310042,0.2096,GTM,848220
27666134,93,9239,1997,0.0,4.4603922001540503e-08,-0.310042,0.2096,GTM,848230
27672660,93,9240,1997,0.0,1.720601287561933e-08,-0.310042,0.2096,GTM,848240
27679186,93,9241,1997,3.4637133540339767e-09,4.1292906309676325e-08,-0.310042,0.2096,GTM,848250
27685712,93,9242,1997,6.809242262917188e-10,3.4616453626988594e-07,-0.310042,0.2096,GTM,848280
27692238,93,9243,1997,2.8515785355607806e-10,1.3302825838744764e-07,-0.310042,0.2096,GTM,848291
27698764,93,9244,1997,0.0,4.726466614311064e-08,-0.310042,0.2096,GTM,848299
27705290,93,9245,1997,5.294057068676603e-10,1.6487399840273994e-07,-0.310042,0.2096,GTM,848310
27711816,93,9246,1997,2.72127260885609e-10,3.6882527349552536e-08,-0.310042,0.2096,GTM,848320
27718342,93,9247,1997,2.344597569567881e-09,4.842978571900447e-07,-0.310042,0.2096,GTM,848330
27724868,93,9248,1997,4.090696987410731e-09,8.53808534134096e-07,-0.310042,0.2096,GTM,848340
27731394,93,9249,1997,1.119115784466096e-09,6.401926726974909e-08,-0.310042,0.2096,GTM,848350
27737920,93,9250,1997,6.743483225487147e-09,1.6172306485093284e-07,-0.310042,0.2096,GTM,848360
27744446,93,9251,1997,0.0,2.698554018459811e-07,-0.310042,0.2096,GTM,848390
27750972,93,9252,1997,3.793720689339576e-09,2.685094524240932e-07,-0.310042,0.2096,GTM,848410
27757498,93,9253,1997,3.2082531302850142e-09,3.198331785450077e-07,-0.310042,0.2096,GTM,848490
27764024,93,9254,1997,0.0,1.5569065277809803e-08,-0.310042,0.2096,GTM,848510
27770550,93,9255,1997,5.774976849328565e-09,8.57772804273274e-07,-0.310042,0.2096,GTM,848590
27777076,93,9256,1997,2.2747475321133898e-08,2.2437384525464517e-07,-0.310042,0.2096,GTM,850110
27783602,93,9257,1997,1.753978380852901e-09,8.096311664063723e-08,-0.310042,0.2096,GTM,850120
27790128,93,9258,1997,7.9335096770437e-09,6.464517849438227e-07,-0.310042,0.2096,GTM,850131
27796654,93,9259,1997,2.7661220906056116e-09,2.08740813407413e-07,-0.310042,0.2096,GTM,850132
27803180,93,9260,1997,3.664626910790278e-09,2.8729076635911497e-07,-0.310042,0.2096,GTM,850133
27809706,93,9261,1997,0.0,1.1820326019955127e-07,-0.310042,0.2096,GTM,850134
27816232,93,9262,1997,2.159805583278299e-08,1.763452260414898e-07,-0.310042,0.2096,GTM,850140
27822758,93,9263,1997,1.217905859130582e-09,7.825365184774537e-08,-0.310042,0.2096,GTM,850151
27829284,93,9264,1997,1.1671168514196376e-08,1.1705186194994805e-07,-0.310042,0.2096,GTM,850152
27835810,93,9265,1997,1.1069639992082864e-08,1.3817143571541045e-07,-0.310042,0.2096,GTM,850153
27842336,93,9266,1997,3.518866095104334e-09,1.690407741062551e-07,-0.310042,0.2096,GTM,850161
27848862,93,9267,1997,3.897359356625632e-09,3.6759234272738376e-08,-0.310042,0.2096,GTM,850162
27855388,93,9268,1997,2.899155350659935e-09,8.791459242854107e-08,-0.310042,0.2096,GTM,850163
27861914,93,9269,1997,4.0168165573395594e-08,5.007193681494836e-07,-0.310042,0.2096,GTM,850164
27868440,93,9270,1997,0.0,2.5055241236551445e-07,-0.310042,0.2096,GTM,850211
27874966,93,9271,1997,4.774045510013235e-09,2.1321217603993948e-07,-0.310042,0.2096,GTM,850212
27881492,93,9272,1997,2.9591566843518618e-09,5.901588838210945e-07,-0.310042,0.2096,GTM,850213
27888018,93,9273,1997,1.110394378488047e-07,3.439220605770778e-07,-0.310042,0.2096,GTM,850220
27894544,93,9274,1997,0.0,1.0946787942066748e-06,-0.310042,0.2096,GTM,850230
27901070,93,9275,1997,0.0,2.1843423442242316e-08,-0.310042,0.2096,GTM,850240
27907596,93,9276,1997,3.0770380924637793e-09,7.735851759543439e-07,-0.310042,0.2096,GTM,850300
27914122,93,9277,1997,6.392869371539875e-09,4.058297681898833e-07,-0.310042,0.2096,GTM,850410
27920648,93,9278,1997,0.0,1.5593657606572197e-07,-0.310042,0.2096,GTM,850421
27927174,93,9279,1997,0.0,1.3024455260206554e-07,-0.310042,0.2096,GTM,850422
27933700,93,9280,1997,0.0,8.044226967769784e-07,-0.310042,0.2096,GTM,850423
27940226,93,9281,1997,1.7424629733766724e-09,1.0049943495464466e-06,-0.310042,0.2096,GTM,850431
27946752,93,9282,1997,0.0,1.957164907204073e-07,-0.310042,0.2096,GTM,850432
27953278,93,9283,1997,1.0794179323769925e-09,1.7531910946671386e-07,-0.310042,0.2096,GTM,850433
27959804,93,9284,1997,0.0,3.283099090089835e-07,-0.310042,0.2096,GTM,850434
27966330,93,9285,1997,1.2464822518939595e-08,6.032909222338114e-07,-0.310042,0.2096,GTM,850440
27972856,93,9286,1997,0.0,1.2622957321355277e-08,-0.310042,0.2096,GTM,850450
27979382,93,9287,1997,8.221394863949413e-10,5.505284454503961e-07,-0.310042,0.2096,GTM,850490
27985908,93,9288,1997,6.08801411045867e-10,1.0767263942101268e-08,-0.310042,0.2096,GTM,850511
27992434,93,9289,1997,0.0,7.686097037254885e-08,-0.310042,0.2096,GTM,850519
27998960,93,9290,1997,4.0697874317302104e-10,1.4447827431405744e-08,-0.310042,0.2096,GTM,850520
28005486,93,9291,1997,0.0,0.0,-0.310042,0.2096,GTM,850530
28012012,93,9292,1997,0.0,1.7737531981229197e-07,-0.310042,0.2096,GTM,850590
28018538,93,9293,1997,3.05677824819455e-06,8.120903992826117e-07,-0.310042,0.2096,GTM,850611
28025064,93,9294,1997,0.0,1.9259571757179938e-09,-0.310042,0.2096,GTM,850612
28031590,93,9295,1997,0.0,8.001455538837344e-09,-0.310042,0.2096,GTM,850613
28038116,93,9296,1997,4.802530991664957e-08,4.7423091118156797e-07,-0.310042,0.2096,GTM,850619
28044642,93,9297,1997,0.0,0.0,-0.310042,0.2096,GTM,850620
28051168,93,9298,1997,9.670669502240532e-08,1.9605322665063093e-07,-0.310042,0.2096,GTM,850690
28057694,93,9299,1997,2.2226857688392833e-08,1.1471529242781859e-06,-0.310042,0.2096,GTM,850710
28064220,93,9300,1997,0.0,6.940571642131833e-08,-0.310042,0.2096,GTM,850720
28070746,93,9301,1997,4.8595019549684035e-09,3.860365892991797e-08,-0.310042,0.2096,GTM,850730
28077272,93,9302,1997,0.0,1.0797092912298242e-08,-0.310042,0.2096,GTM,850740
28083798,93,9303,1997,8.940804794174843e-09,2.753426066302157e-07,-0.310042,0.2096,GTM,850780
28090324,93,9304,1997,5.541335292376666e-09,3.6210281791213383e-07,-0.310042,0.2096,GTM,850790
28096850,93,9305,1997,5.463757810431548e-10,1.4358473094015697e-07,-0.310042,0.2096,GTM,850810
28103376,93,9306,1997,0.0,5.133300624497579e-08,-0.310042,0.2096,GTM,850820
28109902,93,9307,1997,1.1829353848475093e-08,3.674915870947184e-07,-0.310042,0.2096,GTM,850880
28116428,93,9308,1997,3.018248906927245e-10,1.5526277277227252e-07,-0.310042,0.2096,GTM,850890
28122954,93,9309,1997,1.7290687362595858e-08,9.685711883379274e-07,-0.310042,0.2096,GTM,850910
28129480,93,9310,1997,0.0,1.2308758835280478e-08,-0.310042,0.2096,GTM,850920
28136006,93,9311,1997,0.0,1.3936757742030913e-09,-0.310042,0.2096,GTM,850930
28142532,93,9312,1997,2.664604682591492e-09,9.226972150720002e-07,-0.310042,0.2096,GTM,850940
28149058,93,9313,1997,2.9424896472152156e-10,6.033645003602973e-07,-0.310042,0.2096,GTM,850980
28155584,93,9314,1997,1.4627597865198604e-09,1.1776643150266669e-07,-0.310042,0.2096,GTM,850990
28162110,93,9315,1997,0.0,3.269056273787104e-08,-0.310042,0.2096,GTM,851010
28168636,93,9316,1997,3.157645944797379e-10,7.313400626293796e-09,-0.310042,0.2096,GTM,851020
28175162,93,9317,1997,0.0,1.133003717981752e-08,-0.310042,0.2096,GTM,851090
28181688,93,9318,1997,0.0,5.169784769378501e-07,-0.310042,0.2096,GTM,851110
28188214,93,9319,1997,0.0,6.377102395110982e-09,-0.310042,0.2096,GTM,851120
28194740,93,9320,1997,4.3334296555280723e-10,9.746019432457513e-08,-0.310042,0.2096,GTM,851130
28201266,93,9321,1997,0.0,6.316649015511781e-08,-0.310042,0.2096,GTM,851140
28207792,93,9322,1997,0.0,5.426585688134277e-08,-0.310042,0.2096,GTM,851150
28214318,93,9323,1997,4.327671951789958e-09,1.4076920758656475e-07,-0.310042,0.2096,GTM,851180
28220844,93,9324,1997,0.0,3.158559825187444e-07,-0.310042,0.2096,GTM,851190
28227370,93,9325,1997,4.875865955066202e-10,4.8651381824267774e-08,-0.310042,0.2096,GTM,851210
28233896,93,9326,1997,1.0536900877787875e-08,3.715065664832312e-07,-0.310042,0.2096,GTM,851220
28240422,93,9327,1997,0.0,8.390557883406768e-08,-0.310042,0.2096,GTM,851230
28246948,93,9328,1997,0.0,5.13588580191465e-08,-0.310042,0.2096,GTM,851240
28253474,93,9329,1997,0.0,1.6023559353711038e-07,-0.310042,0.2096,GTM,851290
28260000,93,9330,1997,1.5679136390001571e-09,3.785624436668244e-07,-0.310042,0.2096,GTM,851310
28266526,93,9331,1997,0.0,2.5444774444023715e-08,-0.310042,0.2096,GTM,851390
28273052,93,9332,1997,0.0,3.767266362677017e-08,-0.310042,0.2096,GTM,851410
28279578,93,9333,1997,0.0,1.3561244150551222e-08,-0.310042,0.2096,GTM,851420
28286104,93,9334,1997,8.288063012495998e-10,3.034567424738665e-08,-0.310042,0.2096,GTM,851430
28292630,93,9335,1997,0.0,3.5754992276106896e-09,-0.310042,0.2096,GTM,851440
28299156,93,9336,1997,8.751709681933617e-10,8.58978226102234e-08,-0.310042,0.2096,GTM,851490
28305682,93,9337,1997,1.5773077872044487e-09,5.085574272182419e-08,-0.310042,0.2096,GTM,851511
28312208,93,9338,1997,4.031907801874196e-09,4.3151251152947844e-08,-0.310042,0.2096,GTM,851519
28318734,93,9339,1997,3.0621892775602215e-09,4.2708456662023864e-09,-0.310042,0.2096,GTM,851521
28325260,93,9340,1997,0.0,6.082988748968813e-08,-0.310042,0.2096,GTM,851529
28331786,93,9341,1997,0.0,1.0486308186145986e-07,-0.310042,0.2096,GTM,851531
28338312,93,9342,1997,9.99840405975477e-09,1.9388333478530212e-07,-0.310042,0.2096,GTM,851539
28344838,93,9343,1997,1.6882193434228595e-09,5.7976249340844224e-08,-0.310042,0.2096,GTM,851580
28351364,93,9344,1997,1.114267191844526e-09,2.8611086487132355e-07,-0.310042,0.2096,GTM,851590
28357890,93,9345,1997,0.0,1.6290064630770896e-07,-0.310042,0.2096,GTM,851610
28364416,93,9346,1997,0.0,4.838921831953658e-10,-0.310042,0.2096,GTM,851621
28370942,93,9347,1997,9.272933388752379e-10,1.7923233892355476e-08,-0.310042,0.2096,GTM,851629
28377468,93,9348,1997,0.0,3.66624558360993e-08,-0.310042,0.2096,GTM,851631
28383994,93,9349,1997,0.0,6.44902335658591e-09,-0.310042,0.2096,GTM,851632
28390520,93,9350,1997,0.0,1.081664745942737e-08,-0.310042,0.2096,GTM,851633
28397046,93,9351,1997,5.575578477766504e-09,2.675973488020701e-07,-0.310042,0.2096,GTM,851640
28403572,93,9352,1997,5.936495591034611e-10,5.126774708684485e-07,-0.310042,0.2096,GTM,851650
28410098,93,9353,1997,1.4828511421954907e-08,7.078252225571002e-07,-0.310042,0.2096,GTM,851660
28416624,93,9354,1997,3.9788763200757753e-10,9.254438003611371e-08,-0.310042,0.2096,GTM,851671
28423150,93,9355,1997,0.0,2.7698850291908432e-08,-0.310042,0.2096,GTM,851672
28429676,93,9356,1997,1.0691146730561567e-09,8.401892892081618e-08,-0.310042,0.2096,GTM,851679
28436202,93,9357,1997,3.9243296530831144e-10,1.2311078866295797e-08,-0.310042,0.2096,GTM,851680
28442728,93,9358,1997,0.0,8.531284336136051e-08,-0.310042,0.2096,GTM,851690
28449254,93,9359,1997,9.310206944530698e-09,4.5839371660498756e-07,-0.310042,0.2096,GTM,851710
28455780,93,9360,1997,0.0,4.1863302506442914e-09,-0.310042,0.2096,GTM,851720
28462306,93,9361,1997,1.3730911267247026e-08,4.834932041473312e-06,-0.310042,0.2096,GTM,851730
28468832,93,9362,1997,1.3654545933457301e-08,2.5732852695196033e-06,-0.310042,0.2096,GTM,851740
28475358,93,9363,1997,0.0,0.0,-0.310042,0.2096,GTM,851781
28481884,93,9364,1997,3.2815880936862584e-09,3.980185551943022e-07,-0.310042,0.2096,GTM,851782
28488410,93,9365,1997,6.546084898381483e-08,2.4850077579536655e-06,-0.310042,0.2096,GTM,851790
28494936,93,9366,1997,9.136566721270726e-10,6.771109948112798e-08,-0.310042,0.2096,GTM,851810
28501462,93,9367,1997,1.6285210467697805e-09,2.8559217222289836e-07,-0.310042,0.2096,GTM,851821
28507988,93,9368,1997,3.204919722857685e-09,3.0043407349390636e-08,-0.310042,0.2096,GTM,851822
28514514,93,9369,1997,9.421421537787956e-10,3.539243771501278e-07,-0.310042,0.2096,GTM,851829
28521040,93,9370,1997,0.0,7.45585053063446e-08,-0.310042,0.2096,GTM,851830
28527566,93,9371,1997,3.941905801336305e-09,1.8498270151152707e-07,-0.310042,0.2096,GTM,851840
28534092,93,9372,1997,7.922297306606321e-09,1.0952037840821415e-07,-0.310042,0.2096,GTM,851850
28540618,93,9373,1997,3.729173800064927e-09,9.003278074552846e-08,-0.310042,0.2096,GTM,851890
28547144,93,9374,1997,0.0,2.6843753146261824e-08,-0.310042,0.2096,GTM,851910
28553670,93,9375,1997,0.0,5.3696454983582744e-08,-0.310042,0.2096,GTM,851921
28560196,93,9376,1997,0.0,2.5852105603713514e-08,-0.310042,0.2096,GTM,851929
28566722,93,9377,1997,0.0,3.066484422849427e-08,-0.310042,0.2096,GTM,851931
28573248,93,9378,1997,0.0,1.3997741414433618e-08,-0.310042,0.2096,GTM,851939
28579774,93,9379,1997,0.0,2.811546157565951e-09,-0.310042,0.2096,GTM,851940
28586300,93,9380,1997,2.3567190511218056e-09,1.415301777595898e-07,-0.310042,0.2096,GTM,851991
28592826,93,9381,1997,0.0,6.257826286283346e-07,-0.310042,0.2096,GTM,851999
28599352,93,9382,1997,0.0,2.774425661320827e-09,-0.310042,0.2096,GTM,852010
28605878,93,9383,1997,0.0,3.083619509062578e-08,-0.310042,0.2096,GTM,852020
28612404,93,9384,1997,9.942645244606717e-10,1.6510567007126977e-07,-0.310042,0.2096,GTM,852031
28618930,93,9385,1997,2.4015685328713266e-09,5.390658350697032e-08,-0.310042,0.2096,GTM,852039
28625456,93,9386,1997,4.912230399727975e-10,8.994031093791783e-08,-0.310042,0.2096,GTM,852090
28631982,93,9387,1997,9.157779313990094e-10,6.51940315460066e-07,-0.310042,0.2096,GTM,852110
28638508,93,9388,1997,1.9585283820753797e-09,1.3804118254555032e-07,-0.310042,0.2096,GTM,852190
28645034,93,9389,1997,0.0,2.654115481526363e-09,-0.310042,0.2096,GTM,852210
28651560,93,9390,1997,1.544579787008852e-09,4.5791115015380097e-08,-0.310042,0.2096,GTM,852290
28658086,93,9391,1997,4.807803836140915e-08,3.211764765028781e-07,-0.310042,0.2096,GTM,852311
28664612,93,9392,1997,4.716165435593244e-09,6.849261850028871e-08,-0.310042,0.2096,GTM,852312
28671138,93,9393,1997,6.263169518912881e-09,1.9332321301160337e-07,-0.310042,0.2096,GTM,852313
28677664,93,9394,1997,1.8030703811462958e-09,1.52276229989551e-07,-0.310042,0.2096,GTM,852320
28684190,93,9395,1997,5.4528484770330166e-09,1.053618885297537e-07,-0.310042,0.2096,GTM,852390
28690716,93,9396,1997,1.1581469550697333e-08,1.0736440672897727e-07,-0.310042,0.2096,GTM,852410
28697242,93,9397,1997,6.882789352245626e-08,8.475205872165738e-08,-0.310042,0.2096,GTM,852421
28703768,93,9398,1997,1.7453115215418446e-08,9.147285714003794e-08,-0.310042,0.2096,GTM,852422
28710294,93,9399,1997,2.2912206255451734e-07,1.631647984104533e-07,-0.310042,0.2096,GTM,852423
28716820,93,9400,1997,2.1463234654199465e-07,1.4199912231438645e-06,-0.310042,0.2096,GTM,852490
28723346,93,9401,1997,2.50399505200199e-09,2.288840849783284e-06,-0.310042,0.2096,GTM,852510
28729872,93,9402,1997,3.72314336299185e-08,2.758076402755865e-06,-0.310042,0.2096,GTM,852520
28736398,93,9403,1997,0.0,5.433545781180238e-08,-0.310042,0.2096,GTM,852530
28742924,93,9404,1997,0.0,1.7911633737278875e-08,-0.310042,0.2096,GTM,852610
28749450,93,9405,1997,5.788007441999034e-10,1.7542748805842955e-08,-0.310042,0.2096,GTM,852691
28755976,93,9406,1997,0.0,3.2191424636574995e-08,-0.310042,0.2096,GTM,852692
28762502,93,9407,1997,2.0100446786795596e-09,5.707819847811397e-07,-0.310042,0.2096,GTM,852711
28769028,93,9408,1997,1.1361161623454753e-08,5.498042643406141e-08,-0.310042,0.2096,GTM,852719
28775554,93,9409,1997,5.05162743759811e-10,1.0505100437370079e-07,-0.310042,0.2096,GTM,852721
28782080,93,9410,1997,1.650642750605693e-09,6.208290309776237e-07,-0.310042,0.2096,GTM,852729
28788606,93,9411,1997,3.284679071482509e-08,1.637808992182217e-06,-0.310042,0.2096,GTM,852731
28795132,93,9412,1997,0.0,1.4211184267843079e-08,-0.310042,0.2096,GTM,852732
28801658,93,9413,1997,0.0,1.1260734539059883e-07,-0.310042,0.2096,GTM,852739
28808184,93,9414,1997,6.050134480602655e-09,8.196719292076762e-07,-0.310042,0.2096,GTM,852790
28814710,93,9415,1997,1.447395808650261e-07,4.46381756023167e-06,-0.310042,0.2096,GTM,852810
28821236,93,9416,1997,4.142516321053758e-09,2.8307659573628683e-07,-0.310042,0.2096,GTM,852820
28827762,93,9417,1997,3.1382212706072144e-08,7.56938953419421e-07,-0.310042,0.2096,GTM,852910
28834288,93,9418,1997,2.495388800098704e-08,2.575246027160551e-06,-0.310042,0.2096,GTM,852990
28840814,93,9419,1997,0.0,1.6827980393323006e-07,-0.310042,0.2096,GTM,853010
28847340,93,9420,1997,3.4755317985490533e-09,1.3287049627840588e-07,-0.310042,0.2096,GTM,853080
28853866,93,9421,1997,0.0,9.634193937519078e-08,-0.310042,0.2096,GTM,853090
28860392,93,9422,1997,1.6188238615266406e-09,2.2835037841490408e-07,-0.310042,0.2096,GTM,853110
28866918,93,9423,1997,7.178947450311891e-10,5.017067070630034e-08,-0.310042,0.2096,GTM,853120
28873444,93,9424,1997,8.412914272501423e-09,8.629123358382127e-08,-0.310042,0.2096,GTM,853180
28879970,93,9425,1997,7.64259411974951e-10,5.605592652616343e-08,-0.310042,0.2096,GTM,853190
28886496,93,9426,1997,2.4418724590381264e-09,1.0079540462559909e-08,-0.310042,0.2096,GTM,853210
28893022,93,9427,1997,4.363733359412884e-10,2.4933704754648885e-09,-0.310042,0.2096,GTM,853221
28899548,93,9428,1997,0.0,1.308596922541276e-08,-0.310042,0.2096,GTM,853222
28906074,93,9429,1997,0.0,1.126872207441263e-09,-0.310042,0.2096,GTM,853223
28912600,93,9430,1997,0.0,1.6422505258445464e-09,-0.310042,0.2096,GTM,853224
28919126,93,9431,1997,0.0,1.5555476524720068e-08,-0.310042,0.2096,GTM,853225
28925652,93,9432,1997,1.3845762304970464e-09,4.226400500608894e-08,-0.310042,0.2096,GTM,853229
28932178,93,9433,1997,2.8464269059003623e-09,1.2946104498489167e-08,-0.310042,0.2096,GTM,853230
28938704,93,9434,1997,0.0,1.3443916867776456e-08,-0.310042,0.2096,GTM,853290
28945230,93,9435,1997,0.0,1.2515573028646167e-08,-0.310042,0.2096,GTM,853310
28951756,93,9436,1997,0.0,6.89380644552302e-10,-0.310042,0.2096,GTM,853321
28958282,93,9437,1997,4.1364555802767963e-10,1.9170084846589013e-09,-0.310042,0.2096,GTM,853329
28964808,93,9438,1997,0.0,3.7365756666743525e-09,-0.310042,0.2096,GTM,853331
28971334,93,9439,1997,0.0,1.176090008266271e-08,-0.310042,0.2096,GTM,853339
28977860,93,9440,1997,0.0,1.0575364233834063e-08,-0.310042,0.2096,GTM,853340
28984386,93,9441,1997,0.0,3.824736845256522e-10,-0.310042,0.2096,GTM,853390
28990912,93,9442,1997,5.7104299600539156e-09,1.9812402004830534e-08,-0.310042,0.2096,GTM,853400
28997438,93,9443,1997,0.0,5.53237910243288e-08,-0.310042,0.2096,GTM,853510
29003964,93,9444,1997,9.815369688290508e-10,1.7832586966256892e-07,-0.310042,0.2096,GTM,853521
29010490,93,9445,1997,7.047429375451808e-09,6.446471322469057e-08,-0.310042,0.2096,GTM,853529
29017016,93,9446,1997,5.872857812876506e-10,2.389393314018279e-07,-0.310042,0.2096,GTM,853530
29023542,93,9447,1997,9.433543019341881e-10,5.874550533892398e-08,-0.310042,0.2096,GTM,853540
29030068,93,9448,1997,1.2421488222384314e-09,1.945355949336093e-07,-0.310042,0.2096,GTM,853590
29036594,93,9449,1997,0.0,8.435831631505732e-08,-0.310042,0.2096,GTM,853610
29043120,93,9450,1997,0.0,5.569479712697873e-07,-0.310042,0.2096,GTM,853620
29049646,93,9451,1997,3.734476948244769e-08,1.1796197697395796e-07,-0.310042,0.2096,GTM,853630
29056172,93,9452,1997,0.0,7.585543578720883e-07,-0.310042,0.2096,GTM,853641
29062698,93,9453,1997,1.3027562300080548e-09,2.3813991500054895e-07,-0.310042,0.2096,GTM,853649
29069224,93,9454,1997,1.989104819295155e-08,7.004650898774978e-07,-0.310042,0.2096,GTM,853650
29075750,93,9455,1997,9.257781536809973e-10,2.39542208032809e-07,-0.310042,0.2096,GTM,853661
29082276,93,9456,1997,1.0599629544829434e-08,6.453998165948761e-07,-0.310042,0.2096,GTM,853669
29088802,93,9457,1997,2.2832628729050218e-08,5.075707511707265e-07,-0.310042,0.2096,GTM,853690
29095328,93,9458,1997,1.3058472078043055e-08,1.0236954566949387e-06,-0.310042,0.2096,GTM,853710
29101854,93,9459,1997,0.0,5.06443547530283e-07,-0.310042,0.2096,GTM,853720
29108380,93,9460,1997,1.3282113412712967e-09,2.1524618037437095e-07,-0.310042,0.2096,GTM,853810
29114906,93,9461,1997,1.2333910518157208e-08,1.2788315874807215e-06,-0.310042,0.2096,GTM,853890
29121432,93,9462,1997,1.6227633430316662e-09,1.0335970176353233e-07,-0.310042,0.2096,GTM,853910
29127958,93,9463,1997,3.309164464221437e-10,1.062405174185557e-07,-0.310042,0.2096,GTM,853921
29134484,93,9464,1997,1.1310554437967117e-08,6.024424537482085e-07,-0.310042,0.2096,GTM,853922
29141010,93,9465,1997,1.3485148228741204e-09,1.3336499431767127e-07,-0.310042,0.2096,GTM,853929
29147536,93,9466,1997,4.6146480275791245e-09,1.8128225204209127e-07,-0.310042,0.2096,GTM,853931
29154062,93,9467,1997,0.0,1.364042349477408e-07,-0.310042,0.2096,GTM,853939
29160588,93,9468,1997,0.0,2.3695139625470062e-08,-0.310042,0.2096,GTM,853940
29167114,93,9469,1997,4.717377583748636e-09,4.562374134927485e-08,-0.310042,0.2096,GTM,853990
29173640,93,9470,1997,0.0,7.424762115029168e-09,-0.310042,0.2096,GTM,854011
29180166,93,9471,1997,0.0,0.0,-0.310042,0.2096,GTM,854012
29186692,93,9472,1997,0.0,2.9255591103188317e-09,-0.310042,0.2096,GTM,854020
29193218,93,9473,1997,0.0,9.713969861145875e-09,-0.310042,0.2096,GTM,854030
29199744,93,9474,1997,0.0,0.0,-0.310042,0.2096,GTM,854041
29206270,93,9475,1997,0.0,0.0,-0.310042,0.2096,GTM,854042
29212796,93,9476,1997,0.0,1.3003442407867797e-08,-0.310042,0.2096,GTM,854049
29219322,93,9477,1997,2.894003720999517e-10,3.1784424909887387e-09,-0.310042,0.2096,GTM,854081
29225848,93,9478,1997,0.0,5.7297474552361956e-08,-0.310042,0.2096,GTM,854089
29232374,93,9479,1997,0.0,0.0,-0.310042,0.2096,GTM,854091
29238900,93,9480,1997,0.0,2.518227950629034e-09,-0.310042,0.2096,GTM,854099
29245426,93,9481,1997,1.0154771171800398e-09,1.4618183994530688e-08,-0.310042,0.2096,GTM,854110
29251952,93,9482,1997,0.0,5.019884251148638e-09,-0.310042,0.2096,GTM,854121
29258478,93,9483,1997,0.0,6.044343660913621e-09,-0.310042,0.2096,GTM,854129
29265004,93,9484,1997,3.3515896496601735e-10,4.8425675949777334e-09,-0.310042,0.2096,GTM,854130
29271530,93,9485,1997,0.0,2.0553817630726446e-08,-0.310042,0.2096,GTM,854140
29278056,93,9486,1997,0.0,5.0041743268448974e-08,-0.310042,0.2096,GTM,854150
29284582,93,9487,1997,0.0,0.0,-0.310042,0.2096,GTM,854160
29291108,93,9488,1997,0.0,6.747975924560033e-09,-0.310042,0.2096,GTM,854190
29297634,93,9489,1997,0.0,3.484829101201952e-07,-0.310042,0.2096,GTM,854211
29304160,93,9490,1997,0.0,1.0427876547860134e-08,-0.310042,0.2096,GTM,854219
29310686,93,9491,1997,1.2082086738874422e-09,5.1584232460634754e-09,-0.310042,0.2096,GTM,854220
29317212,93,9492,1997,6.615298558054393e-10,7.992970853981316e-08,-0.310042,0.2096,GTM,854280
29323738,93,9493,1997,0.0,1.8007285301710506e-07,-0.310042,0.2096,GTM,854290
29330264,93,9494,1997,0.0,1.7520211361694128e-08,-0.310042,0.2096,GTM,854310
29336790,93,9495,1997,0.0,2.272934385709246e-08,-0.310042,0.2096,GTM,854320
29343316,93,9496,1997,0.0,1.3388898989413146e-08,-0.310042,0.2096,GTM,854330
29349842,93,9497,1997,0.0,1.3900999435424784e-06,-0.310042,0.2096,GTM,854380
29356368,93,9498,1997,4.775863732246323e-10,2.6841167968844753e-07,-0.310042,0.2096,GTM,854390
29362894,93,9499,1997,0.0,1.5771040549343538e-07,-0.310042,0.2096,GTM,854411
29369420,93,9500,1997,5.227388920130017e-10,8.366336759606825e-07,-0.310042,0.2096,GTM,854419
29375946,93,9501,1997,3.104614462998958e-09,1.417981744851595e-06,-0.310042,0.2096,GTM,854420
29382472,93,9502,1997,0.0,1.0566548115975847e-07,-0.310042,0.2096,GTM,854430
29388998,93,9503,1997,1.4194254899645798e-09,9.979281979397854e-08,-0.310042,0.2096,GTM,854441
29395524,93,9504,1997,0.0,9.527124506162048e-07,-0.310042,0.2096,GTM,854449
29402050,93,9505,1997,1.1169036140825046e-08,6.682345561466645e-07,-0.310042,0.2096,GTM,854451
29408576,93,9506,1997,3.6669299922855236e-08,4.289445354852209e-06,-0.310042,0.2096,GTM,854459
29415102,93,9507,1997,0.0,7.508382661481353e-08,-0.310042,0.2096,GTM,854460
29421628,93,9508,1997,0.0,3.858708727980854e-08,-0.310042,0.2096,GTM,854470
29428154,93,9509,1997,0.0,3.956945469829557e-07,-0.310042,0.2096,GTM,854511
29434680,93,9510,1997,3.5564426879215006e-09,2.9373150389064617e-07,-0.310042,0.2096,GTM,854519
29441206,93,9511,1997,0.0,4.224875908798827e-08,-0.310042,0.2096,GTM,854520
29447732,93,9512,1997,2.488237125981888e-09,4.881080109832049e-08,-0.310042,0.2096,GTM,854590
29454258,93,9513,1997,0.0,6.168564750133911e-08,-0.310042,0.2096,GTM,854610
29460784,93,9514,1997,0.0,9.23789949680216e-08,-0.310042,0.2096,GTM,854620
29467310,93,9515,1997,0.0,1.1344553945313382e-07,-0.310042,0.2096,GTM,854690
29473836,93,9516,1997,0.0,3.2662722365687194e-09,-0.310042,0.2096,GTM,854710
29480362,93,9517,1997,0.0,1.4149769732537532e-07,-0.310042,0.2096,GTM,854720
29486888,93,9518,1997,0.0,1.5195838574045213e-07,-0.310042,0.2096,GTM,854790
29493414,93,9519,1997,1.298513711464181e-08,1.3044188781156863e-06,-0.310042,0.2096,GTM,854800
29499940,93,9520,1997,0.0,0.0,-0.310042,0.2096,GTM,860110
29506466,93,9521,1997,0.0,0.0,-0.310042,0.2096,GTM,860120
29512992,93,9522,1997,0.0,0.0,-0.310042,0.2096,GTM,860210
29519518,93,9523,1997,0.0,0.0,-0.310042,0.2096,GTM,860290
29526044,93,9524,1997,0.0,0.0,-0.310042,0.2096,GTM,860310
29532570,93,9525,1997,0.0,0.0,-0.310042,0.2096,GTM,860390
29539096,93,9526,1997,0.0,0.0,-0.310042,0.2096,GTM,860400
29545622,93,9527,1997,0.0,0.0,-0.310042,0.2096,GTM,860500
29552148,93,9528,1997,0.0,0.0,-0.310042,0.2096,GTM,860610
29558674,93,9529,1997,0.0,0.0,-0.310042,0.2096,GTM,860620
29565200,93,9530,1997,0.0,0.0,-0.310042,0.2096,GTM,860630
29571726,93,9531,1997,0.0,0.0,-0.310042,0.2096,GTM,860691
29578252,93,9532,1997,0.0,0.0,-0.310042,0.2096,GTM,860692
29584778,93,9533,1997,0.0,1.1089085387226404e-08,-0.310042,0.2096,GTM,860699
29591304,93,9534,1997,0.0,3.737238532678729e-09,-0.310042,0.2096,GTM,860711
29597830,93,9535,1997,0.0,1.0276776242162348e-07,-0.310042,0.2096,GTM,860712
29604356,93,9536,1997,3.9667548385218507e-10,5.897850273946257e-08,-0.310042,0.2096,GTM,860719
29610882,93,9537,1997,0.0,3.7772424960428946e-08,-0.310042,0.2096,GTM,860721
29617408,93,9538,1997,0.0,4.241845278510883e-08,-0.310042,0.2096,GTM,860729
29623934,93,9539,1997,0.0,9.863446145132937e-10,-0.310042,0.2096,GTM,860730
29630460,93,9540,1997,0.0,1.2190105820496957e-09,-0.310042,0.2096,GTM,860791
29636986,93,9541,1997,0.0,4.179701590600519e-09,-0.310042,0.2096,GTM,860799
29643512,93,9542,1997,0.0,2.9893931065403574e-08,-0.310042,0.2096,GTM,860800
29650038,93,9543,1997,1.0235409327837883e-07,1.3457830425208334e-06,-0.310042,0.2096,GTM,860900
29656564,93,9544,1997,0.0,3.57140603003366e-07,-0.310042,0.2096,GTM,870110
29663090,93,9545,1997,5.2642079203500636e-08,5.419380334666696e-06,-0.310042,0.2096,GTM,870120
29669616,93,9546,1997,2.5282683188137244e-08,6.311448831707441e-07,-0.310042,0.2096,GTM,870130
29676142,93,9547,1997,8.891530971658138e-08,2.85907862157483e-06,-0.310042,0.2096,GTM,870190
29682668,93,9548,1997,1.8544178861198372e-06,9.183003254350655e-06,-0.310042,0.2096,GTM,870210
29689194,93,9549,1997,7.58698682312088e-08,1.122709408933774e-07,-0.310042,0.2096,GTM,870290
29695720,93,9550,1997,0.0,1.3810282908395742e-07,-0.310042,0.2096,GTM,870310
29702246,93,9551,1997,6.8822741892795835e-09,3.3305636103332654e-07,-0.310042,0.2096,GTM,870321
29708772,93,9552,1997,4.290216573788331e-08,5.085428441661456e-06,-0.310042,0.2096,GTM,870322
29715298,93,9553,1997,1.6809616063424471e-07,1.6259115748459528e-05,-0.310042,0.2096,GTM,870323
29721824,93,9554,1997,5.7424912787640464e-08,6.953581713199744e-06,-0.310042,0.2096,GTM,870324
29728350,93,9555,1997,0.0,2.4133956920367778e-08,-0.310042,0.2096,GTM,870331
29734876,93,9556,1997,3.3002854789831874e-08,1.3786923510401489e-06,-0.310042,0.2096,GTM,870332
29741402,93,9557,1997,1.0310865550511063e-07,1.49745440728139e-06,-0.310042,0.2096,GTM,870333
29747928,93,9558,1997,2.458539496174773e-08,3.0185094957826264e-07,-0.310042,0.2096,GTM,870390
29754454,93,9559,1997,4.6464669166581774e-09,7.79228154249607e-07,-0.310042,0.2096,GTM,870410
29760980,93,9560,1997,1.367897071878846e-07,8.699429578270392e-06,-0.310042,0.2096,GTM,870421
29767506,93,9561,1997,2.3456339562407414e-07,5.544955990566931e-06,-0.310042,0.2096,GTM,870422
29774032,93,9562,1997,0.0,2.1857409914934676e-07,-0.310042,0.2096,GTM,870423
29780558,93,9563,1997,2.703090386525203e-08,8.119186838441779e-06,-0.310042,0.2096,GTM,870431
29787084,93,9564,1997,1.2727252594582063e-08,1.8342894359726689e-07,-0.310042,0.2096,GTM,870432
29793610,93,9565,1997,8.151696345014346e-10,9.52746256782428e-07,-0.310042,0.2096,GTM,870490
29800136,93,9566,1997,0.0,2.7032868817310645e-07,-0.310042,0.2096,GTM,870510
29806662,93,9567,1997,1.7454933437651536e-09,1.8959194027296403e-07,-0.310042,0.2096,GTM,870520
29813188,93,9568,1997,0.0,6.791062214844552e-10,-0.310042,0.2096,GTM,870530
29819714,93,9569,1997,3.218283656270887e-08,2.371525760870291e-07,-0.310042,0.2096,GTM,870540
29826240,93,9570,1997,7.841386417233874e-09,5.399699842996737e-07,-0.310042,0.2096,GTM,870590
29832766,93,9571,1997,1.5351462439895103e-07,2.1716885636336726e-06,-0.310042,0.2096,GTM,870600
29839292,93,9572,1997,7.133213100408933e-07,2.3624942115606514e-07,-0.310042,0.2096,GTM,870710
29845818,93,9573,1997,1.977165159964539e-08,1.7358306340124995e-07,-0.310042,0.2096,GTM,870790
29852344,93,9574,1997,3.666445133023367e-09,3.0419848953276457e-07,-0.310042,0.2096,GTM,870810
29858870,93,9575,1997,0.0,1.023511511378724e-07,-0.310042,0.2096,GTM,870821
29865396,93,9576,1997,9.014654920542128e-08,8.669080921125986e-07,-0.310042,0.2096,GTM,870829
29871922,93,9577,1997,1.3530603784568422e-09,3.131766781290517e-07,-0.310042,0.2096,GTM,870831
29878448,93,9578,1997,7.490469526247755e-09,7.17739377951568e-07,-0.310042,0.2096,GTM,870839
29884974,93,9579,1997,1.5136700090463441e-09,1.8105157467256802e-07,-0.310042,0.2096,GTM,870840
29891500,93,9580,1997,1.1036608954848418e-09,1.5194214552334486e-07,-0.310042,0.2096,GTM,870850
29898026,93,9581,1997,3.350377501504781e-09,5.476499498263881e-08,-0.310042,0.2096,GTM,870860
29904552,93,9582,1997,1.5776108242432968e-09,3.465526443154488e-07,-0.310042,0.2096,GTM,870870
29911078,93,9583,1997,1.805797714495929e-09,1.0129593474550431e-06,-0.310042,0.2096,GTM,870880
29917604,93,9584,1997,7.982419855113787e-08,6.116364052289206e-08,-0.310042,0.2096,GTM,870891
29924130,93,9585,1997,5.757703738114222e-10,3.6273684924532064e-08,-0.310042,0.2096,GTM,870892
29930656,93,9586,1997,3.7594775039497386e-09,8.996997419161371e-07,-0.310042,0.2096,GTM,870893
29937182,93,9587,1997,1.321847563455486e-09,2.3741937965379092e-07,-0.310042,0.2096,GTM,870894
29943708,93,9588,1997,1.0448777706890842e-07,5.605113731928181e-06,-0.310042,0.2096,GTM,870899
29950234,93,9589,1997,0.0,7.919293297594789e-08,-0.310042,0.2096,GTM,870911
29956760,93,9590,1997,5.575245137023771e-08,5.1419510258547016e-08,-0.310042,0.2096,GTM,870919
29963286,93,9591,1997,0.0,5.9331810319795625e-08,-0.310042,0.2096,GTM,870990
29969812,93,9592,1997,8.672920051833107e-10,4.5903470803122035e-10,-0.310042,0.2096,GTM,871000
29976338,93,9593,1997,1.3660909711273113e-09,2.3037543405827646e-07,-0.310042,0.2096,GTM,871110
29982864,93,9594,1997,2.650816497323903e-08,1.6672302997864995e-06,-0.310042,0.2096,GTM,871120
29989390,93,9595,1997,4.3028229146044126e-09,5.1590198254674145e-08,-0.310042,0.2096,GTM,871130
29995916,93,9596,1997,1.4530626012767208e-09,7.462744337079982e-08,-0.310042,0.2096,GTM,871140
30002442,93,9597,1997,0.0,3.1290258303624175e-08,-0.310042,0.2096,GTM,871150
30008968,93,9598,1997,0.0,8.133233300507534e-08,-0.310042,0.2096,GTM,871190
30015494,93,9599,1997,1.1684696087610555e-06,4.526602571001269e-07,-0.310042,0.2096,GTM,871200
30022020,93,9600,1997,0.0,1.349064892108505e-08,-0.310042,0.2096,GTM,871310
30028546,93,9601,1997,7.736535601792425e-10,6.838788567159712e-09,-0.310042,0.2096,GTM,871390
30035072,93,9602,1997,0.0,3.969904500215132e-09,-0.310042,0.2096,GTM,871411
30041598,93,9603,1997,8.120786567051838e-09,9.096612922299179e-07,-0.310042,0.2096,GTM,871419
30048124,93,9604,1997,4.903139288562532e-10,1.2856949020900433e-08,-0.310042,0.2096,GTM,871420
30054650,93,9605,1997,0.0,1.4953693622646215e-07,-0.310042,0.2096,GTM,871491
30061176,93,9606,1997,5.107386252746163e-09,7.871301798877878e-08,-0.310042,0.2096,GTM,871492
30067702,93,9607,1997,1.9248912707632388e-09,2.435127753990285e-07,-0.310042,0.2096,GTM,871493
30074228,93,9608,1997,1.2042691923824168e-09,1.4800240142632892e-07,-0.310042,0.2096,GTM,871494
30080754,93,9609,1997,3.827357800651717e-10,8.62441700975105e-08,-0.310042,0.2096,GTM,871495
30087280,93,9610,1997,3.948269579152115e-09,9.490385157869441e-08,-0.310042,0.2096,GTM,871496
30093806,93,9611,1997,1.620884513390808e-08,2.434152678097846e-06,-0.310042,0.2096,GTM,871499
30100332,93,9612,1997,0.0,2.237998032948545e-07,-0.310042,0.2096,GTM,871500
30106858,93,9613,1997,0.0,3.3065711753048323e-07,-0.310042,0.2096,GTM,871610
30113384,93,9614,1997,1.3226051560526065e-08,1.708964674855091e-07,-0.310042,0.2096,GTM,871620
30119910,93,9615,1997,6.786817522042427e-09,6.593561288840361e-08,-0.310042,0.2096,GTM,871631
30126436,93,9616,1997,1.2991500892457621e-08,4.6674615969314264e-07,-0.310042,0.2096,GTM,871639
30132962,93,9617,1997,4.6188905461229984e-08,3.960833178945229e-07,-0.310042,0.2096,GTM,871640
30139488,93,9618,1997,1.5834018620556842e-07,2.7156460183826774e-07,-0.310042,0.2096,GTM,871680
30146014,93,9619,1997,1.0382048950936486e-09,3.9270502130321447e-07,-0.310042,0.2096,GTM,871690
30152540,93,9620,1997,0.0,2.1629317722828476e-09,-0.310042,0.2096,GTM,880110
30159066,93,9621,1997,0.0,4.878362359214103e-09,-0.310042,0.2096,GTM,880190
30165592,93,9622,1997,1.744778176353472e-07,1.1172082839634474e-06,-0.310042,0.2096,GTM,880211
30172118,93,9623,1997,0.0,1.9658073541691433e-06,-0.310042,0.2096,GTM,880212
30178644,93,9624,1997,8.652010496152586e-09,2.694948027395999e-08,-0.310042,0.2096,GTM,880220
30185170,93,9625,1997,2.290838798876225e-08,1.316088302689745e-06,-0.310042,0.2096,GTM,880230
30191696,93,9626,1997,0.0,0.0,-0.310042,0.2096,GTM,880240
30198222,93,9627,1997,0.0,0.0,-0.310042,0.2096,GTM,880250
30204748,93,9628,1997,0.0,2.424266694508564e-08,-0.310042,0.2096,GTM,880310
30211274,93,9629,1997,0.0,2.1698918653288082e-08,-0.310042,0.2096,GTM,880320
30217800,93,9630,1997,1.89246630760649e-09,7.055734667402307e-07,-0.310042,0.2096,GTM,880330
30224326,93,9631,1997,0.0,2.394106291309401e-08,-0.310042,0.2096,GTM,880390
30230852,93,9632,1997,0.0,1.927614340728937e-09,-0.310042,0.2096,GTM,880400
30237378,93,9633,1997,0.0,1.632307535778888e-08,-0.310042,0.2096,GTM,880510
30243904,93,9634,1997,0.0,7.182153157427108e-09,-0.310042,0.2096,GTM,880520
30250430,93,9635,1997,0.0,0.0,-0.310042,0.2096,GTM,890110
30256956,93,9636,1997,0.0,4.308629028451888e-10,-0.310042,0.2096,GTM,890120
30263482,93,9637,1997,0.0,0.0,-0.310042,0.2096,GTM,890130
30270008,93,9638,1997,4.214366402964647e-08,1.3227159684345107e-08,-0.310042,0.2096,GTM,890190
30276534,93,9639,1997,9.147112410222641e-08,2.709729939293611e-08,-0.310042,0.2096,GTM,890200
30283060,93,9640,1997,0.0,2.905010264183138e-09,-0.310042,0.2096,GTM,890310
30289586,93,9641,1997,1.928527715229416e-09,3.0554808471767655e-08,-0.310042,0.2096,GTM,890391
30296112,93,9642,1997,6.114681369877304e-09,6.322641324191351e-07,-0.310042,0.2096,GTM,890392
30302638,93,9643,1997,1.6182177874489445e-09,4.84836104385599e-07,-0.310042,0.2096,GTM,890399
30309164,93,9644,1997,0.0,1.0529759052732911e-07,-0.310042,0.2096,GTM,890400
30315690,93,9645,1997,0.0,8.520115043962295e-08,-0.310042,0.2096,GTM,890510
30322216,93,9646,1997,0.0,0.0,-0.310042,0.2096,GTM,890520
30328742,93,9647,1997,0.0,2.1541819410250684e-08,-0.310042,0.2096,GTM,890590
30335268,93,9648,1997,0.0,0.0,-0.310042,0.2096,GTM,890600
30341794,93,9649,1997,0.0,1.6899768781597057e-09,-0.310042,0.2096,GTM,890710
30348320,93,9650,1997,0.0,4.9690092853126866e-08,-0.310042,0.2096,GTM,890790
30354846,93,9651,1997,0.0,4.944648959651824e-09,-0.310042,0.2096,GTM,890800
30361372,93,9652,1997,0.0,3.2238488122885776e-09,-0.310042,0.2096,GTM,900110
30367898,93,9653,1997,0.0,4.075300194911109e-09,-0.310042,0.2096,GTM,900120
30374424,93,9654,1997,0.0,6.688317984166084e-09,-0.310042,0.2096,GTM,900130
30380950,93,9655,1997,0.0,4.488398288838988e-08,-0.310042,0.2096,GTM,900140
30387476,93,9656,1997,1.518821638706762e-09,5.68772175055868e-09,-0.310042,0.2096,GTM,900150
30394002,93,9657,1997,0.0,3.3004429790943646e-08,-0.310042,0.2096,GTM,900190
30400528,93,9658,1997,0.0,5.0933960910340704e-08,-0.310042,0.2096,GTM,900211
30407054,93,9659,1997,0.0,9.647020394703776e-09,-0.310042,0.2096,GTM,900219
30413580,93,9660,1997,0.0,7.357448072284662e-08,-0.310042,0.2096,GTM,900220
30420106,93,9661,1997,0.0,1.8086961795436646e-08,-0.310042,0.2096,GTM,900290
30426632,93,9662,1997,1.1321463771365649e-09,1.6216022498081963e-08,-0.310042,0.2096,GTM,900311
30433158,93,9663,1997,1.0029919911794974e-08,7.656698929960756e-08,-0.310042,0.2096,GTM,900319
30439684,93,9664,1997,0.0,4.061711441821376e-09,-0.310042,0.2096,GTM,900390
30446210,93,9665,1997,2.4818733481660777e-10,9.83776008746332e-08,-0.310042,0.2096,GTM,900410
30452736,93,9666,1997,1.8230708257102715e-09,3.4562827767234474e-08,-0.310042,0.2096,GTM,900490
30459262,93,9667,1997,1.642763787595642e-09,1.7942457006482415e-08,-0.310042,0.2096,GTM,900510
30465788,93,9668,1997,1.616702602254704e-09,1.6025117088821325e-08,-0.310042,0.2096,GTM,900580
30472314,93,9669,1997,0.0,4.901894102369494e-10,-0.310042,0.2096,GTM,900590
30478840,93,9670,1997,8.08502819646776e-10,6.587230918498559e-09,-0.310042,0.2096,GTM,900610
30485366,93,9671,1997,0.0,1.5421577591835871e-09,-0.310042,0.2096,GTM,900620
30491892,93,9672,1997,0.0,1.4947628398706163e-09,-0.310042,0.2096,GTM,900630
30498418,93,9673,1997,0.0,1.0817973191436124e-07,-0.310042,0.2096,GTM,900640
30504944,93,9674,1997,0.0,1.417648323251393e-07,-0.310042,0.2096,GTM,900651
30511470,93,9675,1997,1.0382048950936486e-09,2.7222581067763404e-08,-0.310042,0.2096,GTM,900652
30517996,93,9676,1997,7.318647525220872e-09,1.1212544180541661e-07,-0.310042,0.2096,GTM,900653
30524522,93,9677,1997,3.4909866875303074e-10,8.049181891152504e-08,-0.310042,0.2096,GTM,900659
30531048,93,9678,1997,0.0,5.139531564938724e-09,-0.310042,0.2096,GTM,900661
30537574,93,9679,1997,0.0,1.0629056380188617e-09,-0.310042,0.2096,GTM,900662
30544100,93,9680,1997,0.0,3.4111084585251407e-09,-0.310042,0.2096,GTM,900669
30550626,93,9681,1997,0.0,1.234269757470459e-07,-0.310042,0.2096,GTM,900691
30557152,93,9682,1997,0.0,2.042986168790791e-08,-0.310042,0.2096,GTM,900699
30563678,93,9683,1997,0.0,3.5827907536588387e-09,-0.310042,0.2096,GTM,900711
30570204,93,9684,1997,1.5951869724964876e-09,4.540830989785225e-08,-0.310042,0.2096,GTM,900719
30576730,93,9685,1997,0.0,0.0,-0.310042,0.2096,GTM,900721
30583256,93,9686,1997,1.4282135640911752e-09,9.321884619556754e-09,-0.310042,0.2096,GTM,900729
30589782,93,9687,1997,0.0,2.2022397263424164e-08,-0.310042,0.2096,GTM,900791
30596308,93,9688,1997,0.0,1.9743463940375304e-09,-0.310042,0.2096,GTM,900792
30602834,93,9689,1997,0.0,5.8321933962126937e-08,-0.310042,0.2096,GTM,900810
30609360,93,9690,1997,0.0,5.976399895464957e-09,-0.310042,0.2096,GTM,900820
30615886,93,9691,1997,0.0,2.018194980227083e-08,-0.310042,0.2096,GTM,900830
30622412,93,9692,1997,0.0,9.0325436086461e-09,-0.310042,0.2096,GTM,900840
30628938,93,9693,1997,0.0,6.285295453504738e-09,-0.310042,0.2096,GTM,900890
30635464,93,9694,1997,1.627611935653236e-09,2.0830862477255903e-07,-0.310042,0.2096,GTM,900911
30641990,93,9695,1997,0.0,9.854152763751569e-07,-0.310042,0.2096,GTM,900912
30648516,93,9696,1997,4.4667659526212437e-10,6.882239433746638e-08,-0.310042,0.2096,GTM,900921
30655042,93,9697,1997,0.0,7.113877958976255e-09,-0.310042,0.2096,GTM,900922
30661568,93,9698,1997,0.0,2.4115065239243027e-09,-0.310042,0.2096,GTM,900930
30668094,93,9699,1997,3.4728044651994203e-10,7.625623771675551e-07,-0.310042,0.2096,GTM,900990
30674620,93,9700,1997,3.1126146408245486e-08,2.11794968522581e-07,-0.310042,0.2096,GTM,901010
30681146,93,9701,1997,0.0,1.7513914134652546e-08,-0.310042,0.2096,GTM,901020
30687672,93,9702,1997,0.0,7.20303343656499e-09,-0.310042,0.2096,GTM,901030
30694198,93,9703,1997,0.0,6.226896958519106e-08,-0.310042,0.2096,GTM,901090
30700724,93,9704,1997,1.3498178821411673e-08,2.7776737047422754e-08,-0.310042,0.2096,GTM,901110
30707250,93,9705,1997,0.0,2.1387371631230794e-08,-0.310042,0.2096,GTM,901120
30713776,93,9706,1997,8.209273382395488e-10,1.6105986741355344e-08,-0.310042,0.2096,GTM,901180
30720302,93,9707,1997,3.9000866899752653e-10,4.1059908909137736e-08,-0.310042,0.2096,GTM,901190
30726828,93,9708,1997,0.0,6.588888083509502e-09,-0.310042,0.2096,GTM,901210
30733354,93,9709,1997,0.0,0.0,-0.310042,0.2096,GTM,901290
30739880,93,9710,1997,0.0,1.1888501788505323e-09,-0.310042,0.2096,GTM,901310
30746406,93,9711,1997,0.0,7.369081370661482e-09,-0.310042,0.2096,GTM,901320
30752932,93,9712,1997,0.0,3.2405861788991025e-08,-0.310042,0.2096,GTM,901380
30759458,93,9713,1997,0.0,5.783174455188999e-09,-0.310042,0.2096,GTM,901390
30765984,93,9714,1997,0.0,1.0097437844678093e-08,-0.310042,0.2096,GTM,901410
30772510,93,9715,1997,1.983074382222077e-09,3.219175606957718e-08,-0.310042,0.2096,GTM,901420
30779036,93,9716,1997,0.0,4.601284369384427e-09,-0.310042,0.2096,GTM,901480
30785562,93,9717,1997,0.0,8.319962653940596e-09,-0.310042,0.2096,GTM,901490
30792088,93,9718,1997,5.386786402564127e-09,1.7612349736302562e-09,-0.310042,0.2096,GTM,901510
30798614,93,9719,1997,0.0,1.2499332811538927e-08,-0.310042,0.2096,GTM,901520
30805140,93,9720,1997,3.306134093832956e-10,3.9214489952951575e-08,-0.310042,0.2096,GTM,901530
30811666,93,9721,1997,0.0,0.0,-0.310042,0.2096,GTM,901540
30818192,93,9722,1997,3.7909933559899426e-09,8.049248177752941e-08,-0.310042,0.2096,GTM,901580
30824718,93,9723,1997,3.5840190584566792e-09,3.5897508467047995e-08,-0.310042,0.2096,GTM,901590
30831244,93,9724,1997,5.64527699670157e-09,1.6770178477741314e-08,-0.310042,0.2096,GTM,901600
30837770,93,9725,1997,0.0,7.3485325245257886e-09,-0.310042,0.2096,GTM,901710
30844296,93,9726,1997,7.683807157032853e-09,2.7292414001324545e-07,-0.310042,0.2096,GTM,901720
30850822,93,9727,1997,0.0,3.4706006824179954e-08,-0.310042,0.2096,GTM,901730
30857348,93,9728,1997,2.4406603108827337e-09,1.7777138224990738e-07,-0.310042,0.2096,GTM,901780
30863874,93,9729,1997,0.0,1.5605522908050548e-08,-0.310042,0.2096,GTM,901790
30870400,93,9730,1997,5.223449438624992e-09,4.9792505650803146e-08,-0.310042,0.2096,GTM,901811
30876926,93,9731,1997,3.763841237309152e-08,9.196950949381758e-07,-0.310042,0.2096,GTM,901819
30883452,93,9732,1997,0.0,1.462978414960729e-08,-0.310042,0.2096,GTM,901820
30889978,93,9733,1997,4.896169436669026e-09,4.4372416049511766e-07,-0.310042,0.2096,GTM,901831
30896504,93,9734,1997,8.83656005281109e-10,5.605062359812842e-08,-0.310042,0.2096,GTM,901832
30903030,93,9735,1997,3.353316960781608e-08,4.418353238156448e-07,-0.310042,0.2096,GTM,901839
30909556,93,9736,1997,0.0,4.94796328967371e-09,-0.310042,0.2096,GTM,901841
30916082,93,9737,1997,1.339726748747525e-09,1.7569992598622858e-07,-0.310042,0.2096,GTM,901849
30922608,93,9738,1997,3.1212815001356045e-10,6.238331397094613e-08,-0.310042,0.2096,GTM,901850
30929134,93,9739,1997,2.010135589791214e-08,1.2700081780964564e-06,-0.310042,0.2096,GTM,901890
30935660,93,9740,1997,0.0,1.6036054377893548e-08,-0.310042,0.2096,GTM,901910
30942186,93,9741,1997,1.8367074924584368e-09,1.697533550609606e-07,-0.310042,0.2096,GTM,901920
30948712,93,9742,1997,0.0,1.1583649713092244e-07,-0.310042,0.2096,GTM,902000
30955238,93,9743,1997,1.1536620068947811e-09,4.721693979079548e-08,-0.310042,0.2096,GTM,902111
30961764,93,9744,1997,3.615231873458035e-10,6.268690660095088e-08,-0.310042,0.2096,GTM,902119
30968290,93,9745,1997,3.8182666894862735e-10,4.2888756215214465e-08,-0.310042,0.2096,GTM,902121
30974816,93,9746,1997,0.0,1.3845945099431235e-08,-0.310042,0.2096,GTM,902129
30981342,93,9747,1997,4.3728244705783273e-10,3.1246509147335274e-08,-0.310042,0.2096,GTM,902130
30987868,93,9748,1997,0.0,9.92940131256847e-09,-0.310042,0.2096,GTM,902140
30994394,93,9749,1997,0.0,1.2681952395744848e-08,-0.310042,0.2096,GTM,902150
31000920,93,9750,1997,0.0,5.020215684150826e-08,-0.310042,0.2096,GTM,902190
31007446,93,9751,1997,0.0,3.0014009242096505e-07,-0.310042,0.2096,GTM,902211
31013972,93,9752,1997,0.0,2.354334331046768e-08,-0.310042,0.2096,GTM,902219
31020498,93,9753,1997,0.0,1.046002554907243e-08,-0.310042,0.2096,GTM,902221
31027024,93,9754,1997,2.854608905949262e-10,1.0183278992244942e-08,-0.310042,0.2096,GTM,902229
31033550,93,9755,1997,0.0,3.756660506606982e-08,-0.310042,0.2096,GTM,902230
31040076,93,9756,1997,3.5667459472423367e-10,1.4596441989587115e-07,-0.310042,0.2096,GTM,902290
31046602,93,9757,1997,8.285032642107518e-10,5.487204784234573e-08,-0.310042,0.2096,GTM,902300
31053128,93,9758,1997,2.4767217185056597e-09,8.742539731731068e-09,-0.310042,0.2096,GTM,902410
31059654,93,9759,1997,3.1697674263513034e-10,1.012776396437835e-07,-0.310042,0.2096,GTM,902480
31066180,93,9760,1997,0.0,2.513292913226446e-07,-0.310042,0.2096,GTM,902490
31072706,93,9761,1997,0.0,8.182683104434074e-08,-0.310042,0.2096,GTM,902511
31079232,93,9762,1997,1.8588291962943494e-09,2.3352437901207044e-08,-0.310042,0.2096,GTM,902519
31085758,93,9763,1997,0.0,0.0,-0.310042,0.2096,GTM,902520
31092284,93,9764,1997,2.023075271350029e-09,1.9400430783110097e-08,-0.310042,0.2096,GTM,902580
31098810,93,9765,1997,3.1212815001356045e-10,3.6818560780130135e-08,-0.310042,0.2096,GTM,902590
31105336,93,9766,1997,1.5297309721052944e-09,1.8273293429267082e-07,-0.310042,0.2096,GTM,902610
31111862,93,9767,1997,4.193426543580242e-09,1.234382444691203e-07,-0.310042,0.2096,GTM,902620
31118388,93,9768,1997,1.6790070174418767e-08,1.653201072236858e-07,-0.310042,0.2096,GTM,902680
31124914,93,9769,1997,3.5000777986957507e-10,3.03550869446488e-07,-0.310042,0.2096,GTM,902690
31131440,93,9770,1997,9.69294272459587e-09,1.7622392156268876e-07,-0.310042,0.2096,GTM,902710
31137966,93,9771,1997,5.813462553262275e-09,7.919989306899384e-08,-0.310042,0.2096,GTM,902720
31144492,93,9772,1997,3.1349181668837696e-09,1.3118018796724397e-07,-0.310042,0.2096,GTM,902730
31151018,93,9773,1997,0.0,0.0,-0.310042,0.2096,GTM,902740
31157544,93,9774,1997,0.0,1.1070259992702091e-07,-0.310042,0.2096,GTM,902750
31164070,93,9775,1997,4.728135398627744e-08,5.155844697306448e-07,-0.310042,0.2096,GTM,902780
31170596,93,9776,1997,6.1992287037159285e-09,7.847538052620955e-08,-0.310042,0.2096,GTM,902790
31177122,93,9777,1997,0.0,1.6883197131487626e-09,-0.310042,0.2096,GTM,902810
31183648,93,9778,1997,2.7321819422546225e-09,2.40157347684871e-07,-0.310042,0.2096,GTM,902820
31190174,93,9779,1997,8.951714127573375e-10,5.467408291013847e-07,-0.310042,0.2096,GTM,902830
31196700,93,9780,1997,2.5149043854005226e-09,4.134361555901118e-08,-0.310042,0.2096,GTM,902890
31203226,93,9781,1997,1.717916973229975e-09,4.115503018076587e-08,-0.310042,0.2096,GTM,902910
31209752,93,9782,1997,0.0,5.2213623731790914e-08,-0.310042,0.2096,GTM,902920
31216278,93,9783,1997,0.0,8.46612460790577e-09,-0.310042,0.2096,GTM,902990
31222804,93,9784,1997,0.0,4.6940856099972376e-09,-0.310042,0.2096,GTM,903010
31229330,93,9785,1997,0.0,5.224709846501196e-09,-0.310042,0.2096,GTM,903020
31235856,93,9786,1997,0.0,1.913097575233076e-08,-0.310042,0.2096,GTM,903031
31242382,93,9787,1997,1.251391451923299e-08,1.042625252614941e-07,-0.310042,0.2096,GTM,903039
31248908,93,9788,1997,4.682528324281103e-09,2.2765867773933645e-07,-0.310042,0.2096,GTM,903040
31255434,93,9789,1997,0.0,1.321423379725975e-09,-0.310042,0.2096,GTM,903081
31261960,93,9790,1997,0.0,3.8755123811918166e-08,-0.310042,0.2096,GTM,903089
31268486,93,9791,1997,0.0,1.2690569653801752e-08,-0.310042,0.2096,GTM,903090
31275012,93,9792,1997,7.860780787720154e-10,2.4075624711982582e-08,-0.310042,0.2096,GTM,903110
31281538,93,9793,1997,1.018507487568521e-08,3.4800465229803705e-08,-0.310042,0.2096,GTM,903120
31288064,93,9794,1997,0.0,2.251755816869394e-09,-0.310042,0.2096,GTM,903130
31294590,93,9795,1997,0.0,5.2031667013589375e-09,-0.310042,0.2096,GTM,903140
31301116,93,9796,1997,1.6364000097798315e-09,3.0580163096435086e-07,-0.310042,0.2096,GTM,903180
31307642,93,9797,1997,8.372913383373471e-10,1.5402917913812653e-07,-0.310042,0.2096,GTM,903190
31314168,93,9798,1997,1.284058844711126e-08,9.304152953939662e-08,-0.310042,0.2096,GTM,903210
31320694,93,9799,1997,1.0139619319857993e-09,7.083783842377529e-08,-0.310042,0.2096,GTM,903220
31327220,93,9800,1997,0.0,1.0387607438094218e-07,-0.310042,0.2096,GTM,903281
31333746,93,9801,1997,2.931459099001144e-08,5.21232750953943e-07,-0.310042,0.2096,GTM,903289
31340272,93,9802,1997,4.536464471556311e-10,6.774225418333371e-08,-0.310042,0.2096,GTM,903290
31346798,93,9803,1997,8.782013385818429e-10,1.2583980800297895e-07,-0.310042,0.2096,GTM,903300
31353324,93,9804,1997,4.0000889127951437e-10,1.0186924755269017e-08,-0.310042,0.2096,GTM,910111
31359850,93,9805,1997,0.0,1.086437381174253e-09,-0.310042,0.2096,GTM,910112
31366376,93,9806,1997,0.0,3.5899828498063316e-08,-0.310042,0.2096,GTM,910119
31372902,93,9807,1997,0.0,1.8031612484071148e-08,-0.310042,0.2096,GTM,910121
31379428,93,9808,1997,8.097149678021685e-10,6.133366565301481e-08,-0.310042,0.2096,GTM,910129
31385954,93,9809,1997,0.0,1.8099556249519814e-09,-0.310042,0.2096,GTM,910191
31392480,93,9810,1997,0.0,1.4663921748832716e-08,-0.310042,0.2096,GTM,910199
31399006,93,9811,1997,1.9770136414451148e-09,3.548686297733631e-07,-0.310042,0.2096,GTM,910211
31405532,93,9812,1997,0.0,4.967550980103057e-08,-0.310042,0.2096,GTM,910212
31412058,93,9813,1997,4.347975433392782e-09,6.139531219142188e-08,-0.310042,0.2096,GTM,910219
31418584,93,9814,1997,0.0,1.0147252224907041e-07,-0.310042,0.2096,GTM,910221
31425110,93,9815,1997,6.718331151262753e-10,4.1932439430699463e-07,-0.310042,0.2096,GTM,910229
31431636,93,9816,1997,2.94824735095333e-09,3.057379958279306e-07,-0.310042,0.2096,GTM,910291
31438162,93,9817,1997,6.598934557956595e-09,4.395729621427053e-08,-0.310042,0.2096,GTM,910299
31444688,93,9818,1997,2.757637053517864e-10,1.0692028650604453e-08,-0.310042,0.2096,GTM,910310
31451214,93,9819,1997,3.130372611301048e-10,1.5273427039857563e-08,-0.310042,0.2096,GTM,910390
31457740,93,9820,1997,0.0,2.9096503262137786e-09,-0.310042,0.2096,GTM,910400
31464266,93,9821,1997,0.0,2.2945438174519434e-08,-0.310042,0.2096,GTM,910511
31470792,93,9822,1997,0.0,3.3828703667386715e-08,-0.310042,0.2096,GTM,910519
31477318,93,9823,1997,2.9349137212440124e-09,6.15229138972645e-08,-0.310042,0.2096,GTM,910521
31483844,93,9824,1997,8.294123753272961e-10,6.80100520491021e-08,-0.310042,0.2096,GTM,910529
31490370,93,9825,1997,0.0,7.081066091759583e-09,-0.310042,0.2096,GTM,910591
31496896,93,9826,1997,3.163706685574341e-10,1.3890688554726696e-08,-0.310042,0.2096,GTM,910599
31503422,93,9827,1997,0.0,3.438783114207889e-08,-0.310042,0.2096,GTM,910610
31509948,93,9828,1997,0.0,1.357847866666503e-08,-0.310042,0.2096,GTM,910620
31516474,93,9829,1997,0.0,1.5126602219888012e-08,-0.310042,0.2096,GTM,910690
31523000,93,9830,1997,0.0,2.1576951308482676e-08,-0.310042,0.2096,GTM,910700
31529526,93,9831,1997,0.0,3.1519974517441096e-07,-0.310042,0.2096,GTM,910811
31536052,93,9832,1997,0.0,0.0,-0.310042,0.2096,GTM,910812
31542578,93,9833,1997,0.0,3.025320443977602e-09,-0.310042,0.2096,GTM,910819
31549104,93,9834,1997,0.0,9.696403912029879e-09,-0.310042,0.2096,GTM,910820
31555630,93,9835,1997,0.0,0.0,-0.310042,0.2096,GTM,910891
31562156,93,9836,1997,0.0,0.0,-0.310042,0.2096,GTM,910899
31568682,93,9837,1997,0.0,2.4366954320906367e-09,-0.310042,0.2096,GTM,910911
31575208,93,9838,1997,0.0,3.838657031348443e-09,-0.310042,0.2096,GTM,910919
31581734,93,9839,1997,0.0,0.0,-0.310042,0.2096,GTM,910990
31588260,93,9840,1997,0.0,8.216224124255561e-10,-0.310042,0.2096,GTM,911011
31594786,93,9841,1997,0.0,2.234852733757775e-09,-0.310042,0.2096,GTM,911012
31601312,93,9842,1997,0.0,0.0,-0.310042,0.2096,GTM,911019
31607838,93,9843,1997,0.0,9.659614848786944e-09,-0.310042,0.2096,GTM,911090
31614364,93,9844,1997,0.0,0.0,-0.310042,0.2096,GTM,911110
31620890,93,9845,1997,0.0,1.5407889408845483e-07,-0.310042,0.2096,GTM,911120
31627416,93,9846,1997,0.0,3.76806180188227e-09,-0.310042,0.2096,GTM,911180
31633942,93,9847,1997,0.0,2.4412360642206205e-08,-0.310042,0.2096,GTM,911190
31640468,93,9848,1997,0.0,5.538245466571619e-10,-0.310042,0.2096,GTM,911210
31646994,93,9849,1997,1.3130594893288908e-09,0.0,-0.310042,0.2096,GTM,911280
31653520,93,9850,1997,0.0,2.053890314562796e-09,-0.310042,0.2096,GTM,911290
31660046,93,9851,1997,0.0,3.596048073746383e-10,-0.310042,0.2096,GTM,911310
31666572,93,9852,1997,0.0,2.8385248039441036e-08,-0.310042,0.2096,GTM,911320
31673098,93,9853,1997,3.7091733555009513e-10,1.4890953355331912e-08,-0.310042,0.2096,GTM,911390
31679624,93,9854,1997,0.0,2.8204948486250434e-10,-0.310042,0.2096,GTM,911410
31686150,93,9855,1997,0.0,0.0,-0.310042,0.2096,GTM,911420
31692676,93,9856,1997,0.0,6.1490764896052205e-09,-0.310042,0.2096,GTM,911430
31699202,93,9857,1997,0.0,0.0,-0.310042,0.2096,GTM,911440
31705728,93,9858,1997,7.588047452756849e-10,3.870540886158987e-08,-0.310042,0.2096,GTM,911490
31712254,93,9859,1997,1.2845740076771678e-09,8.876107231613077e-09,-0.310042,0.2096,GTM,920110
31718780,93,9860,1997,2.7761223128875993e-09,2.3936754284065557e-08,-0.310042,0.2096,GTM,920120
31725306,93,9861,1997,0.0,5.722522215788484e-09,-0.310042,0.2096,GTM,920190
31731832,93,9862,1997,6.051649665796896e-10,7.951077722504676e-09,-0.310042,0.2096,GTM,920210
31738358,93,9863,1997,1.3679091933604e-09,1.0825728723687337e-07,-0.310042,0.2096,GTM,920290
31744884,93,9864,1997,0.0,9.110098931158233e-09,-0.310042,0.2096,GTM,920300
31751410,93,9865,1997,0.0,3.7089672975920417e-08,-0.310042,0.2096,GTM,920410
31757936,93,9866,1997,0.0,7.870208069970656e-09,-0.310042,0.2096,GTM,920420
31764462,93,9867,1997,0.0,1.684939096526439e-08,-0.310042,0.2096,GTM,920510
31770988,93,9868,1997,1.6076114910892604e-09,3.632770850388881e-08,-0.310042,0.2096,GTM,920590
31777514,93,9869,1997,1.598520379923817e-08,5.357216760776202e-08,-0.310042,0.2096,GTM,920600
31784040,93,9870,1997,0.0,1.4628027554695692e-07,-0.310042,0.2096,GTM,920710
31790566,93,9871,1997,0.0,1.313604875204346e-07,-0.310042,0.2096,GTM,920790
31797092,93,9872,1997,0.0,1.0996947012617972e-08,-0.310042,0.2096,GTM,920810
31803618,93,9873,1997,1.2606340816081665e-09,4.385789945691417e-07,-0.310042,0.2096,GTM,920890
31810144,93,9874,1997,0.0,8.361060346211982e-09,-0.310042,0.2096,GTM,920910
31816670,93,9875,1997,0.0,0.0,-0.310042,0.2096,GTM,920920
31823196,93,9876,1997,0.0,2.2238160147848948e-08,-0.310042,0.2096,GTM,920930
31829722,93,9877,1997,1.5043061645459372e-08,2.6458296564716477e-09,-0.310042,0.2096,GTM,920991
31836248,93,9878,1997,0.0,4.958171426141119e-08,-0.310042,0.2096,GTM,920992
31842774,93,9879,1997,0.0,0.0,-0.310042,0.2096,GTM,920993
31849300,93,9880,1997,2.028317812122101e-08,8.914222026864768e-09,-0.310042,0.2096,GTM,920994
31855826,93,9881,1997,1.5039728238032045e-09,1.0970564945643759e-07,-0.310042,0.2096,GTM,920999
31862352,93,9882,1997,0.0,2.7529488027790054e-08,-0.310042,0.2096,GTM,930100
31868878,93,9883,1997,0.0,4.889803426449653e-07,-0.310042,0.2096,GTM,930200
31875404,93,9884,1997,2.930368165661291e-10,0.0,-0.310042,0.2096,GTM,930310
31881930,93,9885,1997,0.0,2.0104527052959571e-07,-0.310042,0.2096,GTM,930320
31888456,93,9886,1997,0.0,1.904566489756741e-07,-0.310042,0.2096,GTM,930330
31894982,93,9887,1997,1.8015551959520552e-09,1.60333366272756e-07,-0.310042,0.2096,GTM,930390
31901508,93,9888,1997,0.0,4.194781792200101e-08,-0.310042,0.2096,GTM,930400
31908034,93,9889,1997,0.0,6.395662643233544e-08,-0.310042,0.2096,GTM,930510
31914560,93,9890,1997,0.0,4.614541689471972e-09,-0.310042,0.2096,GTM,930521
31921086,93,9891,1997,0.0,4.89327684431259e-09,-0.310042,0.2096,GTM,930529
31927612,93,9892,1997,0.0,1.33373280142726e-07,-0.310042,0.2096,GTM,930590
31934138,93,9893,1997,0.0,8.892745168322945e-08,-0.310042,0.2096,GTM,930610
31940664,93,9894,1997,0.0,1.815258552986999e-07,-0.310042,0.2096,GTM,930621
31947190,93,9895,1997,0.0,2.9844216115075283e-07,-0.310042,0.2096,GTM,930629
31953716,93,9896,1997,0.0,3.469937816413618e-07,-0.310042,0.2096,GTM,930630
31960242,93,9897,1997,0.0,1.9942191168487592e-07,-0.310042,0.2096,GTM,930690
31966768,93,9898,1997,0.0,5.889564448891542e-10,-0.310042,0.2096,GTM,930700
31973294,93,9899,1997,1.7448872696874575e-09,1.3320292357960105e-08,-0.310042,0.2096,GTM,940110
31979820,93,9900,1997,1.1766928218472382e-09,1.5059652753445914e-08,-0.310042,0.2096,GTM,940120
31986346,93,9901,1997,2.894306758038365e-09,2.487968117529214e-08,-0.310042,0.2096,GTM,940130
31992872,93,9902,1997,0.0,1.969842219537787e-07,-0.310042,0.2096,GTM,940140
31999398,93,9903,1997,0.0,3.6951465414007765e-09,-0.310042,0.2096,GTM,940150
32005924,93,9904,1997,1.538791779566853e-07,4.0059743538433176e-07,-0.310042,0.2096,GTM,940161
32012450,93,9905,1997,3.7667443321413166e-07,1.1864008889643585e-07,-0.310042,0.2096,GTM,940169
32018976,93,9906,1997,5.71770284898627e-09,7.550474652759307e-08,-0.310042,0.2096,GTM,940171
32025502,93,9907,1997,2.2592017320204815e-08,3.0359395573677253e-07,-0.310042,0.2096,GTM,940179
32032028,93,9908,1997,8.767010022025058e-07,8.333717123531422e-08,-0.310042,0.2096,GTM,940180
32038554,93,9909,1997,1.0215378579570023e-08,2.179529937032453e-07,-0.310042,0.2096,GTM,940190
32045080,93,9910,1997,1.93277023377329e-09,4.126307733947935e-08,-0.310042,0.2096,GTM,940210
32051606,93,9911,1997,3.574200658398e-08,2.455653399815825e-07,-0.310042,0.2096,GTM,940290
32058132,93,9912,1997,4.605284183078718e-08,8.888913802817645e-07,-0.310042,0.2096,GTM,940310
32064658,93,9913,1997,8.009965921945082e-08,1.814299054445663e-06,-0.310042,0.2096,GTM,940320
32071184,93,9914,1997,1.1945962501023849e-07,2.341242727460318e-07,-0.310042,0.2096,GTM,940330
32077710,93,9915,1997,9.627183687165828e-09,3.0873680163173315e-07,-0.310042,0.2096,GTM,940340
32084236,93,9916,1997,4.827819432556832e-07,8.601448702699378e-07,-0.310042,0.2096,GTM,940350
32090762,93,9917,1997,1.8974961163772913e-06,8.25249283768506e-07,-0.310042,0.2096,GTM,940360
32097288,93,9918,1997,6.029615842702249e-07,1.8083150315911478e-07,-0.310042,0.2096,GTM,940370
32103814,93,9919,1997,2.7537581794206083e-08,5.179853703984991e-07,-0.310042,0.2096,GTM,940380
32110340,93,9920,1997,7.667867408789443e-08,6.034423871158116e-07,-0.310042,0.2096,GTM,940390
32116866,93,9921,1997,1.1586318143318904e-08,4.2767120303411245e-08,-0.310042,0.2096,GTM,940410
32123392,93,9922,1997,1.033962376549775e-09,7.528832077716391e-09,-0.310042,0.2096,GTM,940421
32129918,93,9923,1997,7.892417854575897e-08,2.8367814663525915e-07,-0.310042,0.2096,GTM,940429
32136444,93,9924,1997,0.0,1.5008612071108867e-08,-0.310042,0.2096,GTM,940430
32142970,93,9925,1997,4.527191538167558e-08,1.9218142631906363e-07,-0.310042,0.2096,GTM,940490
32149496,93,9926,1997,1.6258846245318017e-08,6.354873183654193e-07,-0.310042,0.2096,GTM,940510
32156022,93,9927,1997,4.6031326201028963e-10,1.7425156376666436e-07,-0.310042,0.2096,GTM,940520
32162548,93,9928,1997,0.0,2.2264177638520753e-07,-0.310042,0.2096,GTM,940530
32169074,93,9929,1997,3.979179357114624e-09,4.5723602112834275e-07,-0.310042,0.2096,GTM,940540
32175600,93,9930,1997,3.114917722319794e-09,2.7578871545116156e-08,-0.310042,0.2096,GTM,940550
32182126,93,9931,1997,3.014279121718335e-08,3.0212173034105076e-07,-0.310042,0.2096,GTM,940560
32188652,93,9932,1997,0.0,1.502717231923143e-08,-0.310042,0.2096,GTM,940591
32195178,93,9933,1997,1.3886672305214959e-08,5.6386033796343286e-08,-0.310042,0.2096,GTM,940592
32201704,93,9934,1997,1.8682233444986408e-09,2.8740809364188974e-07,-0.310042,0.2096,GTM,940599
32208230,93,9935,1997,1.7612512697852555e-08,4.658370389681393e-07,-0.310042,0.2096,GTM,940600
32214756,93,9936,1997,0.0,2.161698841514706e-07,-0.310042,0.2096,GTM,950100
32221282,93,9937,1997,4.8436834215405315e-08,2.7064487525719435e-07,-0.310042,0.2096,GTM,950210
32227808,93,9938,1997,0.0,1.15633660133583e-08,-0.310042,0.2096,GTM,950291
32234334,93,9939,1997,1.950952456104177e-09,7.035792343660619e-08,-0.310042,0.2096,GTM,950299
32240860,93,9940,1997,5.084961511871402e-10,2.350953714424444e-08,-0.310042,0.2096,GTM,950310
32247386,93,9941,1997,1.8491320110512095e-09,3.8276534556757816e-08,-0.310042,0.2096,GTM,950320
32253912,93,9942,1997,1.1885112663623146e-09,2.0942820545395216e-07,-0.310042,0.2096,GTM,950330
32260438,93,9943,1997,1.5540042389170286e-08,3.7372186466985983e-07,-0.310042,0.2096,GTM,950341
32266964,93,9944,1997,2.5688146746116024e-08,3.077769716573949e-07,-0.310042,0.2096,GTM,950349
32273490,93,9945,1997,4.436462248736432e-10,2.2830762355762174e-08,-0.310042,0.2096,GTM,950350
32280016,93,9946,1997,2.1394414942677056e-09,1.4308294137484342e-08,-0.310042,0.2096,GTM,950360
32286542,93,9947,1997,8.737466941107755e-09,7.122160469700949e-07,-0.310042,0.2096,GTM,950370
32293068,93,9948,1997,1.4545777864709613e-09,4.0292475792570013e-07,-0.310042,0.2096,GTM,950380
32299594,93,9949,1997,2.730624331874943e-07,1.0359743865600221e-06,-0.310042,0.2096,GTM,950390
32306120,93,9950,1997,4.757681509915436e-10,9.198193823139966e-08,-0.310042,0.2096,GTM,950410
32312646,93,9951,1997,4.143483009207684e-07,3.7301790097321126e-08,-0.310042,0.2096,GTM,950420
32319172,93,9952,1997,0.0,9.500991013939476e-08,-0.310042,0.2096,GTM,950430
32325698,93,9953,1997,7.715323009073057e-10,4.170156320137488e-08,-0.310042,0.2096,GTM,950440
32332224,93,9954,1997,1.4879724681520237e-08,8.918663229094095e-08,-0.310042,0.2096,GTM,950490
32338750,93,9955,1997,5.6289584521596e-07,1.0584153837052105e-06,-0.310042,0.2096,GTM,950510
32345276,93,9956,1997,9.862188910792542e-08,6.420089255494844e-08,-0.310042,0.2096,GTM,950590
32351802,93,9957,1997,0.0,0.0,-0.310042,0.2096,GTM,950611
32358328,93,9958,1997,0.0,0.0,-0.310042,0.2096,GTM,950612
32364854,93,9959,1997,0.0,1.7400232614901855e-07,-0.310042,0.2096,GTM,950619
32371380,93,9960,1997,0.0,7.158289981269528e-09,-0.310042,0.2096,GTM,950621
32377906,93,9961,1997,0.0,5.735646962675153e-08,-0.310042,0.2096,GTM,950629
32384432,93,9962,1997,0.0,1.0138204103947291e-08,-0.310042,0.2096,GTM,950631
32390958,93,9963,1997,1.1121459325725892e-09,6.475869429763187e-09,-0.310042,0.2096,GTM,950632
32397484,93,9964,1997,3.1394637224664917e-10,3.8290454742849734e-09,-0.310042,0.2096,GTM,950639
32404010,93,9965,1997,0.0,8.355757418176964e-09,-0.310042,0.2096,GTM,950640
32410536,93,9966,1997,0.0,2.1103664981357345e-08,-0.310042,0.2096,GTM,950651
32417062,93,9967,1997,0.0,7.183478889435862e-09,-0.310042,0.2096,GTM,950659
32423588,93,9968,1997,0.0,1.550244724436989e-08,-0.310042,0.2096,GTM,950661
32430114,93,9969,1997,5.4525454399941685e-09,1.9067042326208576e-07,-0.310042,0.2096,GTM,950662
32436640,93,9970,1997,9.351298766998501e-08,5.414024377351329e-08,-0.310042,0.2096,GTM,950669
32443166,93,9971,1997,2.1175016126551018e-08,7.369167543242051e-07,-0.310042,0.2096,GTM,950670
32449692,93,9972,1997,3.9315722383115844e-08,4.440413418782121e-07,-0.310042,0.2096,GTM,950691
32456218,93,9973,1997,8.130180715256129e-09,4.4382491612778297e-07,-0.310042,0.2096,GTM,950699
32462744,93,9974,1997,0.0,3.7925878440442266e-09,-0.310042,0.2096,GTM,950710
32469270,93,9975,1997,5.540638307187316e-08,9.370008691474539e-08,-0.310042,0.2096,GTM,950720
32475796,93,9976,1997,7.20319041341974e-10,7.88810545208884e-10,-0.310042,0.2096,GTM,950730
32482322,93,9977,1997,1.6004689080836102e-07,4.173669509960687e-08,-0.310042,0.2096,GTM,950790
32488848,93,9978,1997,7.479590496553107e-08,1.8220628725219312e-07,-0.310042,0.2096,GTM,950800
32495374,93,9979,1997,0.0,0.0,-0.310042,0.2096,GTM,960110
32501900,93,9980,1997,0.0,2.6895788127605437e-09,-0.310042,0.2096,GTM,960190
32508426,93,9981,1997,5.517698403346513e-09,1.8538141541315997e-07,-0.310042,0.2096,GTM,960200
32514952,93,9982,1997,1.7045833435206578e-09,6.817510568419202e-08,-0.310042,0.2096,GTM,960310
32521478,93,9983,1997,5.182500043565445e-07,3.9161692675702927e-07,-0.310042,0.2096,GTM,960321
32528004,93,9984,1997,1.4765782754913346e-08,3.896856666532763e-08,-0.310042,0.2096,GTM,960329
32534530,93,9985,1997,5.8598272202060375e-09,3.949355654079438e-08,-0.310042,0.2096,GTM,960330
32541056,93,9986,1997,4.6623460574938184e-07,1.4417236165303738e-07,-0.310042,0.2096,GTM,960340
32547582,93,9987,1997,5.780734553066679e-09,3.640990388843158e-08,-0.310042,0.2096,GTM,960350
32554108,93,9988,1997,6.879516552226065e-08,3.3855384024062896e-07,-0.310042,0.2096,GTM,960390
32560634,93,9989,1997,1.2745737853951798e-09,4.34492094219154e-08,-0.310042,0.2096,GTM,960400
32567160,93,9990,1997,1.160934895827136e-09,1.3449551228813661e-08,-0.310042,0.2096,GTM,960500
32573686,93,9991,1997,1.22708788140768e-08,5.283121598806916e-07,-0.310042,0.2096,GTM,960610
32580212,93,9992,1997,4.5239187381479984e-08,1.0883500810298834e-06,-0.310042,0.2096,GTM,960621
32586738,93,9993,1997,0.0,2.678916613080136e-07,-0.310042,0.2096,GTM,960622
32593264,93,9994,1997,1.310271548571488e-08,1.9008643831222945e-07,-0.310042,0.2096,GTM,960629
32599790,93,9995,1997,0.0,2.1988955673503332e-07,-0.310042,0.2096,GTM,960630
32606316,93,9996,1997,1.2429367185394364e-08,5.309497037121086e-07,-0.310042,0.2096,GTM,960711
32612842,93,9997,1997,3.701597429529749e-08,1.0055127107618696e-06,-0.310042,0.2096,GTM,960719
32619368,93,9998,1997,1.4206376381199723e-09,3.765115362492813e-07,-0.310042,0.2096,GTM,960720
32625894,93,9999,1997,5.000205082475972e-07,5.968120699070285e-07,-0.310042,0.2096,GTM,960810
32632420,93,10000,1997,3.339195434771285e-08,3.437301608688106e-07,-0.310042,0.2096,GTM,960820
32638946,93,10001,1997,0.0,3.2537109257857714e-08,-0.310042,0.2096,GTM,960831
32645472,93,10002,1997,7.948661528986107e-10,8.017066033240427e-08,-0.310042,0.2096,GTM,960839
32651998,93,10003,1997,2.957550588045967e-08,8.223913369906336e-08,-0.310042,0.2096,GTM,960840
32658524,93,10004,1997,0.0,4.5320811585274463e-08,-0.310042,0.2096,GTM,960850
32665050,93,10005,1997,0.0,9.945641529675712e-09,-0.310042,0.2096,GTM,960860
32671576,93,10006,1997,0.0,1.9620833729565518e-09,-0.310042,0.2096,GTM,960891
32678102,93,10007,1997,0.0,9.9535296351278e-08,-0.310042,0.2096,GTM,960899
32684628,93,10008,1997,7.601108349131203e-08,8.099612736765522e-07,-0.310042,0.2096,GTM,960910
32691154,93,10009,1997,7.530773452414555e-09,6.35449866436172e-08,-0.310042,0.2096,GTM,960920
32697680,93,10010,1997,1.6812494915293526e-08,1.3139959661469283e-07,-0.310042,0.2096,GTM,960990
32704206,93,10011,1997,3.75765928171665e-10,1.7067473880704494e-08,-0.310042,0.2096,GTM,961000
32710732,93,10012,1997,0.0,4.554916892378241e-08,-0.310042,0.2096,GTM,961100
32717258,93,10013,1997,1.3214142204899333e-07,3.231375655768281e-07,-0.310042,0.2096,GTM,961210
32723784,93,10014,1997,0.0,1.311447246360098e-08,-0.310042,0.2096,GTM,961220
32730310,93,10015,1997,0.0,5.578315716536221e-08,-0.310042,0.2096,GTM,961310
32736836,93,10016,1997,0.0,1.6676382938121937e-08,-0.310042,0.2096,GTM,961320
32743362,93,10017,1997,0.0,8.169823503949156e-10,-0.310042,0.2096,GTM,961330
32749888,93,10018,1997,0.0,3.1981958979191794e-08,-0.310042,0.2096,GTM,961380
32756414,93,10019,1997,0.0,1.8189043160110737e-09,-0.310042,0.2096,GTM,961390
32762940,93,10020,1997,0.0,0.0,-0.310042,0.2096,GTM,961410
32769466,93,10021,1997,0.0,2.985250194013e-08,-0.310042,0.2096,GTM,961420
32775992,93,10022,1997,0.0,0.0,-0.310042,0.2096,GTM,961490
32782518,93,10023,1997,4.990716992789638e-09,1.321860871288864e-07,-0.310042,0.2096,GTM,961511
32789044,93,10024,1997,1.9251640040982022e-08,2.8357407667257193e-08,-0.310042,0.2096,GTM,961519
32795570,93,10025,1997,3.0809169665610354e-08,9.905968999313734e-08,-0.310042,0.2096,GTM,961590
32802096,93,10026,1997,0.0,8.514215536523337e-08,-0.310042,0.2096,GTM,961610
32808622,93,10027,1997,1.5482162314750295e-09,2.4172403148621654e-08,-0.310042,0.2096,GTM,961620
32815148,93,10028,1997,6.800151151751745e-10,1.9517360346282236e-07,-0.310042,0.2096,GTM,961700
32821674,93,10029,1997,1.2218150369317226e-08,7.62395334934452e-09,-0.310042,0.2096,GTM,961800
32828200,93,10030,1997,1.3789094378705865e-08,1.7067440737404274e-07,-0.310042,0.2096,GTM,970110
32834726,93,10031,1997,3.630383725400441e-10,1.970104051609516e-08,-0.310042,0.2096,GTM,970190
32841252,93,10032,1997,0.0,3.5655562375450314e-09,-0.310042,0.2096,GTM,970200
32847778,93,10033,1997,6.839545966801999e-09,5.7195393187687865e-09,-0.310042,0.2096,GTM,970300
32854304,93,10034,1997,2.805819942694715e-09,5.554817116681049e-10,-0.310042,0.2096,GTM,970400
32860830,93,10035,1997,3.253102612034535e-09,5.152126019021892e-09,-0.310042,0.2096,GTM,970500
32867356,93,10036,1997,2.2208675466061945e-08,1.375417130112521e-07,-0.310042,0.2096,GTM,970600
32873882,93,10037,1997,0.0,0.0,-0.310042,0.2096,GTM,999999
32880408,93,10038,1997,0.0,0.0,-0.310042,0.2096,GTM,9999AA
32886934,93,10039,1997,0.0,0.0,-0.310042,0.2096,GTM,XXXXXX
32892627,93,11003,1997,0.0001350030008068361,5.346013795009423e-05,-0.310042,0.2096,GTM,ict
32896984,93,11004,1997,3.818266386449234e-06,1.4119044567502639e-05,-0.310042,0.2096,GTM,financial
32901341,93,11002,1997,2.327324215923907e-05,0.00010867688141764415,-0.310042,0.2096,GTM,transport
32905698,93,11001,1997,8.063815603748391e-05,3.93410947083236e-05,-0.310042,0.2096,GTM,travel
32910055,93,11000,1997,0.0,0.0,-0.310042,0.2096,GTM,unspecified
